1.0	1.0	1.0
0.7207563426833759	0.6069901017083291	0.4666657734497391
0.5225759683783228	0.3621836266745406	0.2134527079299856
0.37953702926833033	0.2138197275906494	0.09786508561708404
0.27561491611055905	0.12604496139302304	0.04584362885007731
0.2000879855471519	0.07449495549994042	0.021894076390966535
0.1452421852425935	0.04412319616447311	0.010466335632132154
0.10542996502791019	0.02614768581291492	0.004933572844235126
0.07653183034003846	0.015489350069131482	0.0022902329672033375
0.05555499924761024	0.009171723634210316	0.00105828344371903
0.040327797972233084	0.005430078181896892	0.0004932674064987636
0.029274236202573387	0.0032149998525737634	0.00023290323841711858
0.021250368447262417	0.0019036590971058173	0.00011057347715563934
0.015425786883564711	0.0011272292871092034	5.2232151411379925e-5
0.011197683875252296	0.0006674732261625354	2.443887389889813e-5
0.008128475259295177	0.00039522966891346187	1.1368403257991307e-5
0.005900515779804031	0.0002340248205601239	5.299194104019977e-6
0.0042832247528713585	0.00013857156533598623	2.4879091107835404e-6
0.003109222133457508	8.205164653953987e-5	1.1744890536975356e-6
0.002257005604270969	4.858488335819863e-5	5.542107717115447e-7
0.0016383757992047786	2.8768362763745095e-5	2.602282628919956e-7
0.0011893081942331084	1.703448378225301e-5	1.2161198237086623e-7
0.0008633269495258845	1.0086550590443577e-5	5.6789079342436966e-8
0.0006266949352511551	5.972502321071572e-6	2.6605176721333905e-8
0.00045492213822810287	3.5364702095743673e-6	1.251400741559093e-8
0.0003302310904535806	2.0940338933752744e-6	5.89375488045303e-9
0.00023971700635826333	1.2399307177512135e-6	2.7703095838004287e-9
0.00017401221386649876	7.341945044930231e-7	1.2981237736496819e-9
0.00012631665577146438	4.3473522904914585e-7	6.073383254247132e-10
9.169412405458031e-5	2.5741777857247317e-7	2.844397027808762e-10
6.65613915661951e-5	1.5242360938696438e-7	1.335296345106229e-10
4.831736921976758e-5	9.025389338221952e-8	6.278246498889838e-11
3.507390866366758e-5	5.344162438236678e-8	2.9507036629057154e-11
2.5460390100129988e-5	3.164414420154238e-8	1.3844433686262428e-11
1.848187124699587e-5	1.8737302122009926e-8	6.48652049185285e-12
1.3416116699201275e-5	1.10948328541916e-8	3.039046631284434e-12
9.738850838269098e-6	6.569532542887744e-9	1.4255064368575622e-12
7.069498408261559e-6	3.889987204062864e-9	6.694658324971518e-13
5.131797228891058e-6	2.3033602999410397e-9	3.144860853903954e-13
3.7252066946755264e-6	1.3638781808531659e-9	1.4762163173202866e-13
2.7041530089944943e-6	8.075869381980551e-10	6.92262643359037e-14
1.962963157589543e-6	4.781927535013455e-10	3.2450735853876414e-14
1.4249283769214983e-6	2.8315008413907736e-10	1.521830689662251e-14
1.0343652510775743e-6	1.6766036197950302e-10	7.142360937768604e-15
7.508528077377997e-7	9.927596195003581e-11	3.3535170583682647e-15
5.450491867359296e-7	5.878382048535509e-11	1.574226186678577e-15
3.9565493116626803e-7	3.480739428738657e-11	7.385603975930755e-16
2.8720861963606156e-7	2.0610342898333992e-11	3.463602033061641e-16
2.0848670064619313e-7	1.2203907907601358e-11	1.6244130396477238e-16
1.5134192142775694e-7	7.226244073273071e-12	7.621507928288277e-17
1.0986013549283715e-7	4.2788427937899435e-12	3.5772003986047185e-17
7.974822347069112e-8	2.5336115786186093e-12	1.6790346370820035e-17
5.7889780657934344e-8	1.5002158155066507e-12	7.8787633318202e-18
4.202258757344461e-8	8.883159171238803e-13	3.695930302543465e-18
3.050448362902525e-8	5.259944339069243e-13	1.7336140767558565e-18
2.2143413226212107e-8	3.1145467413985563e-13	8.133070352260193e-19
1.607405505596665e-8	1.844202291705785e-13	3.8164804167018114e-19
1.1668266463834811e-8	1.0919990531930986e-13	1.791095986789959e-19
8.47007440232166e-9	6.466003960290411e-14	8.404926062402625e-20
6.148484918751706e-9	3.8286852989695853e-14	3.9433694866462233e-20
4.46322723986404e-9	2.2670618837492077e-14	1.8499149175551383e-20
3.239887168611404e-9	1.3423849659651373e-14	8.678684349479101e-21
2.3518562468830464e-9	7.948602593366907e-15	4.072074595196529e-21
1.7072285293112408e-9	4.706569634579772e-15	1.910837351898175e-21
1.2392888617903535e-9	2.7868795130900113e-15	8.96662319521006e-22
8.996082578219584e-10	1.6501821971182346e-15	4.2071938825631795e-22
6.530317849966807e-10	9.771148235492502e-16	1.97385777591539e-22
4.740402375234198e-10	5.785745235083725e-16	9.260465323909869e-23
3.4410904944297996e-10	3.42588681683292e-16	4.344872518419309e-23
2.497911116726692e-10	2.028554664069954e-16	2.038705852458951e-23
1.81325075791147e-10	1.2011587787725364e-16	9.56628529397778e-24
1.316251122407837e-10	7.112366441866693e-17	4.4886490334124534e-24
9.554756889970528e-11	4.211412953671708e-17	2.1060161895458533e-24
6.935863352536788e-11	2.4936846563404764e-17	9.880857549217712e-25
5.0347906282742934e-11	1.4765740699558733e-17	4.635922489967805e-25
3.6547889400513093e-11	8.743170386530084e-18	2.175191601986475e-25
2.65303627946486e-11	5.177053421382454e-18	1.0206385490809115e-25
1.925857174137649e-11	3.0654649220995755e-18	4.7889819701305135e-26
1.3979928898392496e-11	1.8151396989281238e-18	2.246984890032461e-26
1.014812596845984e-11	1.0747903532911011e-18	1.054253766886968e-26
7.366594023491121e-12	6.364106874031585e-19	4.94640784527202e-27
5.347460967236206e-12	3.768349444156794e-19	2.3208359886962912e-27
3.881758476838538e-12	2.231335490486664e-19	1.0889531497471336e-27
2.817795018014999e-12	1.32123046041433e-19	5.109474223589698e-28
2.0454566689107307e-12	7.823341388909327e-20	2.397380586629973e-28
1.4848109807997084e-12	4.632399291508033e-20	1.1248366267460151e-28
1.0778344426515983e-12	2.742961367681773e-20	5.277626399222295e-29
7.824073911013128e-13	1.6241771469024966e-20	2.4762327145671995e-29
5.67954874538964e-13	9.617165723153467e-21	1.1618517715955596e-29
4.1228232654924e-13	5.694568275571874e-21	5.4514692669016286e-30
2.992785596264709e-13	3.371898621553175e-21	2.557847567401724e-30
2.1724835260770702e-13	1.9965868813629085e-21	1.2001373583123147e-30
1.577020644902492e-13	1.1822298420686976e-21	5.63097767660869e-31
1.1447700682635432e-13	7.000283396251215e-22	2.6420263930668054e-31
8.309964193735376e-14	4.145045733415257e-22	1.2396351902673769e-31
6.0322598236615e-14	2.454386938292382e-22	5.816392523521885e-32
4.378858648704234e-14	1.4533048922229488e-22	2.7290645566442333e-32
3.178643431458374e-14	8.605387670570913e-23	1.280476565792742e-32
2.3073989993587287e-14	5.095468773076529e-23	6.0079579522604244e-33
1.6749567093780476e-14	3.0171565781039975e-23	2.818911261579794e-33
1.215862527057624e-14	1.7865351005379415e-23	1.3226268622701133e-33
8.82602921273045e-15	1.0578528435073129e-23	6.205765126621843e-34
6.406874949299214e-15	6.263815573394296e-24	2.9117511508024477e-34
4.650794329657452e-15	3.7089644158266704e-24	1.366194068653653e-34
3.3760434014932353e-15	2.1961721057527934e-24	6.410161296571946e-35
2.4506929872354707e-15	1.3004093265240039e-24	3.007631045483437e-35
1.778974794882283e-15	7.700054162790482e-25	1.4111737845226063e-35
1.2913699664993502e-15	4.559397791185602e-25	6.621213546853334e-36
9.374142878100095e-16	2.699735323775254e-25	3.106673319741192e-36
6.804754406457611e-16	1.5985819075778858e-25	1.4576509226028612e-36
4.93961774792034e-16	9.46560980526729e-26	6.839284545862287e-37
3.585702295503059e-16	5.604828164315191e-26	3.2089801555224534e-37
2.6028858118402016e-16	3.3187612206473923e-26	1.5056473444311372e-37
1.8894526068089322e-16	1.9651228756303345e-26	7.064477063169744e-38
1.3715665655164143e-16	1.1635992045165364e-26	3.31464805343477e-38
9.956295473426103e-17	6.88996665573504e-27	1.5552315053414897e-38
7.227342955596334e-17	4.0797243873043624e-27	7.297134525905189e-39
5.246377664988412e-17	2.415708508910095e-27	3.423806019224475e-39
3.808381416627848e-17	1.4304024110502431e-27	1.606444378695506e-39
2.7645301083272986e-17	8.46977625815241e-28	7.537414516640353e-40
2.0067913067949353e-17	5.015169808787636e-28	3.5365474542185983e-40
1.4567435300838234e-17	2.969609520294652e-28	1.6593455506518676e-40
1.057460088279088e-17	1.7583812790491414e-28	7.785636438233782e-41
7.676175079623471e-18	1.0411822501847669e-28	3.6530122484780296e-41
5.5721879724959516e-18	6.165104752969321e-29	1.713988504495054e-41
4.0448893464206336e-18	3.6505152300031983e-29	8.042011228608332e-42
2.936212831574398e-18	2.161562857154526e-29	3.7733025924127936e-42
2.131416969398994e-18	1.2799163107247044e-29	1.7704301263488744e-42
1.5472101506368216e-18	7.578709807290267e-30	8.306842826482865e-43
1.1231304266610133e-18	4.4875467139407096e-30	3.89756238343171e-43
8.152880555835008e-19	2.657190474614618e-30	1.8287317115011546e-43
5.918231736924937e-19	1.5733900209770495e-30	8.580386534521112e-44
4.2960848809293374e-19	9.316442241383532e-31	4.025907376166409e-44
3.1185573875042964e-19	5.516502258170954e-31	1.8889515992094393e-44
2.2637821292427083e-19	3.2664612065352083e-31	8.862942894308623e-45
1.643294925151217e-19	1.934154707903104e-31	4.1584840361597986e-45
1.1928790214149725e-19	1.1452621652506425e-31	1.9511561781180635e-45
8.659190373882525e-20	6.781388385299214e-32	9.154802112246362e-46
6.285765495498274e-20	4.015432433516802e-32	4.295422602496165e-46
4.562880149115043e-20	2.377639608887734e-32	2.0154076404043616e-46
3.312225896766091e-20	1.407860847704678e-32	9.456272153251262e-47
2.404367424232192e-20	8.336301931927166e-33	4.436873338639555e-47
1.7453467519691934e-20	4.936136267554625e-33	2.0817762765423654e-47
1.2669591402329847e-20	2.922811751641454e-33	9.767671141448702e-48
9.196943021258368e-21	1.730671130715264e-33	4.58298028681818e-48
6.676123818856434e-21	1.0247743670146155e-33	2.1503293181587784e-48
4.846243924930163e-21	6.06794950613284e-34	1.0089322476903703e-48
3.5179215989953706e-21	3.5929871388413304e-34	4.733899660192034e-49
2.553683340826987e-21	2.127499012117947e-34	2.221140742702785e-49
1.8537361967019383e-21	1.2597462422374474e-34	1.042156827581293e-49
1.3456397792257755e-21	7.459277704912e-35	4.889788321691851e-50
9.768091159121619e-22	4.416827930375327e-35	2.294283312545654e-50
7.090724157085193e-22	2.6153160853224653e-35	1.0764752669067305e-50
5.147205145083099e-22	1.548595130706211e-35	5.050810597424035e-51
3.736391406383631e-22	9.169625393678937e-36	2.369835000036207e-51
2.712272067693556e-22	5.429568270827343e-36	1.111924040407412e-51
1.9688568378093955e-22	3.214985382924927e-36	5.217135489891574e-52
1.4292066396883256e-22	1.9036745643214746e-36	2.4478742765625402e-52
1.0374708712706016e-22	1.1272140974860474e-36	1.1485399651420662e-52
7.531071986691198e-23	6.67452118857388e-37	5.388937259594684e-53
5.466856645263009e-23	3.952153649965607e-37	2.5284836365101236e-53
3.968428615829372e-23	2.3401706327152777e-37	1.1863618191660685e-53
2.8807094644743115e-23	1.3856745145196175e-37	5.566396846314354e-54
2.091126695743159e-23	8.20493101377531e-38	2.6117473601253417e-54
1.517963165524461e-23	4.858348207706671e-38	1.2254290362084594e-54
1.1018998402055962e-23	2.87675146417422e-38	5.749699880541623e-55
7.998766277214734e-24	1.7033976637370287e-38	2.697753041390543e-55
5.806359128391376e-24	1.0086250539747859e-38	1.265782841614712e-55
4.214875789519058e-24	5.972325318761828e-39	5.939039481581181e-56
3.059607152821025e-24	3.5363656269057203e-39	2.7865909094125755e-56
2.2209897508419213e-24	2.0939719756848356e-39	1.3074654441879756e-56
1.6122316450975458e-24	1.2398940317690042e-39	6.134613790249249e-57
1.170329974043605e-24	7.341727720656856e-40	2.878354212448708e-57
8.49550529732987e-25	4.3472235967906675e-40	1.350520712892282e-57
6.166945379309817e-25	2.5741015901911987e-40	6.3366286829166415e-58
4.476627814397795e-25	1.5241909805413477e-40	2.9731393523373304e-58
3.249614737285514e-25	9.025122217460874e-41	1.3949937774801122e-58
2.3589175554912077e-25	5.344004267180232e-41	6.5452957785428155e-59
1.7123543815082458e-25	3.164320761483839e-41	3.0710457465109194e-59
1.2430097529457365e-25	1.873674754163511e-41	1.4409313690039613e-59
9.023092781514749e-26	1.1094504473508059e-41	6.760834512128019e-60
6.549924741208189e-26	6.569338100925756e-42	3.172176280892345e-60
4.754635151639115e-26	3.8898720702060256e-42	1.488381694416629e-60
3.451422164131969e-26	2.3032921262549458e-42	6.983470882381492e-61
2.5054109464013776e-26	1.3638378134597744e-42	3.2766370273469726e-61
1.818694935548845e-26	8.075630356307013e-43	1.5373945733322031e-61
1.3202030881767835e-26	4.781786001831727e-43	7.213438824766687e-62
9.583444479684182e-27	2.831417036003397e-43	3.3845377419550664e-62
6.956687870047684e-27	1.6765539964982253e-43	1.5880214665173185e-62
5.0499072879131896e-27	9.927302362854033e-44	7.450979627779468e-63
3.665762226636158e-27	5.878208063048913e-44	3.4959916254967093e-63
2.6610018632214306e-27	3.4806364075083294e-44	1.6403155125758362e-63
1.931639445847435e-27	2.0609732883440606e-44	7.69634275827872e-64
1.4021902804069165e-27	1.220354670227809e-44	3.611115749355317e-64
1.0178595113567159e-27	7.226030194420478e-45	1.694331625688361e-64
7.388711784242817e-28	4.2787161506850404e-45	7.949785757790692e-65
5.363516400985532e-28	2.5335365900171492e-45	3.7300309251378763e-65
3.8934132259685686e-28	1.500171412849633e-45	1.7501264990285521e-65
2.8262552800922932e-28	8.882896251820188e-46	8.211574720077028e-66
2.051598030995658e-28	5.259788657798548e-46	3.852862031323694e-66
1.4892690375258001e-28	3.11445455856105e-46	1.807758722073614e-66
1.0810705765089112e-28	1.844147707904581e-46	8.481984479186314e-67
7.847565227938629e-29	1.0919667327369858e-46	3.979737993696059e-67
5.696601252956571e-29	6.465812582654489e-47	1.86728878654022e-67
4.1352017973236465e-29	3.8285719794068797e-47	8.761298909155493e-68
3.0017712571533364e-29	2.2669947843557533e-47	4.11079202873687e-68
2.1790062787513086e-29	1.3423452347087269e-47	1.9287791997740684e-68
1.5817555556649415e-29	7.948367334498741e-48	9.049811262254541e-69
1.1482071723587066e-29	4.706430331824076e-48	4.246161710661059e-69
8.334914367357817e-30	2.78679702838754e-48	1.9922945079287766e-69
6.050371325278978e-30	1.6501333558292918e-48	9.347824407323807e-70
4.392005911557143e-30	9.770859033806104e-49	4.38598916083258e-70
3.188187119451459e-30	5.7855739914142235e-49	2.0579013982033186e-70
2.3143268277233372e-30	3.425785419103506e-49	9.655651230377005e-71
1.6799856673536495e-30	2.0284946238970224e-49	4.5304211730091564e-71
1.2195130820352226e-30	1.2011232274600321e-49	2.125668742064982e-71
8.852528840902179e-31	7.112155933508863e-50	9.97361487855099e-72
6.42611121056768e-31	4.211288306322299e-50	4.679609376300792e-72
4.6647580632310215e-31	2.4936108494765853e-50	2.195667687424623e-72
3.386179771164677e-31	1.4765303670357258e-50	1.0302049178549426e-72
2.4580510472825787e-31	8.742911610431412e-51	4.833710395717626e-73
1.7843160609777166e-31	5.176900193476808e-51	2.2679717193541987e-73
1.2952472280763926e-31	3.0653741919618675e-51	1.0641298917392398e-73
9.402288184977169e-32	1.8150859753073902e-51	4.992886008903302e-74
6.825185277149834e-32	1.0747585421697077e-51	2.342656746412911e-74
4.954448656642186e-32	6.363918512296006e-52	1.0991720262738177e-74
3.596468153543534e-32	3.7682379103853445e-52	5.157303327072046e-75
2.6107008217982187e-32	2.2312694485056046e-52	2.419801174893435e-75
1.895125575968871e-32	1.3211913552786774e-52	1.1353681090117498e-75
1.3756846126158434e-32	7.823109837461326e-53	5.327134958062901e-76
9.986188658872749e-33	4.632262184010053e-53	2.4994859938056927e-76
7.249042623292494e-33	2.74288018284719e-53	1.1727561404861113e-76
5.2621296021302143e-33	1.6241290752983652e-53	5.50255919978993e-77
3.8198158554954624e-33	9.616881078966495e-54	2.581794859187908e-77
2.772830445678839e-33	5.694399730513624e-54	1.2113753714995063e-77
2.0128165784280282e-33	3.371798821740074e-54	5.683760216221021e-78
1.4611173159572157e-33	1.9965277873568438e-54	2.6668141813568457e-78
1.0606350493482651e-33	1.1821948510056432e-54	1.251266346124608e-78
7.6992223390974945e-34	7.000076205272777e-55	5.870928240405536e-79
5.5889181357228224e-34	4.144923050370504e-55	2.7546332169674113e-79
4.057033886291556e-34	2.4543142945431992e-55	1.2924709431249762e-79
2.945028636099217e-34	1.453261878012586e-55	6.064259766207014e-80
2.1378164221774322e-34	8.605132972497926e-56	2.845344160993464e-80
1.551855557161905e-34	5.095317959873555e-56	1.3350324205663868e-80
1.1265025590183295e-34	3.017067277773117e-56	6.263957760877959e-81
8.177359095170283e-35	1.786482223542174e-56	2.9390422453481972e-81
5.936000875988788e-35	1.0578215336940834e-56	1.3789954609490749e-81
4.3089836204638275e-35	6.263630180031775e-57	6.470231873405439e-82
3.1279206707213804e-35	3.7088546397043613e-57	3.035825837104816e-82
2.2705790005469857e-35	2.196107104520463e-57	1.4244062181472355e-82
1.6482288205013681e-35	1.3003708376421278e-57	6.683298657999573e-83
1.1964605697828108e-35	7.699826260337726e-58	3.135796543340491e-83
8.685189078356004e-36	4.559262844350464e-58	1.4713123659934783e-83
6.304638132829351e-36	2.6996554183240644e-58	6.903381799157632e-84
4.5765799255863574e-36	1.5985345935291846e-58	3.2390593164686505e-84
3.322170658172325e-36	9.465329646758566e-59	1.519763148106587e-84
2.4115863945295547e-36	5.604662275341051e-59	7.130712347901569e-85
1.7505870518643257e-36	3.3186629935692015e-59	3.345722565507463e-85
1.2707631097549198e-36	1.9650647128805817e-59	1.5698094298515028e-85
9.224556296096426e-37	1.1635647648740174e-59	7.365528963598501e-86
6.6961684838540185e-37	6.889762729857759e-60	3.4558982690485655e-86
4.860794484297775e-37	4.079603637609e-60	1.6215037514719314e-86
3.5284839495228518e-37	2.4156370099462322e-60	7.608078164784024e-87
2.561350623289935e-37	1.4303600746963652e-60	3.5697020934405095e-87
1.859301929463191e-37	8.469525573839968e-61	1.6749003834991584e-87
1.3496799826902203e-37	5.0150213722343056e-61	7.858614588015333e-88
9.797419272299726e-38	2.9695216272384365e-61	3.687253513780692e-88
7.112013634958213e-38	1.758329235336472e-61	1.7300553835071103e-88
5.162659322627807e-38	1.0411514337796381e-61	8.117401254949929e-89
3.747609699523925e-38	6.1649222812015845e-62	3.8086759396318666e-89
2.72041550338384e-38	3.650407183831424e-62	1.78702665514746e-89
1.974768213453842e-38	2.1614988802698815e-62	8.384709848828072e-90
1.4334977476848492e-38	1.2798784283851308e-62	3.934096844411833e-90
1.0405858159036885e-38	7.578485496328648e-63	1.8458740087918973e-90
7.553683582752306e-39	4.487413893718759e-63	8.660820999302535e-91
5.483270557439804e-39	2.6571118283851495e-63	4.063647899302091e-91
3.980343586900829e-39	1.5733434525455334e-63	1.9066592244354246e-91
2.889358623438031e-39	9.316166497863676e-64	8.946024577440399e-92
2.0974051793694347e-39	5.51633898342395e-64	4.197465111459456e-92
1.5225207597149214e-39	3.2663645274073595e-64	1.9694461164733234e-92
1.1052082289888346e-39	1.934097461734097e-64	9.240619999685855e-93
8.022782097587612e-40	1.1452282683388797e-64	4.335688966782049e-93
5.8237923765968035e-40	6.781187673068681e-65	2.034300600751952e-93
4.227530703582924e-40	4.015313586703362e-65	9.544916542503404e-94
3.068793441461943e-40	2.377569236668627e-65	4.4784645774391857e-94
2.2276581405732435e-40	1.4078191785250086e-65	2.101290763733671e-94
1.617072274795457e-40	8.33605519812278e-66	9.859233666815445e-95
1.1738438202368228e-40	4.93599017019752e-66	4.625941834160342e-95
8.521012547088964e-41	2.9227252436827803e-66	2.1704869339964756e-95
6.185461266303636e-41	1.730619907154059e-66	1.0183901353581285e-95
4.490068623360181e-41	1.024744036242015e-66	4.778275563653606e-96
3.2593715124064496e-41	6.067769909918736e-67	2.241961756058669e-96
2.366000065258807e-41	3.592880795357951e-67	1.0519260450073582e-96
1.717495623771839e-41	2.1274360434383804e-67	4.935625691092517e-97
1.2467418158556782e-41	1.2597089568817262e-67	2.3157902666443824e-97
9.050184081340072e-42	7.459056928843509e-68	1.0865663027818001e-97
6.569590500975272e-42	4.416697203253453e-68	5.0981574080607076e-98
4.768910661109322e-42	2.61523867847076e-68	2.3920499734639218e-98
3.461784854058401e-42	1.5485492961417766e-68	1.1223472752138548e-98
2.5129332938689385e-42	9.169353995572605e-69	5.266041345933559e-99
1.8241554590060204e-42	5.429407569110137e-69	2.4708209365769767e-99
1.3241669194880798e-42	3.214890227353424e-69	1.1593065263989797e-99
9.612218202180999e-43	1.9036182202889055e-69	5.439453755047025e-100
6.97757491193477e-43	1.1271807347521999e-69	2.552185852450715e-100
5.065069334424243e-43	6.67432363934657e-70	1.1974828574294544e-100
3.676768459861815e-43	3.952036676046776e-70	5.618576689704835e-101
2.668991363169822e-43	2.3401013694846756e-70	2.6362301407689415e-101
1.937439078484379e-43	1.3856335020002321e-70	1.2369163471299315e-101
1.4064002733903049e-43	8.20468816822339e-71	5.803598199324943e-102
1.0209155740471823e-43	4.858204412682682e-71	2.723042034116503e-102
7.410895952256667e-44	2.8766663194855114e-71	1.2776483941337362e-102
5.379620040220489e-44	1.7033472474026208e-71	5.994712525846518e-103
3.9051029677902003e-44	1.0085952011816925e-71	2.812712670601952e-103
2.8347409436036677e-44	5.97214855278588e-72	1.319721760343781e-103
2.0577578321552539e-44	3.5362609592782897e-72	6.192120307660835e-104
1.493740479302262e-44	2.0939099993221748e-72	2.9053361895432636e-104
1.0843164266658023e-44	1.239857333989348e-72	1.3631806158266062e-104
7.871127076147073e-45	7.341510423775601e-73	6.39602879024301e-105
5.713704959664016e-45	4.3470949297839894e-73	3.00100983029391e-105
4.147617494961043e-45	2.574025403186061e-73	1.4080705851823872e-105
3.010783896954752e-45	1.5241458682790686e-73	6.606652043728011e-106
2.1855486156027946e-45	9.024855096289197e-74	3.09983403433159e-106
1.5865046827155526e-45	5.343846097944749e-74	1.4544387954444413e-106
1.1516545961546434e-45	3.1642271054591384e-74	6.824211187648242e-107
8.359939452393732e-46	1.8736192980507178e-74	3.201912550702596e-107
6.068537205603669e-46	1.1094176103768282e-74	1.5023339255536752e-107
4.405192648285405e-46	6.569143664856272e-75	7.048934623071723e-108
3.197759461800546e-46	3.8897569396670707e-75	3.307352544942871e-108
2.32127545648088e-46	2.303223954536422e-75	1.5518062574643818e-108
1.6850297244766943e-46	1.3637974472524324e-75	7.2810582723868135e-109
1.2231745975871828e-46	8.075391337732992e-76	3.416264711582978e-109
8.879108032632571e-47	4.7816444728586283e-76	1.6029077289311831e-109
6.445405227567358e-47	2.831333233101014e-76	7.520825826979937e-110
4.678763722084756e-47	1.6765043746696064e-76	3.528763390359639e-110
3.3963465746836367e-47	9.927008539393825e-77	1.6556919880356743e-110
2.4654311994676763e-47	5.878034082709655e-77	7.7684890030729e-111
1.7896733639071604e-47	3.480533389327189e-77	3.6449666862532366e-111
1.2991361309008875e-47	2.060912288660472e-77	1.710214449507566e-111
9.430517996465416e-48	1.2203185507646554e-77	8.024307805981604e-112
6.845677490317067e-48	7.225816321898233e-78	3.7649965934785334e-112
4.9693240942860464e-48	4.2785895113283707e-78	1.766532352901306e-112
3.607266335432943e-48	2.5334616036351216e-78	8.288550803080057e-113
2.6185392958591745e-48	1.5001270115068173e-78	3.888979123558513e-113
1.9008155778815583e-48	8.882633340183353e-79	1.8247048226879092e-113
1.3798150239069457e-48	5.259632981135638e-79	8.561495405750344e-114
1.0016171596832094e-48	3.1143623784519254e-79	4.017044437615386e-114
7.270807442951266e-49	1.8440931257189172e-79	1.8847929303259958e-114
5.2779288335271235e-49	1.0919344132374738e-79	8.84342816061968e-115
3.831284625586211e-49	6.465621210682848e-80	4.1493269830184665e-115
2.7811557042999762e-49	3.8284586631981505e-80	1.9468597583766296e-115
2.018859940581109e-49	2.2669276869482745e-80	9.134645050386089e-116
1.4655042338627524e-49	1.3423055046282657e-80	4.2859656345313867e-116
1.0638195430493595e-49	7.948132082593667e-81	2.010970466729591e-116
7.722338796598355e-50	4.706291033191404e-81	9.435451804551836e-117
5.605698530270484e-50	2.786714546126418e-81	4.427103840107848e-117
4.0692148894216725e-50	1.6500845159859318e-81	2.0771923610104785e-117
2.9538709095531867e-50	9.770569840679372e-82	9.746164220388336e-118
2.1442350889325086e-50	5.785402752813125e-82	4.5728897714879755e-118
1.5565149112439966e-50	3.4256840243752214e-82	2.145594963240435e-118
1.1298848160026377e-50	2.0284345855011368e-82	1.006710849447125e-118
8.201911129865116e-51	1.2010876771997602e-82	4.7234764797543107e-119
5.953823365836627e-51	7.111945431381563e-83	2.216250084822792e-119
4.3219210876971744e-51	4.211163662662141e-83	1.0398621565132711e-119
3.1373120666398477e-51	2.4935370447971855e-83	4.879022056009941e-120
2.2773962790534058e-51	1.4764866654090731e-83	2.2892319019331192e-120
1.6531775295790783e-51	8.74265284199185e-84	1.0741051466190889e-120
1.200052871536766e-51	5.176746970106321e-84	5.039689797348104e-121
8.711265842394516e-52	3.065283464509543e-84	2.3646170333919536e-121
6.323567434132381e-52	1.8150322532767414e-84	1.1094757692327763e-121
4.590320834822324e-52	1.0747267319898433e-84	5.205648378286986e-122
3.3321452781336478e-52	6.363730156135458e-85	2.442484621101842e-122
2.4188270393562006e-52	3.768126379915015e-85	1.146011157649903e-122
1.7558430854484542e-52	2.2312034084792215e-85	5.377072027850076e-123
1.274578500469269e-52	1.3211522513004404e-85	2.522916413133246e-123
9.252252478151083e-53	7.822878292866647e-86	1.183749667977221e-123
6.71627333176697e-53	4.6321250805701036e-86	5.5541407124777925e-124
4.875388730855125e-53	2.742799000415475e-86	2.6059968495464795e-124
3.539078012880054e-53	1.6240810051170388e-86	1.222730919400223e-124
2.569040926312799e-53	9.616596443204264e-87	5.737040324962415e-125
1.864884373006278e-53	5.694231190443883e-87	2.6918131510397785e-125
1.3537323166254506e-53	3.3716990248808026e-87	1.2629958357767296e-125
9.826835441394628e-54	1.9964686950998124e-87	5.925962879604743e-126
7.133367033223272e-54	1.182159860978238e-87	2.780455410516592e-126
5.1781599004221205e-54	6.999869020426677e-88	1.3045866886001551e-126
3.758861674922648e-54	4.144800370956869e-88	6.1211067137973105e-127
2.728583389255806e-54	2.4542416529441014e-88	2.872016687668208e-127
1.980697337652338e-54	1.4532188650753414e-88	1.347547141377578e-127
1.437801739478105e-54	8.604878281963399e-89	6.322676696245793e-128
1.0437101129729103e-54	5.095167151134288e-89	2.9665931066710183e-128
7.576363068786743e-55	3.0169779800853107e-89	1.3919222954691915e-128
5.499733751412404e-55	1.7864293481114377e-89	6.530884442047204e-129
3.9922943319648e-55	1.0577902248075475e-89	3.064283957100987e-129
2.8980337509875043e-55	6.2634447921564495e-90	1.4377587374372676e-129
2.1037025137696576e-55	3.708744866831157e-90	6.745948534850745e-130
1.5270920378110727e-55	2.196042105212012e-90	3.1651917981712517e-130
1.1085265510127712e-55	1.3003323498994308e-90	1.4851045879543194e-130
8.046870024033859e-56	7.699598364630333e-91	6.968094756334385e-131
5.841277967093877e-56	4.55912790150942e-91	3.269422566402323e-131
4.240223613274161e-56	2.699575515237884e-91	1.534009552321851e-131
3.078007311388546e-56	1.5984872808808649e-91	7.197556323238247e-132
2.2343465517484203e-56	9.465049496541851e-92	3.3770856868378644e-132
1.6219274381963486e-56	5.604496391276823e-92	1.5845249726526754e-132
1.1773682165444014e-56	3.318564769398305e-92	7.434574132203553e-133
8.546596380849517e-57	1.9650065518523167e-92	3.488294187922898e-133
6.20403274614772e-57	1.1635303262508343e-92	1.6367038817716528e-133
4.503549787552666e-57	6.889558810016215e-93	7.679397012674218e-134
3.269157581664824e-57	4.079482891487553e-93	3.6031648201649146e-134
2.3731038398410555e-57	2.4155655130985767e-93	1.6906010588913447e-134
1.7226523023097736e-57	1.4303177395955487e-93	7.932281988126538e-135
1.2504850840627026e-57	8.469274896947209e-94	3.721818178702599e-135
9.07735672118303e-58	5.014872940074343e-94	1.7462730871211404e-135
6.589315306017281e-58	2.9694337367836497e-94	8.193494545901274e-136
4.783229031948291e-58	1.7582771931641787e-94	3.8443788299107405e-136
3.472178657345462e-58	1.0411206182866062e-94	1.8037784128701322e-136
2.520478226737704e-58	6.16473981483461e-95	8.463308915921368e-137
1.8296323773603487e-58	3.650299140857575e-95	3.9709754421742896e-137
1.3281426519673118e-58	2.1614349052788092e-95	1.8631774072061768e-137
9.641078316069548e-59	1.2798405471667878e-95	8.742008358588001e-138
6.9985246659237745e-59	7.57826119200612e-96	4.101740920968866e-138
5.080276904078843e-59	4.4872810774279875e-96	1.924532429235513e-138
3.6878077386486154e-59	2.6570331844834373e-96	9.029885462157054e-139
2.67700485111698e-59	1.5732968854923467e-96	4.236812548389484e-139
1.943256124173635e-59	9.315890762505262e-97	1.9879078915694918e-139
1.4106229066274197e-59	5.516175713509538e-97	9.327242449908308e-140
1.0239808123842514e-59	3.266267851141012e-97	4.37633212727403e-140
7.433146726916549e-60	1.9340402172594577e-97	2.0533703279471553e-140
5.395772029675189e-60	1.1451943724303956e-97	9.634391497429868e-141
3.9168278073669134e-60	6.780986966778828e-98	4.52044613007273e-141
2.8432520848154193e-60	4.015194743407546e-98	2.1209884630846434e-141
2.063936127751746e-60	2.3774988665323948e-98	9.951655060350814e-142
1.4982253463169147e-60	1.407777510578666e-98	4.6693058526199894e-142
1.087572022294884e-60	8.335808471621259e-99	2.1908332848247556e-142
7.894759667404447e-61	4.935844077164623e-99	1.02793662128662e-142
5.730860019234349e-61	2.922638738284584e-99	4.823067572969947e-143
4.16007046999271e-61	1.7305686851089764e-99	2.2629781186624455e-143
3.0198235966715346e-61	1.0247137063671507e-99	1.061786899740981e-143
2.1921105954318563e-61	6.067590319020371e-100	4.98189271546257e-144
1.5912680687378855e-61	3.5927744550221537e-100	2.3374987047244214e-144
1.155112370635642e-61	2.1273730766225776e-100	1.0967518785841668e-144
8.385039673760192e-62	1.259671672629588e-100	5.145948020192427e-145
6.086757627904412e-62	7.458836159309616e-101	2.414473277283761e-145
4.418418977406988e-62	4.416566480000871e-101	1.1328682652529767e-145
3.2073605445386403e-62	2.6151612739101558e-101	5.315405718058226e-146
2.3282449480833006e-62	1.5485034629339593e-101	2.4939826468929166e-146
1.6900889260814767e-62	9.169082605499162e-102	1.1701739759717187e-146
1.2268471066219801e-62	5.429246872149403e-102	5.490443711576692e-147
8.90576702680651e-63	3.214795074598348e-102	2.576110285221435e-147
6.464757173706415e-63	1.903561877924014e-102	1.2087081755579829e-147
4.6928114320968273e-63	1.1271473730058271e-102	5.671245761650791e-148
3.406543903425937e-63	6.674126095966348e-103	2.6609424126873687e-148
2.472833510121099e-63	3.951919705590148e-103	1.2485113185391995e-148
1.7950467518202592e-63	2.3400321083041285e-103	5.858001680488183e-149
1.3030367099249908e-63	1.3855924906947348e-103	2.748568088974435e-149
9.45883256628493e-64	8.204445329859197e-104	1.2896251916231967e-149
6.866231230136457e-64	4.8580606219147376e-104	6.050907530872653e-150
4.984244194547365e-64	2.876581177316911e-104	2.8390793065299484e-150
3.618096938221725e-64	1.703296832560435e-104	1.3320929575673295e-150
2.626401304472648e-64	1.0085653492721808e-104	6.250165831997545e-151
1.9065226636868248e-64	5.971971792041847e-105	2.9325710871416427e-151
1.383957836512474e-64	3.536156294748808e-105	1.3759592004922175e-151
1.0046244556780739e-64	2.0938480247938854e-105	6.455985772077336e-152
7.292637610187549e-65	1.2398206372958669e-105	3.029141581694794e-152
5.293775501177329e-65	7.341293133325872e-106	1.421269972687685e-152
3.842787829977551e-65	4.3469662665855715e-106	6.668583427960688e-153
2.7895059590153396e-65	2.573949218435892e-106	3.128892173214436e-153
2.024921447569888e-65	1.5241007573520174e-106	1.4680728429600563e-153
1.4699043232285788e-65	9.024587983023747e-107	6.888181991975327e-154
1.0670135980035318e-65	5.343687933390742e-107	3.231927583300724e-154
7.745524659889012e-66	3.164133452206456e-107	1.516416946571505e-154
5.622529306955487e-66	1.87356384357931e-107	7.115012006242969e-155
4.081432465289749e-66	1.109384774374755e-107	3.3383559820692436e-155
2.9627397314076883e-66	6.568949234541679e-108	1.5663530368239431e-155
2.1506730273530437e-66	3.889641812535739e-108	7.34931160471041e-156
1.5611882547598066e-66	2.3031557848356387e-108	3.448289101711755e-156
1.1332772280125285e-66	1.3637570822398492e-108	1.6179335383415948e-156
8.226536880584953e-67	8.075152326233424e-109	7.591326763150759e-157
5.97169936665102e-67	4.781502948074487e-109	3.5618423537964807e-157
4.3348973989069985e-67	2.8312494326790195e-109	1.6712126021081553e-157
3.1467316596664166e-67	1.67645475430969e-109	7.841311557397172e-158
2.2842340260333807e-67	9.92671472463017e-110	3.67913495043112e-158
1.6581410968616864e-67	5.877860107519863e-110	1.72624616231636e-158
1.2036559589632421e-67	3.4804303741951815e-110	8.099528430080487e-159
8.737420900367278e-68	2.0608512907823548e-110	3.800290029415833e-159
6.342553569537583e-68	1.2202824323705658e-110	1.78309199508963e-159
4.604103000321634e-68	7.225602455706188e-111	8.366248466150473e-160
3.3421498462985996e-68	4.278462875719969e-111	3.925434783517538e-160
2.426089423788617e-68	2.5333866194725427e-111	1.841809779137421e-160
1.7611148999610455e-68	1.500082611478195e-111	8.641751677470147e-161
1.2784053466674843e-68	8.882370436328218e-112	4.05470059400125e-161
9.280031816346342e-69	5.259477309080482e-112	1.9024611584079938e-161
6.736438543290925e-69	3.114270201071164e-112	8.926327296781822e-162
4.890026795770411e-69	1.8440385451487856e-112	4.188223168558622e-162
3.5497038842828686e-69	1.0919020946945604e-112	1.965109806804339e-162
2.576754319013446e-69	6.465429844375466e-113	9.220274081353633e-163
1.8704835775043326e-69	3.8283453503433566e-113	4.3261426837785984e-163
1.3577968174524868e-69	2.2668605915267422e-113	2.0298214950312468e-163
9.856339930789e-70	1.3422657757237344e-113	9.523900626625163e-164
7.154784543797562e-70	7.947896837651566e-114	4.468603932309566e-164
5.1937070177800424e-70	4.7061517386816884e-114	2.096664159643633e-164
3.770147433708785e-70	2.7866320663066008e-114	9.8375256901815e-165
2.736775798719672e-70	1.650035677588129e-114	4.615756474867683e-165
1.9866442636938638e-70	9.770280656112138e-115	2.165707974368691e-165
1.442118653750928e-70	5.785231519280317e-115	1.0161478526396019e-165
1.0468437905584014e-70	3.425582632648002e-115	4.767754797250848e-166
7.599110648630127e-71	2.0283745488822553e-115	2.23702542377666e-166
5.516246375146477e-71	1.2010521279917005e-115	1.049609923209281e-166
4.004280958430578e-71	7.111734935484678e-116	4.92475847252321e-167
2.9067349250918713e-71	4.211039022691176e-116	2.3106913793776434e-167
2.1100187555421575e-71	2.4934632423022554e-116	1.0841739103592129e-167
1.5316770408980308e-71	1.4764429650759e-116	5.086932328540454e-168
1.1118548361013728e-71	8.74239408121128e-117	2.38678317822427e-168
8.071030273047685e-72	5.17659375127092e-117	1.119876100551323e-168
5.858816057037229e-72	3.065192739742554e-117	5.2544466209917163e-169
4.2529546326723904e-72	1.8149785328361503e-117	2.465380704102808e-169
3.0872488454120127e-72	1.0746949227514933e-117	1.1567539751722294e-169
2.2410550444806488e-72	6.363541805549856e-118	5.427477212139954e-170
1.6267971789368027e-72	3.7680148527457507e-118	2.546566471397908e-170
1.1809031946424338e-72	2.2311373704074815e-118	1.1948462498824708e-170
8.572257028550454e-73	1.321113148479594e-118	5.606205755448073e-171
6.222659985756309e-73	7.822646755125201e-119	2.6304257117190302e-171
4.517071428139434e-73	4.63198798118812e-119	1.2341929152615536e-171
3.278973033014548e-73	2.742717820386592e-119	5.790819886285076e-172
2.380228943084302e-73	1.6240329363584872e-119	2.7170464633795244e-172
1.7278244634685523e-73	9.616311815866691e-120	1.2748352787914278e-172
1.2542395912100527e-73	5.6940626553626e-120	5.981513418912059e-173
9.104610945262217e-74	3.371599230975316e-120	2.806519663822283e-173
6.6090993336141615e-74	1.9964096045917936e-120	1.3168160082225076e-173
4.7975903928447484e-74	1.1821248719864666e-120	6.17848654995514e-174
3.4826036674091764e-74	6.999661841712832e-121	2.898939245088991e-174
2.528045812819004e-74	4.144677695174287e-121	1.3601791763677385e-174
1.8351257398365363e-74	2.454169013495037e-121	6.381946068578698e-175
1.3321303213470302e-74	1.4531758534111894e-121	2.994402232433201e-175
9.670025080734858e-75	8.604623598967166e-122	1.4049703073717494e-175
7.01953732030406e-75	5.095016346858642e-122	6.592105573579794e-176
5.095530133557527e-75	3.0168886850405326e-122	3.093008846180799e-176
3.6988801622138975e-75	1.7863764742457084e-122	1.4512364245036737e-176
2.6850423990854508e-75	1.0577589168476903e-122	6.809185697631519e-177
1.9490906351968603e-75	6.263259409768212e-123	3.194862606944734e-177
1.414858218069874e-75	3.708635097207005e-123	1.4990260995237837e-177
1.0270552539172569e-75	2.1959771078274074e-123	7.03341433891076e-178
7.455464308204957e-76	1.3002938632958884e-123	3.300070444304533e-178
5.4119725145182944e-76	7.699370475668151e-124	1.5483895036758038e-178
3.928587850077636e-76	4.558992962662384e-124	7.265026900353524e-179
2.851788780222834e-76	2.699495614516651e-124	3.408742809064622e-179
2.070132973313584e-76	1.5984399696328927e-124	1.599378460358397e-179
1.502723678878238e-76	9.464769354616933e-125	7.50426653678906e-180
1.0908373926563588e-76	5.604330512122376e-125	3.5209937892093976e-180
7.918463214112566e-77	3.3184665481346085e-125	1.652046499531156e-180
5.748066585851501e-77	1.964948392545474e-125	7.751384410212122e-181
4.1725608343418205e-77	1.1634958886469479e-125	3.6369412296767166e-181
3.0288904375494815e-77	6.889354896210197e-126	1.7064489139121945e-181
2.1986922772153718e-77	4.079362148939888e-126	8.006639953461519e-182
1.5960457565436593e-77	2.415494018367048e-126	3.756706856075559e-182
1.1585805268790219e-77	1.4302754057477434e-126	1.762642817026345e-182
8.410215257049579e-78	8.469024227473861e-127	8.270301142581567e-183
6.105032755940258e-78	5.014724512307611e-127	3.880416402477739e-183
4.431685017795708e-78	2.969345848930202e-127	1.8206872031648975e-183
3.2169904539570553e-78	1.7582251525322012e-127	8.542644778152598e-184
2.3352353651700554e-78	1.041089803705634e-127	4.0081997434178927e-184
1.695163317638405e-78	6.164557353868162e-128	1.8806430093198344e-184
1.230530642146894e-78	3.6501911010815156e-128	8.823956775885698e-185
8.932506063026087e-79	2.1613709321812286e-128	4.1401910302402e-185
6.484167222913652e-79	1.27980266706963e-128	1.942573179157586e-185
4.706901319523344e-79	7.578036894322417e-129	9.114532466786877e-186
3.416771849041751e-79	4.4871482650682195e-129	4.2765288319350795e-186
2.480258045772333e-79	2.656954542909369e-129	2.0065427290994437e-186
1.8004362730112223e-79	1.573250319817413e-129	9.414676907205661e-187
1.3069490002057999e-79	9.31561503530782e-130	4.41735628061369e-187
9.487232148917567e-80	5.516012448427445e-130	2.0726188165780396e-187
6.886846681338134e-80	3.266171177736005e-130	9.724705199093791e-188
4.9992090915230075e-80	1.9339829744790893e-130	4.56282122177293e-188
3.628960059251712e-80	1.1451604775251315e-130	2.1408708105415375e-188
2.6342869182997408e-80	6.780786266429293e-131	1.0044942820810063e-188
1.912246884678047e-80	4.0150759036291546e-131	4.713076369508747e-189
1.3881130876666417e-80	2.377428498478917e-131	2.2113703642795254e-189
1.0076407809004381e-80	1.4077358438655743e-131	1.0375725968818695e-189
7.314533321203589e-81	8.33556175242211e-132	4.868279466840614e-190
5.309669747505387e-81	4.93569798845566e-132	2.2841914906471127e-190
3.85432557205644e-81	2.9225522354467e-132	1.0717401910639942e-190
2.797881284874232e-81	1.7305174645799204e-132	5.0285934513155894e-191
2.0310011538731657e-81	1.0246833773899647e-132	2.3594106397661564e-191
1.4743176236012294e-81	6.067410733437374e-133	1.1070329349423435e-191
1.0702172429178818e-81	3.592668117833724e-133	5.1941866260657416e-192
7.768780137356265e-82	2.1273101116704082e-133	2.4371067792852412e-192
5.639410617047237e-82	1.2596343894809536e-133	1.1434878800527153e-192
4.093686723703281e-82	7.458615396309856e-134	5.365232836498604e-193
2.9716351813727365e-82	4.416435760617308e-134	2.517361477282626e-193
2.157130295301082e-82	2.6150838716404996e-134	1.1811432980497128e-193
1.5658756297117863e-82	1.5484576310826704e-134	5.541911652806007e-194
1.136679825537868e-82	9.168811223458046e-135	2.6002589878992246e-194
8.25123656865782e-83	5.429086179944821e-135	1.2200387208856467e-194
5.989629039095488e-83	3.2146999246595103e-135	5.724408558483071e-195
4.347912670720046e-83	1.90350553722669e-135	2.685886339791477e-195
3.156179534461241e-83	1.1271140122468615e-135	1.2602149823125326e-195
2.2910923029422952e-83	6.673928558432811e-136	5.912915145055155e-196
1.6631195669600757e-83	3.951802738595497e-136	2.7743334274970482e-196
1.2072698644455852e-83	2.3399628491735072e-136	1.3017142607507722e-196
8.76365448734721e-84	1.3855514806030556e-136	6.107629313217188e-197
6.361596709685993e-84	8.204202498682361e-137	2.865693105809184e-197
4.617926545953781e-84	4.857916835402604e-137	1.344580123569504e-197
3.352184452584896e-84	2.8764960376682823e-137	6.3087554805966934e-198
2.4333736130986886e-84	1.7032464192103858e-137	2.9600612872588997e-198
1.7664025427834078e-84	1.0085354982462001e-137	1.3888575728251398e-198
1.2822436827439806e-84	5.971795036529431e-138	6.516504796358375e-199
9.307894560353609e-85	3.536051633317102e-138	3.057537042807205e-199
6.756664299664064e-85	2.0937860520998693e-138	1.4345930925060445e-199
4.9047088106056644e-85	1.239783941688506e-138	6.731095362875795e-200
3.560361659233075e-85	7.341075849307327e-139	3.15822270585324e-200
2.584490870717268e-85	4.346837607195225e-139	1.481834697333052e-200
1.8760995932811312e-85	2.573873035940579e-139	6.95275246470277e-201
1.361873521701703e-85	1.52405564776012e-139	3.2622239796673844e-201
9.885933005659331e-86	9.024320877664083e-140	1.5306319831669513e-201
7.176266359174515e-86	5.343529773517952e-140	7.181708805084771e-202
5.209300814433871e-86	3.164039801725635e-140	3.369650048362177e-202
3.7814670773149706e-86	1.8735083907491894e-140	1.5810361790759348e-202
2.7449928054060824e-86	1.1093519393445316e-140	7.418204750258866e-203
1.9926090450274052e-86	6.56875480998165e-141	3.48061369151757e-203
1.4464485293023021e-86	3.889526688811824e-141	1.633100201117636e-203
1.049986876824609e-86	2.303087617152471e-141	7.662488581798422e-204
7.621926526730109e-87	1.363716718421947e-141	3.595231402580785e-204
5.5328085770519725e-87	8.074913321807872e-142	1.6868787078922193e-204
4.0163035740299576e-87	4.781361427479067e-142	7.91481675726763e-205
2.915462223954379e-87	2.831165634737274e-142	3.7136235111651604e-205
2.1163539614552087e-87	1.6764051354183912e-142	1.742428157924861e-205
1.5362758101842724e-87	9.926420918562555e-143	8.175454179459488e-206
1.1151931141681537e-87	5.877686137479211e-143	3.835914309376298e-206
8.095263061773339e-88	3.4803273621121077e-143	1.7998068689378505e-206
5.876406804053352e-88	2.0607902947095867e-143	8.444674474499839e-207
4.2657238761997633e-88	1.2202463150454697e-143	3.962232182298202e-207
3.0965181265921646e-88	7.22538859584393e-144	1.8590750790745434e-207
2.2477836790636242e-88	4.278336243859595e-144	8.722760279109523e-208
1.631681540784424e-88	2.5333116375292584e-144	4.092709742776343e-208
1.1844487863021237e-88	1.5000382127636694e-144	1.920295010139425e-208
8.597994720821116e-89	8.88210754025416e-145	9.010003537326079e-209
6.241343152544814e-89	5.259321641632682e-145	4.227483970639192e-209
4.530633666648479e-89	3.114178026418538e-145	1.9835309329207135e-209
3.2888179546736205e-89	1.843983966194053e-145	9.306705806996676e-210
2.3873754390265935e-89	1.0918697771081638e-145	4.366696356504356e-210
1.73301215373383e-89	6.465238483731872e-146	2.0488492346640296e-210
1.2580053710419834e-89	3.8282320408422483e-146	9.613178576363862e-211
9.131946998529493e-90	2.2667934980910136e-146	4.5104930503202685e-211
6.628942761578143e-90	1.342226047995044e-146	2.1163184887680172e-211
4.811994872873804e-90	7.94766159967192e-147	9.929743591076634e-212
3.4930599779460524e-90	4.706012448294618e-147	4.659025014799447e-212
2.5356361201277734e-90	2.786549588927906e-147	2.1860095267750486e-212
1.8406355958070887e-90	1.6499868406357814e-147	1.0256733191970145e-212
1.3361299634670746e-90	9.769991480103807e-148	4.812448183904355e-213
9.699058756340774e-91	5.7850602908154534e-148	2.2579955127326225e-213
7.04061306393035e-91	3.4254812439216405e-148	1.0594490663968455e-213
5.110829159951226e-91	2.0283145140402598e-148	4.970923626552212e-214
3.7099858300729015e-91	1.2010165798357775e-148	2.3323520200034958e-214
2.6931040793140246e-91	7.111524445817763e-149	1.0943370596476914e-214
1.9549426639926876e-91	4.2109143864091315e-149	5.134617715710682e-215
1.4191062457832295e-91	2.493389441991627e-149	2.4091571106051797e-215
1.0301389262782515e-91	1.4763992660361074e-149	1.1303739255642235e-215
7.477848896704854e-92	8.742135328089167e-150	5.303702303061938e-216
5.4282216403543495e-92	5.176440536970282e-150	2.488491417162144e-216
3.940383201617702e-92	3.065102017660722e-150	1.1675974968871358e-216
2.8603511065508747e-92	1.814924813985505e-150	5.478354899418476e-217
2.0763484245359437e-92	1.0746631144545915e-150	2.5704382275567304e-217
1.5072355174157411e-92	6.363353460538808e-151	1.2060468522012556e-217
1.094112567098283e-92	3.7679033288773176e-151	5.65875886108006e-218
7.942237929310972e-93	2.231071334290244e-151	2.655083572367601e-218
5.7653248141623366e-93	1.321074046816059e-151	1.2457623569615765e-218
4.185088700267586e-93	7.82241522423648e-152	5.845103582327449e-219
3.0379845010783214e-93	4.6318508858638155e-152	2.7425163151876286e-219
2.2052937201072914e-93	2.742636642760357e-152	1.2867857058703139e-219
1.600837789073131e-93	1.623984869022605e-152	6.0375846942550606e-220
1.1620590960554093e-93	9.616027196953095e-153	2.832828245915935e-220
8.4354664285316e-94	5.693894125269365e-153	1.3291599666494269e-220
6.123362753961934e-94	3.3714994400233837e-153	6.2364042701512e-221
4.444990888682287e-94	1.9963505158326496e-153	2.9261141771220894e-221
3.2266492766061896e-94	1.1820898840302464e-153	1.3729296252546e-221
2.3422467705686693e-94	6.999454669130754e-154	6.441771037641531e-222
1.70025294475441e-94	4.1445550230224905e-154	3.022472043583592e-222
1.2342252372683073e-94	2.4540963761958556e-154	1.4181406325781215e-222
8.9593253816128e-95	1.453132843020033e-154	6.653900597818559e-223
6.503635549640088e-95	8.604368923508674e-155	3.1220030051012027e-223
4.7210335109994896e-95	5.09486554704628e-155	1.4648404526897215e-223
3.4270305034564244e-95	3.016799392638576e-155	6.873015651587023e-224
2.487704873150616e-95	1.7863236019448595e-155	3.224811552699934e-224
1.8058419759192596e-95	1.0577276098144401e-155	1.5130781126659697e-224
1.310873036905667e-95	6.263074032866656e-156	7.099346233462966e-225
9.515716999609255e-96	3.708525330831642e-156	3.331005618327344e-225
6.907524029206852e-96	2.1959121123664906e-156	1.5629042540605938e-225
5.014218919712444e-96	1.3002553778314143e-156	7.333129953071897e-226
3.6398557961569873e-96	7.699142593450707e-157	3.4406966881642006e-226
2.642196208213701e-96	4.5588580278090896e-157	1.6143711860697248e-226
1.9179882923025993e-96	2.6994157161602167e-157	7.574612244599559e-227
1.3922808147154488e-96	1.5983926597851773e-157	3.5539999196665255e-227
1.0106661624600193e-96	9.464489220983323e-158	1.667532940447886e-227
7.336494772790667e-97	5.6041646378774355e-158	7.824046624457122e-228
5.325611715363429e-97	3.318368329777956e-158	3.671034262461812e-228
3.8658979555202175e-97	1.9648902349599697e-158	1.7224453282323853e-228
2.8062817571512567e-97	1.163461452062311e-158	8.081694957431444e-229
2.0370991141332934e-97	6.889150988439402e-159	3.791922583226458e-229
1.4787441746459595e-97	4.079241409965835e-159	1.779165998335665e-229
1.0734305065856893e-97	2.4154225257515453e-159	8.347827731599807e-230
7.792105438012507e-98	1.430233073152892e-159	3.916791794675443e-230
5.6563426122692555e-98	8.468773565419569e-160	1.8377544980671065e-230
4.105977774799412e-98	5.0145760889338894e-160	8.622724342297451e-231
2.9805573393976356e-98	2.969257963677968e-160	4.045772988799617e-231
2.1636069508123694e-98	1.758173113440472e-160	1.8982723356478547e-231
1.570577078228483e-98	1.0410589900366813e-160	8.906673385436547e-232
1.140092639160057e-98	6.164374898302026e-161	4.1790015744906184e-232
8.276010416076193e-99	3.650083064503117e-161	1.960783044784245e-232
6.007612544315889e-99	2.1613069609770657e-161	9.199972960483993e-233
4.360967020113203e-99	1.2797647880936133e-161	4.3166174196977475e-233
3.16565577593864e-99	7.577812603277279e-162	2.0253522513676795e-233
2.297971171420035e-99	4.487015456639326e-162	9.502930983416546e-234
1.6681129846190585e-99	2.6568759036628695e-162	4.4587649982661805e-234
1.2108946204643599e-99	1.5732037555206937e-162	2.092047742370956e-234
8.789966839112953e-100	9.315339316271147e-163	9.815865509981595e-235
6.380697025730941e-100	5.5158491881775596e-163	4.6055935416105586e-235
4.631791595960137e-100	3.2660745071922646e-163	2.1609395370133455e-235
3.3622491871801974e-100	1.933925733392949e-163	1.0139105069603016e-235
2.4406796727542554e-100	1.1451265836230642e-163	4.757257195383284e-236
1.7717060614390925e-100	6.780585572019933e-164	2.23209996026919e-236
1.286093543196429e-100	4.0149570673680806e-164	1.0472989010282642e-236
9.335840960593834e-101	2.3773581325081354e-164	4.913915181301884e-237
6.776950782668669e-101	1.4076941783856989e-164	2.305603718797129e-237
4.919434907317888e-101	8.335315040525159e-165	1.0817867854859456e-237
3.5710514335191624e-101	4.935551904070501e-165	5.07573196430547e-238
2.5922506509577884e-101	2.9224657351690457e-165	2.3815279793697387e-238
1.8817324708115326e-101	1.7304662455668407e-165	1.1174103669000538e-238
1.3659624660131427e-101	1.0246530493104262e-165	5.242877425215685e-239
9.915614931978199e-102	6.067231153169587e-166	2.4599524498858414e-239
7.197812672425438e-102	3.592561783792563e-166	1.154207044131001e-239
5.224941430535388e-102	2.1272471485818198e-166	5.415527039083404e-240
3.7928207074783376e-102	1.2595971074357926e-166	2.540959463050616e-240
2.753234483166719e-102	7.45839463984404e-167	1.1922154475955217e-240
1.9985917352624043e-102	4.4163050451026756e-167	5.5938620594085264e-241
1.4507914050476875e-102	2.615006471661734e-167	2.624634062811296e-241
1.0531394000205325e-102	1.5484118005878762e-167	1.2314754798222027e-241
7.6448109081481e-103	9.168539849449081e-168	5.778069708426083e-242
5.54942050598437e-103	5.428925492496278e-168	2.7110640936392246e-242
4.0283622868181496e-103	3.2146047775368465e-168	1.2720283573425318e-242
2.924215726013043e-103	1.9034491981968938e-168	5.968343373658593e-243
2.1227081884475012e-103	1.1270806524752846e-168	2.800340292752009e-243
1.5408883870019836e-103	6.67373102674585e-169	1.313916653961436e-243
1.1185414152164314e-103	3.9516857750627483e-169	6.164882810940933e-244
8.11956860800695e-104	2.3398935920927656e-169	2.8925563853725594e-244
5.894050366241945e-104	1.3855104717251588e-169	1.3571843454527146e-244
4.27853145862193e-104	8.203959674692613e-170	6.367894354130874e-245
3.10581523823817e-104	4.857773053146132e-170	2.987809183125054e-245
2.2545325159720395e-104	2.876410900539544e-170	1.4018768557263252e-245
1.6365805676382062e-104	1.7031960073524293e-170	6.577591131725464e-246
1.1880050233900512e-104	1.0085056481037261e-170	3.0861986856711235e-246
8.623809688983182e-105	5.971618286248476e-171	1.4480411045159669e-246
6.260082414431231e-105	3.5359469749830767e-171	6.794193290610668e-247
4.544236624972622e-105	2.093724081240067e-171	3.187828185692915e-247
3.2986924351248757e-105	1.2397472471672296e-171	1.4957255566370258e-247
2.3945433918982246e-105	7.340858571719778e-172	7.017928227179086e-248
1.7382154197308163e-105	4.346708951612838e-172	3.292804377333312e-248
1.2617824574040529e-105	2.573796855700058e-172	1.5449802728666075e-248
9.159365126672078e-106	1.5240105395033433e-172	7.249030826058566e-249
6.648845768255259e-106	9.024053780210002e-173	3.401237468207097e-249
4.82644260149807e-106	5.343371618326264e-173	1.5958569624990533e-249
3.503547682933882e-106	3.1639461540166238e-173	7.487743706702099e-250
2.5432492168831355e-106	1.8734529395603295e-173	3.513241295100729e-250
1.8461619947927352e-106	1.1093191052861384e-173	1.6484090376321563e-250
1.340141614274881e-106	6.56856039117609e-174	7.734317478098146e-251
9.72817960383219e-107	3.889411568495278e-174	3.628933443482081e-251
7.061752086224316e-107	2.3030194514868945e-174	1.702691669240991e-251
5.126174120762429e-107	1.363676355798712e-174	7.989011001868459e-252
3.721124842039627e-107	8.074674324456266e-175	3.7484353709457126e-252
2.7011899642583685e-107	4.781219911072304e-175	1.7587618450983167e-252
1.9608122631571804e-107	2.831081839275742e-175	8.252091664030007e-253
1.4233670279473284e-107	1.67635551799569e-175	3.871872534723247e-253
1.0332318571822427e-107	9.926127121190897e-176	1.8166784296022966e-253
7.500300693601368e-108	5.877512172587659e-176	8.523835655705969e-254
5.444519553225015e-108	3.480224353077948e-176	3.999374523392673e-254
3.952213967999748e-108	2.0607293004421555e-176	1.876502225574364e-254
2.8689391407548417e-108	1.2202101987893613e-176	8.80452826308063e-255
2.082582537281204e-108	7.225174742311411e-177	4.1310751929248727e-255
1.5117609024803076e-108	4.278209615747222e-177	1.938296038092118e-255
1.0973975750568205e-108	2.533236657805266e-177	9.094464166902732e-256
7.966084026678796e-109	1.4999938153632455e-177	4.267112807210256e-256
5.782634859277991e-109	8.881844651961242e-178	2.0021247404242516e-256
4.197654180366242e-109	5.259165978792307e-178	9.393947751851321e-257
3.047105868992431e-109	3.1140858544940834e-178	4.407630183212917e-257
2.21191498343916e-109	1.8439293888547418e-178	2.0680553421367372e-257
1.605644209395474e-109	1.091837460478301e-178	9.703293426089369e-258
1.1655481094290116e-109	6.465047128752155e-179	4.552774840904803e-258
8.460793415155281e-110	3.828118734694864e-179	2.136157059441774e-258
6.141747786713294e-110	2.2667264066411096e-179	1.002282595134017e-258
4.4583367096554194e-110	1.3421863214422132e-179	4.70269915813726e-259
3.23633709929629e-110	7.94742636865485e-180	2.2065013878633524e-259
2.3492792272952944e-110	4.705873162030271e-180	1.0352880783833443e-259
1.705357853173346e-110	2.786467113990385e-180	4.8575605306125225e-260
1.237930925191997e-110	1.6499380051289115e-180	2.2791621772957004e-260
8.986225223609656e-111	9.769702312654546e-181	1.0693804426478768e-260
6.5231623288604846e-111	5.784889067418636e-181	5.017521537123157e-261
4.735208133540644e-111	3.425379858196194e-181	2.354215709533456e-261
3.437319958871291e-111	2.0282544809751798e-181	1.1045954792636249e-261
2.495174059185527e-111	1.2009810327320127e-181	5.182750110232827e-262
1.8112639091290094e-111	7.111313962380947e-182	2.4317407783549065e-262
1.314808855292515e-111	4.210789753816088e-182	1.1409701581866306e-262
9.544287374372252e-112	2.4933156438653527e-182	5.3534197125777206e-263
6.928263459583664e-112	1.4763555682897248e-182	2.5118187722424116e-263
5.029273814018965e-112	8.741876582625677e-183	1.1785426668052936e-263
3.650784246864773e-112	5.176287327204502e-183	5.529709518973558e-264
2.6501292453005677e-112	3.0650112982640853e-183	2.5945337598268313e-264
1.9237469381623248e-112	1.8148710967248379e-183	1.2173524500308104e-264
1.3964610551170265e-112	1.0746313070991558e-183	5.711804604519491e-265
1.0137006275479308e-112	6.363165121102426e-184	2.679972578145661e-265
7.358522162330938e-113	3.767791808309793e-184	1.2574402517077893e-265
5.341601548032515e-113	2.231005300127566e-184	5.89989613889627e-266
3.877505084377587e-113	1.3210349463098691e-184	2.768224923807528e-266
2.814707451347046e-113	7.822183700200686e-185	1.2988481573885417e-266
2.043215383156694e-113	4.6317137945973e-185	6.094181587062785e-267
1.4831840161471277e-113	2.742555467536835e-185	2.8593834471588022e-267
1.0766534178866925e-113	1.623936803109434e-185	1.3416196385159532e-267
7.815500771497723e-114	9.615742586463715e-186	6.29486491656154e-268
5.673325444800642e-114	5.693725600164321e-186	2.9535438495510823e-268
4.118305729045987e-114	3.371399652025083e-186	1.3857995980612777e-268
2.98950628567175e-114	1.996291428822427e-186	6.502156811650837e-269
2.170103052096914e-114	1.1820548971096113e-186	3.050804983811799e-269
1.5752926425649375e-114	6.999247502680638e-187	1.4314344176648438e-269
1.1435156995523187e-114	4.14443235450158e-187	6.716274894488282e-270
8.3008586454991e-115	2.454023741046618e-187	3.151268958023283e-270
6.025650043941929e-115	1.4530898339019163e-187	1.478572006329076e-270
4.374060564414572e-115	8.604114255588163e-188	6.937443953598068e-271
3.1751604692678883e-115	5.094714751697347e-188	3.2550412427193535e-271
2.3048706932915577e-115	3.016710102879526e-188	1.5272618507150254e-271
1.673121394717797e-115	1.7862707312089423e-188	7.16589617986168e-272
1.2145302595976567e-115	1.0576963037078262e-188	3.362230781611903e-272
8.816358192151092e-116	6.262888661451944e-189	1.5775550670951516e-272
6.399854689339654e-116	3.708415567705187e-189	7.401871410279813e-273
4.6456982749551176e-116	2.1958471188293413e-189	3.472950105963755e-273
3.3723441405429586e-116	1.3002168935060514e-189	1.6295044550169647e-273
2.4480076684197276e-116	7.698914717978207e-190	7.645617379761594e-274
1.777025503594345e-116	4.558723096949639e-190	3.5873154527278636e-274
1.2899549626260837e-116	2.69933582016864e-190	1.6831645527337899e-274
9.36387126823989e-117	1.5983453513377548e-190	7.897389981205141e-275
6.79729817463284e-117	9.464209095641176e-191	3.7054468865768476e-275
4.934205218260298e-117	5.6039987685420666e-191	1.7385916944609093e-275
3.581773303217236e-117	3.318270114328387e-191	8.157453534142751e-276
2.6000337294773067e-117	1.9648320790958216e-191	3.827468425951011e-276
1.8873822607219498e-117	1.1634270164969317e-191	1.7958440695171438e-276
1.3700636871368665e-117	6.888947086703895e-192	8.426081062232579e-277
9.945385976516806e-118	4.07912067456543e-192	3.9535081732571726e-277
7.219423677201375e-118	2.415351035252092e-192	1.8549817834140186e-277
5.240629006657211e-118	1.4301907418110061e-192	8.703554579888356e-278
3.8042084262415106e-118	8.468522910784411e-193	4.083698449354976e-278
2.7615009060750185e-118	5.014427669953229e-193	1.9160669209565797e-278
2.004592388169275e-118	2.9691700810269764e-193	8.990165388347707e-279
1.4551473200193966e-118	1.7581210758890024e-193	4.218175932471861e-279
1.0563013884799936e-118	1.0410281772797568e-193	1.9791636114221726e-279
7.667763998561255e-119	6.164192448136222e-194	9.286214381490327e-280
5.566082311246121e-119	3.6499750311223876e-194	4.35708180169261e-280
4.040457205174826e-119	2.1612429916663246e-194	2.0443380958855476e-280
2.9329955099414075e-119	1.2797269102387396e-194	9.592012361726586e-281
2.1290814936286995e-119	7.577588318870704e-195	4.500561885173937e-281
1.5455148128074593e-119	4.486882652141288e-195	2.111658796761022e-281
1.1218997693396128e-119	2.6567972667439333e-195	9.90788036628868e-282
8.14394713019862e-120	1.5731571926021872e-195	4.648766813239962e-282
5.9117469021774325e-120	9.315063605395222e-196	2.181196389634685e-282
4.29137749504915e-120	5.515685932759854e-196	1.023415000426652e-282
3.115140263909355e-120	3.265977839509788e-196	4.801852176519065e-283
2.2613016158621822e-120	1.9338684940010396e-196	2.2530238774620594e-283
1.641494303528963e-120	1.1450926907241938e-196	1.0571163804742374e-283
1.1915719378684844e-120	6.780384883550753e-197	4.959978689288306e-284
8.649702165052945e-121	4.014838234624344e-197	2.3272166672091112e-284
6.278877939837762e-121	2.3772877686200555e-197	1.091927557638963e-284
4.557880425370693e-121	1.4076525141390445e-197	5.1233123581967606e-285
3.308596563116833e-121	8.335068335930432e-198	2.403852649017071e-285
2.401732866122352e-121	4.935405824009181e-198	1.1278850778913352e-285
1.7434343082247221e-121	2.922379237451648e-198	5.292024656545035e-286
1.2655708842434476e-121	1.730415028069753e-198	2.483012277974188e-286
9.186865576114914e-122	1.0246227221285449e-198	1.1650266906722398e-286
6.668808532527062e-122	6.067051578217045e-199	5.466292704303818e-287
4.84093370856888e-122	3.592455452898692e-199	2.5647786585802358e-287
3.514066876632637e-122	2.1271841873568197e-199	1.2033913885236061e-287
2.5508851715090463e-122	1.259559826494111e-199	5.646299454060548e-288
1.8517049864628932e-122	7.458173889912206e-200	2.6492376319925006e-288
1.3441653098258187e-122	4.4161743334569795e-200	1.2430194480241194e-288
9.7573878849375e-123	2.6149290739738633e-200	5.832233883089277e-289
7.082954577176394e-123	1.5483659714495787e-200	2.736477866144745e-289
5.141565153906495e-123	9.168268483472303e-201	1.283952472072951e-289
3.732297298227775e-123	5.428764809803802e-201	6.024291191745542e-290
2.709300126591702e-123	3.214509633230367e-201	2.8265909488338826e-290
1.9666994854443257e-123	1.903392860834633e-201	1.32623343356592e-290
1.42764060285665e-123	1.1270472936910968e-201	6.2226730083944e-291
1.0363340744274558e-123	6.673533500905476e-202	2.9196714838719663e-291
7.522819900683722e-124	3.9515688149919197e-202	1.369906720509913e-291
5.460866399610468e-124	2.339824337061916e-202	6.427587601086833e-292
3.964080255554738e-124	1.3854694640610542e-202	3.0158171904045533e-292
2.877552960021108e-124	8.203716857890055e-203	1.4150181826229358e-292
2.0888353675794804e-124	4.857629275145371e-203	6.639250096206673e-293
1.5162998747445806e-124	2.8763257659307163e-203	3.115129005499594e-293
1.1006924460565208e-124	1.703145596986573e-203	1.4616151794687293e-293
7.99000172053676e-125	1.008475798844763e-203	6.857882704317698e-294
5.799996876775346e-125	5.9714415411990165e-204	3.2177111901146626e-294
4.2102573875721117e-125	3.535842319746758e-204	1.509746630176466e-294
3.056254623271609e-125	2.093662112214497e-204	7.083714953447927e-295
2.218556126720673e-125	1.2397105537320507e-204	3.3236714385536776e-295
1.6104650607091837e-125	7.340641300563274e-205	1.5594630647977376e-295
1.1690475983579123e-125	4.346580299838437e-205	7.316983930056044e-296
8.486196444551087e-126	2.573720677714339e-205	3.433120991528088e-296
6.160188019432844e-126	1.5239654325816973e-205	1.6108166773547273e-296
4.471722600662864e-126	9.023786690661584e-206	7.557934527932861e-297
3.2460540090982604e-126	5.343213467815706e-206	3.5461747529412e-297
2.3563327985552948e-126	3.163852509079421e-206	1.6638613806353016e-297
1.7104780887764205e-126	1.8733974900127276e-206	7.806819705299267e-298
1.241647739223445e-126	1.1092862721995756e-206	3.6629514105182345e-298
9.013205830783425e-127	6.568365978124984e-207	1.718652862792503e-298
6.542747736074996e-127	3.889296451586092e-207	8.063900750370509e-299
4.74942531454357e-127	2.302951287838904e-207	3.7835735604087956e-299
3.4476403077645292e-127	1.3636359943701423e-207	1.7752486458078903e-299
2.5026656710076075e-127	8.074435334178553e-208	8.32944755566546e-300
1.8167021213709914e-127	4.781078398854171e-208	3.908167835892513e-300
1.3187564907401601e-127	2.8309980462944003e-208	1.8337081458800902e-300
9.572943529987512e-128	1.6763059020415703e-208	8.603738901349163e-301
6.949065158867622e-128	9.925833332515079e-209	4.036865040323023e-301
5.044373909750919e-128	5.877338212845132e-209	1.894092735801962e-301
3.6617455095963237e-128	3.480121347092664e-209	8.887062747905712e-302
2.658086100859822e-128	2.0606683079800431e-209	4.169800284449812e-302
1.9295228740140045e-128	1.2201740836022275e-209	1.9564658093918738e-302
1.4006538464419757e-128	7.224960895108562e-210	9.179716538449182e-303
1.0167442034369286e-128	4.278082991382809e-210	4.307113128262135e-303
7.380615687799204e-129	2.53316168030054e-210	2.0208928480467048e-303
5.3576393892239045e-129	1.499949419276906e-210	9.482007510989546e-304
3.889147062949529e-129	8.881581771449346e-211	4.448947727503877e-304
2.8231584431889115e-129	5.2590103205592685e-211	2.08744148948647e-304
2.0493500159143437e-129	3.1139936852977526e-211	9.794253020981794e-305
1.4876371880085403e-129	1.8438748131308202e-211	4.59545298501324e-305
1.0798860057873373e-129	1.0918051448049523e-211	2.15618159876272e-305
7.838966348081333e-130	6.464855779436192e-212	1.0116780874496455e-305
5.690359267277407e-130	3.828005431901128e-212	4.746782707046024e-306
4.130670697242533e-130	2.2666593171769884e-212	2.227185341605283e-306
2.998482100625214e-130	1.3421465960652144e-212	1.0449929672361857e-306
2.1766186575395007e-130	7.947191144600168e-213	4.903095764746733e-307
1.5800223651030653e-130	4.7057338798885213e-213	2.300527260184314e-307
1.1469490374799745e-130	2.7863846414939562e-213	1.0794049165638762e-307
8.325781480254111e-131	1.6498891710674745e-213	5.064556260936986e-308
6.043741700088625e-131	9.769413153764048e-214	2.3762843513672434e-308
4.387193421304555e-131	5.7847178490896775e-214	1.114950062280116e-308
3.1846936998739914e-131	3.4252784754715604e-214	5.231333702396265e-309
2.311790930567459e-131	2.028194449686961e-214	2.454536147552735e-309
1.6781448422702062e-131	1.200945486680372e-214	1.15166572090083e-309
1.2181768145213847e-131	7.111103485174025e-215	5.40360317781594e-310
8.84282878365829e-132	4.21066512491192e-215	2.53536480016646e-310
6.419069872694812e-132	2.493241847923356e-215	1.1895904377866e-310
4.659646707927307e-132	1.4763118718367102e-215	5.5815455416143e-311
3.382469403403249e-132	8.741617844820516e-216	2.6188551659057e-311
2.4553576659566826e-132	5.1761341219734264e-216	1.2287640276094e-311
1.782360917058534e-132	3.0649205815525685e-216	5.76534760382e-312
1.2938279757380911e-132	1.814817381054092e-216	2.70509489584e-312
9.39198573521881e-133	1.0745995006851526e-216	1.26922761615e-312
6.817706658432138e-133	6.362976787240494e-217	5.95520232613e-313
4.949019876183513e-133	3.7676802910430374e-217	2.79417452735e-313
3.592527364691877e-133	2.230939267919352e-217	1.31102368355e-313
2.607840176227531e-133	1.3209958469609652e-217	6.1513090267e-314
1.8930490137908054e-133	7.821952183017476e-218	2.8861875807e-314
1.3741772219332792e-133	4.631576707388378e-218	1.354196109e-314
9.975246406847344e-134	2.7424742947159275e-218	6.353873576e-315
7.241099567734808e-134	1.6238887386189065e-218	2.981230644e-315
5.256363683794024e-134	9.615457984398186e-219	1.39879021e-315
3.8156303359534975e-134	5.693557080047253e-219	6.56310865e-316
2.7697921484268263e-134	3.3712998669802947e-219	3.0794034e-316
2.010611057679879e-134	1.9962323435610524e-219	1.444853e-316
1.4595163133669345e-134	1.1820199112245102e-219	6.7792343e-317
1.059472870621886e-134	6.999040342362179e-220	3.1808085e-317
7.690786004264266e-135	4.144309689611386e-220	1.4924315e-317
5.582794142587953e-135	2.4539511080472097e-220	7.00248e-318
4.0525884378050627e-135	1.4530468260567705e-220	3.28557e-318
2.9418016546492315e-135	8.6038595952052445e-221	1.541603e-318
2.1354739342799356e-135	5.094563960811621e-221	7.2332e-319
1.550155129181465e-135	3.016620815763261e-221	3.39374e-319
1.1252682067214603e-135	1.7862178620378868e-221	1.5924e-319
8.16839884745434e-136	1.0576649985278054e-221	7.4713e-320
5.9294965709103495e-136	6.262703295523837e-222	3.5054e-320
4.304262100937295e-136	3.708305807827488e-222	1.6443e-320
3.124493287415925e-136	2.195782127215856e-222	7.717e-321
2.268091039572452e-136	1.3001784103197373e-222	3.626e-321
1.6464227926197041e-136	7.698686849250311e-223	1.71e-321
1.195149561795654e-136	4.5585881700838415e-223	7.9e-322
8.675672381743296e-137	2.6992559265418038e-223	3.85e-322
6.297729897692298e-137	1.5982980442905532e-223	1.7e-322
4.571565190468597e-137	9.463928978590094e-224	9.0e-323
3.318530427664477e-137	5.603832904116057e-224	4.0e-323
2.4089439263155628e-137	3.318171901785774e-224	2.0e-323
1.7486688661211692e-137	1.964773924952955e-224	1.0e-323
1.2693706856092797e-137	1.1633925819507678e-224	1.5e-323
9.21444859402284e-138	6.888743191003424e-225	0.0
6.688831233812197e-138	4.0789999427385214e-225	0.0
4.8554683243274597e-138	2.4152795468685926e-225	0.0
3.524617653585313e-138	1.430148411722033e-225	0.0
2.5585440526349157e-138	8.468272263568066e-226	0.0
1.8572646206361198e-138	5.014279255365436e-226	0.0
1.348201086283519e-138	2.969082200977116e-226	0.0
9.78668386217097e-139	1.7580690398777267e-226	0.0
7.104220727347484e-139	1.0409973654348194e-226	0.0
5.1570023977128786e-139	6.164010003370545e-227	0.0
3.743503299051644e-139	3.649867000939219e-227	0.0
2.7174346392054513e-139	2.1611790242489393e-227	0.0
1.9726043837665083e-139	1.2796890335049704e-227	0.0
1.431927008920657e-139	7.577364041102472e-228	0.0
1.039445605895582e-139	4.486749851573987e-228	0.0
7.545406720347022e-140	2.656718632152485e-228	0.0
