1.0	1.0	1.0
0.8193559607905964	0.2785656430141105	0.5075011958869877
0.6698542750177024	0.08320450160848847	0.2529758735701409
0.5478476847574618	0.025094943572326642	0.12591280539247057
0.4481374574604926	0.007113676959508252	0.0628356301009328
0.36658654603370466	0.0017725715748586012	0.03142310941120542
0.2998772728680609	0.00036026738886819735	0.015728543713409232
0.2453074452327854	8.840009253949989e-5	0.007874745844294576
0.20066790601253692	5.260624225030267e-5	0.003942750089263528
0.1641515973004236	2.8050383136396203e-5	0.001974078258830917
0.13428030208782923	1.269207626945378e-5	0.0009884098481186762
0.10984480113097043	5.24965304745705e-6	0.0004949027559570386
0.08985592193180725	2.08669514138127e-6	0.00024780580360428986
0.07350449565256784	8.254592367299185e-7	0.00012408214600373723
0.060128601044170976	3.3119239381208123e-7	6.213139753167715e-5
0.04918676920991544	1.3505916805026536e-7	3.1111107240134423e-5
0.04023606442359001	5.556800343330573e-8	1.5578349003494374e-5
0.03291415366987793	2.289406537421565e-8	7.800608062994699e-6
0.026924639060109057	9.410987700169792e-9	3.9060356618041375e-6
0.022025059364677222	3.858443424843795e-9	1.95589004403689e-6
0.01801707495259527	1.5795632975786172e-9	9.793839786345086e-7
0.014738438815199702	6.464241844034656e-10	4.904127742000955e-7
0.012056428653425542	2.646244357812145e-10	2.455673930341064e-7
0.009862474153316276	1.0837350199131963e-10	1.2296449300613954e-7
0.00806776195678769	4.439456060342566e-11	6.157278715287752e-8
0.006599640412695481	1.818728236545803e-11	3.083173368106806e-8
0.005398678569121492	7.450558492552423e-12	1.5438571322983634e-8
0.004416260352098143	3.0519780980042335e-12	7.730654971936979e-9
0.003612616540845054	1.2501284913378605e-12	3.871020630987682e-9
0.0029552148720097134	5.120608453849148e-13	1.9383611199176798e-9
0.0024174431028056243	2.0974445799489037e-13	9.706080747970937e-10
0.001977531722195284	8.591398121946543e-14	4.860188505261716e-10
0.0016176727004453852	3.5191717823135744e-14	2.4336735973472316e-10
0.0013232986032007863	1.441512180622888e-14	1.2186291120332825e-10
0.0010824928879315488	5.904674655516647e-15	6.10212034329533e-11
0.0008855075109941658	2.418649595818198e-15	3.0555541783877165e-11
0.0007243683175835023	9.90716484972692e-16	1.5300274041110952e-11
0.0005925522403865989	4.058126637765745e-16	7.661405174208763e-12
0.00048472323963382353	1.6622709344944054e-16	3.836344964650048e-12
0.00039651629515030835	6.808918388764253e-17	1.9209978272273013e-12
0.0003243607062011298	2.789038676563907e-17	9.61913667075344e-13
0.00026533554614045177	1.1424336509031098e-17	4.816652522678524e-13
0.00021705142053179613	4.679586068289631e-18	2.4118735725316783e-13
0.0001775537421960527	1.916831231078137e-18	1.2077130544320847e-13
0.0001452436076694746	7.851638563994634e-19	6.047459694937592e-14
0.00011881307207566847	3.216153100598959e-19	3.0281836094162024e-14
9.71922022770357e-5	1.3173862575628817e-19	1.5163219657692137e-14
7.95057649670412e-5	5.396218730852442e-20	7.592777058690924e-15
6.503779639622325e-5	2.2103750198205294e-20	3.801980368615416e-15
5.320261948086515e-5	9.054039480114537e-21	1.9037902221672917e-15
4.352113503941071e-5	3.7086752348223654e-21	9.532971921566312e-16
3.560142740339788e-5	1.5191309932020334e-21	4.773506692044204e-16
2.9122899299654198e-5	6.222596550948692e-22	2.3902688822030764e-16
2.3823293768745077e-5	2.5488722163247705e-22	1.196894798274425e-16
1.948807775463025e-5	1.044057656814179e-22	5.993288741713739e-17
1.5941757603172944e-5	4.2766223582003576e-23	3.001058237813328e-17
1.304077491264834e-5	1.7517709561198277e-23	1.5027393030584217e-17
1.0667695153545072e-5	7.175525978117728e-24	7.524763713357746e-18
8.72645380747994e-6	2.9392069142496413e-24	3.76792360635251e-18
7.138467584422376e-6	1.203944813386691e-24	1.8867367593360616e-18
5.839453296615203e-6	4.931544991344413e-25	9.447579014151558e-19
4.77682561419229e-6	2.0200374411569263e-25	4.730747349198358e-19
3.907568361173446e-6	8.274387176463976e-26	2.3688577198904653e-19
3.1964931798804142e-6	3.389317532001027e-26	1.1861734484796943e-19
2.614815072858677e-6	1.3883171149452325e-26	5.939603033411783e-20
2.138987158891645e-6	5.686762581129309e-27	2.974175845845426e-20
1.7497474729260255e-6	2.3293862984208927e-27	1.4892783090470822e-20
1.4313392234656727e-6	9.541528153955371e-28	7.457359607355974e-21
1.1708729427140197e-6	3.908358161735305e-28	3.734171912367958e-21
9.578047086981592e-7	1.6009242203057518e-28	1.869836055292725e-21
7.835093173114973e-7	6.557634313696432e-29	9.362951025614557e-22
6.409311258746252e-7	2.6861088892737167e-29	4.688371029102481e-22
5.242984340307432e-7	1.1002719303767867e-29	2.347638351027764e-22
4.2888983984351154e-7	4.506884756643183e-30	1.1755481366566328e-22
3.5084311297066915e-7	1.8460900118307667e-30	5.886398222247047e-23
2.869988479182947e-7	7.5618714828637315e-31	2.947534256608163e-23
2.3477256831122272e-7	3.09746003482462e-31	1.4759378937434755e-23
1.920501048392335e-7	1.2687677500308717e-31	7.39055928291291e-24
1.571020116790939e-7	5.197069810166367e-32	3.700722553827419e-24
1.285135568880779e-7	2.128800531940178e-32	1.853086741631421e-24
1.0512745271372638e-7	8.71989769297274e-33	9.279081103928378e-25
8.599700748849199e-8	3.571805560693472e-33	4.646374300723708e-25
7.034780265355109e-8	1.463067046495531e-33	2.326609057580704e-25
5.754634356137582e-8	5.992949913336164e-34	1.165018002525849e-25
4.7074415011834564e-8	2.4548053863822444e-34	5.833670000497017e-26
3.850810340961053e-8	1.0055264222384717e-34	2.921131313071172e-26
3.150063633998344e-8	4.118792436372231e-35	1.4627169770449667e-26
2.5768344892733363e-8	1.6871213683427043e-35	7.324357331564566e-27
2.107918047573024e-8	6.910711222985558e-36	3.667572822517012e-27
1.724332126793708e-8	2.8307346764514135e-36	1.8364874622511214e-27
1.4105488052138838e-8	1.1595128996003221e-36	9.19596245860206e-28
1.1538658365021278e-8	4.749544969806099e-37	4.604753763816055e-28
9.438924507435755e-9	1.945487404925472e-37	2.305768136922281e-28
7.72128726223077e-9	7.969018646597136e-38	1.1545821935199635e-28
6.316215045360446e-9	3.2642338382162706e-38	5.781414099046085e-29
5.166829201444792e-9	1.3370808907701618e-38	2.894964877532639e-29
4.226601501877644e-9	5.4768910472408364e-39	1.449614488526323e-29
3.457470638022837e-9	2.243419657734309e-39	7.258748393301508e-30
2.8283014633576176e-9	9.189395438575035e-40	3.6347200344845655e-30
2.313624613224555e-9	3.764119131049552e-40	1.8200368731991013e-30
1.8926054808046613e-9	1.5418416725497121e-40	9.113588359974218e-31
1.548200812481669e-9	6.315623019476638e-41	4.563506048592651e-31
1.2664687807782434e-9	2.586977303459616e-41	2.2851139016773223e-31
1.0360046059625234e-9	1.0596660927950354e-41	1.1442398647086922e-31
8.474788797525814e-10	4.340556937696477e-42	5.729626287020195e-32
6.932599020246744e-10	1.7779595532485515e-42	2.869032831439633e-32
5.671047423572059e-10	7.28279854028456e-43	1.4366293673508316e-32
4.639065202888169e-10	2.983147422080659e-43	7.193727156127449e-33
3.7948767395586913e-10	1.2219435279777422e-43	3.6021615298198214e-33
3.1043084842777884e-10	5.005270522384261e-44	1.8037336425612955e-33
2.539405579396954e-10	2.050236564017808e-44	9.031952138665407e-34
2.0773002197855445e-10	8.398087475266412e-45	4.522627815451994e-34
1.6992859423998813e-10	3.4399870961239025e-45	2.2646446795855646e-34
1.3900603709250844e-10	1.409072155577131e-45	1.1339901787303378e-34
1.1371057610748337e-10	5.771778451901698e-46	5.67830237144395e-35
9.301822704355493e-11	2.36421011982826e-46	2.843333075216463e-35
7.609134399378806e-11	9.684171936392875e-47	1.4237605621843753e-35
6.224471068525012e-11	3.9667872710244455e-47	7.129288355629059e-36
5.091780227468171e-11	1.624857691180426e-47	3.569894672439035e-36
4.1652094771450934e-11	6.655669528520863e-48	1.787576450354436e-36
3.407250355172119e-11	2.7262656362662455e-48	8.951047185038022e-37
2.7872199577289417e-11	1.1167207577894864e-48	4.482115754707488e-37
2.2800188665238504e-11	4.574261709089509e-49	2.2443588133662304e-37
1.8651151005464562e-11	1.8736886582694704e-49	1.1238323057239763e-37
1.525712962011592e-11	7.674919826190775e-50	5.627438196901073e-38
1.2480731305902616e-11	3.143766392483808e-50	2.817863528094659e-38
1.0209564826975239e-11	1.2877355535081768e-50	1.4110070311102997e-38
8.35169121114827e-12	5.274764879902096e-51	7.06542677454968e-39
6.831901973145719e-12	2.1606256395150408e-51	3.537916849871541e-39
5.588674603817764e-12	8.85025827770437e-52	1.7715639884191917e-39
4.571682080645606e-12	3.625203281381744e-52	8.87086694866123e-40
3.7397555821587176e-12	1.4849395824355358e-52	4.44196658631954e-40
3.059217935012716e-12	6.0825432184960775e-53	2.224254660583882e-40
2.5025203300856444e-12	2.491504196028711e-53	1.1137654232622876e-40
2.0471271205678034e-12	1.0205588247942636e-53	5.577029645198043e-41
1.6746035576145772e-12	4.1803674925596903e-54	2.7926221279445404e-41
1.369869534236634e-12	1.712343467939999e-54	1.3983677415450704e-41
1.1205891282727066e-12	7.014024861248267e-55	7.00213724236699e-42
9.166712325657641e-13	2.8730535476853695e-55	3.5062254730482507e-42
7.498610573786911e-13	1.1768473666913241e-55	1.7556949603142477e-42
6.134059686799961e-13	4.820549639960879e-56	8.791404937780592e-43
5.017821351165647e-13	1.9745720208950416e-56	4.40217705962995e-43
4.104709180837636e-13	8.088153751971682e-57	2.2043305935154093e-43
3.3577595295095183e-13	3.313033428169439e-57	1.1037887162849492e-43
2.7467351671699225e-13	1.357069960928032e-57	5.527072635030592e-44
2.2469012483660633e-13	5.55876938395631e-58	2.7676068311082236e-44
1.8380240222106033e-13	2.2769582964520957e-58	1.385841670154658e-44
1.5035517509636669e-13	9.326774913069101e-59	6.939414634874311e-45
1.2299446799977015e-13	3.8203918980246164e-59	3.474817976092006e-45
1.0061269356941505e-13	1.5648918721133066e-59	1.7399680812113402e-45
8.230381635791887e-14	6.41004021779158e-60	8.712654718792414e-46
6.732667565851965e-14	2.625652054682698e-60	4.36274395309873e-46
5.5074982617028684e-14	1.0755078717173229e-60	2.184584999018256e-46
4.5052777084237016e-14	4.405447325219603e-61	1.0939013770326558e-46
3.6854350678893734e-14	1.804539664065386e-61	5.4775631216533e-47
3.014782332781201e-14	7.3916748034727395e-62	2.7428156122341677e-47
2.4661708445876447e-14	3.0277448309007744e-62	1.3734278027716837e-47
2.0173922901702038e-14	1.2402113194616468e-62	6.87725387376573e-48
1.6502796881935733e-14	5.080098234246506e-63	3.4436918161098446e-48
1.349971972498471e-14	2.0808871572626002e-63	1.7243820777912273e-48
1.1043124020548737e-14	8.523637066838487e-64	8.634609915722913e-49
9.033564445602488e-15	3.4914141592741166e-64	4.323664074043286e-49
7.389692123443019e-15	1.4301374795749229e-64	2.1650162783998184e-49
6.04496154404019e-15	5.858065291544047e-65	1.084102604981719e-49
4.944936738703973e-15	2.3995545498320147e-65	5.428497096552123e-50
4.045087660465309e-15	9.828948212528196e-66	2.7182464641132144e-50
3.308987565559279e-15	4.0260898828628245e-66	1.3611251343133225e-50
2.706838424304112e-15	1.64914896226938e-66	6.815649926225e-51
2.2142646686104355e-15	6.755170348607038e-67	3.412844472987129e-51
1.8113264458764146e-15	2.7670227179420784e-67	1.7089356881406064e-51
1.4817124348509878e-15	1.1334154916147112e-67	8.557264209711974e-52
1.2120795478861124e-15	4.642645932403608e-68	4.2849342583799214e-52
9.915127900992136e-16	1.9016998985038407e-68	2.1456228472879985e-52
8.11083410032672e-16	7.789658217802517e-69	1.07439160677925e-52
6.634874553301531e-16	3.1907650201757524e-69	5.379870587119817e-53
5.427501018209078e-16	1.3069869215454808e-69	2.693897397516036e-53
4.4398378697306826e-16	5.353621474127984e-70	1.3489326686999072e-53
3.6319035672883465e-16	2.1929265255656107e-70	6.754597804517985e-54
2.970992164378731e-16	8.982567724985753e-71	3.382273449183487e-54
2.4303493408527045e-16	3.679399286446435e-71	1.6936276616499324e-54
1.9880893626719856e-16	1.5071391080576584e-71	8.480611338501536e-55
1.6263091266470935e-16	6.173475924192557e-72	4.246551370367651e-55
1.3303634258476797e-16	2.528751644942861e-72	2.1264031355029304e-55
1.0882720977419889e-16	1.0358159585173376e-72	1.0647675961789278e-55
8.902350558601044e-17	4.242863082520833e-73	5.331679656334336e-56
7.282355730029348e-17	1.737942632471701e-73	2.669766441032121e-56
5.95715756525152e-17	7.118883016060268e-74	1.3368494187743003e-56
4.873110786238725e-17	2.916005076892349e-74	6.694092565588895e-57
3.98633215167502e-17	1.1944409803165625e-74	3.3519762695306164e-57
3.2609240217465325e-17	4.892615814578916e-75	1.6784567589121692e-57
2.667521187650013e-17	2.004091445583479e-75	8.404645095928572e-58
2.1821021401015723e-17	8.209069901407227e-76	4.2085123023543175e-58
1.785016655867925e-17	3.362562561438924e-76	2.10735558692985e-58
1.4601903381010366e-17	1.3773578633618939e-76	1.0552297939773413e-58
1.194473909514814e-17	5.64187178409855e-77	5.28392040244003e-59
9.771109171747444e-18	2.310998330565597e-77	2.645851640910125e-59
7.993023010857396e-18	9.466208180996992e-78	1.3248744062219526e-59
6.53850199901821e-18	3.877505930696334e-78	6.63412931066e-60
5.348665746750953e-18	1.588286667175508e-78	3.321950481031861e-60
4.375348554571461e-18	6.505868932802531e-79	1.6634217516224368e-60
3.579149619813016e-18	2.6649049850727013e-79	8.329359331422608e-61
2.9278380547815225e-18	1.0915864818085286e-79	4.170813974524987e-61
2.395048149866025e-18	4.4713078100029016e-80	2.0884786593931016e-61
1.9592120646183465e-18	1.8315171417906715e-80	1.0457774279508993e-61
1.6026867411249345e-18	7.502178743249843e-81	5.236588958631763e-62
1.3110396962964936e-18	3.0730089613380425e-81	2.6221510608996987e-62
1.0724647812701995e-18	1.2587522104776143e-81	1.3130066614917059e-62
8.773042573112308e-19	5.156044604218734e-82	6.574703184835085e-63
7.176578413930215e-19	2.1119959702478597e-82	3.292193652663632e-63
5.870628952506943e-19	8.651063597653035e-83	1.648521422478569e-63
4.802328116573673e-19	3.54361004589674e-83	8.254747949507779e-64
3.9284300755178354e-19	1.451517725610867e-83	4.133453334652599e-64
3.2135586081618607e-19	5.945642100778537e-84	2.06977082453129e-64
2.6287750397924356e-19	2.4354273714206974e-84	1.0364097327933145e-64
2.1504067771735672e-19	9.975888862682241e-85	5.189681492741858e-65
1.7590890195302265e-19	4.0862790559233156e-85	2.5986627820947365e-65
1.438980853054693e-19	1.673803382607851e-85	1.3012452237172897e-65
1.1771239956980654e-19	6.856158684435326e-86	6.515809376706308e-66
9.629182336281679e-20	2.8083891091747818e-86	3.262703375178564e-66
7.876923145243759e-20	1.150359808100196e-86	1.6337545650825472e-66
6.443529270631296e-20	4.712052485067387e-87	8.180804909309238e-67
5.270975569509309e-20	1.9301299007219666e-87	4.0964273578508195e-67
4.311795956448253e-20	7.906111923555351e-88	2.0512305676735112e-67
3.527161931386878e-20	3.238466267187688e-88	1.027125950053628e-67
2.885310765139431e-20	1.3265260933716074e-88	5.143194206929779e-68
2.36025971400641e-20	5.433656957383884e-89	2.5753849027779814e-68
1.930754213677365e-20	2.225710302877195e-89	1.289589140639524e-68
1.579407474317793e-20	9.11685516989056e-90	6.457443117964696e-69
1.2919966468335539e-20	3.7344055100663383e-90	3.23347726091046e-69
1.056887068455949e-20	1.5296705117869288e-90	1.619119983842833e-69
8.645612805629151e-21	6.265768054173958e-91	8.107524224064151e-70
7.07233752931231e-21	2.5665559351630875e-91	4.0597330463291703e-70
5.785357180922179e-21	1.0513011830900402e-91	2.0328563877167534e-70
4.7325735758686785e-21	4.306292968036516e-92	1.0179253280748199e-70
3.8713690357559494e-21	1.763924498977046e-92	5.097123337374698e-71
3.1668811843583325e-21	7.225308777609933e-93	2.5523155382670815e-71
2.5905916855804158e-21	2.9595987221722093e-93	1.2780374685292221e-71
2.119171794175847e-21	1.2122976146606765e-93	6.399599683014042e-72
1.73353798602357e-21	4.965759362922348e-94	3.204512943580965e-72
1.4180794389797784e-21	2.034052179287097e-94	1.6046164938775603e-72
1.1600260919981138e-21	8.33179372112737e-95	8.034899960636908e-73
9.489317009521955e-22	3.4128321445395574e-95	4.023367429150281e-73
7.762509647701022e-22	1.397949065549653e-95	2.0146467970043267e-73
6.349936035458362e-22	5.726216547151067e-96	1.0088071219329316e-73
5.194413853817818e-22	2.3455472558275472e-96	5.051465153970704e-74
4.249166469404729e-22	9.60772594612636e-97	2.5294528207619793e-74
3.475929371981593e-22	3.9354738058049366e-97	1.2665892721107816e-74
2.8434011907980024e-22	1.6120312093645004e-97	6.342274388588324e-75
2.3259765854282472e-22	6.603130266378857e-98	3.1758080781079904e-75
1.9027097173164235e-22	2.7047447382831456e-98	1.5902429209186067e-75
1.5564663423745477e-22	1.1079054636434195e-98	7.96292623903878e-76
1.2732302005382165e-22	4.538152894790637e-99	3.987327561989358e-76
1.0415356242714576e-22	1.858897926973769e-99	1.9966003212054338e-76
8.520033974751563e-23	7.614334693028871e-100	9.99770593376768e-77
6.969610759276476e-23	3.1189497807364666e-100	5.006215960024832e-77
5.701323994689685e-23	1.2775702838045933e-100	2.506794899193693e-77
4.6638322303954226e-23	5.233126355997778e-101	1.2552436244864576e-77
3.815136816208783e-23	2.1435698532596165e-101	6.285462593372512e-78
3.1208817571805374e-23	8.78039512754582e-102	3.147360340415843e-78
2.5529629503513095e-23	3.596586249736411e-102	1.575998101216517e-78
2.0883905040204415e-23	1.4732176017013223e-102	7.891597231951845e-79
1.7083580851349962e-23	6.034528164371582e-103	3.951610526895814e-79
1.3974816210989362e-23	2.4718364839342145e-103	1.9787154991958026e-79
1.1431765379299774e-23	1.0125026243778461e-103	9.908150107681207e-80
9.351483247743184e-24	4.14736804410445e-104	4.961372091957754e-80
7.649758023478433e-24	1.6988263811985776e-104	2.4843399390744515e-80
6.257702256152269e-24	6.958656774044347e-105	1.2439996070613209e-80
5.118964208602146e-24	2.8503739190104514e-105	6.229159697626807e-81
4.1874466851131335e-24	1.1675574384527357e-105	3.119167427247056e-81
3.42544097323416e-24	4.78249665068352e-106	1.5618808814462826e-81
2.802100359349263e-24	1.958984925324937e-106	7.820907164257193e-82
2.2921914244670094e-24	8.024306587024728e-107	3.9162134320569914e-82
1.8750725714978588e-24	3.286880637526513e-107	1.960990882939376e-82
1.5338584338352655e-24	1.3463573715909653e-107	9.819396490225292e-83
1.2547363397077243e-24	5.514888953805866e-108	4.9169299190071554e-83
1.026407162130728e-24	2.258984190569719e-108	2.4620861223491565e-83
8.39627919534599e-25	9.253150183055457e-109	1.2328563094688854e-83
6.868376111079886e-25	3.790234064833614e-109	6.173361142814213e-84
5.6185114031702825e-25	1.5525387551292744e-109	3.091227055975917e-84
4.596089363340244e-25	6.359439931539343e-110	1.5478901186139665e-84
3.7597213781376246e-25	2.604925391346487e-110	7.750850312567351e-85
3.075550478625157e-25	1.0670179084212428e-110	3.8811334115640713e-85
2.5158807781806815e-25	4.370671116623194e-111	1.9434250373710963e-85
2.0580563167503385e-25	1.7902947887677575e-111	9.731437895505835e-86
1.6835439261072111e-25	7.3333255812789335e-112	4.872885842933799e-86
1.3771829896316254e-25	3.0038440830213615e-112	2.440031647248199e-86
1.1265717261777706e-25	1.2304212018265285e-112	1.2218128294973978e-86
9.215651542157391e-26	5.039996391495369e-113	6.118062411231455e-87
7.538644133615191e-26	2.064460819480222e-113	3.063536964423646e-87
6.166808186411368e-26	8.456352235411852e-114	1.5340246799641528e-87
5.0446104808707864e-26	3.46385324703616e-114	7.681421004762853e-88
4.12662339000369e-26	1.41884810175703e-114	3.846367625179976e-88
3.3756859260987075e-26	5.811822246170679e-115	1.926016540280675e-88
2.7613994287108183e-26	2.3806126800505552e-115	9.644267201997274e-89
2.2588969980679008e-26	9.751359371239521e-116	4.829236297730132e-89
1.847836859393562e-26	3.994308288110165e-116	2.4181747281415488e-89
1.5115789085797108e-26	1.6361307273241762e-116	1.2108682730167846e-89
1.2365111049970596e-26	6.70184563585823e-117	6.063259025643183e-90
1.0114984431859197e-26	2.74518008718827e-117	3.0360949106752205e-90
8.274321972789499e-27	1.1244684107275702e-117	1.5202834428882335e-90
6.76861191142762e-27	4.605997299139919e-118	7.612613619533e-91
5.536901677041544e-27	1.8866880489739354e-118	3.8119132581094466e-91
4.529330471653425e-27	7.728167350002056e-119	1.9087639821974793e-91
3.705110857668263e-27	3.165577405449658e-119	9.557877351966156e-92
3.0308776437326117e-27	1.296669683258181e-119	4.7859777493316264e-92
2.479337230157618e-27	5.3113604632960884e-120	2.3965135953942196e-92
2.028162738128652e-27	2.1756157589941765e-120	1.200021753906272e-92
1.6590901964844886e-27	8.91166013584105e-121	6.008946548919538e-93
1.3571791988500359e-27	3.650354436366771e-121	3.0088986728979084e-93
1.1102081018224172e-27	1.495241886246482e-121	1.506665294833533e-93
9.081792812596217e-28	6.124743055392717e-122	7.544422585920821e-94
7.429144189772558e-28	2.5087899048059223e-122	3.77776752077116e-94
6.077234366752034e-28	1.0276393196469423e-122	1.8916659662764076e-94
4.971336752256883e-28	4.2093702994477084e-123	9.472261350899626e-95
4.066683562435729e-28	1.7242234682067243e-123	4.743106695330613e-95
3.326653578532392e-28	7.062687187926634e-124	2.3750464952229624e-95
2.72128968523286e-28	2.892986392673472e-124	1.1892723939826295e-95
2.226086178237344e-28	1.1850121696598626e-124	5.955120583676818e-96
1.8209967501182463e-28	4.853993941341262e-125	2.9819460491613276e-96
1.489622996791125e-28	1.9882713263054937e-125	1.4931691332132072e-96
1.218550594571288e-28	8.144268235152044e-126	7.476842382871894e-97
9.968062756339465e-29	3.3360187922317474e-126	3.7439276485718203e-97
8.15413619729755e-29	1.3664851231309657e-126	1.8747211081847787e-97
6.670296801832638e-29	5.597335351007021e-127	9.387412266939122e-98
5.456477344502115e-29	2.292755515687393e-127	4.7006196646927244e-98
4.4635412629442227e-29	9.391482777191867e-128	2.3537716895542886e-98
3.65129356325104e-29	3.846897244421116e-128	1.1786193229290777e-98
2.9868536885093155e-29	1.5757488737640719e-128	5.901776771921525e-99
2.4433244826850781e-29	6.454512183213733e-129	2.955234857259197e-99
1.998703368248259e-29	2.6438684626020043e-129	1.4797938653169912e-99
1.6349916609753177e-29	1.082969595397232e-129	7.409867538787426e-100
1.337465966148705e-29	4.43601170460875e-130	3.7103909016823766e-100
1.0940821615805743e-29	1.817059308687967e-130	1.8579280359902684e-100
8.949878401285107e-30	7.442957212802952e-131	9.303323230319175e-101
7.321234749140974e-30	3.0487509024466576e-131	4.658513217475867e-101
5.988961620342555e-30	1.2488157327010807e-131	2.3326874558837404e-101
4.89912733561024e-30	5.115343247590964e-132	1.1680616782248178e-101
4.007614369909864e-30	2.0953240622680247e-132	5.84891079469747e-102
3.278333433214891e-30	8.582772872547694e-133	2.928762934532657e-102
2.6817625418326508e-30	3.5156371039811892e-133	1.4665384082227248e-102
2.1937519405169363e-30	1.4400595740360557e-133	7.343492631081241e-103
1.794546497481111e-30	5.898707731877442e-134	3.6771545648161813e-103
1.4679859979350575e-30	2.4162023247823974e-134	1.8412853900498306e-103
1.200850963270217e-30	9.897140084995789e-135	9.219987432811213e-104
9.823275140331433e-31	4.05402233320225e-135	4.616783944551695e-104
8.035696138334173e-31	1.6605905278655632e-135	2.3117920871364344e-104
6.57340973404315e-31	6.802036778763004e-136	1.1575986050752016e-104
5.377221187531211e-31	2.786219935814923e-136	5.796518371736117e-105
4.39870765242104e-31	1.1412789702887014e-136	2.902528137695153e-105
3.598257973157835e-31	4.674855962662094e-137	1.4534016887086688e-105
2.943469187880143e-31	1.9148936272880767e-137	7.277712285740703e-106
2.407834825804956e-31	7.843701780579394e-138	3.644215947009122e-106
1.9696719001616607e-31	3.2129021030685595e-138	1.8247918228996003e-106
1.6112431603315927e-31	1.3160546146031404e-138	9.137398127172269e-107
1.3180390711276653e-31	5.390764153579491e-139	4.575428467329612e-107
1.0781904530546207e-31	2.2081407440891696e-139	2.2910838915288422e-107
8.819880066708045e-32	9.044887527622728e-140	1.1472292563425191e-107
7.214892709421263e-32	3.704926445759264e-140	5.744595261110022e-108
5.90197104889762e-32	1.5175954290825913e-140	2.8765283426589214e-108
4.827966771638908e-32	6.21630663952462e-141	1.4403826431666175e-108
3.949403166320709e-32	2.54629577132806e-141	7.212521176891651e-109
3.2307151453010516e-32	1.0430023052368242e-141	3.611572381401781e-109
2.642809536156133e-32	4.27229947509964e-142	1.808445999145809e-109
2.1618873624796018e-32	1.7500002361732295e-142	9.055548626598743e-110
1.7684804387556483e-32	7.16827283399869e-143	4.534443437483188e-110
1.446663279753031e-32	2.936235913602309e-143	2.2705611924318167e-110
1.1834084217851866e-32	1.2027278453237455e-143	1.1369527924774134e-110
9.680590586298609e-33	4.926560101032216e-144	5.693137258889385e-111
7.91897643910331e-33	2.0179955526471877e-144	2.850761444362998e-111
6.4779299655364e-33	8.266023283975761e-145	1.4274802175157785e-111
5.29911623820238e-33	3.385891551723119e-145	7.147914026367152e-112
4.334815759875995e-33	1.3869137802036264e-145	3.57922122502349e-112
3.5459927330153546e-33	5.681014304016331e-146	1.792246595356662e-112
2.9007148536705987e-33	2.32703171481213e-146	8.974432304185012e-113
2.3728606615474437e-33	9.531883413694571e-147	4.493825536679106e-113
1.9410621185307177e-33	3.9044075262893785e-147	2.2502223282348504e-113
1.5878396102440607e-33	1.5993059786530028e-147	1.1267683814509072e-113
1.2988943546888925e-33	6.551005744490183e-148	5.6421401988016845e-114
1.06252957399353e-33	2.6833937243508997e-148	2.8252253566027947e-114
8.69176997756126e-34	1.0991597566437718e-148	1.4146933671174342e-114
7.110095303878599e-34	4.502329120254026e-149	7.083885603280173e-115
5.8162440286323396e-34	1.8442239523928498e-149	3.5471598585783544e-115
4.757839825599466e-34	7.554227813509124e-150	1.776192299955181e-115
3.892037489249458e-34	3.094329069110736e-150	8.894042592386839e-116
3.183788520206152e-34	1.2674852578341753e-150	4.4535714763084624e-116
2.604422328766214e-34	5.191816522890554e-151	2.2300656522115364e-116
2.1304856222475556e-34	2.126648703860968e-151	1.1166751986870352e-116
1.7427929934673029e-34	8.71108347086878e-152	5.591599951894362e-117
1.4256502772708197e-34	3.5681951183886842e-152	2.7999180118611895e-117
1.1662192358478156e-34	1.461588153238423e-152	1.402021056690364e-117
9.539978546948381e-35	5.98689213680551e-153	7.020430723600113e-118
7.803952111120189e-35	2.45232402700631e-153	3.515385686233192e-118
6.383837055077895e-35	1.0045100188895925e-153	1.7602818131130287e-118
5.22214577505087e-35	4.114629090354592e-154	8.814372982489711e-119
4.27185190671332e-35	1.685415997135325e-154	4.413677997220543e-119
3.4944866533742955e-35	6.903725757586712e-155	2.2100895323862562e-119
2.858581532618326e-35	2.8278733213032025e-155	1.1066724269960894e-119
2.3383945023043958e-35	1.158340844079795e-155	5.541512426200528e-120
1.9128678982960162e-35	4.744744048312444e-156	2.7748373611411377e-120
1.5647760002538302e-35	1.9435208728982283e-156	1.389462260227022e-120
1.2800277181458906e-35	7.960963425908202e-157	6.95754424973301e-121
1.0470961715644862e-35	3.2609342946823457e-157	3.4838961354073538e-121
8.565520706794891e-36	1.3357293464794853e-157	1.7445138466452527e-121
7.006820096468438e-36	5.471354911860662e-158	8.73541702408179e-122
5.7317622062751275e-36	2.2411519706774297e-158	4.3741418694588966e-122
4.688731484035454e-36	9.18010664009956e-159	2.190292351402024e-122
3.8355050572958235e-36	3.760314294890337e-159	1.0967592565084467e-122
3.1375435114233555e-36	1.5402831525498785e-159	5.491873566407639e-123
2.566592701357385e-36	6.309239079437583e-160	2.7499813737997544e-123
2.09953999703182e-36	2.584362342443616e-160	1.3770159609104627e-123
1.717478662198757e-36	1.0585949641388502e-160	6.895221090105604e-124
1.404942491821139e-36	4.336169428318397e-161	3.452688656564422e-124
1.1492797254305355e-36	1.7761623612463053e-161	1.7288871239059949e-124
9.401408918692183e-37	7.275436962645379e-162	8.657168324531698e-125
7.690598528861557e-37	2.9801320055158175e-162	4.3349598919998713e-125
6.291110858345173e-37	1.2207083665075805e-162	2.170672506389559e-125
5.14629331949373e-37	5.0002111091172525e-163	1.0869348846090022e-125
4.20980261302092e-37	2.04816414974447e-163	5.44267935352916e-126
3.4437287073137963e-37	8.389598544448418e-164	2.7253480373839185e-126
2.817060204413488e-37	3.436509898183317e-164	1.3646811510320184e-126
2.304428969226304e-37	1.4076478412815819e-164	6.8334561987531074e-127
1.885083203365556e-37	5.765944239276565e-165	3.4217607230058154e-127
1.5420473926796805e-37	2.361820335701146e-165	1.7134003796851299e-127
1.2614351223462022e-37	9.67438300934966e-166	8.579620548470941e-128
1.0318869416350756e-37	3.9627775744342823e-166	4.296128892493419e-128
8.441105225741106e-38	1.623215257165519e-166	2.1512284088375068e-128
6.905044977033154e-38	6.648941863639841e-167	1.0771985158721912e-128
5.648507495138428e-38	2.723509880215131e-167	5.393925804579218e-129
4.6206269515631286e-38	1.1155919572996339e-167	2.7009353574673496e-129
3.7797937674487135e-38	4.569637966921272e-168	1.3524568319097171e-129
3.0919702183728534e-38	1.8717947016464413e-168	6.772244574910676e-130
2.529312554996267e-38	7.667161885632275e-169	3.391109830666202e-130
2.069043861692944e-38	3.140588619509625e-169	1.6980523601058267e-130
1.6925320254125603e-38	1.2864338883305044e-169	8.502767417280945e-131
1.384535490080526e-38	5.2694330571176154e-170	4.2576457270062483e-131
1.1325862639587346e-38	2.1584416420714004e-170	2.131958484463813e-131
9.264852035200619e-39	8.841312284886094e-171	1.0675493619975785e-131
7.578891424493605e-39	3.621538863745291e-171	5.345608972250045e-132
6.19973152361509e-39	1.4834385800440598e-171	2.676741357489098e-132
5.0715426323019124e-39	6.076394879516357e-172	1.340342013807408e-132
4.148654594684457e-39	2.4889857408667316e-172	6.7115812626084704e-133
3.3937080280806866e-39	1.019527226435125e-172	3.360733497910752e-133
2.77614197976761e-39	4.176141905419437e-173	1.6828418225230265e-133
2.270956790642565e-39	1.7106126018018643e-173	8.426602708584742e-134
1.8577020853224848e-39	7.006934964652377e-174	4.2195072797672947e-134
1.5196489215609583e-39	2.8701494158964936e-174	2.1128611730882753e-134
1.243112586806672e-39	1.1756577891942326e-174	1.0579866417460384e-134
1.0168986280659083e-39	4.815676945729143e-175	5.2977249445924425e-135
8.318496898327573e-40	1.9725760896392756e-175	2.652764078593537e-135
6.804748156568519e-40	8.07997810747546e-176	1.3283357158546456e-135
5.566462071246566e-40	3.309684557173234e-176	6.651461350270457e-136
4.553511647703933e-40	1.355698211342492e-176	3.3306292653342253e-136
3.724891692495098e-40	5.5531504845494374e-177	1.6677675354228356e-136
3.0470588842822538e-40	2.2746567079641237e-177	8.351120255743148e-137
2.4925739083877093e-40	9.3173472490652e-178	4.1817104629154316e-137
2.0389906873226235e-40	3.8165301803876526e-178	2.0939349285062214e-137
1.66794774229086e-40	1.5633100525765188e-178	1.0485095808765056e-137
1.3644249031202083e-40	6.403560839229525e-179	5.2502698446990385e-138
1.116135277534343e-40	2.622998000565017e-179	2.6290015794717597e-138
9.130278661052196e-41	1.0744207299193702e-179	1.3164369659672614e-138
7.468806882676466e-41	4.400994223525168e-180	6.5918799703167096e-139
6.109679487513776e-41	1.8027156044313673e-180	3.300794695561843e-139
4.997877710123622e-41	7.384203171839872e-181	1.6528282783228125e-139
4.0883947605433553e-41	3.024684334510398e-181	8.276313947355496e-140
3.344413906763021e-41	1.238957692594622e-181	4.14425221624947e-140
2.7358180985104697e-41	5.0749631838453046e-182	2.075178218363317e-140
2.2379708005046864e-41	2.078783760844061e-182	1.0391174120832807e-140
1.830718682151601e-41	8.51502122834059e-183	5.2032398303903743e-141
1.4975757916158194e-41	3.487884977976312e-183	2.6054519362043963e-141
1.2250561888612597e-41	1.428691872088684e-183	1.3046448007686657e-141
1.002128022013508e-41	5.852143858701894e-184	6.532832298769311e-142
8.1976694753749e-42	2.397129038949025e-184	3.271227373051939e-142
6.705908162558852e-42	9.81901294314268e-185	1.6380228416731575e-142
5.485608369519788e-42	4.02202024217578e-185	8.202177726764834e-143
4.487371203762956e-42	1.6474819742211457e-185	4.107129506980403e-143
3.670787078466514e-42	6.748342106590987e-186	2.056589524031503e-143
3.002799894097756e-42	2.7642257639339654e-186	1.0298093749339147e-143
2.4563688961660784e-42	1.132269815801653e-186	5.156631093903865e-144
2.0093740398459366e-42	4.637953066289909e-187	2.582113242105857e-144
1.6437205495919914e-42	1.8997776276388961e-187	1.2929582655118514e-144
1.3446064254707662e-42	7.781784297710425e-188	6.474313554861819e-145
1.0999232441707012e-42	3.1875397401828393e-188	3.241924903900409e-145
8.997659985474342e-43	1.3056657967549015e-188	1.6233500267587818e-145
7.3603213354442e-43	5.348209941745941e-189	8.128705591567559e-146
6.020935470828322e-43	2.190709877832507e-189	4.070339329485846e-146
4.925282782058163e-43	8.973487991509542e-190	2.038167340486043e-146
4.029010209588125e-43	3.6756800865587933e-190	1.0205847158076344e-146
3.2958357899974185e-43	1.5056156660050394e-190	5.11043986158546e-147
2.6960799277146422e-43	6.167235668874743e-191	2.5589836075699385e-147
2.2054639368521103e-43	2.526195539420852e-191	1.2813764140020802e-147
1.8041272169843586e-43	1.0347689379858248e-191	6.416319000652114e-148
1.475823277214615e-43	4.238574323766667e-192	3.2128849156468496e-148
1.2072620628212434e-43	1.7361858902591237e-192	1.6088086456022427e-148
9.875719612433352e-44	7.111687127043534e-193	8.055891593127382e-149
8.07859708897701e-44	2.913057528961277e-193	4.033878705066671e-149
6.608503834380025e-44	1.193233618893147e-193	2.019910176183657e-149
5.405929080013781e-44	4.8876702746221783e-194	1.0114426878343277e-149
4.422191459752748e-44	2.0020656755870813e-194	5.064662393584145e-150
3.617468342122662e-44	8.20077203279387e-195	2.5360611599168573e-150
2.959183772425662e-44	3.3591636255455632e-195	1.2698983085202915e-150
2.42068976721136e-44	1.3759656064167082e-195	6.358843940638901e-151
1.9801875786438648e-44	5.63616888336069e-196	3.184105057082526e-151
1.619845260523664e-44	2.308662333827472e-196	1.5943975208675833e-151
1.325075814200369e-44	9.456639575455059e-197	7.983729836093812e-152
1.0839466930385356e-44	3.873586481215835e-197	3.997744681705901e-152
8.866967616175288e-45	1.5866811997787322e-197	2.001816552941788e-152
7.253411557159123e-45	6.49929268893222e-198	1.0023825508340802e-152
5.933480474379289e-45	2.66221125341993e-198	5.019294983549154e-153
4.85374230627955e-45	1.0904830874758017e-198	2.5133440432416155e-153
3.970488228198384e-45	4.466788135401159e-199	1.2585230197471715e-153
3.247963277709695e-45	1.8296658128595971e-199	6.301883721381458e-154
2.6569189598472767e-45	7.494595412339887e-200	3.1555829980599664e-154
2.1734292403003245e-45	3.0699027111885e-200	1.5801154857649872e-154
1.7779219968621005e-45	1.2574798421600404e-200	7.912214477924735e-155
1.454386721368178e-45	5.1508327859245474e-201	3.961934333829624e-155
1.1897263991476117e-45	2.109861128507745e-201	1.983885005818886e-155
9.73227329452784e-46	8.642318954232863e-202	9.934035712572344e-156
7.961254246963049e-46	3.54002810410175e-202	4.97433395832984e-156
6.512514318769151e-46	1.4500505066053342e-202	2.490830418263732e-156
5.3274071442137774e-46	5.939632143795967e-203	1.2472496266879077e-156
4.357958461361815e-46	2.4329655996745483e-203	6.24543373112289e-157
3.56492406847156e-46	9.965805063168011e-204	3.127316429304308e-157
2.9162011815038035e-46	4.082148574988097e-204	1.5659613839563142e-157
2.385528882989734e-46	1.6721114734487964e-204	7.841339728413381e-158
1.951425055195845e-46	6.849228361677795e-205	3.926444762070159e-158
1.5963167636325342e-46	2.8055503413091103e-205	1.966114082995822e-158
1.3058288880064154e-46	1.1491970046814962e-205	9.845050221250074e-159
1.068202203722894e-46	4.707289461620156e-206	4.929775677678319e-159
8.738173573265606e-47	1.9281788923232978e-206	2.468518462178336e-159
7.148054659539451e-47	7.89812029006069e-207	1.2360772165976273e-159
5.847295774953197e-47	3.235192769956377e-207	6.189489399416765e-160
4.783240966709174e-47	1.3251852180511148e-207	3.099303062226348e-160
3.912816287421008e-47	5.428164523763021e-208	1.551934069461491e-160
3.2007861208883127e-47	2.223460516739849e-208	7.77109984921961e-161
2.618326810948719e-47	9.107639696362431e-209	3.8912730930313214e-161
2.1418598525509246e-47	3.730630708944677e-209	1.9485023456583366e-161
1.752097411517251e-47	1.5281242946050792e-209	9.756861829706273e-162
1.4332615347308135e-47	6.259434508388658e-210	4.885616533954723e-162
1.1724454436354837e-47	2.5639616164163076e-210	2.446406368508586e-162
9.590910556040149e-48	1.0502385098280098e-210	1.2250048849074964e-162
7.845615827439806e-48	4.3019400932664526e-211	6.134046196757035e-163
6.41791906536015e-48	1.7621414938482969e-211	3.071540628737226e-163
5.2500257513825256e-48	7.218005311608565e-212	1.5380324065657117e-163
4.294658456967147e-48	2.9566071090369956e-212	7.701489153405205e-164
3.513143008325706e-48	1.2110722034450833e-212	3.856416479055763e-164
2.873842919202413e-48	4.96073988821278e-213	1.9310483678805456e-164
2.350878715918231e-48	2.0319961244673442e-213	9.669463397810043e-165
1.9230803117420118e-48	8.323371801172711e-214	4.841852951835123e-165
1.573130021709885e-48	3.409382395289629e-214	2.424492346959401e-165
1.2868615263203518e-48	1.3965359946642207e-214	1.2140317351514792e-165
1.052686405490865e-48	5.720428389280471e-215	6.079099634211346e-166
8.61125028326797e-49	2.343176336443366e-215	3.0440268810648076e-166
7.044228086759136e-49	9.598014292000871e-216	1.5242552697274955e-166
5.762362921294055e-49	3.931495761402306e-216	7.632502004973512e-167
4.7137636697367685e-49	1.6104017405773325e-216	3.8218720979944154e-167
3.855982040287804e-49	6.596455709084821e-217	1.9137507365094926e-167
3.1542942193901733e-49	2.7020107359246993e-217	9.58284784938917e-168
2.580295218837597e-49	1.1067855738040334e-217	4.798481388022034e-168
2.11074901492333e-49	4.533565652031012e-218	2.4027746232725125e-168
1.7266479321722217e-49	1.8570189210755344e-218	1.2031568788937559e-168
1.4124431946177653e-49	7.606637992961742e-219	6.02464526305755e-169
1.1554154966103712e-49	3.115797092818934e-219	3.0167595915716746e-169
9.451601132664763e-50	1.2762788938558267e-219	1.5106015434875518e-169
7.731657073413359e-50	5.2278366221471765e-220	7.564132818413078e-170
6.324697822284108e-50	2.141403096097155e-220	3.7876371529780075e-170
5.173768334961266e-50	8.771519753597574e-221	1.896608051050738e-170
4.2322778946901354e-50	3.5929507586861993e-221	9.497008171657259e-171
3.4621140758937497e-50	1.471728448088951e-221	4.755498330957571e-171
2.8320999170540526e-50	6.028428359831819e-222	2.3812514390828304e-171
2.3167318477531666e-50	2.4693379092328356e-222	1.1923794356568008e-171
1.8951472799648974e-50	1.0114791693642183e-222	5.970678674423579e-172
1.5502800707132206e-50	4.143175813372496e-223	2.989736552574802e-172
1.2681696684255087e-50	1.697109178363483e-223	1.4970701223784754e-172
1.0373959765699446e-50	6.951622844460326e-224	7.496376058245453e-173
8.486170573213989e-51	2.8474927121790907e-224	3.753708872190608e-173
6.941909610618925e-51	1.1663772513743888e-224	1.879618923554959e-173
5.678663730153167e-51	4.7776624210657943e-225	9.411937414645891e-174
4.6452955409890437e-51	1.957004749772627e-225	4.712900300539086e-174
3.799973319172161e-51	8.016195480337571e-226	2.359921051776041e-174
3.1084776197782823e-51	3.283558202219512e-226	1.1816985328500795e-174
2.5428160413419684e-51	1.344996450474407e-226	5.917195498930408e-175
2.0800900669078105e-51	5.509314409490155e-227	2.962955576166766e-175
1.7015681103557493e-51	2.256700770616157e-227	1.483659910835232e-175
1.3919272440369556e-51	9.243796940191051e-228	7.429226238576974e-176
1.1386329121361159e-51	3.7864028312515303e-228	3.7200845086451925e-176
9.314315199689779e-52	1.5509694223349404e-228	1.8627819785055764e-176
7.619353587488861e-52	6.353011700614234e-229	9.32762869064193e-177
6.23283063183356e-52	2.602292288095488e-229	4.67068384783743e-177
5.098618569023002e-52	1.065939348423759e-229	2.3387817343475476e-177
4.170803419495251e-52	4.366253167316673e-230	1.1711133056994067e-177
3.411826346407127e-52	1.788485128097931e-230	5.864191406338326e-178
2.790963238312138e-52	7.325912930040312e-231	2.9364144940386266e-178
2.28308096800196e-52	3.0008077459167536e-231	1.4703698231064619e-178
1.867619979690257e-52	1.2291774709782719e-231	7.362677922654635e-179
1.5277620187035086e-52	5.034901876724404e-232	3.686761339961273e-179
1.2497493125877358e-52	2.0623740270855562e-232	1.846095852707398e-179
1.0223276434368735e-52	8.447804409575214e-233	9.24407517362991e-180
8.362907664826729e-53	3.460351924780993e-233	4.628845554817731e-180
6.841077325787501e-53	1.4174139057674555e-233	2.3178317752626363e-180
5.596180282396256e-53	5.805947556591681e-234	1.1606228971769366e-180
4.577821922145224e-53	2.3782063159343182e-234	5.811662105196358e-181
3.7447781331840774e-53	9.741502529985119e-235	2.910111157304377e-181
3.0633265131908195e-53	3.990270772804027e-235	1.4571987831665744e-181
2.5058812545561684e-53	1.6344768983310385e-235	7.296725722425897e-182
2.049876444739549e-53	6.6950712953761175e-236	3.6537366681444394e-182
1.6768525767364398e-53	2.742405212085834e-236	1.8295591951762323e-182
1.371709290734789e-53	1.1233317787772748e-236	9.161270098739308e-183
1.1220940972343316e-53	4.6013414780930725e-237	4.587382034062606e-183
9.179023365611712e-54	1.8847809523438812e-237	2.2970694783178887e-183
7.50868132664729e-54	7.720355585933433e-238	1.1502264579317585e-183
6.142297826189746e-54	3.1623775855295654e-238	5.759603342494757e-184
5.024560364777283e-54	1.2953589873089605e-238	2.884043436326943e-184
4.1102218703308653e-54	5.305991649068387e-239	1.4441457246286216e-184
3.3622690537811834e-54	2.1734166092807222e-239	7.231364298102419e-185
2.750424076037675e-54	8.902652076971677e-240	3.6210078193679464e-185
2.2499188723580418e-54	3.6466645955115683e-240	1.8131706670295193e-185
1.8404925176067798e-54	1.493730470109653e-240	9.079206761696871e-186
1.50557104479787e-54	6.11855206009424e-241	4.546289928497956e-186
1.2315965151986774e-54	2.506253976953102e-241	2.2764931625038826e-186
1.0074781801168123e-54	1.026600564202194e-241	1.139923146221152e-186
8.241435168787769e-55	4.20511539577293e-242	5.708010903320752e-187
6.741709645111792e-55	1.722480593560609e-242	2.8582092205457855e-187
5.51489491916718e-55	7.055548102616498e-243	1.4312095906579747e-187
4.511328367798854e-55	2.890062112423074e-243	7.166588357727799e-188
3.690384665603038e-55	1.183814339039921e-243	3.588572143756227e-188
3.0188312332411606e-55	4.8490874410361934e-244	1.796928941377924e-188
2.469482951122971e-55	1.9862615475569094e-244	8.99787851828382e-189
2.0201016799934e-55	8.136035869174005e-245	4.505565911121124e-189
1.6524960399732476e-55	3.332646687235408e-245	2.2561011618690542e-189
1.3517850062558167e-55	1.3651038565380231e-245	1.129712127842415e-189
1.1057955111151865e-55	5.591677468459337e-246	5.656880610517191e-190
9.04569666584312e-56	2.2904379590993337e-246	2.832606418305985e-190
7.399616597098123e-56	9.381989705369325e-247	1.418389333886735e-190
6.0530800232119575e-56	3.843008734725514e-247	7.102392656749012e-191
4.951577867125784e-56	1.5741560797838453e-247	3.5564270151703256e-191
4.0505202773116205e-56	6.4479878516264485e-248	1.7808327032179013e-191
3.3134315883102783e-56	2.641195995026832e-248	8.917278783797832e-192
2.7104737512137954e-56	1.0818749111610315e-248	4.465206684731525e-192
2.2172384611584815e-56	4.431527707915512e-249	2.2358918253848255e-192
1.8137590860043925e-56	1.815222593982481e-249	1.1195925760653274e-192
1.4837023981374776e-56	7.435433744031332e-250	5.60620832434438e-193
1.2137073899314824e-56	3.045669172758953e-250	2.8072329566889096e-193
9.928444074926928e-57	1.2475534083456057e-250	1.4056839163289476e-193
8.121727079087525e-57	5.110172570925903e-251	7.038771997591855e-194
6.643785294995385e-57	2.0932060727783436e-251	3.524569830995293e-194
5.43479023810734e-57	8.574097258563328e-252	1.764880649325235e-194
4.4458006423651823e-57	3.5120834377154956e-252	8.837401032519996e-195
3.6367812713481756e-57	1.4386039371265907e-252	4.425208981663731e-195
2.9749822539484093e-57	5.892745216959675e-253	2.215863516811956e-195
2.4336133385407083e-57	2.4137599860430183e-253	1.1095636715652309e-195
1.9907593981990713e-57	9.887135886096235e-254	5.555989942144945e-196
1.6284932855826538e-57	4.049924457915422e-254	2.7820867813443927e-196
1.3321501250160587e-57	1.6589119744866259e-254	1.3930923092965671e-196
1.0897336644193551e-57	6.795161163355679e-255	6.975721229240128e-197
8.91430655651157e-58	2.783403576929791e-255	3.4929980119294684e-197
7.292136049206719e-58	1.1401253459365562e-255	1.7490714881495183e-197
5.965158122288e-58	4.670130538097459e-256	8.758238797186422e-198
4.879655451267867e-58	1.9129580199758257e-256	4.385569563522851e-198
3.991685858941698e-58	7.835773232327295e-257	2.1960146145680193e-198
3.2653034943963394e-58	3.209654446532649e-257	1.0996246023566688e-198
2.6711037108876556e-58	1.3147243240329242e-257	5.506221398011598e-199
2.1850327378640257e-58	5.385315076740134e-258	2.7571658563243793e-199
1.787413961530888e-58	2.2059087175630874e-258	1.3806134933161534e-199
1.462151396870447e-58	9.035744800221333e-259	6.913235246818544e-200
1.1960781069087866e-58	3.701181442581237e-259	3.461709001775629e-200
9.78423192624604e-59	1.516061417601368e-259	1.7334039397095836e-200
8.003757767457638e-59	6.210023090185266e-260	8.679785668464618e-201
6.547283310844074e-59	2.54372193190225e-260	4.346285220922371e-201
5.355849089630039e-59	1.0419480206228152e-260	2.1763435115961502e-201
4.381224717033489e-59	4.267980961535078e-261	1.089774563727662e-201
3.5839564744851883e-59	1.7482313059280691e-261	5.456898662457991e-202
2.93177018769798e-59	7.161027020907046e-262	2.7324681639181086e-202
2.3982647374949782e-59	2.9332679159945646e-262	1.368246458046347e-202
1.961843317476415e-59	1.2015121073950773e-262	6.851308991179453e-203
1.6048391748223019e-59	4.921580249608654e-263	3.430700267234046e-203
1.3128004433897865e-59	2.0159557281409382e-263	1.7178767354898713e-203
1.073905118470984e-59	8.257667845906655e-264	8.602035294434565e-204
8.784824908348673e-60	3.3824690344863318e-264	4.307352773224295e-204
7.186216672495395e-60	1.3855118639738287e-264	2.156848615234912e-204
5.878513300244949e-60	5.675271837348114e-265	1.0800127581745476e-204
4.808777719355484e-60	2.3246795112542682e-265	5.408017742092451e-205
3.933706019378432e-60	9.522248422501228e-266	2.707991704488736e-205
3.217874468310438e-60	3.90046088421474e-266	1.3559902021960572e-205
2.632305526339343e-60	1.5976893727472243e-266	6.789937448493212e-206
2.1532948075612068e-60	6.544383875556604e-267	3.399969297697376e-206
1.76145150396661e-60	2.680681303963423e-267	1.7024886183377253e-206
1.4409134271494956e-60	1.0980487071149758e-267	8.52498138007446e-207
1.1787048918827696e-60	4.4977780887799284e-268	4.268769068281637e-207
9.642114480790568e-61	1.8423597791997185e-268	2.1375283470893542e-207
7.88750197788419e-61	7.546591870506393e-269	1.0703383953374122e-207
6.452183032577531e-61	3.091201268230656e-269	5.359574679294654e-208
5.278054573248898e-61	1.2662040620025774e-269	2.683734496311435e-208
4.3175867667636356e-61	5.18656854572755e-270	1.3438437334433912e-208
3.531898965769443e-61	2.12449905088645e-270	6.729115649842229e-209
2.8891857832318032e-61	8.702278158331543e-271	3.369513605047369e-209
2.3634295802145755e-61	3.5645883255808363e-271	1.6872383423616035e-209
1.9333472471905377e-61	1.460110754871958e-271	8.448617686750993e-210
1.581528643590842e-61	5.98084048357917e-272	4.230530982183189e-210
1.2937318188095692e-61	2.4498451758309526e-272	2.118381142903211e-210
1.0583064845415031e-61	1.0034946429386318e-272	1.0607506919360976e-210
8.657224000667909e-62	4.110469952718428e-273	5.31156555189521e-211
7.081835790717135e-62	1.6837123497463736e-273	2.659694575412964e-211
5.79312700731931e-62	6.896747353215956e-274	1.3318060683553255e-211
4.738929497196649e-62	2.825014858461796e-274	6.6688386708187e-212
3.8765683457356763e-62	1.157169973293065e-274	3.3393307234534573e-212
3.171134355986862e-62	4.739947979672478e-275	1.672124672830213e-212
2.5940708912773757e-62	1.9415563286752513e-275	8.3729380317143e-213
2.122017875486219e-62	7.952916347574349e-276	4.192635419000617e-213
1.7358661550169479e-62	3.2576380863835516e-276	2.0994054524322654e-213
1.4199839421441724e-62	1.334379168352931e-276	1.0512488717067904e-213
1.161584025427132e-62	5.465824372500962e-277	5.263986472858108e-214
9.502061312680018e-63	2.2388865758374722e-277	2.6358699954126343e-214
7.772934821200697e-63	9.170827230900697e-278	1.3198762323080688e-214
6.358464100206224e-63	3.7565133047246926e-278	6.609101631125888e-215
5.201390033959663e-63	1.538726207928759e-278	3.3094182091730845e-215
4.2548731673262805e-63	6.302861592394497e-279	1.6571463860725383e-215
3.4805976002247955e-63	2.5817500246750146e-279	8.297936287597342e-216
2.8472199236677303e-63	1.057524918197863e-279	4.1550793105377915e-216
2.3291004088513147e-63	4.331786353909974e-280	2.080599739318822e-216
1.9052650866264533e-63	1.7743669858765285e-280	1.0418321653391642e-216
1.5585567013437594e-63	7.268082826215008e-281	5.216833589965988e-217
1.2749401688793925e-63	2.977119636985706e-281	2.6122588273647304e-217
1.0429344231241383e-63	1.2194744535597984e-281	1.308053259408155e-217
8.531476515429919e-64	4.995156809991873e-282	6.549899694182957e-218
6.978971057000834e-64	2.0460938303029944e-282	3.279773640353846e-218
5.708980963185707e-64	8.381118194387144e-283	1.6423022693787608e-218
4.670095831006813e-64	3.4330362150540035e-283	8.223606381919817e-219
3.820260605426329e-64	1.4062249667073371e-283	4.1178596160823733e-219
3.125073150849235e-64	5.760115923973557e-284	2.0619624809673194e-219
2.5563916200604086e-64	2.3594329672087927e-284	1.032499810414094e-219
2.0911952455702235e-64	9.664603977121705e-285	5.170103085508256e-220
1.7106524371223565e-64	3.958771930914151e-285	2.588859159602333e-220
1.3993584610674223e-64	1.6215744833510645e-285	1.2963361924142427e-220
1.1447118421408016e-64	6.6422209991977715e-286	6.491228066733418e-221
9.36404243797439e-65	2.720756909729458e-286	3.2503946168374157e-221
7.660031769759564e-65	1.11446429782066e-286	1.6275911209020748e-221
6.266106449472535e-65	4.565018898510861e-287	8.149942296596472e-222
5.125839058674521e-65	1.8699026594672323e-287	4.0809733221596014e-222
4.193070492386066e-65	7.659411786933045e-288	2.043492168421055e-222
3.430041394757559e-65	3.1374140586828223e-288	1.0232510513419306e-222
2.8058636245477005e-65	1.2851335388983e-288	5.123791175971984e-223
2.295269873883381e-65	5.264106623830979e-289	2.565669097582542e-223
1.8775908236829811e-65	2.156259852249807e-289	1.2847240826596103e-223
1.5359184300249536e-65	8.83237533483069e-290	6.433081998457041e-224
1.256421470500661e-65	3.6178781501649795e-290	3.22127875996522e-224
1.0277856432189543e-65	1.4819390948915236e-290	1.6130117495613894e-224
8.407555531393985e-66	6.070252755383049e-291	8.076938067449909e-225
6.87760044906706e-66	2.4864698314023954e-291	4.044417442288361e-225
5.626057153043244e-66	1.0184966708332905e-291	2.025187306240016e-225
4.602261984207398e-66	4.171920589575096e-292	1.0140851393013227e-225
3.76477074354346e-66	1.7088834852528907e-292	5.077894111735587e-226
3.079680991668217e-66	6.999852234645479e-293	2.542686763733085e-226
2.519259645944772e-66	2.867248219653798e-293	1.2732159899753514e-226
2.0608203190057946e-66	1.1744694141424613e-293	6.3754567815852475e-227
1.6858049522856722e-66	4.81080917690024e-294	3.1924237123858446e-227
1.3790325682163008e-66	1.970582175905031e-294	1.59856297494488e-227
1.1280847298632115e-66	8.07181072706082e-295	8.004587783727658e-228
9.228028308254948e-67	3.306339071273231e-295	4.008189016739323e-228
7.548768652180988e-67	1.3543278483449455e-295	2.0070464123797968e-228
6.175090307555225e-67	5.547537264822388e-296	1.0050013321785904e-228
5.0513854727082507e-67	2.2723574459612402e-296	5.032408176765234e-229
4.132165510627192e-67	9.30792911470567e-297	2.519910297300309e-229
3.3802195258051446e-67	3.812672366241066e-297	1.261810982614251e-229
2.7651080319142643e-67	1.5617298319700313e-297	6.318347750519929e-230
2.2619307325418738e-67	6.397088010134373e-298	3.163827137864173e-230
1.850318533585619e-67	2.620346629210722e-298	1.5842436272144269e-230
1.5136089830138308e-67	1.073334687022977e-298	7.932885587623634e-231
1.2381717590108937e-67	4.39654562310223e-299	3.9722851122953633e-231
1.0128569016282866e-67	1.8008933885880874e-299	1.9890680180716114e-231
8.285434518354467e-68	7.376739092660303e-300	9.959988945076377e-232
6.7777022645133095e-68	3.02162693172223e-300	4.987329688313963e-232
5.544337823758726e-68	1.237705332915119e-300	2.4973378541985043e-232
4.535413434270854e-68	5.069833324041051e-301	1.2505081371753448e-232
3.710086880279481e-68	2.076682490574666e-301	6.261750281455722e-233
3.034948160450306e-68	8.506414098879899e-302	3.135486721092235e-233
2.4826670193574654e-68	3.484359364035438e-302	1.570052547010894e-233
2.0308865928341787e-68	1.427247725847264e-302	7.86182567380384e-234
1.6613183809164526e-68	5.846228411345542e-303	3.936702822014041e-234
1.3590019120266134e-68	2.3947059798140042e-303	1.97125066770337e-234
1.1116991289009705e-68	9.809087716497725e-304	9.870770974104078e-235
9.09398980429819e-69	4.01795471515128e-304	4.9426549966235454e-235
7.439121648178097e-69	1.6458166711929962e-304	2.4749676068606246e-235
6.085396188836261e-69	6.741520766678962e-305	1.2393065385291652e-235
4.978013336315361e-69	2.761431637134891e-305	6.205659792005644e-236
4.0721451829207056e-69	1.1311252980573378e-305	3.1074001675017603e-236
3.331121327018839e-69	4.633264943805676e-306	1.5559885853602696e-236
2.724944420415038e-69	1.897857299838275e-306	7.791402288936389e-237
2.2290758472602025e-69	7.773918336711661e-307	3.901439264992262e-237
1.823442377618106e-69	3.184317720358195e-307	1.9535929187018313e-237
1.4916235840876919e-69	1.304346007379898e-307	9.782352185378715e-238
1.22018712733493e-69	5.342803879433562e-308	4.898380484628952e-238
9.981450022624071e-70	2.1884954707249094e-308	2.452797744090305e-238
8.165087331460982e-70	8.96441743598349e-309	1.2282052797436403e-238
6.679255116167758e-70	3.67196464610215e-309	6.150071740830073e-239
5.463805480065902e-70	1.50409376387376e-309	3.079565203078383e-239
4.469535869611538e-70	6.1610017213139e-310	1.542050603580632e-239
3.6561973083828044e-70	2.5236420176539e-310	7.721609731225638e-240
2.9908650803573266e-70	1.03372297580055e-310	3.866491586133013e-240
2.4466059061942354e-70	4.2342899001616e-311	1.9360933414157975e-240
2.001387658553079e-70	1.734430923793e-311	9.694725420115358e-241
1.6371874806921095e-70	7.10449851173e-312	4.854502567665515e-241
1.3392622041412923e-70	2.91011296046e-312	2.4308264709152176e-241
1.0955515312657723e-70	1.192027477934e-312	1.2172034620106655e-241
8.961898229841732e-71	4.8827297338e-313	6.094981627269045e-242
7.331067283457287e-71	2.00004195317e-313	3.051979574177526e-242
5.997004890729154e-71	8.1924825535e-314	1.5282374731899525e-242
4.90570694127758e-71	3.355768126e-314	7.652442349950537e-243
4.012996659532979e-71	1.3745747597e-314	3.831856955914195e-243
3.2827362869802587e-71	5.630471773e-315	1.9187505190003693e-243
2.685364191434702e-71	2.306328686e-315	9.60788358365491e-244
2.1966981841460097e-71	9.44708075e-316	4.81101769317868e-244
1.796956601872419e-71	3.8696709e-316	2.4090520084417427e-244
1.4699575263991945e-71	1.58507736e-316	1.2063001945733341e-244
1.2024637251484665e-71	6.4927247e-317	6.040384990977884e-245
9.836467954552724e-72	2.659522e-317	3.0246410473419523e-245
8.046488205621031e-72	1.0893836e-317	1.5145480758147451e-245
6.58223792751048e-72	4.462297e-318	7.583894545007193e-246
5.384442880819899e-72	1.82782e-318	3.79753257015956e-246
4.404615186521749e-72	7.48707e-319	1.901563047302235e-246
3.603090490651439e-72	3.06696e-319	9.521819644889657e-247
2.9474223136561233e-72	1.25646e-319	4.767922340436408e-247
2.4110685861423787e-72	5.147e-320	2.3874725937109503e-247
1.9723172007446647e-72	2.106e-320	1.1954945946538157e-247
1.613407085435584e-72	8.636e-321	5.986277411566067e-248
1.3198092184923048e-72	3.513e-321	2.997547409120922e-248
1.0796384799233698e-72	1.467e-321	1.5009813030995019e-248
8.831725305440733e-73	5.8e-322	7.515960766455375e-249
7.224582424692609e-73	2.37e-322	3.7635156498116407e-249
5.909897489567884e-73	1.24e-322	1.8845295347459735e-249
4.834450807540871e-73	6.4e-323	9.436526635693994e-250
3.9547072773747e-73	4.4e-323	4.725213020244096e-250
3.2350540469509564e-73	2.0e-323	2.3660864795558627e-250
2.6463588712541192e-73	2.5e-323	1.184785787381889e-250
2.164790811475288e-73	3.5e-323	5.932654508239336e-251
1.770855536016917e-73	1.0e-323	2.97069646589099e-251
1.4486061714686648e-73	1.0e-323	1.487536056616967e-251
1.1849977580537415e-73	1.0e-323	7.448635514069227e-252
9.693591772902153e-74	1.0e-323	3.729803440706764e-252
7.929611749983988e-74	1.0e-323	1.8676486022213928e-252
6.486629928161182e-74	1.0e-323	9.351997650360248e-253
5.306233035306087e-74	1.0e-323	4.6828862746620687e-253
4.340637486152272e-74	1.0e-323	2.344891934459975e-253
3.550755057462997e-74	1.0e-323	1.174172905724095e-253
2.904610559698041e-74	1.0e-323	5.879511939444974e-254
2.3760474510278966e-74	1.0e-323	2.944086043678382e-254
1.9436689957235006e-74	1.0e-323	1.4742112477791915e-254
1.5899721040093173e-74	1.0e-323	7.381913336891914e-255
1.3006387903958941e-74	1.0e-323	3.6963932133520594e-255
1.0639565680534613e-74	1.0e-323	1.8509188829718737e-255
8.703443162413566e-75	1.0e-323	9.26822584503959e-256
7.119644274573171e-75	1.0e-323	4.640938676725633e-256
5.824055336555538e-75	1.0e-323	2.3238872424170933e-256
4.764229679901325e-75	1.0e-323	1.1636550904135527e-256
3.8972645572898454e-75	1.0e-323	5.8268454025203514e-257
3.188064398654726e-75	1.0e-323	2.9177139879830103e-257
2.6079201092362043e-75	1.0e-323	1.4610057977494088e-257
2.1333468982083649e-75	1.0e-323	7.315788832794312e-258
1.7451335920823801e-75	1.0e-323	3.663282262704463e-258
1.4275649481910453e-75	1.0e-323	1.834339022483707e-258
1.1677854867671927e-75	1.0e-323	9.185204437187912e-259
9.552790889354251e-76	1.0e-323	4.599366830167617e-259
7.814432942505148e-76	1.0e-323	2.3030707027923846e-259
6.392410649432476e-76	1.0e-323	1.1532314898803825e-259
5.2291591996025137e-76	1.0e-323	5.774650633344525e-260
4.2775890715367665e-76	1.0e-323	2.8915781636040093e-260
3.4991798043405625e-76	1.0e-323	1.447918637354678e-260
2.8624206529277457e-76	1.0e-323	7.250256648037589e-261
2.3415350031866667e-76	1.0e-323	3.6304679079517056e-261
1.9154369102041208e-76	1.0e-323	1.817907678376423e-261
1.5668775192252916e-76	1.0e-323	9.102926705016666e-262
1.2817468156609617e-76	1.0e-323	4.5581673691433496e-262
1.0485024383203221e-76	1.0e-323	2.2824406301846805e-262
8.577024336875395e-77	1.0e-323	1.1429012601827545e-262
7.016230366922454e-77	1.0e-323	5.7229234059929804e-263
5.739460053771788e-77	1.0e-323	2.8656764544668672e-263
4.695028524739165e-77	1.0e-323	1.4349487069993237e-263
3.840656201384009e-77	1.0e-323	7.18531147683978e-264
3.14175728209211e-77	1.0e-323	3.597947492295263e-264
2.5700396760381323e-77	1.0e-323	1.8016235202941125e-264
2.1023597125274493e-77	1.0e-323	9.021385986948644e-265
1.7197852632656863e-77	1.0e-323	4.5173369579581927e-265
1.406829351857269e-77	1.0e-323	2.2619953542900257e-265
1.1508232263189164e-77	1.0e-323	1.1326635649385648e-265
9.414035159890856e-78	1.0e-323	5.671659532395513e-266
7.700927124588788e-78	1.0e-323	2.8400067634520987e-266
6.299559919947751e-78	1.0e-323	1.42209495657914e-266
5.153204872995233e-78	1.0e-323	7.120948060946182e-267
4.215456444659402e-78	1.0e-323	3.565718382735246e-267
3.448353689553947e-78	1.0e-323	1.78548522979771e-267
2.8208435609209784e-78	1.0e-323	8.940575681078645e-268
2.3075238538592676e-78	1.0e-323	4.4768722907974514e-268
1.887614899987957e-78	1.0e-323	2.2417332197664474e-268
1.5441183867709013e-78	1.0e-323	1.122517575257722e-268
1.2631292497104056e-78	1.0e-323	5.62085486199715e-269
1.033272782154037e-78	1.0e-323	2.814567012225464e-269
8.452441763858465e-79	1.0e-323	1.40935634539638e-269
6.914318561888546e-79	1.0e-323	7.0571611892036455e-270
5.656093530238375e-79	1.0e-323	3.533777969857227e-270
4.626832526800214e-79	1.0e-323	1.769491500258251e-270
3.784870090391562e-79	1.0e-323	8.860489244638933e-271
3.0961227833866654e-79	1.0e-323	4.4367700914587185e-271
2.532709461849529e-79	1.0e-323	2.2216525860999172e-271
2.0718226203954223e-79	1.0e-323	1.1124624696750253e-271
1.6948051227508594e-79	1.0e-323	5.5705052814220573e-272
1.3863949431898493e-79	1.0e-323	2.789355141069679e-272
1.1341073452637523e-79	1.0e-323	1.3967318420754842e-272
9.277294878340212e-80	1.0e-323	6.99394569713862e-273
7.589069995809011e-80	1.0e-323	3.5021236676209642e-273
6.20805786132268e-80	1.0e-323	1.7536410367510793e-273
5.07835379444565e-80	1.0e-323	8.781120193469519e-274
4.154226303565061e-80	1.0e-323	4.397027113086615e-274
3.398265831755753e-80	1.0e-323	2.201751827471546e-274
2.7798703824508095e-80	1.0e-323	1.1024974340836641e-274
2.274006721609126e-80	1.0e-323	5.520606714140547e-275
1.8601970086693382e-80	1.0e-323	2.7643691087176617e-275
1.52168983415043e-80	1.0e-323	1.384220424479586e-275
1.2447821067152167e-80	1.0e-323	6.9312964665390576e-276
1.0182643390421675e-80	1.0e-323	3.4707529131510317e-276
8.329668771517755e-81	1.0e-323	1.7379325559510023e-276
6.813887041204225e-81	1.0e-323	8.702462101493166e-277
5.5739379180417265e-81	1.0e-323	4.357640137909928e-277
4.559627086024093e-81	1.0e-323	2.182029332625939e-277
3.729894281081033e-81	1.0e-323	1.0926216616693037e-277
3.051151132662494e-81	1.0e-323	5.471155120139008e-278
2.495921474656232e-81	1.0e-323	2.7396068921872674e-278
2.0417290841355505e-81	1.0e-323	1.3718210796277483e-278
1.6701878225472418e-81	1.0e-323	6.869208425039992e-279
1.3662573473924713e-81	1.0e-323	3.439663166529313e-279
1.1176342649038283e-81	1.0e-323	1.7223647860283952e-279
9.142540770017189e-82	1.0e-323	8.624508600195109e-280
7.478837608707266e-82	1.0e-323	4.3186059769810636e-280
6.11788488390947e-82	1.0e-323	2.1624835047407408e-280
5.004589939109213e-82	1.0e-323	1.0828343528447587e-280
4.09388553951153e-82	1.0e-323	5.422146495592813e-281
3.348905507651797e-82	1.0e-323	2.7150664866174904e-281
2.739492345581967e-82	1.0e-323	1.359532803612952e-281
2.2409764307636304e-82	1.0e-323	6.807676545712872e-282
1.8331773663602816e-82	1.0e-323	3.4088519105893555e-282
1.4995870596418933e-82	1.0e-323	1.7069364665462197e-282
1.2267014587411516e-82	1.0e-323	8.547253378107457e-283
1.0034738958317098e-82	1.0e-323	4.279921469917882e-283
8.208679075420822e-83	1.0e-323	2.1431127612973581e-283
6.714914303515893e-83	1.0e-323	1.0731347151852557e-283
5.492975628511918e-83	1.0e-323	5.3735768725421364e-284
4.49339781441851e-83	1.0e-323	2.690745905106141e-284
3.675717003698197e-83	1.0e-323	1.3473546015208132e-284
3.0068327019526292e-83	1.0e-323	6.746695846658545e-285
2.4596678385293023e-83	1.0e-323	3.3783166507125724e-285
2.012072661031849e-83	1.0e-323	1.691646348357971e-285
1.6459280923445535e-83	1.0e-323	8.470690180298107e-286
1.3464122532134038e-83	1.0e-323	4.241583484647769e-286
1.1014004585224028e-83	1.0e-323	2.123915533952814e-286
9.0097439854559e-84	1.0e-323	1.0635219633642722e-286
7.370206363665467e-84	1.0e-323	5.325442318570684e-287
6.029021682602928e-84	1.0e-323	2.666643178548975e-287
4.931897514904662e-84	1.0e-323	1.335285487349026e-287
4.0344212341630653e-84	1.0e-323	6.68626139060389e-288
3.3002621497053693e-84	1.0e-323	3.3480549146262615e-288
2.6997008057928736e-84	1.0e-323	1.67649319350655e-288
2.208425909877905e-84	1.0e-323	8.394812807864403e-289
1.8065501884338204e-84	1.0e-323	4.203588917154101e-289
1.4778053312690506e-84	1.0e-323	2.1048902684127864e-289
1.20888343490781e-84	1.0e-323	1.053995319089959e-289
9.888982860411957e-85	1.0e-323	5.277738936487334e-290
8.08944677292059e-85	1.0e-323	2.6427563554802736e-290
6.617379159780371e-85	1.0e-323	1.3233244839275377e-290
5.413189328457111e-85	1.0e-323	6.626368284502103e-291
4.4281305329789365e-85	1.0e-323	3.318064252203442e-291
3.6223266594462835e-85	1.0e-323	1.661475775124025e-291
2.963158003137774e-85	1.0e-323	8.319615117431204e-292
2.4239407919388517e-85	1.0e-323	4.1659346912249135e-292
1.9828470019497515e-85	1.0e-323	2.0860354243057606e-292
1.622020738384563e-85	1.0e-323	1.0445540110421233e-292
1.326855412022493e-85	1.0e-323	5.230462864010602e-293
1.0854024506288242e-85	1.0e-323	2.6190835019148444e-293
8.878876094233289e-86	1.0e-323	1.311470622839435e-293
7.263153003853539e-86	1.0e-323	6.567011679136522e-294
5.941449232707426e-86	1.0e-323	3.288342235264495e-294
4.8602609591331e-86	1.0e-323	1.6465928773323114e-294
3.9758206568246934e-86	1.0e-323	8.24509102065351e-295
3.252325343874822e-86	1.0e-323	4.1286177582038275e-295
2.6604872441249256e-86	1.0e-323	2.067349475058307e-295
2.1763481902208716e-86	1.0e-323	1.0351972748097786e-295
1.7803097742855616e-86	1.0e-323	5.183610273455909e-296
1.4563399857883235e-86	1.0e-323	2.595622701191429e-296
1.191324220559909e-86	1.0e-323	1.2997229443425275e-296
9.745343891827747e-87	1.0e-323	6.508186768728001e-297
7.971946337609819e-87	1.0e-323	3.2588864573805384e-297
6.521260728728516e-87	1.0e-323	1.631843295144706e-297
5.334561936452692e-87	1.0e-323	8.171234483723483e-298
4.363811268653019e-87	1.0e-323	4.091635096743217e-298
3.569711818002797e-87	1.0e-323	2.048830907771489e-298
2.920117685914996e-87	1.0e-323	1.025924352829253e-298
2.388732686092385e-87	1.0e-323	5.137177371425672e-299
1.9540458499768294e-87	1.0e-323	2.572372053817524e-299
1.5984606423491608e-87	1.0e-323	1.2880804972916492e-299
1.3075826369015797e-87	1.0e-323	6.449888790545836e-300
1.0696368162144673e-87	1.0e-323	3.229694533678624e-300
8.749909078882478e-88	1.0e-323	1.6172258343683532e-300
7.157654610250361e-88	1.0e-323	8.098039526881981e-301
5.855148785863898e-88	1.0e-323	4.054983712559609e-301
