1.0	1.0	0.9999999999999999
1.0054518750362116	0.9765539417446756	1.0129205949527886
1.010794490030941	0.9528472941210928	1.0254831210464983
1.0159881599998422	0.9290189286074407	1.0375988566137488
1.0209937172879575	0.9052231928415019	1.0491821135935009
1.0257728184516837	0.8816304996468037	1.060150602724316
1.0302882583282205	0.8584275744119014	1.0704258029276976
1.0345042875049928	0.8358172038796385	1.079933333455967
1.0383869289646934	0.8140172915041946	1.0886033257537502
1.0419042893262938	0.7932589914686166	1.096370790620175
1.0450268598486778	0.7737836764258368	1.1031759751886527
1.0477278022291592	0.7558385092643995	1.1089647034813694
1.0499832142279093	0.739670456538013	1.1136886938562494
1.0517723702906014	0.7255187193296794	1.1173058465466599
1.053077932629087	0.713605774866619	1.11978049469112
1.0538861286513173	0.704127505707024	1.1210836127455028
1.0541868911982673	0.697243196947582	1.1211929769386475
1.053973958732319	0.6930664271351675	1.1200932734402547
1.0532449334077203	0.6916579719517525	1.117776151115909
1.0520012958136455	0.6930217088784405	1.1142402171005314
1.0502483760847765	0.6971041450921861	1.1094909748756892
1.0479952819915341	0.7037976613255004	1.1035407060331854
1.045254785519916	0.712947007368912	1.0964082983917252
1.0420431702979904	0.7243581481643017	1.0881190245521315
1.038380042993774	0.7378083430956311	1.0787042762807397
1.0342881124726708	0.7530563641392355	1.0682012612578748
1.0297929410422397	0.7698519663180994	1.0566526696841214
1.024922672513799	0.7879440244378695	1.0441063189756408
1.0197077420670237	0.8070870547216042	1.0306147852844052
1.0141805730137248	0.8270460890901448	1.0162350308415657
1.008375265525484	0.8476000387437911	1.0010280361415602
1.0023272822267286	0.8685437747401455	0.985058445765785
0.996073135274879	0.8896891833848163	0.9683942361955521
0.9896500791703698	0.9108654443587049	0.9511064132930311
0.9830958130818955	0.9319187480320225	0.9332687462410232
0.9764481959575725	0.9527116287891461	0.9149575436264902
0.969744977142263	0.9731220517705753	0.8962514760171807
0.9630235446555248	0.9930423555849589	0.8772314477903789
0.9563206927223704	1.0123781249120292	0.8579805190858876
0.9496724096066995	1.0310470445779276	0.838583876511715
0.9431136862886691	1.0489777699217289	0.8191288485520517
0.9366783460632816	1.0661088360819457	0.799704958419858
0.9303988947259964	1.0823876202003702	0.7804040032620574
0.9243063906573044	1.0977693645744915	0.7613201440769208
0.9184303338243993	1.1122162647612372	0.7425499853947864
0.9127985724845239	1.1256966239808552	0.7241926177441593
0.9074372261995256	1.1381840734709763	0.7063495893638376
0.9023706236512822	1.1496568573936805	0.6891247669465171
0.8976212536785504	1.1600971802884714	0.6726240391528647
0.8932097279322067	1.1694906147433504	0.6569548123703094
0.889154753562116	1.1778255668242557	0.6422252473163598
0.8854731143992036	1.1850927967932907	0.6285431896123204
0.8821796591749912	1.1912849927147635	0.6160147595684854
0.8792872954225759	1.1963963946670735	0.6047425880318569
0.8768069878227898	1.2004224674301582	0.594823717154303
0.8747477598927814	1.203359619691494	0.5863472263449637
0.873116698057762	1.2052049680013732	0.5793916907506999
0.8719189572970545	1.205956143906117	0.5740226255610298
0.8711577677103798	1.2056111428928264	0.5702901049751438
0.8708344415076092	1.2041682139893075	0.5682267598494781
0.8709483800835334	1.201625789076237	0.5678463450973494
0.871497080997493	1.1979824511844341	0.5691430242895078
0.8724761448351749	1.1932369412674362	0.572091449230729
0.8738792820858762	1.1873882031582568	0.5766476280876475
0.8756983203224065	1.180435466639651	0.5827504925546083
0.8779232121218199	1.1723783687807294	0.5903240079100276
0.8805420443123981	1.1632171139220575	0.5992796303872223
0.883541049274455	1.1529526729304316	0.6095189077113083
0.8869046191578989	1.1415870225997988	0.6209360375272643
0.890615324005999	1.1291234263549093	0.6334202364621322
0.8946539348896853	1.1155667577313104	0.6468578196341825
0.898999453256932	1.1009238684749543	0.6611339374320219
0.9036291477835957	1.0852040035472295	0.6761339568831399
0.9085186000714645	1.0684192658618628	0.6917445055723308
0.9136417605718664	1.0505851342497712	0.7078542161817515
0.9189710161143583	1.0317210389827962	0.7243542204304803
0.924477270385258	1.011851000228392	0.7411384445187329
0.930130038625714	0.9910043360983584	0.7581037563600175
0.9358975576997304	0.9692164485368717	0.7751500099137362
0.9417469125159654	0.9465296971963325	0.7921800253838412
0.9476441795710806	0.9229943736763319	0.8090995370358103
0.9535545881161694	0.8986697909983319	0.8258171336064908
0.9594426991322861	0.8736255058015059	0.8422442101258504
0.9652726019390787	0.8479426931409945	0.8582949446018997
0.9710081278569911	0.8217156953180844	0.873886308465676
0.9766130799056791	0.7950537657579451	0.8889381158790949
0.982051477058721	0.7680830246992398	0.9033731138856572
0.9872878110993004	0.7409486323433786	0.9171171128345197
0.9922873136471598	0.7138171624413161	0.9300991544412529
0.9970162304694415	0.6868791181654897	0.942251713187078
1.00144209976392	0.6603514630172069	0.9535109254429117
1.005534030729991	0.6344799307132455	0.9638168396918629
1.0092629784379243	0.6095407177650102	0.9731136804845731
1.0126020107864988	0.5858409452622413	0.9813501182773908
1.0155265632175339	0.5637170154333445	0.9884795370624471
1.0180146768444398	0.5435297365760532	0.9944602916937834
1.0200472157586304	0.5256549639261888	0.9992559470382227
1.0216080595059012	0.5104686967073322	1.0028354915253335
1.0226842670734437	0.49832631245602393	1.0051735183258586
1.0232662091907108	0.48953704211669	1.0062503682354638
1.0233476663124492	0.48433671077897783	1.006052229358219
1.022925890303915	0.48286352298018276	1.0045711898438276
1.0220016285664382	0.4851422530940887	1.0018052412010652
1.020579110102863	0.49108085811120905	0.9977582310501413
1.018665993801492	0.5004804655798231	0.9924397655491064
1.0162732799878538	0.5130561804473256	0.9858650630937968
1.0134151870299195	0.5284637799063504	0.9780547622081915
1.0101089954602285	0.5463269610310003	0.9690346877768223
1.0063748626762516	0.5662610720593622	0.9588355808924508
1.0022356117807205	0.5878912249630301	0.9474927985768271
0.9977164985133731	0.6108644486642937	0.9350459904640338
0.9928449604964822	0.6348566574213769	0.9215387602076205
0.9876503531654667	0.6595756699809214	0.9070183198864021
0.9821636767847152	0.6847615267197318	0.8915351460505848
0.97641729886374	0.7101851405544591	0.8751426462895477
0.9704446761002086	0.7356460439484389	0.8578968453426694
0.9642800796976126	0.7609697444522252	0.839856099849349
0.9579583275519699	0.7860050064474927	0.8210808508833567
0.9515145263909522	0.8106212392786833	0.8016334234828588
0.9449838264976896	0.8347060818061288	0.7815778825152765
0.9384011911772796	0.8581632180142295	0.760979954448177
0.9318011826428929	0.8809104265368999	0.7399070249703928
0.925217765524802	0.9028778503488497	0.718428222945889
0.9186841287522532	0.9240064654898612	0.6966146018885108
0.912232526135202	0.9442467256284583	0.6745394309822856
0.9058941355885536	0.9635573600632841	0.6522786085395492
0.8996989366014003	0.9819043049109337	0.6299112114851667
0.893675605261344	0.9992597498727233	0.6075201946135966
0.8878514259009229	1.015601285637172	0.5851932523675588
0.88225221823916	1.0309111394239876	0.5630238527312947
0.8769022787447839	1.0451754883114368	0.5411124459599091
0.8718243348459657	1.0583838417914664	0.5195678379507309
0.867039510550846	1.0705284864849427	0.49850869579146984
0.8625673020196577	1.0816039871604288	0.47806511699875964
0.8584255616383809	1.0916067391771385	0.4583801389776658
0.8546304891811001	1.100534568258811	0.43961098636618523
0.8511966287092131	1.1083863741384865	0.4219297492614808
0.8481368699360984	1.1151618151278118	0.40552306119759157
0.8454624528820572	1.1208610310858733	0.3905902250253714
0.84318297475282	1.125484402614044	0.3773391666253845
0.8413063980927004	1.1290323446021278	0.3659796607807151
0.8398390593881231	1.1315051325109131	0.35671356850919156
0.838785677426649	1.132902760006958	0.34972241942092525
0.838149360849187	1.1332248267744356	0.34515352324253534
0.8379316144675251	1.1324704555213538	0.34310666974057474
0.8381323440547643	1.1306382373767419	0.34362397279099194
0.8387498594519013	1.1277262050437613	0.34668514300100733
0.8397808759693188	1.1237318332324	0.35220934678394555
0.8412205141967448	1.1186520660451125	0.36006320273322856
0.8430622984690562	1.1124833711300401	0.37007304634546256
0.845298154367612	1.1052218205498112	0.38203891373204757
0.8479184057670569	1.0968631984403736	0.3957478778891023
0.8509117720649237	1.0874031356557436	0.410985132034376
0.8542653663548311	1.076837271713869	0.4275421221272493
0.8579646954222265	1.06516144448115	0.4452217612486536
0.8619936625527068	1.0523719081658027	0.4638411879433318
0.8663345742447878	1.038465580344271	0.4832326881921043
0.8709681520090138	1.0234403189359238	0.5032433800178021
0.8758735505105504	1.007295230291256	0.5237341532448154
0.8810283833694652	0.9900310098982699	0.5445782285276101
0.8864087579681934	0.9716503176824447	0.565659583387922
0.8919893206252694	0.9521581905349967	0.5868714013857831
0.8977433134743096	0.9315624956300891	0.6081146346473622
0.9036426443335516	0.9098744293908392	0.629296725669788
0.9096579707602942	0.8871090687820817	0.650330506241036
0.9157587993531601	0.8632859841445626	0.6711332745498885
0.9219136011906752	0.8384299263151941	0.6916260422664001
0.9280899440757812	0.8125716056803997	0.7117329387679099
0.9342546419921931	0.7857485876094208	0.731380757874726
0.9403739218713025	0.7580063381397045	0.75049863220721
0.9464136074204617	0.7293994668446434	0.7690178208072972
0.952339319379904	0.6999932318901818	0.7868715965171222
0.9581166911631589	0.6698653972562996	0.8039952205112559
0.9637115984035318	0.6391085664231644	0.820325992200567
0.9690904004881066	0.6078331635349195	0.8358033634073951
0.9742201917235013	0.5761712954117165	0.8503691062435498
0.9790690593585616	0.54428180800018	0.8639675245223757
0.9836063453035565	0.5123569466762022	0.8765456988364342
0.9878029080490106	0.48063112613350883	0.8880537556728598
0.9916313810154347	0.44939236557524126	0.8984451511607463
0.9950664233724215	0.41899683076181543	0.9076769602886932
0.9980849592644068	0.38988638477367016	0.9157101627317439
1.0006664013809468	0.36260757368044916	0.9225099168152396
1.0027928549182525	0.3378272451052465	0.9280458136414981
1.0044492981988558	0.31633422646147674	0.9322921040286122
1.0056237365460512	0.2990089517329889	0.9352278916655301
1.006307326443164	0.2867394064535778	0.9368372867718435
1.0064944675342198	0.2802753305954298	0.937109515554017
1.006182860627499	0.2800532284521546	0.9360389818541642
1.005373530528486	0.2860710101690159	0.9336252785684618
1.00407081323269	0.2978870371216355	0.9298731476402242
1.0022823077287462	0.3147444517789643	0.9247923886745284
1.0000187933743128	0.3357467730708877	0.9183977174424224
0.997294114488137	0.3600051432517614	0.9107085767088768
0.9941250344293712	0.3867236108233489	0.9017489028977439
0.9905310619903585	0.4152300851486294	0.8915468530710029
0.9865342533955691	0.44497470530750843	0.8801344975259943
0.9821589935651521	0.4755139895486142	0.8675474839873646
0.9774317605590178	0.5064915300739768	0.8538246798817529
0.9723808772633501	0.5376201332130418	0.8390077995327128
0.9670362544173504	0.5686670144729887	0.823141023308951
0.9614291290092241	0.599442151692244	0.8062706158169893
0.955591801905936	0.6297893482629895	0.7884445501740575
0.9495573783328679	0.6595794416104557	0.7697121452607368
0.9433595145012769	0.6887051429168001	0.7501237226759947
0.9370321733084445	0.7170770921322525	0.7297302899491065
0.9306093916235723	0.7446208098249362	0.7085832564635758
0.9241250612371861	0.7712743089879832	0.686734188591292
0.9176127251079527	0.7969861932686307	0.6642346108139915
0.911105390101588	0.821714115488299	0.6411358602449981
0.9046353569937463	0.8454235051155233	0.617489003121273
0.8982340681120258	0.8680864986350364	0.5933448237430164
0.8919319726291702	0.8896810250370759	0.5687538993252338
0.8857584091957267	0.9101900118421344	0.5437667787794757
0.8797415053194111	0.9296006865880503	0.518434290298242
0.8739080926619734	0.9479039555631166	0.4928080128956952
0.8682836372326315	0.965093846509932	0.4669409625227809
0.8628921833089788	0.981167005582397	0.44088856679871613
0.857756309809426	0.9961222413962477	0.41471003822427366
0.8528970977727017	1.0099601108491851	0.3884703111303119
0.8483341075660994	1.0226825427009791	0.36224279418010974
0.8440853644411567	1.034292495843249	0.33611332672922617
0.8401673510792461	1.044793649859384	0.3101859433846091
0.8365950058162069	1.0541901259552071	0.28459139095324215
0.8333817253008112	1.062486236687079	0.25949986218316207
0.830539370423141	1.069686263167436	0.23514014849097695
0.8280782744425578	1.0757942586180822	0.21182824886112714
0.826007252348228	1.0808138772899603	0.19000865593404206
0.8243336105957106	1.0847482278896832	0.17030837762173937
0.8230631564789493	1.0875997507577775	0.1535899985021422
0.8222002065166197	1.0893701181380884	0.1409537715925215
0.8217475933538742	1.0900601569659292	0.13358634582804543
0.8217066708042362	1.0896697936863267	0.13237998921419838
0.8220773167810121	1.0881980206935158	0.13749330772918472
0.822857933992655	1.0856428840580132	0.14825859908430603
0.8240454484016844	1.0820014922766708	0.16353878443095363
0.8256353055717697	1.0772700458420217	0.18216899372598647
0.827621465152118	1.0714438874774839	0.2031914061117403
0.8299963938721069	1.0645175729218561	0.22589553938877532
0.8327510575415962	1.0564849621672685	0.24977511424397292
0.8358749126730368	1.0473393310564	0.2744712936391795
0.8393558984593394	1.0370735031248393	0.29972619931705397
0.8431804299553959	1.0256800015305805	0.3253498833541669
0.8473333934195845	1.0131512208430866	0.35119803973659414
0.8517981448726408	0.9994796183681225	0.37715718339624565
0.856556513022696	0.9846579245618473	0.40313477257008823
0.8615888077843478	0.9686793719399683	0.4290525585567393
0.8668738356833039	0.9515379417187327	0.4548420483403287
0.8723889234830089	0.9332286272403577	0.48044136615516736
0.8781099513920906	0.9137477130458602	0.5057930563612112
0.8840113972075436	0.8930930682775655	0.5308425319931213
0.890066392714478	0.8712644529426943	0.555536975836845
0.8962467935951516	0.8482638354780351	0.5798245662138384
0.9025232639944458	0.824095720066265	0.603653941719717
0.9088653767429834	0.7987674823277399	0.6269738465515682
0.9152417300505253	0.7722897124361855	0.6497329160707709
0.921620081250025	0.7446765655138253	0.6718795741903014
0.927967497896858	0.7159461205501758	0.6933620221280734
0.9342505262100466	0.6861207513685169	0.714128303358739
0.9404353764861519	0.6552275168295114	0.7341264330856755
0.9464881247273156	0.6232985833259351	0.7533045828093349
0.9523749293101108	0.5903717020630903	0.7716113119687563
0.9580622610907957	0.5564907790416181	0.7889958394420835
0.9635171449066148	0.5217066014025051	0.8054083480949364
0.9687074100049724	0.4860778279658352	0.820800315698071
0.9736019465269881	0.4496724301300582	0.8351248655003225
0.9781709648042893	0.41256991364583423	0.8483371296192698
0.982386253913386	0.3748649296973884	0.8603946182643973
0.9862214356855296	0.3366734462786196	0.8712575876876869
0.9896522102053565	0.2981438564263835	0.8808893997067471
0.9926565887605676	0.2594781567350628	0.8892568656992361
0.9952151102363893	0.22097510990855038	0.8963305681495572
0.9973110370881109	0.18312532364656237	0.9020851531564742
0.9989305272741495	0.14683935683619992	0.9064995877919704
1.0000627788881293	0.1140334939470598	0.9095573768375087
1.0007001446840869	0.08903165233746335	0.9112467342059036
1.0008382142326258	0.07980835034431392	0.9115607052697123
1.0004758620620369	0.09133575421087602	0.9104972373377683
0.9996152608082375	0.11758901219330338	0.9080591966221513
0.9982618590994135	0.15092426172010354	0.904254331185769
0.99642432461249	0.1874074529138424	0.8990951805207021
0.9941144534356277	0.22529434299216738	0.8925989335434356
0.9913470475310397	0.2637447207295127	0.8847872378699264
0.9881397626946123	0.30229917811266965	0.8756859642188413
0.984512929934733	0.340674358182733	0.865324930657154
0.9804893536276048	0.3786767442953972	0.8537375921263216
0.9760940901394645	0.4161631355479807	0.8409607012536818
0.9713542108311471	0.45302108449282164	0.8270339468540374
0.9662985534755106	0.4891585582517468	0.8119995767597055
0.9609574661257977	0.5244981542162496	0.7959020116898776
0.9553625473793361	0.5589736918359666	0.7787874567955224
0.9495463867957863	0.5925280998780685	0.760703517314074
0.9435423089646281	0.625112034513722	0.7416988244646276
0.9373841243869943	0.6566829200929359	0.7218226773405828
0.9311058899574042	0.6872042384230647	0.7011247061491936
0.9247416814170698	0.7166449654055383	0.679654561748785
0.9183253797173284	0.7449790952368293	0.6574616360943049
0.9118904727936571	0.7721852165586478	0.6345948179807234
0.905469873820391	0.7982461194635025	0.6111022884480425
0.89909575660473	0.8231484211646769	0.5870313604836075
0.892799408394942	0.8468822036723784	0.5624283683711847
0.8866111000288172	0.8694406602723247	0.5373386134053623
0.880559973039405	0.8908197497450895	0.511806375042989
0.8746739430689203	0.9110178585613876	0.4858750004245189
0.8689796187197302	0.9300354720335589	0.4595870914270047
0.8635022347933796	0.9478748557858968	0.4329848184567578
0.8582655987332197	0.9645397490512563	0.4061104065651628
0.8532920489909325	0.9800350712930146	0.3790068666522094
0.848602423978957	0.9943666435480459	0.3517190907316573
0.8442160402458785	1.0075409257283399	0.3242955110772964
0.8401506785162961	1.0195647709345403	0.29679066925538294
0.8364225762666357	1.0304451976436908	0.2692693153583055
0.8330464255598462	1.0401891804493741	0.2418131939809042
0.8300353749312747	1.0488034598641658	0.21453276907212498
0.827401034201877	1.0562943715474904	0.18758848267308514
0.8251534811902054	1.0626676951994594	0.16123136514486622
0.823301269398801	1.0679285232642508	0.13588470941024372
0.82185143586139	1.0720811495145985	0.11231425127342613
0.8208095084529248	1.0751289775404973	0.09197173804123977
0.8201795120835517	1.0770744491380295	0.07750807533292835
0.8199639733189583	1.0779189925853094	0.07257297427317635
0.820163923092492	1.0776629907986963	0.0789902421220071
0.82077889729839	1.0763057693799425	0.09446938014716556
0.8218069351800675	1.0738456045901015	0.11540090970217344
0.8232445755524305	1.070279751314945	0.13931990277453113
0.8250868510224066	1.0656044911154126	0.16489550058932356
0.8273272804971054	1.059815200481528	0.19142343160294983
0.8299578603938941	1.0529064394255245	0.21851114446615022
0.8329690550907546	1.0448720605563904	0.24592370978151873
0.8363497872778276	1.0357053387706092	0.2735096592590503
0.8400874289910889	1.0253991216702445	0.30116386581449406
0.8441677942253095	1.0139460007781014	0.3288079688344992
0.8485751341340955	1.0013385035600522	0.35637950091750337
0.8532921359277765	0.9875693061878471	0.38382555229672194
0.8582999266726632	0.9726314668849936	0.4110989191136011
0.8635780832747169	0.956518679599545	0.4381556744271454
0.8691046499936483	0.9392255476506962	0.46495358970255324
0.8748561648760552	0.9207478769159531	0.491451086046883
0.8808076965145194	0.9010829880845185	0.5176065292158021
0.8869328925293933	0.8802300475326497	0.5433777573031003
0.8932040411271389	0.8581904165245946	0.5687217730190866
0.899592147009568	0.8349680187752899	0.5935945578568095
0.9060670227885447	0.8105697270255395	0.6179509807994499
0.9125973968976643	0.7850057703196416	0.6417447836723777
0.9191510387840341	0.7582901653519059	0.6649286311173584
0.9256949019086779	0.7304411778845221	0.6874542168121781
0.9321952847837698	0.7014818243332869	0.7092724197781245
0.9386180099311993	0.6714404299576737	0.730333505899856
0.9449286202640158	0.6403512699518759	0.750587370435333
0.9510925919764497	0.6082553352249656	0.7699838175179441
0.9570755625878637	0.5752012893688114	0.7884728725848343
0.9628435723317643	0.5412467235036783	0.8060051234015984
0.9683633166254743	0.5064598826058664	0.8225320849672977
0.9736024069135236	0.47092215135834903	0.8380065831336699
0.9785296367637519	0.43473178924481753	0.8523831513077853
0.9831152497258454	0.39800977194900883	0.8656184341709965
0.9873312051537891	0.3609092892650915	0.8776715919767497
0.9911514379620316	0.3236318063024857	0.8885046987188077
0.9945521081440202	0.2864553440680029	0.8980831273180998
0.997511835842614	0.24978635488806863	0.906375914983613
1.0000119178331925	0.21425844313155776	0.9133561020773113
1.0020365214663423	0.18092364343926573	0.9190010381647643
1.0035728524180632	0.15160646842155906	0.9232926494644759
1.0046112930067408	0.12940125769189206	0.9262176626144323
1.0051455083484282	0.11861882623101104	0.927767780541109
1.0051725182213986	0.12243156824122688	0.9279398072239676
1.0046927331795388	0.1396437174259638	0.9267357192706543
1.00370995417098	0.16604911472219702	0.9241626834233049
1.0022313356597452	0.1978528498561686	0.9202330203694095
1.0002673129896704	0.23266540487064985	0.9149641164952075
0.9978314954467273	0.26911048326498616	0.9083782864593888
0.9949405271445355	0.3063793668523742	0.9005025906464909
0.9916139184573116	0.3439687260472872	0.8913686126536111
0.9878738512366426	0.3815439882154569	0.8810122029480597
0.9837449614594721	0.41886845644931175	0.869473195692191
0.9792541032550681	0.4557654103004714	0.8567951064585664
0.9744300984438823	0.49209702401297145	0.8430248191574051
0.9693034757911189	0.5277521544984491	0.8282122709827642
0.9639062041369574	0.5626389837383229	0.8124101445785988
0.9582714234221259	0.5966804126914523	0.7956735769661527
0.9524331773934447	0.6298110639382262	0.7780598951064064
0.9464261514631243	0.661975250155741	0.7596283883532733
0.9402854188236704	0.6931255353415612	0.740440128554261
0.9340461975036042	0.7232216664351381	0.7205578492572579
0.927743620604299	0.7522297398979587	0.700045896479944
0.9214125215007497	0.7801215193828259	0.6789702649007612
0.9150872353334542	0.8068738520061232	0.6573987352590107
0.9088014176775433	0.8324681502543885	0.6354011313375736
0.9025878808595098	0.856889918909824	0.6130497182752032
0.896478448009965	0.8801283142998305	0.5904197682232212
0.89050382459909	0.9021757282917965	0.5675903245601036
0.8846934869041038	0.9230273927618148	0.5446452018820881
0.8790755866073786	0.9426810023880844	0.5216742653437287
0.8736768705202973	0.9611363549557989	0.4987750385424581
0.8685226142706107	0.9783950091715927	0.47605469178545945
0.8636365686776598	0.9944599604466133	0.4536324579899799
0.8590409174673496	1.0093353353363408	0.4316425040401105
0.8547562449433442	1.0230261054040914	0.4102372383099817
0.8508015122285072	1.0355378212603399	0.3895909400400716
0.8471940407167622	1.0468763674613115	0.3699034245471761
0.8439495014260318	1.0570477388553738	0.3514031758131976
0.8410819090135364	1.0660578388636393	0.3343489606308996
0.8386036193017687	1.073912300084894	0.31902841061574005
0.8365253292633738	1.0806163275326992	0.3057515649991928
0.8348560785230478	1.086174564749427	0.2948372602553524
0.833603251551874	1.0905909830005145	0.28659109777380964
0.8327725798522301	1.0938687937332416	0.28127603321072486
0.8323681435579345	1.0960103844872005	0.27908022241337693
0.8323923720035106	1.0970172784670635	0.28009007646031164
0.832846042947561	1.0968901180301591	0.28427699072478113
0.8337282802676618	1.0956286723995716	0.2915024238593042
0.8350365500777491	1.0932318699856776	0.3015394686378777
0.8367666553533495	1.0896978557830215	0.3141036485846951
0.8389127292851636	1.0850240744036286	0.328884284255618
0.8414672277171431	1.0792073794111958	0.34557013458833313
0.8444209211609673	1.0722441697331637	0.36386675277996844
0.8477628870140402	1.0641305540509032	0.3835059680824741
0.8514805027418701	1.0548625442056487	0.40424936557430036
0.8555594409165086	1.0444362788153312	0.425887882083629
0.8599836671288105	1.0328482784848478	0.4482392637183496
0.8647354419112323	1.0200957342237564	0.4711445944254016
0.8697953279168458	1.0061768309815489	0.49446463325299983
0.8751422036957326	0.9910911086004456	0.5180763582817162
0.8807532854880651	0.9748398630091824	0.5418698988630005
0.8866041585095714	0.9574265911935103	0.565745912675848
0.8926688192350177	0.9388574844549901	0.5896133984692299
0.8989197301839266	0.9191419758108921	0.6133879053238178
0.9053278886750116	0.8982933492322963	0.6369900890394846
0.9118629109370278	0.8763294209511583	0.66034456618391
0.9184931328395349	0.8532733065419152	0.6833790208747694
0.9251857283339189	0.8291542922389741	0.7060235255001097
0.9319068464703425	0.8040088354450948	0.7282100427779247
0.9386217675788748	0.7778817282285548	0.7498720821159764
0.9452950788735073	0.7508274696063668	0.7709444879001784
0.9518908693584793	0.7229119086110684	0.7913633410833826
0.9583729434921832	0.694214241837372	0.8110659583404594
0.9647050526020241	0.6648294778540381	0.829990975216277
0.970851142553731	0.6348715179763507	0.8480785012472494
0.9767756156729395	0.6044770490855509	0.8652703361066839
0.9824436044098619	0.5738104976403454	0.8815102365215527
0.9878212537460295	0.5430703466981354	0.8967442241340233
0.9928760088832392	0.5124971475148049	0.9109209247243139
0.9975769043476901	0.4823835126304434	0.9239919293507397
1.0018948503053915	0.45308615033883126	0.9359121680667496
1.005802911635971	0.42503938639005623	0.9466402870024184
1.009276575166686	0.39876827984298713	0.9561390197988562
1.0122940004395549	0.3748969507173799	0.9643755446982308
1.014836249481096	0.3541439245404556	0.9713218190495
1.0168874912705685	0.33729222318355306	0.9769548836100439
1.0184351769581237	0.32512146900891364	0.981257129815155
1.019470182362702	0.31829927472570974	0.9842165241492141
1.0199869148692153	0.31725341463264733	0.9858267848727804
1.019983382528742	0.32207285956811804	0.9860875076178239
1.0194612239228475	0.3324867848851802	0.985004237730142
1.0184256981589423	0.347932871111527	0.9825884886784416
1.016885635190536	0.3676784523441472	0.9788577073241901
1.014853347476046	0.3909413913248731	0.973835188313511
1.0123445047745718	0.4169764421847349	0.9675499412706734
1.0093779746004488	0.44512069349979805	0.9600365158028437
1.005975631497239	0.4748079964503961	0.9513347905327755
1.0021621388269106	0.5055655143706741	0.941489733430619
0.9979647071868817	0.5370024005212226	0.9305511415953884
0.9934128338574988	0.5687964751334348	0.9185733693251088
0.9885380278417414	0.6006817149058702	0.9056150538030721
0.9833735250895607	0.6324375895451134	0.8917388480120344
0.9779539984080194	0.6638804016925554	0.8770111705678229
0.9723152663564484	0.6948564218267566	0.8615019820380023
0.9664940051277441	0.7252365010128943	0.8452845969752772
0.960527467039679	0.7549118482183776	0.8284355403352455
0.9544532088221999	0.7837907037417539	0.811034456134396
0.94830883240715	0.8117956936665305	0.7931640750837943
0.9421317404243185	0.838861699175331	0.7749102464210518
0.935958908099677	0.8649341150432063	0.7563620371293782
0.9298266727539256	0.8899674034577822	0.7376118989958433
0.9237705416256051	0.9139238736397898	0.7187559002768412
0.9178250183041771	0.9367726360236706	0.6998940137959051
0.9120234476632076	0.9584886933658583	0.6811304467263165
0.9063978788380562	0.9790521412094029	0.6625739887060129
0.9009789454998998	0.9984474575386868	0.6443383439263908
0.8957957624397757	1.0166628668888331	0.6265423992179323
0.8908758372920984	1.033689768144649	0.6093103640736837
0.8862449960945669	1.0495222181578163	0.5927717008230149
0.8819273212970902	1.064156465414384	0.5770607456789243
0.8779451007919932	1.07759052951017	0.5623159075301011
0.8743187865362829	1.089823823297449	0.5486783263691586
0.8710669613690064	1.1008568153696663	0.5362898841318103
0.8682063126873117	1.110690731138901	0.5252904953060018
0.86575161172875	1.1193272911979186	0.5158146694830241
0.8637156973098005	1.1267684859922749	0.5079874347692327
0.8621094629874623	1.133016386092918	0.5019198323409193
0.8609418467383322	1.1380729875812325	0.49770431900744067
0.8602198223850119	1.1419400922545229	0.4954105157557276
0.859948392140632	1.1446192225432772	0.4950817807833603
0.8601305797870932	1.146111571211008	0.4967330385602206
0.860767424150224	1.1464179860888892	0.5003501569195806
0.8618579726848271	1.1455389902850037	0.5058909561483309
0.8633992751341351	1.143474838504426	0.513287705746708
0.8653863773815637	1.1402256103239237	0.5224507716095563
0.8678123157676099	1.1357913414860088	0.5332729614234692
0.8706681123011512	1.1301721945139673	0.5456340947527172
0.8739427713517287	1.1233686702063566	0.5594053842337561
0.877623278566686	1.1153818618513849	0.5744533249910426
0.8816946029127746	1.1062137543164379	0.5906429161399949
0.886139702893793	1.0958675705259655	0.6078401533487695
0.8909395381410544	1.0843481682561462	0.6259138191400306
0.896073087708295	1.0716624906651762	0.6447366535442782
0.9015173765224073	1.0578200745666257	0.6641860152549536
0.907247511541003	1.0428336211679887	0.6841441496542845
0.9132367292413341	1.0267196348700531	0.7044981726186732
0.91945645610622	1.0094991367915636	0.7251398643316473
0.9258763837747982	0.9911984609848394	0.7459653500814387
0.9324645604825209	0.9718501428734778	0.7668747281064591
0.9391875003196472	0.9514939112883378	0.7877716895118831
0.9460103116849585	0.9301777975824734	0.808563162712294
0.9528968460970758	0.9079593775808542	0.8291590047902409
0.9598098682466565	0.884907164356173	0.8494717543348907
0.9667112478278581	0.86110217159962	0.8694164543575641
0.973562173278145	0.8366396679162004	0.8889105493769651
0.9803233870859236	0.81163114041568	0.9078738573710865
0.9869554418026902	0.7862064793550025	0.9262286147115323
0.9934189753308053	0.7605163809445764	0.943899590201287
0.999675003463217	0.7347349376673389	0.9608142627615022
1.0056852270442138	0.7090623372915746	0.976903056041033
1.011412350520082	0.6837275135451881	0.9920996221807601
1.016820408077078	0.6589904719652878	1.006341166112256
1.0218750930444929	0.6351438440059446	1.0195688010904786
1.0265440857964194	0.6125129999737274	1.0317279256532241
1.0307973750398587	0.5914537978117168	1.0427686118770931
1.0346075671500674	0.5723468236340605	1.0526459946770503
1.0379501781240632	0.5555869179437223	1.061320651991527
1.0408039027832543	0.5415670702398101	1.0687589660215409
1.0431508560738336	0.5306566074179855	1.0749334562587483
1.044976781690174	0.5231750724403842	1.0798230758434464
1.0462712237762843	0.5193650354799689	1.0834134638294102
1.0470276581308529	0.5193686094541894	1.0856971471773882
1.0472435801331164	0.5232127344490449	1.0866736877221919
1.0469205474943855	0.5308067741488545	1.0863497709187555
1.0460641768933874	0.5419529734101042	1.0847392348216665
1.0446840945390314	0.5563671017680867	1.08186303943543
1.0427938416865046	0.5737045413354982	1.077749178230773
1.0404107370766713	0.5935868232385852	1.0724325351959865
1.0375556991413897	0.6156248362500283	1.0659546922236853
1.0342530315890324	0.6394367447094761	1.0583636928682332
1.030530176630792	0.6646602664533404	1.0497137694990242
1.0264174406109328	0.6909599926870404	1.0400650415781507
1.021947697151503	0.718030873814699	1.0294831931740436
1.0171560731099214	0.7455990265729067	1.0180391378587756
1.0120796226785949	0.7734208386255002	1.0058086788066483
1.006756994838451	0.8012811026148643	0.9928721712016941
1.0012280991271094	0.8289906824942013	0.9793141929631389
0.995533774316242	0.8563840324299855	0.9652232283057179
0.9897154641331509	0.8833167570114582	0.9506913667649325
0.9838149036324705	0.909663313351201	0.9358140180399843
0.9778738192491402	0.9353149001364134	0.9206896403517649
0.9719336449670399	0.9601775458423337	0.9054194770074738
0.9660352564407219	0.9841703903392425	0.890107292559466
0.9602187243300473	1.0072241454172606	0.8748590964349945
0.9545230875657333	1.029279716541917	0.8597828383434759
0.9489861467710714	1.0502869680032252	0.8449880563643533
0.9436442776311209	1.0702036150232772	0.8305854557049934
0.9385322636319013	1.088994228446047	0.8166863941309316
0.9336831472916234	1.106629339842208	0.803402249560532
0.9291280987740664	1.1230846369566425	0.7908436469225422
0.924896300608663	1.1383402412864605	0.7791195257644408
0.9210148471383607	1.1523800611648591	0.7683360378533238
0.9175086572692548	1.1651912150482326	0.7585952754624529
0.9144003990984501	1.176763520789294	0.7499938460697119
0.9117104250413638	1.187089047565113	0.7426213270426726
0.909456716159272	1.1961617278540955	0.7365586529936398
0.9076548344952605	1.2039770274555244	0.731876506518314
0.9063178823552864	1.2105316720499304	0.7286337970832528
0.9054564676153053	1.2158234292335441	0.7268763199055066
0.905078674290633	1.2198509453456845	0.7266356843426224
0.9051900377665493	1.22261363675945	0.7279285884173574
0.9057935242571568	1.2241116356350388	0.730756493259677
0.906889514231283	1.224345790449246	0.7351057209942149
0.9084757897191775	1.2233177219194264	0.7409479660076504
0.910547525591812	1.221029935238282	0.748241177387129
0.9130972850858544	1.2174859898284134	0.7569307440966945
0.9161150200319647	1.2126907281122035	0.7669508973640283
0.9195880764314858	1.2066505650716166	0.7782262381735479
0.9235012062157819	1.1993738406408325	0.7906733012109148
0.9278365862111484	1.1908712372274126	0.8042020780921783
0.9325738455170514	1.1811562648876655	0.8187174394122059
0.937690102681589	1.1702458168777723	0.8341204140870931
0.9431600142194008	1.1581607984466251	0.8503093030673476
0.9489558361561965	1.1449268318020185	0.867180620898918
0.9550475003921102	1.1305750401266086	0.8846298717383245
0.9614027077435222	1.1151429132786057	0.9025521759217244
0.9679870395399394	1.0986752572852447	0.9208427692044443
0.9747640896087945	1.081225228775573	0.9393973998060325
0.9816956183671615	1.0628554538831851	0.9581126490375987
0.9887417305468159	1.0436392285612186	0.9768862001872636
0.9958610778013082	1.0236617932412313	0.995617078062793
1.0030110870764228	1.0030216687145161	1.0142058786002053
1.010148215167619	0.981832031192467	1.0325550045931522
1.0172282293424835	0.9602220916571803	1.0505689201281523
1.0242065132798317	0.9383384265817545	1.0681544328904702
1.031038396881544	0.9163461825161932	1.0852210102383404
1.03767950776498	0.8944300446945664	1.1016811318912738
1.044086141464029	0.8727948191978793	1.1174506792777683
1.0502156465811505	0.8516654303525707	1.132449359061657
1.056026820370262	0.8312860839193185	1.146601156132081
1.0614803095228738	0.8119183008409064	1.1598348094163862
1.0665390103104866	0.7938375008502128	1.172084302276205
1.0711684617376132	0.7773278321659418	1.1832893579937835
1.0753372250122988	0.7626750300244086	1.193395929966989
1.0790172424709785	0.7501572684371554	1.2023566757231137
1.0821841691223146	0.7400342572780716	1.210131403743441
1.084817670212918	0.732535209861915	1.2166874823634797
1.0869016786702963	0.7278466983189956	1.222000200667403
1.0884246069388386	0.7261017154164363	1.2260530723058498
1.0893795085768523	0.7273713471515659	1.228838074495993
1.0897641860006226	0.7316602435996511	1.2303558160596353
1.0895812419104658	0.7389065613308214	1.2306156301541564
1.0888380731719662	0.7489863558139104	1.2296355892767645
1.087546807206411	0.7617217173471436	1.2274424420914638
1.0857241822187247	0.7768914548007485	1.2240714735532152
1.0833913738104068	0.7942429423153581	1.2195662915980847
1.0805737716432278	0.8135038485173413	1.213978545249223
1.07730071079679	0.8343927733884866	1.2073675802822368
1.07360516326687	0.8566282014788851	1.1998000395379291
1.069523395658293	0.8799355377669549	1.1913494155184523
1.0650945995226202	0.9040522642160326	1.1820955630249086
1.060360500974013	0.9287314244058902	1.1721241792797013
1.0553649561929597	0.9537437229867483	1.1615262582347297
1.0501535392128547	0.9788785411919171	1.1503975246273501
1.0447731280015622	1.0039441450961726	1.1388378518615938
1.0392714943279702	1.0287673203313632	1.1269506660366997
1.0336969022744065	1.0531926193849566	1.1148423365156261
1.0280977195538712	1.0770813632693321	1.1026215514436644
1.0225220450503583	1.1003105018256019	1.0903986747360297
1.0170173552531732	1.1227714071144963	1.078285079420539
1.011630171531174	1.1443686517207332	1.0663924510332692
1.0064057495149217	1.1650188072191554	1.054832054219076
1.0013877912434028	1.1846492862469469	1.0437139559810262
0.996618180201789	1.2031972434247336	1.0331462003280805
0.9921367389363253	1.2206085447949135	1.0232339315153076
0.9879810085858426	1.236836811735981	1.0140784667009064
0.9841860494154954	1.2518425428968385	1.0057763235881099
0.9807842612724054	1.2655923161631144	0.9984182142576264
0.9778052227968542	1.2780580717284808	0.9920880225395468
0.9752755482063378	1.2892164767987846	0.986861788369594
0.9732187605117453	1.2990483721711845	0.9828067279400866
0.9716551801133265	1.3075383008153754	0.9799803223485937
0.9706018278478018	1.314674118580601	0.9784295091693117
0.9700723417068667	1.320446687221491	0.978190010392721
0.9700769066133458	1.3248496500509863	0.979285826252387
0.9706221968181045	1.327879290669916	0.9817289177077203
0.9717113306647008	1.3295344753736373	0.9855190912971639
0.9733438376575463	1.3298166799809614	0.9906440895828642
0.9755156379627098	1.328730101952796	0.997079879566785
0.9782190346689764	1.3262818587486833	1.0047911214180523
0.9814427193411753	1.3224822733860373	1.0137317916368573
0.9851717916083941	1.3173452480919021	1.0238459291383457
0.989387793745464	1.310888726735931	1.0350684700455584
0.9940687614240128	1.3031352463627692	1.047326137216066
0.9991892920238552	1.294112577546777	1.060538353332427
1.004720632098268	1.2838544524009206	1.0746181511585287
1.0106307857665668	1.2724013777929493	1.0894730605765814
1.0168846459506151	1.259801529536653	1.1050059585412109
1.0234441504626497	1.246111720881159	1.121115874470318
1.0302684649729572	1.2313984353216385	1.1376987493312898
1.0373141948199567	1.2157389093560327	1.1546481514329394
1.044535627455644	1.199222245016866	1.171855955513268
1.051885007031435	1.1819505244671904	1.1892129940694132
1.059312842212326	1.1640398892857944	1.206609691059029
1.0667682477546014	1.1456215349110161	1.2239366882298368
1.074199319693801	1.1268425557925263	1.2410854735635233
1.0815535431721945	1.1078665590831878	1.2579490198255983
1.0887782310031409	1.0888739446185536	1.2744224391701187
1.0958209900464342	1.0700617276880329	1.2904036573259183
1.1026302113851263	1.0516427610849197	1.3057941082461477
1.109155579189074	1.0338441981164317	1.3204994473795115
1.115348592068835	1.0169050345472515	1.334430279050901
1.1211630897153244	1.001072582566602	1.3475028909399347
1.1265557767380996	0.9865977725795847	1.3596399864247852
1.1314867349098752	0.9737292568393655	1.3707714037087526
1.1359199145450398	0.9627064065134506	1.38083480924672
1.1398235955265137	0.953751446386804	1.3897763520985036
1.1431708085793344	0.9470611427294341	1.3975512654966418
1.145939707788806	0.9427986202805285	1.4041244021444188
1.148113886078915	0.9410859945204957	1.4094706905477465
1.1496826263896383	0.9419985261037409	1.4135755009970326
1.1506410825898434	0.9455609101255735	1.4164349115915211
1.1509903856904415	0.9517461052352056	1.418055866853419
1.1507376726215162	0.9604768197554681	1.4184562239067864
1.1498960366386153	0.9716294618132475	1.4176646837757543
1.1484844002522976	0.985040092720911	1.4157206079586686
1.146527313354826	1.0005117482153962	1.4126737229291322
1.1440546808753862	1.0178224330102024	1.4085837174782991
1.1411014257643202	1.0367331419058872	1.403519739736886
1.137707094333424	1.056995384509017	1.3975598022139588
1.133915411923211	1.0783578508818121	1.3907901042039916
1.129773797505505	1.1005720165331143	1.3833042814178962
1.1253328461539802	1.1233966226076217	1.3752025926963252
1.120645788336107	1.1466010692411144	1.3665910532087848
1.1157679347217915	1.1699678255255705	1.3575805227085809
1.1107561147039213	1.1932939935262936	1.348285756311132
1.105668116130187	1.2163921742159025	1.3388244240272549
1.1005621329060855	1.2390907780627873	1.3293161040677586
1.0954962262001104	1.2612339090646705	1.319881253904158
1.0905278040170192	1.2826809332000415	1.3106401623824253
1.0857131229525419	1.3033058238267052	1.301711885985577
1.0811068150453402	1.3229963593652045	1.2932131727363163
1.0767614418330709	1.3416532335681222	1.2852573782832697
1.0727270770233366	1.359189126070476	1.2779533804177214
1.0690509186213548	1.3755277706563729	1.2714045005379881
1.065776930918954	1.390603050499254	1.2657074432460877
1.0629455164401638	1.4043581432093866	1.260951268074642
1.0605932177461619	1.4167447335253276	1.2572164099825487
1.0587524489105127	1.4277223076202648	1.2545737673699355
1.057451256465328	1.437257540007748	1.2530838775939672
1.0567131096702416	1.4453237817160478	1.2527962000185853
1.0565567200499928	1.4519006565864603	1.253748525308465
1.0569958902672032	1.4569737710991126	1.255966526932088
1.0580393925325138	1.4605345419237212	1.2594634667921976
1.0596908768972955	1.4625801443314634	1.2642400618445089
1.061948809921471	1.463113583595447	1.2702845129267282
1.0648064443609633	1.4621438904627104	1.277572691314467
1.0682518206781213	1.4596864406100936	1.2860684732782857
1.0722678013466491	1.455763396603815	1.2957242086089271
1.076832139100772	1.450404269162512	1.3064813060574847
1.0819175804635235	1.4436465923566135	1.318270917093834
1.087492006073066	1.4355367046271617	1.3310146993343446
1.0935186094946416	1.4261306240192309	1.344625642279767
1.0999561163387124	1.415495001623172	1.359008940358748
1.1067590455771732	1.403708131707731	1.3740629013324739
1.113878014928934	1.3908609902091071	1.3896798814915907
1.1212600920416151	1.3770582649139722	1.405747242392527
1.1288491928957953	1.3624193306867562	1.422148326811892
1.1365865283743106	1.347079111381235	1.4387634538931733
1.1444110992501362	1.3311887567605878	1.4554709349515682
1.1522602389410994	1.3149160482449151	1.4721481120068045
1.160070202259029	1.298445432486529	1.488672420823904
1.1677767970608703	1.2819775681693997	1.5049224791180553
1.1753160542214156	1.2657282614173564	1.5207791987358499
1.1826249297398113	1.2499266621408422	1.5361269182155335
1.1896420311283362	1.234812601886115	1.5508545493366372
1.1963083585888743	1.2206329782455245	1.56485672829449
1.2025680499465556	1.2076371364617913	1.5780349591844454
1.2083691169729214	1.1960712688120292	1.5902987347572466
1.2136641596836635	1.1861719465813807	1.6015666171006542
1.2184110445226821	1.1781590123708594	1.6117672591797276
1.2225735321154145	1.1722281796403138	1.6208403471635213
1.2261218405410703	1.1685437924628441	1.628737443273331
1.22903313086136	1.1672322679710423	1.635422709553996
1.2312919029496403	1.168376754578728	1.6408734944911216
1.2328902914557565	1.172013476607568	1.6450807667171117
1.233828253954835	1.178130100736864	1.6480493830616851
1.2341136458727051	1.1866662691465708	1.6497981817585519
1.2337621795445728	1.1975162299932118	1.6503598955360057
1.2327972676210905	1.2105332957858506	1.6497808833911551
1.2312497538550264	1.2255357079724774	1.6481206838650584
1.2291575369542123	1.242313402403647	1.6454513963985125
1.226565095556126	1.2606351593770087	1.64185690067992
1.2235229243707344	1.2802556727308767	1.6374319266603206
1.2200868930815827	1.3009221646545945	1.6322809900180628
1.216317540651154	1.3223802837491296	1.6265172092742233
1.212279318237444	1.3443791337325013	1.6202610215146456
1.2080397940167105	1.3666753755069718	1.6136388138451454
1.203668832871304	1.3890364192256388	1.6067814874189832
1.1992377632115667	1.4112427741649127	1.599822970290801
1.1948185422413131	1.4330896549176204	1.5928986946467205
1.1904829298389663	1.4543879567737643	1.586144053313325
1.186301680002027	1.474964715682089	1.5796928500136194
1.1823437575749098	1.4946631629906362	1.5736757577293057
1.1786755868202583	1.5133424755366898	1.5682187997997432
1.1753603373554846	1.5308773099888549	1.563441869021685
1.1724572520939653	1.5471571982297974	1.559457300916882
1.1700210211191693	1.5620858689678114	1.5563685183425835
1.1681012048768842	1.5755805501805267	1.5542687655134064
1.166741709677807	1.587571297617529	1.5532399500338532
1.1659803182319262	1.5980003864192722	1.5533516114671437
1.165848277753967	1.6068217958332136	1.5546600340910695
1.1663699480524132	1.61400081084967	1.5572075197000574
1.1675625119145234	1.6195137591355617	1.5610218335983428
1.1694357500055232	1.6233478966978931	1.5661158334077807
1.17199188240037	1.6255014510397083	1.572487286215668
1.175225478758855	1.6259838259563657	1.5801188752319946
1.1791234390436298	1.6248159673331763	1.5889783928766579
1.183665046573257	1.622030884116561	1.5990191134346672
1.188822095103911	1.617674312805601	1.6101803354030595
1.1945590915425792	1.6118055071132011	1.6223880816090657
1.2008335357993452	1.6044981266462706	1.6355559441800274
1.2075962791614387	1.59584118934346	1.6495860614335078
1.2147919623780232	1.5859400418256466	1.6643702145516017
1.2223595343316898	1.5749172896866137	1.6797910332354398
1.2302328516818768	1.5629136161598367	1.6957233010789892
1.2383413591373642	1.5500884028647801	1.7120353528185872
1.2466108489957413	1.5366200511454264	1.7285905565969657
1.2549642972375743	1.5227058880510906	1.7452488746785777
1.2633227717637059	1.5085615291171155	1.7618684955014057
1.2716064063257062	1.4944195634060935	1.778307528479905
1.279735431364911	1.4805274282155643	1.7944257506152783
1.2876312504225775	1.4671443555711103	1.8100863908489895
1.2952175481243078	1.4545373044688896	1.825157934422312
1.3024214131174932	1.4429758455699706	1.839515925553604
1.309174456914701	1.4327260405576572	1.8530447428346626
1.3154139075431888	1.4240434550424317	1.865639318215996
1.3210836553939609	1.4171655550953297	1.8772067676295496
1.3261352278593772	1.4123038506481436	1.8876678994841631
1.3305286693714158	1.4096362461905947	1.8969585667038433
1.3342333043843269	1.4093001197138928	1.9050308288222895
1.3372283627114687	1.4113866558188357	1.9118538929644273
1.3395034493917009	1.4159368969427986	1.9174148062990213
1.3410588448285725	1.4229398487424492	1.9217188775942533
1.3419056251612846	1.4323327970694015	1.9247898116155147
1.3420655974885285	1.4440037919032487	1.926669546961009
1.3415710494413466	1.4577960608636304	1.9274177951760905
1.3404643174424187	1.4735139616433146	1.9271112862430588
1.338797182556407	1.4909299891145473	1.925842732445138
1.33663010691509	1.5097923255133248	1.9237195288336206
1.3340313271206268	1.529832454426458	1.920862213839896
1.3310758236742906	1.550772435547416	1.9174027178154935
1.327844187292191	1.5723315378171248	1.9134824303989766
1.32442140396204	1.5942320352441253	1.9092501196422578
1.3208955808311842	1.616204068324957	1.904859736908099
1.3173566346071421	1.6379895559536426	1.9004681418637017
1.31389496324054	1.6593452044859638	1.896232781661914
1.3106001204041555	1.6800447024828817	1.892309357838476
1.3075595108355882	1.6998802141860174	1.88884951374291
1.3048571231123898	1.718663295583192	1.8859985745819048
1.3025723149846373	1.7362253577087734	1.8838933714279193
1.3007786650714879	1.7524177958589715	1.8826601797888913
1.2995429035663806	1.7671118932831111	1.882412802431323
1.298923933585618	1.7801985955321467	1.883250824933865
1.298971953904614	1.7915882382724662	1.8852580707449547
1.2997276930055972	1.8012102977657332	1.8885012801777763
1.3012217635565375	1.8090132197483553	1.893029034718443
1.3034741456069874	1.8149643692130213	1.8988709442646123
1.306493805891654	1.81905013050317	1.9060371105755394
1.3102784596657904	1.8212761739552499	1.9145178755224106
1.3148144804647	1.8216678917628906	1.9242838579687873
1.3200769621010449	1.8202709914568498	1.9352862785950347
1.3260299361074155	1.817152220067307	1.9474575679846622
1.3326267467063162	1.8124001753875816	1.9607122500076901
1.3398105842323567	1.806126142632863	1.974948090038283
1.347515176701269	1.7984648752233356	1.990047495764173
1.3556656378475276	1.7895752177619924	2.0058791570849945
1.3641794683436346	1.7796404483095427	2.022299910553585
1.3729677049654527	1.768868197171365	2.0391568126294803
1.3819362100811525	1.757489782765778	2.0562894043266713
1.3909870909444084	1.7457587948082394	2.0735321473431436
1.400020234839581	1.733948755036017	2.090717008258273
1.4089349421948651	1.7223497008065907	2.1076761628197973
1.4176316354603855	1.7112635722175773	2.124244786822402
1.4260136170309352	1.7009983433691445	2.1402638938787955
1.4339888450385239	1.691860925428955	2.155583173923726
1.4414716917648531	1.6841489818480426	2.170063780109093
1.4483846460768615	1.6781419274002085	2.183581006446882
1.4546599190179819	1.6740915189570587	2.1960267947469734
1.4602409108067773	1.672212567024983	2.2073120076341772
1.4650834982451402	1.6726743792815881	2.2173684051520226
1.4691571040596185	1.6755935680290392	2.2261502659405794
1.472445514005888	1.6810287974520044	2.233635600276415
1.4749474135355911	1.6889779119029502	2.2398269112269675
1.4766766232020627	1.6993776874113868	2.244751471425454
1.4776620203977489	1.7121062140601169	2.2484610959565043
1.4779471440201328	1.7269876838830545	2.251031405864635
1.4775894877629336	1.7437991638096564	2.2525605910975255
1.4766594964398712	1.7622788027271137	2.2531676955222775
1.4752392876363993	1.782134867923079	2.2529904593326857
1.4734211277088631	1.8030550254841993	2.252182765166111
1.4713056964879472	1.8247153561731513	2.2509117432166486
1.4690001789023301	1.8467887112306993	2.2493545974098246
1.4666162241544867	1.8689521394253552	2.2476952193206206
1.4642678141962535	1.890893239330674	2.246120659150626
1.4620690832857264	1.9123153969614655	2.244817524009903
1.4601321296151835	1.9329419522437694	2.243968373292719
1.4585648586355309	1.952519396891942	2.243748179392834
1.457468895982489	1.9708197429424799	2.244320919607589
1.4569376059872914	1.987642218989469	2.245836361974218
1.4570542497111683	2.0028144541482518	2.248427104017967
1.4578903142893593	2.016193301762801	2.252205918951854
1.4595040430651673	2.027665439040938	2.2572634587058227
1.461939193468537	2.0371478575379802	2.26366635725108
1.4652240467783295	2.044588334349292	2.2714557710584447
1.4693706907593862	2.0499659460185993	2.2806463863088355
1.4743745926795093	2.0532916570522954	2.2912259148666156
1.4802144764212055	2.054608982784176	2.3031550932944973
1.4868525133666812	2.053994692280863	2.3163681915970775
1.49423483251117	2.0515594812207225	2.330774031132726
1.5022923508818344	2.0474485077242948	2.346257504314482
1.5109419207907397	2.0418416470134373	2.362681582257255
1.5200877856558097	2.0349532853927266	2.3798897901863736
1.5296233309564722	2.0270314433252685	2.3977091238392108
1.5394331111993813	2.0183559955614316	2.415953372844582
1.5493951274186528	2.009235748997047	2.434426808763802
1.559383322655093	2.0000041529824073	2.4529281858652654
1.5692702550960889	1.991013459476858	2.47125499174802
1.5789299003113404	1.9826272282598638	2.4892078728867286
1.5882405256610133	1.97521118909837	2.506595147615184
1.597087572017875	1.9691226267337436	2.523237306871446
1.6053664710981452	1.964698636291049	2.538971392298995
1.6129853216681966	1.9622437871691631	2.5536551332607758
1.6198673454012051	1.9620179044833292	2.5671707201845804
1.6259530438074306	1.9642247950602107	2.579428092454781
1.631201981865758	1.969002777660605	2.5903676255156767
1.6355941318873952	1.9764178028585013	2.599962114239816
1.6391307225802407	1.9864597639983919	2.6082179677221538
1.6418345527773432	1.9990423270772537	2.6151755537582857
1.6437497460923864	2.0140062850464164	2.62090865817121
1.6449409409175226	2.0311261231744533	2.6255230533503164
1.6454919286364178	2.050119217516153	2.6291542001709933
1.6455037706601146	2.0706569151517	2.6319641361942487
1.6450924410080463	2.09237667844335	2.634137629207584
1.6443860549714588	2.1148945100406125	2.635877697586921
1.6435217555012718	2.1378169881509628	2.637400616868562
1.6426423372225014	2.160752401854199	2.638930544980417
1.6418926934996152	2.18332065306028	2.6406939068393775
1.641416175039207	2.205161759857833	2.642913682817427
1.6413509494791245	2.2259429385633744	2.645803745430186
1.6418264506311555	2.245364350153191	2.6495633850856493
1.642960003795788	2.2631636689764965	2.6543721593898937
1.6448537100150822	2.279119670131162	2.660385191793926
1.6475916673201858	2.293055041325174	2.667729034635027
1.6512376009289476	2.3048386108211663	2.676498199156866
1.6558329668963316	2.314387150236678	2.6867524411343946
1.6613955848896342	2.321666863869224	2.6985148755386783
1.6679188456015706	2.326694618363432	2.7117709775282934
1.6753715269634613	2.3295389009227243	2.7264685102175927
1.6836982409761914	2.330320423757639	2.742518402355817
1.6928205198456137	2.329212220353163	2.7597965813311527
1.702638536347827	2.3264390097573093	2.778146748681543
1.7130334390183335	2.3222755443934027	2.797384066244429
1.7238702678145108	2.317043612902406	2.8172997007645084
1.7350014002393055	2.311107352444899	2.8376661527378864
1.7462704614597788	2.3048665466562057	2.858243271198639
1.7575166147769148	2.298747658263434	2.878784830104123
1.7685791312375407	2.293192479124238	2.8990455145400333
1.7793021199105552	2.2886444788571736	2.918788137382838
1.7895392844402314	2.2855331893041333	2.937790881216441
1.7991585583243326	2.284257254018599	2.9558543386231895
1.808046462517004	2.2851670616503172	2.97280810916521
1.8161120259836139	2.2885481179801994	2.9885167060911213
1.823290114040579	2.2946064375555526	3.0028845322465525
1.829544021514369	2.3034572062521055	3.0158597042067554
1.8348672080971165	2.3151177598693446	3.0274365365370475
1.8392840811468687	2.329505556816582	3.037656543301373
1.8428497652241664	2.346441348520787	3.04660786922245
1.8456488359191137	2.3656572493621715	3.054423124970822
1.847793035685608	2.386808964770451	3.0612756660009905
1.849418029067039	2.409491121315214	3.0673744180563665
1.8506792916869637	2.433254493429294	3.0729574111201585
1.8517472599470952	2.4576239376974667	3.0782842340779015
1.852801895353803	2.4821159963214656	3.0836276625132935
1.8540268381976168	2.506255367613248	3.089264740754821
1.8556033398378022	2.529589711011271	3.0954676163581816
1.857704171307906	2.5517025126545434	3.1024944312328264
1.8604877086888802	2.5722239538167155	3.1105805696703475
1.8640923929840394	2.5908398814699045	3.1199305508995367
1.8686317542444928	2.607299072680227	3.130710833786736
1.874190176497567	2.621419015389579	3.1430437751184948
1.8808195616695045	2.633090405126788	3.157002951579593
1.8885370273164992	2.642280490303893	3.1726100199254113
1.8973237449321694	2.6490352989277537	3.1898332506029172
1.9071249934539043	2.6534806584194386	3.208587827634927
1.9178514670732962	2.655821790618518	3.228737962115124
1.9293818383313557	2.6563411409494697	3.250100818043137
1.9415665374235627	2.6553940022342504	3.2724521970995775
1.9542326671842445	2.6534014413237292	3.295533872898227
1.9671899308119039	2.6508400547979765	3.3190624050845936
1.9802374065883988	2.648228192458206	3.3427391998711378
1.9931709615598279	2.6461085126283312	3.366261517799625
2.0057910559474985	2.645027076381074	3.3893340647150376
2.0179106542986704	2.6455096311703445	3.4116807426544398
2.029362931176665	2.6480362306447405	3.433056089411593
2.040008442108298	2.6530158083445667	3.453255905430531
2.0497414281066875	2.660762668705666	3.4721265606834217
2.058494937264485	2.6714769795424496	3.4895724972783184
2.0662444812733014	2.685231176360864	3.505561498370443
2.0730099981105456	2.7019637096570155	3.5201273800707265
2.0788559624213736	2.7214808440310234	3.533369876611971
2.083889568370901	2.7434663782697353	3.5454516230620228
2.0882570006714327	2.7674983550836862	3.556592285048167
2.0921379021888176	2.793071210961053	3.567060030831223
2.0957382352253844	2.8196214717774155	3.5771606774203293
2.0992818132817708	2.8465550493042016	3.587224960485288
2.103000847026802	2.873274393925636	3.597594471165946
2.1071258998402893	2.8992041245102467	3.60860686776853
2.111875683205482	2.9238141894675596	3.62058100564108
2.1174471397132786	2.946640026526459	3.6338026351955706
2.1240062611883506	2.967299520288127	3.648511298458948
2.13168007134871	2.985506771860271	3.66488901175293
2.1405501665796334	3.0010827844884216	3.6830512592963087
2.1506481553625436	3.0139631425948257	3.703040742558412
2.16195326779634	3.024202641834443	3.7248242353685472
2.1743923233586258	3.0319766470753304	3.7482927867146563
2.1878421500859453	3.037578753943304	3.77326539277735
2.2021344445920676	3.0414141555708345	3.799496127488973
2.217062952781889	3.0439880238993102	3.826684577197851
2.23239273875543	3.0458882619354717	3.854489271009498
2.2478711974465186	3.0477622225151766	3.8825436369824495
2.2632403589254015	3.05028745428161	3.910473851319074
2.2782499342196108	3.054137222838246	3.937917792364264
2.2926704708238366	3.0599424034858558	3.9645441766687237
2.3063059291104966	3.068252223243514	3.990070856465054
2.3190049675844655	3.079497057687207	4.014281213354807
2.330670243473608	3.0939568554778014	4.037037606520344
2.3412651010091006	3.111738604032758	4.058290934901877
