1.0	1.0	0.9999999999999999
1.0057601818489663	0.9794387081548683	1.0144211191041004
1.0114480122337697	0.9585831637282487	1.0285422380861071
1.0170245465884107	0.9375668908996467	1.0422769750857317
1.0224510702059166	0.916537825412581	1.0555416374402904
1.0276893992942142	0.8956586988234582	1.0682555770624333
1.0327021923121003	0.8751070664362547	1.08034155599099
1.0374532681897985	0.8550748410193398	1.0917261212846463
1.0419079275480532	0.835767169148395	1.1023399867177597
1.0460332726022559	0.8174004691968618	1.1121184172634198
1.0497985210940601	0.8001994485829536	1.1210016111399208
1.0531753093532332	0.784392944620558	1.128935073273538
1.0561379794737364	0.7702085010123038	1.1358699734078062
1.0586638456044892	0.7578657107029719	1.1417634817743838
1.060733434514637	0.7475685267078869	1.1465790752322715
1.0623306958993946	0.7394969510677717	1.150286807073122
1.0634431783420875	0.7337987231809806	1.1528635342618512
1.0640621674308601	0.7305817890485476	1.1542930967093037
1.0641827832294672	0.7299083834446323	1.1545664442202117
1.0638040350987548	0.7317914549868966	1.1536817079844588
1.0629288327323867	0.7361939058450763	1.1516442148305681
1.0615639531773977	0.7430307494460253	1.1484664438847967
1.0597199645254645	0.7521738961331136	1.144167926717808
1.0574111078516362	0.7634589526970397	1.1387750934567769
1.0546551398131216	0.7766932360790496	1.1323210686361413
1.0514731390729712	0.7916641763539747	1.1248454217040091
1.0478892803579045	0.8081473944556576	1.116393878045512
1.0439305804776895	0.825913932384475	1.1070179970908927
1.0396266210123357	0.8447363292606772	1.0967748245139066
1.035009252606571	0.8643934300958516	1.085726525673357
1.0301122858983098	0.8846739606067048	1.0739400072940222
1.024971174055614	0.9053789946557725	1.0614865339192734
1.0196226917156304	0.926323487314808	1.048441344898478
1.014104614824702	0.9473370581096645	1.0348832766090381
1.008455405490856	0.9682641983504535	1.02089439327295
1.0027139054976937	0.9889640540969555	1.0065596281343636
0.996919041615789	1.0093099097573714	0.9919664349509956
0.9911095453041303	1.029188471226765	0.9772044477595317
0.9853236888417182	1.0484990242927892	0.9623651447598353
0.979599039385896	1.0671525247325144	0.9475415099984972
0.9739722319362613	1.0850706611609344	0.9328276844172553
0.9684787617036694	1.102184919874212	0.9183185958948902
0.9631527959539645	1.1184356720784256	0.9041095563164219
0.958027005021957	1.1337712974047054	0.890295812653855
0.9531324118780141	1.148147352938631	0.8769720387760159
0.9484982593779997	1.1615257936789862	0.8642317554833302
0.9441518941372771	1.1738742480263642	0.8521666683477012
0.9401186658377315	1.1851653503079793	0.8408659165509822
0.9364218406991915	1.1953761312661875	0.8304152311869633
0.9330825278179699	1.2044874667226135	0.820896008394701
0.930119617089141	1.212483584172149	0.8123843109742382
0.9275497274797865	1.219351626784564	0.8049498212738632
0.9253871645009871	1.2250812741431607	0.7986547773163805
0.9236438858311317	1.2296644189942345	0.7935529322855566
0.9223294741669879	1.2330948992914417	0.7896885834239907
0.9214511165166627	1.2353682848776826	0.787095718946831
0.9210135892966996	1.2364817182419376	0.7857973298719831
0.9210192487507983	1.2364338089078957	0.7858049273247374
0.9214680263670252	1.2352245811492761	0.787118295165513
0.9223574291332154	1.2328554748761325	0.7897254936815911
0.9236825446334664	1.2293293996909256	0.7936031141246492
0.9254360511524724	1.2246508422684066	0.7987167679428774
0.9276082331164791	1.2188260273628222	0.8050217805213382
0.9301870023591955	1.21186313288398	0.8124640486426538
0.9331579258556075	1.2037725596047197	0.8209810146610169
0.9365042607140628	1.1945672561574738	0.8305027088005662
0.940206997354108	1.1842631000378407	0.840952813646366
0.9442449119201993	1.1728793353454983	0.8522497109014004
0.948594629084883	1.1604390679392036	0.8643074786796489
0.9532306964741492	1.1469698185375514	0.8770368167949635
0.9581256719963185	1.1325041340238542	0.8903458866292128
0.9632502253675451	1.1170802567589955	0.9041410604138024
0.968573255096097	1.1007428509938075	0.9183275816179459
0.9740620221073337	1.0835437843945606	0.9328101433619196
0.9796823010568941	1.065542961099764	0.9474933953408338
0.985398550186755	1.04680920040456	0.962282391788546
0.991174100324634	1.027421151840239	0.9770829937555069
0.9969713633114553	1.0074682327136304	0.9918022386815353
1.002752059765372	0.9870515676307606	1.0063486891754225
1.0084774656591766	0.9662849005980993	1.020632771306037
1.0141086767077339	0.9452954383594662	1.0345671107654546
1.0196068890436374	0.9242245680977489	1.0480668731473723
1.0249336941167302	0.9032283731055918	1.0610501124211893
1.0300513852017963	0.8824778465749663	1.0734381295714657
1.0349232723581165	0.8621586772510064	1.0851558413873352
1.03951400217486	0.8424704538394857	1.0961321575816705
1.0437898781789248	0.8236251124962625	1.1063003628381491
1.0477191773994385	0.8058444411017306	1.1155984990565433
1.0512724582948065	0.7893564660442436	1.1239697420167063
1.0544228550744597	0.7743905947398882	1.1313627659270684
1.057146353402159	0.7611714822477847	1.1377320888732827
1.0594220425622412	0.7499117393949697	1.1430383920403484
1.0612323394104954	0.7408037962862801	1.1472488057421608
1.0625631798164579	0.734011453205841	1.1503371557422397
1.0634041738274713	0.7296618441604107	1.1522841640663064
1.0637487214337908	0.7278386470755022	1.1530775994606925
1.063594086569044	0.7285773449248613	1.1527123737999172
1.0629414278174916	0.7318631497020178	1.1511905820466883
1.061795785190139	0.7376318699462289	1.1485214847639464
1.0601660232452392	0.745773603853054	1.1447214336166631
1.0580647317318754	0.7561387699248728	1.1398137417213008
1.0555080857978663	0.7685457311357716	1.1338285020466203
1.052515668593977	0.7827891716807852	1.1268023582867357
1.0491102598003637	0.7986484419866804	1.1187782336658185
1.0453175941768846	0.8158952532748321	1.1098050239519188
1.0411660946804115	0.8343003175125249	1.0999372615202645
1.0366865849908362	0.8536387384834258	1.089234757587918
1.0319119864399005	0.8736941302915195	1.0777622297257097
1.02687700434648	0.8942615569895808	1.06558892143085
1.021617808637996	0.9151494530516314	1.0527882199142018
1.0161717133926778	0.9361807095654847	1.0394372773277807
1.0105768595904638	0.9571931083338818	1.0256166394430581
1.0048719049299897	0.9780392673445857	1.0114098843108061
0.9990957240775683	0.9985862352483599	0.9969032717150629
0.9932871221831832	1.0187148454570412	0.9821854023141497
0.9874845639487678	1.0383189155865724	0.9673468832893889
0.9817259199857261	1.0573043567497415	0.952479995159511
0.9760482316683143	1.0755882400329164	0.9376783522531191
0.9704874951925393	1.0930978541199785	0.9230365472746951
0.9650784650975013	1.1097697779166227	0.9086497685992704
0.9598544771068038	1.1255489845618376	0.8946133775721066
0.9548472898068148	1.140387987805913	0.8810224323964273
0.9500869443994511	1.154246037882144	0.8679711454202048
0.9456016415493587	1.1670883712969433	0.8555522620515195
0.9414176341877075	1.178885517094255	0.8438563523933987
0.9375591350329593	1.1896126608779005	0.8329710111802611
0.9340482375386407	1.1992490670270266	0.8229799677806319
0.9309048489731385	1.2077775589889528	0.813962115771581
0.9281466343708403	1.215184057193319	0.8059904805001954
0.9257889701611878	1.2214571739385014	0.7991311524427411
0.9238449063764547	1.2265878645141124	0.7934422230881893
0.9223251364542596	1.2305691338112636	0.7889727673383877
0.9212379737825148	1.233395797715145	0.7857619208109756
0.9205893342779428	1.235064298657187	0.7838381008920583
0.920382724441287	1.235572574816039	0.7832184162528931
0.9206192344898082	1.2349199825893493	0.7839083007576034
0.9212975363289184	1.233107272105104	0.7859013948940384
0.9224138862876576	1.2301366156961147	0.7891796823693403
0.9239621327062651	1.2260116894186586	0.7937138731123855
0.9259337286269272	1.2207378078512803	0.7994640085667858
0.9283177499995724	1.2143221125560575	0.8063802526033086
0.9311009199715128	1.2067738147177158	0.8144038229008889
0.9342676399810043	1.1981044925873425	0.8234680138379157
0.9378000285170062	1.1883284444402962	0.8334992626940306
0.9416779685375797	1.1774630978004201	0.8444182155908709
0.945879164652757	1.165529475670138	0.8561407570190207
0.9503792112692586	1.1525527204176196	0.8685789757828536
0.9551516729589733	1.1385626757777123	0.8816420495843817
0.9601681783436968	1.123594527078315	0.8952370393139422
0.9653985287796825	1.1076894992467914	0.9092695917572333
0.9708108230706911	1.0908956112890278	0.9236445554940128
0.9763715993314553	1.073268484641429	0.9382665191370589
0.9820459949606086	1.0548722008936935	0.9530402838127889
0.9877979254592053	1.035780201625681	0.9678712831106028
0.9935902825463323	1.01607621917136	0.9826659638819536
0.9993851516780182	0.995855221601395	0.9973321405211872
1.0051440486716263	0.9752243475872812	1.0117793339630925
1.0108281746820447	0.9543037964791727	1.0259191048078597
1.0163986882764098	0.9332276252679598	1.0396653879155917
1.0218169928229461	0.9121443865702176	1.0529348336444933
1.0270450368616177	0.8912175201357061	1.0656471587501914
1.0320456245771734	0.8706253850576106	1.0777255079023533
1.0367827329682027	0.850560792484566	1.0890968248711115
1.0412218318207447	0.8312298726921566	1.0996922307376211
1.0453302021727913	0.8128500919929869	1.1094474050253604
1.0490772486186266	0.7956472333960587	1.118302964458848
1.0524348005685422	0.7798511822772833	1.1262048331536663
1.055377397467889	0.7656904278015833	1.133104597439665
1.0578825530019098	0.7533853127684514	1.1389598382236352
1.0599309934785548	0.7431402400855667	1.1437344338081226
1.061506865892636	0.735135257922891	1.1473988263894448
1.06259791162833	0.7295176612232415	1.149930246043844
1.063195602342677	0.7263944093127582	1.151312886847788
1.0632952352748275	0.7258262071533648	1.1515380308335545
1.0628959860224654	0.7278239881165826	1.1506041167090328
1.0620009176920566	0.732348266803054	1.148516751623945
1.0606169462327304	0.7393114506269998	1.1452886656865295
1.0587547626741454	0.748582797431155	1.140939610369726
1.056428713873364	0.7599953801669055	1.1354962033349916
1.0536566442045343	0.7733542379404874	1.1289917234899032
1.05045970136976	0.788444875536806	1.1214658612299988
1.0468621101462736	0.8050413930487703	1.1129644297508106
1.0428909183952682	0.8229137272179212	1.103539044013141
1.038575720029313	0.8418337065321088	1.0932467743739278
1.0339483598618702	0.8615798174165242	1.0821497820345298
1.0290426253439608	0.8819407247546383	1.0703149432953931
1.023893930136309	0.9027176813461303	1.057813469136686
1.0185389942806462	0.9237260049760891	1.0447205258706675
1.013015525437685	0.9447958111294035	1.0311148615447565
1.0073619052700322	0.9657721769619891	1.0170784414296339
1.0016168845865225	0.9865148885319819	1.0026960943283303
0.9958192903522709	1.00689789594995	0.9880551696204091
0.9900077471274997	1.0268085745828435	0.9732452029512801
0.984220414947959	1.046146867086586	0.9583575863441689
0.9784947451194558	1.064824361715984	0.9434852363244245
0.9728672548842723	1.0827633470648304	0.9287222514991195
0.9673733214415416	1.099895871681096	0.9141635490580268
0.9620469953766431	1.11616282827283	0.8999044680196828
0.9569208331839215	1.1315130758493515	0.8860403259428864
0.952025748256406	1.1459026085760156	0.8726659155029188
0.9473908794671706	1.159293776899459	0.8598749280606087
0.9430434762787799	1.1716545642612985	0.8477592934028275
0.939008799187126	1.1829579211859116	0.8364084284391046
0.9353100342297654	1.1931811574975726	0.8259083929441184
0.9319682202606131	1.2023053927457716	0.8163409574241611
0.9290021877078265	1.2103150644902851	0.8077825966150883
0.9264285075819813	1.2171974938441714	0.8003034314646696
0.9242614495825029	1.222942507543431	0.7939661518869202
0.9225129482549835	1.227542115770274	0.7888249610123951
0.9211925762753332	1.2309902449781422	0.7849245878592847
0.9203075240742508	1.2332825250341453	0.7822994181177334
0.9198625851631339	1.2344161300955103	0.7809727911496427
0.9198601466771563	1.2343896727620849	0.7809565049411592
0.9203001848105584	1.2332031511889736	0.7822505598649933
0.921180264981071	1.2308579489970253	0.7848431576955373
0.922495546723497	1.227356887977277	0.7887109559590391
0.9242387934758329	1.2227043337442276	0.7938195613306626
0.9264003875827492	1.216906354646617	0.8001242313480427
0.928968351000816	1.2099709343877807	0.807570742790003
0.9319283723438481	1.2019082389344524	0.8160963786571185
0.9352638410544438	1.1927309383958762	0.8256309840543528
0.9389558896246435	1.1824545846254493	0.8360980440047466
0.9429834449117304	1.1710980453224897	0.8474157423957789
0.9473232896994171	1.1586839953750263	0.859497969680304
0.9519501357344896	1.1452394660615501	0.8722552563842669
0.956836709519351	1.1307964524856446	0.8855956188233667
0.9619538521544659	1.1153925792009436	0.8994253118710605
0.9672706344963671	1.0990718233212748	0.9136494906229253
0.9727544888195699	1.081885293398207	0.9281727881222983
0.978371358040321	1.0638920608361617	0.942899819932224
0.9840858633710773	1.0451600384008777	0.9577356284010097
0.98986149102541	1.0257668971829588	0.9725860802070968
0.9956607982819867	1.005801008840441	0.9873582304545645
1.00144563884551	0.9853623936013987	1.0019606654922437
1.00717740701584	0.9645636457986069	1.01630383499019
1.0128172997012153	0.943530797006483	1.0303003818322354
1.0183265947975002	0.9224040615322592	1.0438654762382962
1.023666943916433	0.9013383896183734	1.056917158343181
1.0288006768969675	0.8805037302151083	1.069376691327523
1.0336911149942862	0.8600848784227167	1.0811689251938148
1.038302889130997	0.8402807550023641	1.0922226694605077
1.042602259135425	0.821302941260211	1.102471071451197
1.0465574295052755	0.8033732795938034	1.1118519955137027
1.0501388569406922	0.7867203587329142	1.120308397440125
1.0533195447091617	0.7715747462992092	1.1277886875879641
1.0560753188496455	0.7581629225965139	1.134247075736159
1.0583850813071023	0.746700016048965	1.1396438905496618
1.0602310353167583	0.7373816375223023	1.143945866667957
1.0615988787299782	0.730375333656298	1.1471263928642828
1.0624779614847188	0.7258123823027611	1.1491657154205566
1.0628614040601372	0.7237807753803596	1.1500510917989728
1.0627461744989788	0.7243202186297056	1.1497768908256054
1.062133122408963	0.7274197952111607	1.1483446368886137
1.0610269692375773	0.7330186107619788	1.1457629970411403
1.059436255022728	0.7410093314975251	1.1420477113326168
1.0573732427225784	0.7512441425237332	1.137221468112234
1.0548537820903077	0.7635423809675016	1.131313727399222
1.0518971358531148	0.7776989878658681	1.1243604966414853
1.0485257716539669	0.7934929716558546	1.116404064237758
1.0447651237976077	0.8106952406083214	1.107492697035742
1.0406433292930346	0.8290753799588552	1.0976803086049058
1.03619094299381	0.8484071656998482	1.0870261053912271
1.0314406368011841	0.8684727840866598	1.0755942178743458
1.026426887916344	0.8890658485637432	1.063453323556454
1.0211856610151493	0.9099933753690809	1.0506762680146335
1.0157540889850696	0.9310769061050095	1.037339689351456
1.010170156526415	0.9521529635017681	1.0235236501933103
1.0044723904979618	0.9730730077104475	1.0093112799322808
0.9986995604027297	0.993703034076144	0.9947884282098977
0.9928903918832845	1.0139229256155198	0.9800433287346199
0.9870832955500177	1.0336256478580472	0.9651662704537964
0.9813161129188926	1.052716351910205	0.9502492709258008
0.9756258807050254	1.0711114339744945	0.9353857445401852
0.9700486142199738	1.0887375858435928	0.9206701561212408
0.964619110165419	1.1055308605397256	0.9061976485662911
0.959370768712933	1.1214357696406512	0.8920636316957112
0.95433543441435	1.1364044233218547	0.8783633186495439
0.9495432552033043	1.150395720229482	0.8651911962137495
0.9450225585255148	1.1633745915609792	0.8526404166744258
0.9407997434725748	1.175311301844507	0.8408021014484715
0.9368991876869757	1.186180807630784	0.8297645510344344
0.9333431677509355	1.1959621744629299	0.8196123618614964
0.9301517917621459	1.2046380519437319	0.81042545829293
0.9273429428297574	1.2121942063847146	0.8022780570125594
0.9249322322877622	1.2186191103345219	0.7952375906380595
0.9229329615140247	1.2239035882023501	0.7893636267127164
0.9213560913560886	1.2280405171848223	0.7847068260450258
0.9202102182943234	1.2310245827517372	0.7813079894258667
0.9195015566149731	1.2328520880322258	0.7791972429153587
0.9192339260161759	1.233520816557853	0.7783934083927666
0.9194087442266451	1.233029947954717	0.7789035977336408
0.920025024377015	1.2313800263263293	0.7807230563762634
0.9210793770261838	1.2285729812267518	0.783835266428781
0.9225660169080813	1.2246122012847882	0.7882123026437872
0.9244767746268325	1.219502660699275	0.7938154185619768
0.926801113689036	1.2132510989777974	0.8005958267705263
0.9295261534190584	1.2058662544313097	0.8084956279297064
0.9326366984552084	1.1973591520583016	0.8174488387046656
0.9361152756679317	1.1877434465474064	0.8273824689751703
0.9399421794733775	1.177035821186121	0.8382176030278967
0.9440955266314688	1.1652564434728478	0.8498704467821069
0.9485513217132205	1.1524294781701798	0.8622533121994009
0.9532835344908879	1.1385836583818112	0.8752755196663596
0.9582641905415774	1.1237529149440184	0.8888442083088051
0.963463476352964	1.107977063936546	0.9028650521818377
0.9688498601735663	1.091302551354261	0.9172428866707787
0.9743902297531758	1.0737832528194111	0.9318822540919585
0.9800500479668198	1.055481324489383	0.9466878804587435
0.9857935271045435	1.036468098795001	0.9615650968698362
0.9915838223369925	1.0168250150226754	0.9764202192431954
0.9973832445335163	0.9966445696267585	0.99116089943847
1.003153492217732	0.9760312640232286	1.005696459447525
1.0088559020003618	0.9551025178748471	1.0199382185165657
1.014451716339128	0.9339895028824223	1.0337998209856902
1.019902366951321	0.9128378352453871	1.0471975704424645
1.0251697716613253	0.8918080438892207	1.0600507736000544
1.0302166419189591	0.8710757064888743	1.0722820952150176
1.0350067976947375	0.8508311175339948	1.0838179234176715
1.0395054859657173	0.8312783252250988	1.094588743088413
1.0436796985717627	0.8126333524325899	1.1045295134108708
1.0474984848684605	0.7951214100195872	1.1135800444954118
1.050933254349625	0.7789729303984284	1.1216853670137585
1.0539580642763364	0.7644183088982875	1.1287960881306507
1.0565498873454626	0.7516813522357085	1.1348687266693085
1.0586888545674662	0.7409716011627828	1.1398660204029454
1.060358468804819	0.7324759069338989	1.1437571986179618
1.0615457848464214	0.7263498659453408	1.1465182136286731
1.0622415524517685	0.7227099002032948	1.1481319257146143
1.0624403194759042	0.7216268499899245	1.1485882369652523
1.0621404929621066	0.7231218686056244	1.1478841707129392
1.0613443569392087	0.7271651646556196	1.146023894564193
1.060058046553873	0.7336777650540003	1.1430186864491598
1.0582914790754792	0.7425360571961219	1.1388868445423266
1.0560582431988512	0.7535785129269283	1.1336535433072108
1.0533754489085945	0.7666137794146065	1.1273506392275177
1.0502635409282028	0.7814292738365819	1.1200164309543168
1.04674607943411	0.7977995193164176	1.1116953795771336
1.042849492249191	0.8154936542452875	1.102437795475126
1.038602803128549	0.834281773103569	1.0922994986919743
1.0340373410054773	0.8539399636503944	1.0813414599814724
1.029186435175685	0.8742540640258776	1.0696294295746496
1.0240851013687666	0.8950222657174408	1.0572335603182281
1.018769723497223	0.9160567403660177	1.0442280311289058
1.0132777355999871	0.9371844825564376	1.0306906757064431
1.0076473081272892	0.9582475505771914	1.0167026201650244
1.0019170422676424	0.9791028640456624	1.0023479316979798
0.9961256755163197	0.9996216894516639	0.9877132786123796
0.9903118011503563	1.019688917171277	0.9728876000949469
0.9845136037276562	1.0392022090389939	0.9579617819477731
0.9787686121863921	1.0580710752023557	0.9430283323274972
0.9731134716018477	1.0762159228056405	0.9281810493247602
0.9675837341749843	1.093567106638962	0.9135146701503715
0.9622136695907187	1.1100640026255222	0.8991244899073837
0.9570360945023086	1.1256541182584807	0.8851059366204145
0.9520822205755476	1.1402922492547674	0.8715540886032122
0.9473815202651319	1.153939688280555	0.8585631206425693
0.9429616092950592	1.1665634892353935	0.8462256671442094
0.9388481446726761	1.1781357889652317	0.8346320935829957
0.9350647369785201	1.1886331871903075	0.8238696725107628
0.9316328756359842	1.1980361847242855	0.8140216670422509
0.9285718658702233	1.2063286796129524	0.8051663329914172
0.9258987761084614	1.2134975205561327	0.797375860216194
0.923628394648139	1.2195321168399225	0.7907152834871238
0.9217731945182833	1.2244241039609767	0.7852414022700066
0.9203433055788949	1.2281670641438196	0.7810017559544781
0.9193464930368958	1.2307563010186615	0.7780337049964022
0.9187881417026726	1.23218866782811	0.7763636681109788
0.9186712454636246	1.2324624486566602	0.7760065604583658
0.918996401609241	1.2315772923205184	0.7769654677702448
0.9197618098030983	1.2295341987101505	0.7792315773925796
0.9209632756597441	1.2263355575395314	0.782784370762251
0.9225942190471111	1.2219852396187536	0.787592064833519
0.9246456873971771	1.2164887409263254	0.7936122744642514
0.9271063744669447	1.2098533799081819	0.8007928555296527
0.9299626451474071	1.202088548567686	0.8090728807482428
0.9331985670673045	1.193206018027388	0.8183836973431217
0.9367959498783511	1.183220299331404	0.8286500174544037
0.9407343932355805	1.1721490603068674	0.8397909978201125
0.9449913445963148	1.160013599297915	0.851721273459612
0.9495421680482572	1.1468393765070322	0.8643519196376865
0.954360225436579	1.132656603493328	0.8775913260833376
0.9594169710846207	1.1175008910434194	0.891345976362267
0.9646820613875049	1.1014139550808555	0.9055211328416569
0.9701234804958195	1.08444437942278	0.9200214335282214
0.9757076831927508	1.0666484328945232	0.9347514111438986
0.9813997558975291	1.0480909363890054	0.9496159472467183
0.9871635964978558	1.0288461726553564	0.9645206752346276
0.9929621134227594	1.008998827581845	0.9793723459635514
0.9987574440156868	0.9886449460662202	0.994079168747916
1.0045111918590033	0.9678928777014055	1.0085511389490776
1.0101846822416523	0.9468641768188497	1.0227003614135122
1.0157392344605942	0.9256944072650596	1.0364413768757323
1.0211364491159456	0.9045337840703966	1.0496914962282122
1.0263385080145895	0.8835475616575442	1.062371145386907
1.031308483755149	0.862916051889667	1.0744042214233804
1.0360106555478783	0.8428341268063833	1.0857184587507387
1.04041082734807	0.823510034076558	1.0962458024830761
1.0444766439714401	0.8051633345361603	1.1059227846686976
1.048177900536844	0.7880217705068122	1.1146908979508248
1.0514868403636386	0.7723169037146543	1.1224969603521238
1.0543784363556252	0.7582784363691325	1.129293464323032
1.056830650942713	0.7461272587958399	1.1350389029432466
1.0588246698327242	0.7360674522924912	1.13969806621747
1.0603451051518158	0.7282776991510919	1.1432423007512678
1.0613801640181277	0.7229027730965953	1.1456497267111543
1.0619217791886786	0.7200459436277296	1.1469054068372295
1.0619656991287945	0.7197631638454658	1.147001463351841
1.0615115356528564	0.7220597810743036	1.1459371398491154
1.0605627681498087	0.7268902156668083	1.143718806609206
1.0591267043059491	0.7341606526613743	1.1403599092022139
1.057214398139627	0.7437343791999016	1.1358808616744818
1.0548405270361911	0.7554390777361216	1.1303088869855176
1.052023230286097	0.7690752182225993	1.1236778086339627
1.0487839123576712	0.7844246958113422	1.1160277985232574
1.0451470147552118	0.8012589996636312	1.1074050870288747
1.0411397608053525	0.8193464123124851	1.0978616418998888
1.0367918780686407	0.8384579660321091	1.087454823031142
1.0321353032824863	0.8583720781793716	1.076247020255846
1.0272038748085213	0.878877929486595	1.0643052811217557
1.0220330174869092	0.8997777350072975	1.0517009351218376
1.016659424605064	0.9208880958236181	1.0385092200558839
1.011120741383955	0.9420406242872497	1.0248089151133124
1.0054552539903352	0.9630820197470795	1.0106819839035142
0.9997015876190667	0.9838737459465818	0.9962132290423539
0.9938984166771463	1.0042914327531929	0.9814899580596631
0.9880841895618663	1.0242240978738217	0.9666016583631054
0.9822968699792207	1.0435732608049484	0.9516396768306545
0.9765736962137008	1.062252002136315	0.9366968973787023
0.9709509592523372	1.0801840063388737	0.9218674076624066
0.9654638001971977	1.097302614796251	0.9072461440376155
0.9601460269809269	1.113549907429389	0.892928502218181
0.9550299500366486	1.128875825174805	0.8790098999078371
0.9501462362697997	1.1432373412468666	0.8655852773235128
0.9455237804370127	1.1565976860857885	0.8527485222365495
0.9411895928548851	1.1689256288065073	0.8405918082256019
0.9371687022363852	1.1801948165512794	0.8292048385092928
0.9334840723804644	1.1903831722108562	0.8186739931668189
0.9301565314160297	1.1994723503739677	0.8090813847538674
0.9272047123185669	1.2074472509917402	0.8005038360378
0.9246450034702415	1.2142955900319559	0.7930118032708969
0.9224915081163172	1.2200075263002497	0.7866682782355428
0.9207560116761258	1.224575343587509	0.7815277110933108
0.9194479559905481	1.2279931873426497	0.777635002553749
0.9185744197255128	1.2302568551515218	0.775024616785663
0.9181401042983832	1.2313636404147272	0.7737198648492624
0.9181473248482932	1.2313122287513267	0.7737324017897841
0.9185960059303392	1.2301026468046599	0.7750619691782551
0.919483681774652	1.2277362632859312	0.7776963998482461
0.920805501114123	1.2242158422553633	0.7816118845365131
0.9225542367468201	1.2195456488046819	0.7867734831295797
0.9247203001603074	1.2137316074643854	0.7931358482811319
0.9272917617035938	1.2067815138089837	0.8006441179555107
0.9302543769461147	1.1987052998681749	0.8092349269827854
0.9335916200098775	1.1895153540649295	0.8188374862300873
0.9372847247976338	1.1792268964843222	0.8293746810395235
0.9413127351624263	1.1678584103184435	0.8407641471659908
0.9456525651679956	1.1554321303174422	0.8529192913011515
0.950279070669631	1.1419745889809858	0.8657502330978504
0.9551651334957536	1.1275172210159774	0.8791646552823668
0.9602817595251555	1.112097026215758	0.8930685571135337
0.9655981919278623	1.0957572903126138	0.9073669135886308
0.9710820407625009	1.0785483624177596	0.9219642481732838
0.9766994299949723	1.0605284862464168	0.9367651304477116
0.9824151628177967	1.041764680229353	0.9516746120763331
0.9881929059040231	1.0223336585628167	0.9665986151742129
0.9939953929228881	1.0023227808826671	0.9814442867484375
0.9997846472786595	0.9818310120999253	0.9961203317141923
1.0055222236122625	0.9609698654337926	1.0105373352740734
1.0111694671352447	0.9398642901718351	1.0246080834138103
1.016687789356713	0.9186534505103043	1.0382478880741495
1.022038958229152	0.8974913224472398	1.0513749213355539
1.0271854001940248	0.8765470119839944	1.0639105607945043
1.0320905110713863	0.8560046705297735	1.0757797462893552
1.0367189722288557	0.8360628545395666	1.086911346300753
1.0410370680057688	0.8169331504116086	1.0972385307461983
1.0450129999794524	0.798837869886857	1.1066991455391337
1.048617193363127	0.7820066263803709	1.1152360832114658
1.0518225906370477	0.7666716423383881	1.1227976431199431
1.054604927452308	0.7530617256048272	1.1293378742811349
1.0569429859213104	0.7413949978372891	1.13481689370832
1.0588188206264177	0.7318706570124963	1.139201173253081
1.0602179530392108	0.7246602860858349	1.142463788371315
1.0611295305418795	0.7198994349478145	1.1445846229171885
1.0615464468663534	0.7176803400697498	1.1455505249893918
1.0614654214993782	0.7180466442008298	1.145355409974667
1.0608870364181904	0.7209908035023417	1.1440003082081542
1.059815729395576	0.7264545379241248	1.14149335604837
1.0582597440134551	0.7343322623925345	1.1378497305912458
1.0562310374202162	0.7444770335807207	1.1330915296657267
1.0537451477262687	0.7567082559281573	1.1272476001063314
1.0508210237259534	0.7708202666771364	1.1203533185322097
1.0474808203353723	0.7865909633864957	1.112450329927539
1.0437496637233001	0.8037898041612972	1.103586250172509
1.0396553905698678	0.822184736293993	1.0938143392818427
1.0352282662050696	0.8415478338106528	1.0831931524417184
1.0305006865525195	0.8616596091522679	1.071786175978384
1.0255068688354736	0.8823120923282958	1.0596614551316725
1.0202825358999343	0.9033108435032554	1.0468912199422773
1.0148645987865441	0.9244760931350645	1.0335515146973528
1.0092908418549702	0.9456432015619931	1.0197218352252775
1.003599614351808	0.9666626102022827	1.005484776904419
0.9978295318359462	0.9873994290605903	0.9909256945749009
0.9920191903554406	1.0077327764530433	0.9761323736481243
0.986206895728561	1.0275549604012726	0.9611947096366307
0.9804304097376579	1.0467705686512234	0.946204391132948
0.9747267145160461	1.0652955161416933	0.9312545790258814
0.9691317959092998	1.083056084694277	0.9164395725593738
0.963680446136029	1.0999879791279996	0.9018544508495097
0.9584060856675551	1.1160354162449588	0.8875946768573848
0.9533406038974868	1.1311502575543528	0.8737556497904498
0.9485142178838223	1.1452911926602838	0.8604321917337501
0.9439553482189806	1.1584229774986794	0.8477179552837149
0.9396905109150375	1.1705157297337943	0.8357047413569035
0.9357442240798693	1.1815442823654443	0.8244817204164112
0.9321389280996965	1.1914875957701923	0.8141345562325032
0.9288949180293841	1.2003282278731298	0.804744438925282
0.9260302869181927	1.2080518618303686	0.7963870431224227
0.9235608788582632	1.214646890430547	0.7891314369921525
0.9215002506312152	1.2201040563555696	0.7830389777443575
0.9198596409380309	1.2244161474437127	0.778162237729309
0.9186479463246785	1.2275777461543358	0.7745440111727844
0.9178717030556216	1.2295850325262654	0.7722164536239464
0.9175350743364997	1.230435640042915	0.771200403461587
0.9176398424424196	1.2301285639576416	0.7715049269995065
0.9181854054675915	1.2286641217871215	0.7731271163007575
0.9191687785733841	1.2260439658430071	0.7760521529648976
0.9205845997744116	1.2222711478384223	0.7802536337070362
0.922425140464207	1.2173502357712054	0.785694136609141
0.924680321042496	1.2112874834453733	0.7923259925065604
0.927337732163568	1.2040910531418403	0.8000922156350326
0.9303826622773792	1.1957712920825412	0.8089275422634491
0.9337981322797474	1.1863410634429812	0.8187595256532935
0.9375649382218945	1.175816132747555	0.829509639703632
0.9416617031483664	1.1642156105186676	0.8410943509652588
0.9460649392319458	1.1515624520274663	0.8534261280225702
0.9507491214484013	1.1378840148870228	0.866414367254895
0.9556867740777357	1.123212675002804	0.8799662236123912
0.9608485713251848	1.1075865009975214	0.8939873434906968
0.9662034533189451	1.0910499865831567	0.9083825036031771
0.9717187586563456	1.0736548393527974	0.9230561647565906
0.9773603745310935	1.0554608229554978	0.9379129526852213
0.9830929052772462	1.0365366473842417	0.9528580797821895
0.9888798599082369	1.016960898860546	0.9677977219560389
0.994683858911398	0.9968229961541433	0.982639364226617
1.0004668601816904	0.9762241536434243	0.9972921273355099
1.0061904035473495	0.9552783224064911	1.0116670858257655
1.0118158728624995	0.9341130684619257	1.0256775859441574
1.0173047741277448	0.9128703312839155	1.0392395694944672
1.0226190275629814	0.8917069853984237	1.0522719075425462
1.0277212710128791	0.8707951031860485	1.0646967457318908
1.0325751715339506	0.850321788866358	1.076439860978161
1.0371457415123277	0.8304884244997899	1.0874310275200827
1.0413996552149338	0.8115091436003774	1.0976043887485571
1.0453055613052062	0.7936083346474664	1.106898829941775
1.0488343865772134	0.7770169868964542	1.1152583460223284
1.0519596259984483	0.7619677384305116	1.1226323977350618
1.0546576141146489	0.7486885849417387	1.1289762492306494
1.0569077729720222	0.7373953648050476	1.1342512799301305
1.0586928319569224	0.7282833453292471	1.1384252637331018
1.0599990153402914	0.721518469237845	1.14147260910414
1.0608161938371092	0.7172290288509596	1.1433745543040046
1.061137997136254	0.715498652762036	1.1441193129946818
1.0609618851045983	0.7163614566883931	1.1437021665999734
1.0602891761973559	0.7198000005051292	1.1421255011007014
1.059125032485484	0.7257463345093785	1.139398787334187
1.0574784016114545	0.7340859893233059	1.1355385052947637
1.0553619168731445	0.7446643712918708	1.1305680143410617
1.0527917574831869	0.7572947608707723	1.1245173725482454
1.049787471826726	0.7717670211457412	1.1174231096483014
1.0463717672205386	0.7878561972135321	1.1093279590290894
1.0425702702387323	0.8053303732409108	1.1002805550733754
1.0384112621011206	0.8239573864024542	1.0903351026773536
1.0339253939096724	0.843510218591721	1.079551026069928
1.0291453866644114	0.8637710626124351	1.0679926040419854
1.024105720995813	0.8845341769541476	1.0557285983804752
1.018842321425011	0.9056077061546862	1.0428318816840423
1.0133922397193087	0.9268146644977058	1.0293790698206682
1.0077933415662983	0.9479932737123772	1.0154501630846902
1.0020840003641913	0.9689968229299767	1.001128198638312
0.9963028014405273	0.9896931905893007	0.9864989151042123
0.9904882594872915	1.009964139116397	0.971650428243537
0.9846785514581264	1.0297044672112914	0.9566729145493449
0.9789112666324843	1.0488210827864184	0.9416582973675628
0.9732231750283691	1.0672320422220238	0.9266999279047566
0.9676500148548878	1.0848655882448193	0.9118922513023251
0.9622262992490093	1.1016592087585022	0.8973304459934853
0.9569851421462887	1.1175587316758877	0.8831100229980989
0.9519581027983317	1.1325174655966344	0.8693263708813124
0.9471750481731346	1.1464953925158632	0.8560742320745476
0.9426640322585472	1.1594584162194426	0.8434470974265192
0.9384511911316153	1.1713776683021502	0.8315365085058737
0.934560652554926	1.1822288725972643	0.8204312615504845
0.9310144588094749	1.1919917680596526	0.8102165131672701
0.9278325014672666	1.20064958967579	0.8009727958513752
0.9250324668391643	1.2081886066992127	0.7927749607658855
0.9226297908988593	1.2145977173688367	0.7856910753324324
0.9206376225755106	1.2198680992207447	0.7797813130338298
0.91906679442093	1.2239929141236385	0.7750968811695484
0.9179257997864687	1.2269670672357063	0.7716790377775046
0.9172207757862902	1.2287870191827721	0.7695582503117241
0.9169554914737114	1.2294506508849337	0.7687535451086421
0.9171313408130914	1.2289571806046633	0.7692720879848914
0.9177473401892217	1.2273071329471028	0.7711090230660527
0.9188001303577724	1.224502359708392	0.7742475804929657
0.9202839829022902	1.2205461126362558	0.77865944590796
0.9221908114251977	1.2154431683333942	0.7843053677414741
0.9245101878598534	1.2092000056943348	0.7911359642971285
0.9272293644473761	1.2018250364163272	0.7990926829506012
0.9303333020730087	1.1933288892574556	0.8081088591761001
0.9338047057997261	1.1837247488253404	0.8181108235437669
0.9376240685686225	1.1730287497579759	0.8290190095671627
0.9417697241515371	1.1612604271925953	0.8407490231494157
0.9462179105375176	1.1484432243915366	0.853212644029211
0.950942845004694	1.1346050582817022	0.8663187397744067
0.9559168121677447	1.1197789434277936	0.8799740824563699
0.9611102662921174	1.104003674546229	0.8940840664239256
0.9664919491229281	1.0873245669966742	0.9085533321717845
0.9720290243842726	1.0697942536480376	0.9232863060361755
0.9776872299576572	1.0514735349444575	0.9381876684332177
0.9834310485432357	1.0324322766713558	0.9531627647998576
0.9892238973422844	1.0127503465386751	0.9681179735851304
0.9950283369736488	0.9925185758582477	0.9829610448677277
1.0008062994530182	0.971839725786493	0.9976014217207466
1.0065193346268522	0.9508294282183236	1.011950554545195
1.0121288739704857	0.9296170587650555	1.0259222164446702
1.0175965101429048	0.9083464826553472	1.0394328254667122
1.0228842901531854	0.8871765933837267	1.052401777305406
1.0279550194516847	0.86628153852483	1.0647517899297263
1.0327725737316207	0.8458504983676501	1.0764092596344808
1.0373022147341304	0.826086853635848	1.0873046262500807
1.0415109059134073	0.8072065538133778	1.0973727437280854
1.0453676234593852	0.7894354860335927	1.1065532510654499
1.0488436579131672	0.7730056581356474	1.1147909375609255
1.0519129014632769	0.7581500627302991	1.1220360957239188
1.0545521159923257	0.745096195390413	1.1282448547859494
1.0567411770640878	0.7340583658574791	1.1333794876977965
1.0584632893044763	0.7252291578922475	1.1374086847238676
1.0597051690346138	0.7187706304211362	1.140307787254079
1.0604571905529276	0.714806056027614	1.1420589762185895
1.0607134931220314	0.7134130956084118	1.1426514104803696
1.0604720464741952	0.7146192525425643	1.1420813117544952
1.0597346734841095	0.7184002154923733	1.140351993914296
1.0585070295388643	0.7246813210728908	1.1374738359414338
1.0567985390333452	0.7333419323887803	1.133464199203658
1.0546222903023013	0.7442221448373886	1.1283472911440555
1.0519948911376031	0.7571309854273257	1.1221539787831372
1.0489362878022015	0.7718552049947398	1.1149215566185806
1.045469551116037	0.7881678568129675	1.1066934745085215
1.0416206337340483	0.8058360541301653	1.0975190319038686
1.0374181031480272	0.8246275359359125	1.0874530453199314
1.0328928552143832	0.8443158895376779	1.0765554961837882
1.0280778131370552	0.8646844480811567	1.0648911661452836
1.0230076168228779	0.8855289911865316	1.0525292665892736
1.0177183073855065	0.9066594331534987	1.0395430684328861
1.012247011316751	0.9279006989207512	1.0260095373414204
1.0066316284892691	0.9490929776091388	1.0120089782609654
1.0009105277212196	0.97009151926134	0.9976246916629617
0.9951222531428858	0.9907661110900193	0.9829426421489523
0.9893052440790782	1.0110003406190198	0.9680511381054048
0.9834975706190807	1.0306907274191608	0.9530405189711915
0.9777366865076018	1.0497457838231457	0.9380028444433918
0.9720592004716146	1.068085048127585	0.9230315776820176
0.966500666613265	1.0856381208966608	0.9082212523912727
0.9610953940594842	1.102343725402738	0.8936671117022305
0.9558762756716533	1.118148806283972	0.8794647052502385
0.9508746352900433	1.1330076755465786	0.8657094299663858
0.9461200927188375	1.1468812115748341	0.85249600016239
0.9416404454493424	1.1597361144272096	0.8399178337826649
0.9374615659688786	1.1715442190849268	0.8280663445170224
0.9336073134074583	1.1822818672500597	0.8170301340445691
0.9300994582287062	1.1919293376005742	0.8068940851201877
0.9269576186698752	1.200470333982821	0.7977383644190199
0.924199207672449	1.2078915307769826	0.7896373536434156
0.9218393891131836	1.214182174551579	0.782658537660632
0.9198910422399167	1.2193337410926863	0.7768613883401283
0.9183647333315873	1.223339646924758	0.7722962910063239
0.9172686937325576	1.2261950145163758	0.7690035656383313
0.916608803553792	1.2278964904731677	0.7670126359058796
0.9163885804838909	1.228442116152377	0.7663413950311441
0.9166091733091914	1.2278312502830624	0.7669958081752658
0.9172693599016162	1.2260645433367863	0.7689697772346689
0.9183655495942932	1.2231439635610424	0.7722452770310801
0.9198917900270381	1.2190728747572495	0.7767927538828071
0.9218397787050059	1.2138561660532508	0.7825717606471393
0.9241988796733178	1.2075004340813273	0.7895317885158014
0.9269561458661786	1.2000142181232598	0.7976132465626784
0.9300963478393871	1.1914082889178657	0.8067485359514333
0.9336020097369218	1.1816959919372618	0.8168631666763425
0.9374534534726501	1.1708936460172836	0.8278768699311922
0.94162885222242	1.1590209982626931	0.8397046674520396
0.9461042944156219	1.146101736121894	0.8522578690815722
0.950853859482747	1.13216405741313	0.865444980066131
0.9558497066509604	1.1172412988469875	0.879172509182521
0.9610621780770832	1.1013726231729073	0.8933456769922722
0.9664599175605061	1.0846037643995297	0.9078690299567171
0.9720100059818412	1.0669878294836268	0.922646970718409
0.9776781144619087	1.048586153285386	0.9375842176692044
0.9834286760260906	1.0294692012198996	0.9525862082149053
0.9892250762894114	1.0097175105851073	0.9675594602025381
0.9950298633478429	0.9894226566061421	0.9824119050991049
1.0008049766738534	0.9686882222833144	0.9970532049766855
1.0065119943741547	0.9476307415392589	1.0113950634047935
1.0121123976830964	0.9263805722273883	1.0253515381673797
1.0175678510473116	0.9050826386076374	1.0388393614575113
1.0228404956196884	0.8838969614396989	1.0517782709673869
1.027893253440727	0.8629988679461222	1.0640913531669434
1.0326901390607588	0.842578744663343	1.0757053981089704
1.0371965748688883	0.8228411664987615	1.0865512633566867
1.0413797059639682	0.8040032106325257	1.0965642431315135
1.0452087100513574	0.7862917530974641	1.1056844375493455
1.0486550975956388	0.7699395613156991	1.1138571158691277
1.051692997321964	0.7551800522436481	1.1210330670305448
1.0542994221500888	0.7422406965440729	1.1271689304131902
1.0564545107762533	0.7313352203251849	1.132227499707145
1.0581417403909474	0.722654977669902	1.1361779930364238
1.059348106435048	0.7163601068099648	1.1389962830064244
1.0600642658433725	0.7125712843627545	1.1406650811294214
1.0602846408896245	0.7113629872812993	1.141174072086416
1.0600074815100509	0.7127591041258143	1.140519994468172
1.0592348848196012	0.7167314884735442	1.1387066659564309
1.0579727714162772	0.7232016574201248	1.1357449523054108
1.056230818965085	0.732045397642098	1.1316526809090024
1.0540223544317102	0.7430996600926433	1.1264545011331994
1.0513642071670195	0.7561708893806959	1.120181694901886
1.0482765257980318	0.7710438802272169	1.1128719421949544
1.044782562535568	0.7874903595849871	1.1045690471041887
1.0409084290433934	0.8052767001386298	1.095322630855103
1.0366828284142617	0.82417041094633	1.085187798710027
1.0321367680583116	0.8439452695509226	1.0742247878952893
1.0273032584258652	0.864385126321829	1.0624986036285928
1.0222170024659942	0.88528651785941	1.050078649953998
1.0169140805721242	0.9064602788517183	1.0370383614211702
1.0114316355028967	0.9277323545838769	1.023454840678472
1.0058075614056918	0.9489440039555829	1.0094085057984343
1.0000802006336298	0.9699515574819103	0.9949827496358729
0.9942880515544977	0.9906258649072588	0.9802636117573549
0.9884694900229306	1.010851537999199	0.9653394615074701
0.9826625066464513	1.030526068508389	0.9503006886356524
0.9769044614393915	1.0495588801800761	0.9352393956556632
0.9712318569432258	1.0678703570811439	0.9202490838311463
0.9656801304108495	1.0853908778597847	0.9054243224856665
0.9602834652166798	1.1020598761946359	0.8908603893750059
0.9550746212719379	1.1178249409168373	0.8766528683266923
0.9500847838998703	1.1326409644828026	0.862897189487332
0.9453434303614252	1.1464693451244743	0.8496880976034193
0.9408782130175708	1.1592772457073983	0.8371190351014755
0.9367148579681639	1.1710369107798202	0.8252814296235944
0.9328770779152521	1.1817250422770085	0.8142638803503074
0.929386497955734	1.1913222336912512	0.8041512440084427
0.926262593009401	1.1998124621187274	0.7950236298118618
0.9235226356265924	1.2071826373688883	0.7869553223249649
0.9211816529898661	1.2134222072181693	0.7800136616440793
0.9192523920195733	1.2185228178700294	0.7742579202953448
0.9177452916090697	1.2224780287229653	0.7697382245337311
0.9166684611465759	1.2252830806310953	0.7664945728938035
0.9160276646233586	1.2269347169550073	0.7645560056524918
0.9158263097785693	1.227431056837343	0.7639399745206935
0.9160654418871205	1.226771520289033	0.7646519522767087
0.9167437419564911	1.224956804835897	0.7666853078992333
0.9178575292594426	1.2219889136441506	0.7700214555389553
0.9194007682915288	1.2178712352148204	0.774630267428389
0.9213650804031204	1.2126086749066	0.7804707238007363
0.9237397605149393	1.2062078387091049	0.7874917590781721
0.926511799481386	1.1986772698410817	0.7956332544246558
0.9296659128158419	1.1900277388837484	0.8048271228762802
0.9331845766334341	1.1802725882727787	0.8149984344880215
0.9370480717963784	1.1694281320551105	0.8260665344252652
0.9412345373606887	1.1575141118556371	0.8379461154183742
0.9457200345157963	1.1445542099781907	0.8505482160865689
0.9504786222752344	1.1305766204587466	0.8637811270219299
0.9554824462111814	1.1156146786593146	0.8775511961692938
0.9607018415216033	1.0997075495830655	0.8917635332430193
0.9661054516711365	1.0829009744238876	0.9063226193229407
0.9716603637487343	1.0652480738203955	0.9211328322841495
0.9773322615330682	1.0468102046993293	0.9360989014590643
0.9830855970459978	1.0276578652367696	0.9511263061466745
0.9888837811040971	1.0078716390242417	0.9661216325732634
0.9946893930476297	0.9875431645869812	0.9809929029736741
1.0004644094386483	0.9667761094381511	0.9956498888824254
1.0061704510797211	0.9456871182279838	1.0100044187349941
1.0117690472205214	0.9244066915493258	1.0239706876719563
1.0172219153023823	0.9030799348933415	1.0374655751590434
1.022491254054278	0.8818670956188389	1.0504089737926692
1.0275400472149525	0.8609437796473244	1.0627241305338697
1.0323323746331816	0.8405007100208023	1.0743379996599676
1.0368337270122001	0.8207428593414711	1.085181604986139
1.0410113201360895	0.8018877629839445	1.0951904074174894
1.044834404066593	0.7841628087849117	1.1043046726704178
1.0482745625476362	0.7678013142191753	1.1124698330660088
1.0513059977192523	0.7530372587754409	1.1196368366590246
1.0539057952368929	0.7400986510645866	1.1257624766294456
1.0560541650239463	0.7291996832401294	1.1308096938279188
1.0577346531606582	0.7205320496869851	1.134747845624158
1.0589343208272985	0.7142560495132919	1.1375529347414908
1.059643886766979	0.7104922962094895	1.1392077925476902
1.0598578303981188	0.7093149535458504	1.139702212278637
1.0595744534691989	0.7107473466385791	1.1390330288573893
1.0587958989838033	0.7147605437432659	1.1372041432891662
1.0575281270039893	0.7212751085893545	1.1342264910114006
1.0557808478335686	0.7301657772820147	1.1301179550013163
1.0535674139591589	0.741268429410549	1.1249032258354172
1.0509046729547462	0.7543884880875085	1.1186136122014303
1.0478127843075706	0.7693098327479724	1.1112868065308514
1.0443150037746427	0.7858034188597897	1.1029666114044632
1.0404374394107794	0.8036350098885463	1.0937026331433897
1.036208783807791	0.8225716699011233	1.0835499495033507
1.0316600273417396	0.8423868853288131	1.0725687586161445
1.0268241573404724	0.8628643511523261	1.0608240162551386
1.0217358480612713	0.8838005623066044	1.04838506813259
1.0164311462179376	0.905006402727652	1.0353252832666557
1.0109471565328556	0.9263079362773382	1.0217216934895057
1.0053217314289868	0.9475465905719254	1.0076546429176245
0.9995931685406638	0.9685788987047282	0.993207449687183
0.9937999192301886	0.9892759335637937	0.9784660804945862
0.9879803107713927	1.0095225401153802	0.9635188365058892
0.9821722843215962	1.0292164453063892	0.9484560470505194
0.976413150268139	1.0482673040891495	0.9333697652532432
0.9707393620214836	1.0665957234537349	0.9183534574639064
0.9651863088471438	1.08413229373918	0.9035016761286682
0.9597881278942332	1.1008166471790835	0.8889097037583342
0.9545775351969301	1.1165965569121066	0.874673154083025
0.9495856751015399	1.131427084927141	0.8608875155799162
0.9448419873081916	1.1452697841020174	0.8476476226056612
0.9403740905126066	1.1580919572322197	0.8350470406673247
0.9362076814873632	1.169865974427421	0.8231773552271676
0.9323664483502712	1.180568649256692	0.8121273581010331
0.928871996724743	1.1901806733886144	0.8019821320903308
0.9257437874979237	1.1986861090867746	0.7928220428876022
0.9229990849206259	1.206071938707381	0.7847216571283152
0.9206529138628908	1.212327670250359	0.7777486159981579
0.9187180251344432	1.2174449980021338	0.7719625039746957
0.917204867894723	1.2214175173535036	0.7674137607506171
0.9161215683082662	1.224240492962531	0.7641426897279396
0.9154739137435424	1.2259106795490387	0.7621786174192459
0.9152653419637702	1.2264261947459612	0.7615392538199236
0.9154969349139589	1.2257864435870047	0.7622302941939681
0.9161674168677435	1.2239920943748688	0.7642452884485853
0.9172731568584067	1.2210451058449454	0.7675657868584219
0.9188081754800606	1.2169488057127398	0.7721617524096941
0.9207641563058286	1.2117080208638207	0.7779922127382937
0.9231304623286952	1.2053292596103724	0.7850061105831532
0.9258941579860659	1.1978209465926872	0.7931433023277358
0.9290400374788149	1.1891937110431605	0.8023356502167519
0.9325506602371257	1.1794607292477362	0.8125081550407783
0.9364063945148909	1.168638122127333	0.823580081623375
0.9405854702088753	1.1567454089079736	0.8354660380400797
0.9450640420917875	1.1438060178367622	0.8480769797191018
0.9498162647161443	1.129847854806635	0.8613211200967685
0.9548143802811205	1.1149039305396629	0.8751047392717534
0.9600288207522314	1.0990130465923997	0.8893328904112741
0.9654283254775802	1.0822205398084366	0.9039100101398205
0.9709800754483702	1.0645790838380949	0.9187404437033163
0.976649845201557	1.0461495448103626	0.9337288984714271
0.9824021731544961	1.027001885950683	0.9487808405659615
0.9882005508938085	1.007216112580028	0.9638028493883656
0.9940076316130529	0.9868832440951398	0.9787029438726791
0.9997854575089427	0.9661062926921626	0.9933908926945202
1.0054957055084937	0.9450012191175107	1.00777851866126
1.0110999502179594	0.923697822889126	1.0217800052848633
1.016559942469126	0.9023405075127976	1.0353122112445003
1.0218379013040138	0.881088839691912	1.048294996190129
1.0268968167007735	0.8601177953766745	1.0606515592000694
1.0317007598212473	0.8396175557272556	1.0723087892429812
1.0362151970736975	0.8197926854351676	1.0831976252478388
1.0404073038542616	0.8008604997526728	1.0932534218857457
1.0442462734781146	0.7830484138559868	1.1024163159369784
1.0477036165564175	0.7665900813336953	1.1106315871712285
1.0507534459344363	0.7517201827249981	1.1178500070206547
1.0533727422945414	0.738667834325031	1.1240281679780668
1.0555415956532688	0.7276487588796736	1.1291287866067794
1.0572434182500723	0.7188565845082279	1.1331209732948873
1.0584651247327213	0.7124538840802392	1.1359804624104768
1.0591972760851271	0.708563777675397	1.1376897972904625
1.0594341844012352	0.7072630253328983	1.1382384654929738
1.059173976365713	0.7085774759836432	1.1376229809209002
1.0584186141325889	0.7124804908377185	1.1358469107362388
1.0571738731695646	0.7188945640398063	1.132920846379189
1.0554492775272741	0.7276959119894627	1.1288623194278191
1.0532579938681503	0.7387214086564735	1.1236956644272862
1.0506166864187207	0.7517769988697911	1.117451832127613
1.0475453357632287	0.7666466626237257	1.1101681577434268
1.0440670250517257	0.783101109847577	1.101888089842607
1.040207697732401	0.8009055964346502	1.0926608862428586
1.0359958913219351	0.8198264983181387	1.0825412838141368
1.031462451991476	0.8396365046190359	1.0715891493271739
1.0266402348676489	0.8601184615514519	1.0598691184377957
1.0215637949322562	0.881068007307494	1.0474502295460149
1.0162690732600672	0.9022951916546178	1.0344055586167746
1.0107930830763319	0.9236252867071538	1.0208118601014098
1.005173599760154	0.9448989823467363	1.006749217865199
0.9994488584881517	0.9659721335436563	0.9923007085238564
0.9936572627242782	0.9867151961631216	0.977552077841776
0.9878371062384501	1.0070124580840911	0.9625914288767027
0.9820263107981739	1.0267611463462238	0.9475089184102556
0.976262181142686	1.0458704695633887	0.9323964559366835
0.9705811783346453	1.0642606379705544	0.917347397172248
0.9650187121034911	1.0818618906717377	0.90245622180249
0.959608952358362	1.0986135502118723	0.8878181831508565
0.9543846596648632	1.1144631177837299	0.8735289158213406
0.9493770341536502	1.1293654175657948	0.8596839863797181
0.9446155820623361	1.1432817953432912	0.8463783720776598
0.9401279989057694	1.156179374283721	0.8337058538040734
0.9359400681206759	1.1680303692114238	0.8217583121793273
0.9320755739361072	1.1788114597257737	0.810624920247041
0.9285562271757244	1.1885032218736358	0.8003912326974699
0.925401602696355	1.1970896177029382	0.7911381799034772
0.9226290872034268	1.2045575418138375	0.7829409849030545
0.9202538362517506	1.2108964239310778	0.7758680321143846
0.9182887393340132	1.2160978865109127	0.7699797269619407
0.9167443920733125	1.2201554564435102	0.7653273943866741
0.915629074666321	1.2230643300000872	0.7619522699583328
0.9149487358648641	1.2248211902924833	0.759884638687894
0.9147069819336148	1.2254240766527111	0.7591431727641733
0.9149050701768062	1.2248723054956354	0.7597345101120907
0.915541906785648	1.2231664423935533	0.7616531015357642
0.916614048918762	1.2203083252640632	0.7648813367338992
0.918115711089332	1.2163011387466816	0.7693899407318788
0.9200387760931988	1.2111495400168308	0.7751386145746606
0.9223728108712069	1.204859836452825	0.7820768795823662
0.9251050878544494	1.1974402157294342	0.7901450746262658
0.9282206124911875	1.1889010290546513	0.7992754514658845
0.9317021577963123	1.1792551283889245	0.809393314079315
0.9355303068948211	1.1685182585810683	0.820418153286781
0.9396835046463065	1.15670950541057	0.8322647365256328
0.9441381195325853	1.143851800527583	0.8448441229324564
0.9488685170605258	1.1299724842049892	0.8580645845669105
0.9538471459707663	1.115103926627916	0.871832424580073
0.9590446385442233	1.0992842080931269	0.8860526916461291
0.9644299262566172	1.082557857897633	0.9006297966455449
0.969970371940305	1.0649766507535616	0.9154680423132532
0.9756319194683993	1.0466004581170572	0.9304720794627103
0.98137926177411	1.0274981496433762	0.9455473047145074
0.9871760277570291	1.0077485367766288	0.9606002147034651
0.9929849883067423	0.9874413458504823	0.9755387308267397
0.9987682812954641	0.9666782014978457	0.9902725070149523
1.0044876549598298	0.9455735920098375	1.004713231004145
1.0101047286153322	0.9242557758219394	1.0187749273546203
1.0155812691356199	0.9028675717986948	1.032374268154333
1.0208794810964044	0.8815669548565175	1.045430895070632
1.0259623079466753	0.8605273525876199	1.0578677542564134
1.0307937410459507	0.8399375087680743	1.0696114436320558
1.0353391329159425	0.8200007484633866	1.080592570295496
1.0395655106195199	0.8009334519607909	1.0907461142892096
1.0434418848191285	0.7829625294483398	1.1000117936969105
1.0469395498018486	0.7663216974962352	1.1083344250719833
1.05003236960545	0.7512464071109027	1.115664272523381
1.052697045354519	0.7379673762611769	1.1219573784100354
1.054913359026542	0.726702845736565	1.1271758685204076
1.0566643891205945	0.7176498994593687	1.1312882248326412
1.0579366940940875	0.7109754393472401	1.1342695194474752
1.058720459958756	0.706807625549397	1.1361016040383354
1.0590096090722299	0.7052287144513859	1.1367732501380015
1.0588018679076068	0.7062701855146203	1.1362802367420748
1.058098792405211	0.7099108172411356	1.1346253830078707
1.056905750382049	0.7160779846152102	1.131818525214623
1.0552318613634695	0.7246519939699634	1.1278764385704279
1.0530898950782202	0.7354728612758699	1.1228227058491405
1.0504961306913705	0.7483486733853619	1.1166875361598163
1.0474701796110768	0.7630645933893816	1.1095075383423225
1.0440347753703232	0.779391664914524	1.1013254544963529
1.04021553463357	0.79709477715479	1.0921898599495072
1.036040693795899	0.8159394009716365	1.082154836517817
1.0315408259205763	0.8356969371806466	1.071279626187009
1.0267485428978147	0.8561486964391999	1.0596282723268056
1.0216981877060252	0.8770886454088495	1.0472692552351857
1.016425521526442	0.8983251122717102	1.0342751281937799
1.0109674102161421	0.919681660382594	1.0207221593028348
1.0053615142996926	0.9409973272593245	1.0066899831644298
0.9996459862161307	0.9621264002227882	0.9922612650113835
0.9938591780758806	0.9829378690366376	0.9775213781561192
0.98803936266268	1.0033146655552507	0.9625580936868888
0.9822244698794279	1.0231527736155288	0.9474612792064065
0.9764518403017909	1.04236027031259	0.9323226011420851
0.9707579969872415	1.0608563424051722	0.917235222833053
0.9651784362027691	1.0785703083836673	0.9022934883191748
0.9597474372940312	1.0954406669767662	0.8875925796628892
0.95449789152931	1.1114141858345035	0.8732281339116821
0.9494611494195164	1.1264450391504823	0.8592958046925036
0.944666885742668	1.1404939995340064	0.8458907532019927
0.9401429812881682	1.1535276870894036	0.833107054333036
0.9359154201812913	1.165517877086473	0.8210370061784864
0.9320082015474772	1.1764408665775132	0.8097703354508782
0.9284432642253113	1.1862768996640234	0.7993932976138464
0.9252404232306503	1.1950096507235555	0.7899876787019847
0.9224173167062504	1.2026257646901843	0.7816297155936522
0.9199893621554437	1.2091144533870863	0.774388962234554
0.9179697208493214	1.2144671468981538	0.768327139962607
0.9163692694085048	1.2186771990124698	0.7634970193308883
0.9151965776888638	1.2217396458638998	0.7599413871901596
0.9144578922402818	1.2236510170066581	0.757692154899428
0.9141571247564265	1.224409198307807	0.7567696603957578
0.9142958450878256	1.2240133461936	0.7571822081583212
0.9148732785487591	1.22246385295318	0.7589258773772736
0.915886307408797	1.21976236297642	0.7619846112711358
0.9173294766207521	1.2159118399784274	0.7663305815315641
0.9191950039975545	1.2109166854381168	0.7719248036556929
0.9214727952094268	1.2047829086484125	0.7787179636575989
0.9241504641287294	1.197518348936777	0.7866514059927491
0.927213359200505	1.189132950762717	0.7956582273381263
0.930644596659932	1.1796390925283462	0.8056644211305041
0.934425101550421	1.1690519700411617	0.8165900227079028
