1.0	1.0	0.9999999999999999
1.0057044051853434	0.9788534834788702	1.0141450446598417
1.0113353491663206	0.9573946354137348	1.0279933534577208
1.0168534913847815	0.935756918266525	1.0414571500194638
1.0222197366648396	0.914088507849909	1.0544513785518546
1.0273955387160756	0.8925527801525287	1.0668940658382509
1.0323432137738298	0.8713284600546887	1.0787066917432482
1.037026260940499	0.8506092913536646	1.0898145675975868
1.0414096852990447	0.8306030582613225	1.1001472200871638
1.045460319441238	0.8115297651797568	1.1096387767608278
1.0491471387101605	0.7936187733409525	1.1182283480314672
1.0524415652193015	0.7771047124998608	1.1258603995969592
1.0553177555966857	0.762222047997799	1.1324851085668082
1.0577528674252765	0.7491983010872487	1.1380586962542596
1.059727299519085	0.7382460980188649	1.142543730582024
1.0612249014905184	0.7295544490241074	1.145909391343376
1.0622331485253882	0.7232798967506033	1.1481316921414326
1.0627432778772097	0.719538366940133	1.1491936536708158
1.0627503843059574	0.7183986339604009	1.1490854240717625
1.0622534724960608	0.7198782262308842	1.1478043433332688
1.0612554653672492	0.7239423296106027	1.1453549500984999
1.0597631681096253	0.7305058460676377	1.141748930676982
1.0577871886986419	0.7394383245606585	1.1370050115360024
1.0553418165437338	0.7505711103283286	1.1311487979696164
1.052444861765008	0.7637058407925328	1.1242125629710031
1.04911745834698	0.7786233802289388	1.1162349915105898
1.0453838350629245	0.795092404957	1.1072608864018052
1.041271058579098	0.8128770649554433	1.097340842679975
1.036808753522294	0.8317433888891693	1.086530897897424
1.032028804520849	0.851464315070494	1.0748921659274207
1.026965045308511	0.8718233924489657	1.0624904617582331
1.0216529399187533	0.8926172968347712	1.0493959243405517
1.01612926080593	0.9136573560405291	1.0356826438279474
1.0104317684248734	0.9347702875636841	1.0214282985277083
1.0045988964012604	0.955798338336352	1.0067138055694151
0.9986694459527048	0.9765989898008621	0.9916229877167044
0.9926822926968065	0.9970443614087815	0.9762422569138142
0.9866761084294328	1.0170204165962275	0.9606603130995736
0.9806890998947564	1.0364260498871218	0.944967854573697
0.9747587660168421	1.0551721129093137	0.9292572938150145
0.9689216745371063	1.0731804207148345	0.9136224702019836
0.9632132585158695	1.0903827673443527	0.8981583486768436
0.9576676327199459	1.106719970369213	0.8829606911712382
0.9523174295386989	1.122140957485992	0.8681256857677214
0.9471936537525242	1.136601903513472	0.8537495173585791
0.9423255552218098	1.1500654228464005	0.8399278632847516
0.9377405183701712	1.1624998201595949	0.8267552984375567
0.9334639672004702	1.1738784006324008	0.8143245969372696
0.9295192845014774	1.184178839958379	0.8027259220745895
0.9259277438716311	1.1933826137614199	0.7920459029024878
0.9227084531982618	1.201474485646357	0.7823666046729927
0.9198783082793776	1.2084420528926767	0.7737644108920083
0.9174519553545794	1.2142753487013263	0.7663088463962037
0.9154417614157039	1.2189664998908045	0.7600613824138467
0.913857791291109	1.2225094389853166	0.7550742745902657
0.912707790635225	1.2248996697281302	0.7513894918059961
0.9119971741031315	1.226134085175613	0.7490377957688852
0.9117290181451938	1.2262108376734546	0.7480380277420217
0.9119040580166876	1.2251292601800003	0.7483966490563905
0.9125206887598507	1.2228898385774487	0.7501075668840835
0.9135749700795055	1.219494234795735	0.7531522576990668
0.9150606351971284	1.2149453607626006	0.7575001802326584
0.9169691039307836	1.209247503383503	0.7631094501462999
0.9192895004086299	1.202406500943665	0.7699277325026825
0.9220086759800734	1.1944299715087643	0.7778932971807518
0.9251112380392321	1.1853275940776493	0.7869361774912732
0.9285795856174058	1.1751114434066514	0.7969793732752961
0.9323939527316178	1.1637963795758437	0.8079400457625212
0.9365324605908052	1.1514004934962645	0.8197306609687884
0.9409711798552792	1.137945609653288	0.8322600497828646
0.9456842042133357	1.1234578474278594	0.8454343646103775
0.9506437365755789	1.1079682423075556	0.8591579232991907
0.9558201891867534	1.0915134281510905	0.8733339402606618
0.9611822989106878	1.0741363813377716	0.8878651518162656
0.966697258850942	1.055887227018849	0.9026543477602911
0.9723308673231239	1.036824106644472	0.9176048240925367
0.9780476949911183	1.017014104255561	0.9326207731347842
0.9838112707165222	0.9965342264030553	0.9476076271540476
0.9895842863486125	0.9754724265707319	0.9624723705270428
0.9953288203031204	0.9539286590727649	0.9771238337112249
1.0010065793472067	0.9320159388514709	0.991472980102816
1.006579157532766	0.9098613715306546	1.0054331944697261
1.012008310711235	0.8876071014883133	1.0189205792037304
1.0172562445340014	0.865411103623932	1.0318542622547457
1.022285913309145	0.8434477162416637	1.0441567183701657
1.0270613265661979	0.8219077781994241	1.0557541032189675
1.0315478596954246	0.8009981949574422	1.0665765981717872
1.0357125645979186	0.7809407199168087	1.0765587619608006
1.039524475927849	0.7619697080321457	1.0856398841761024
1.042954908248282	0.7443285917448524	1.093764334581364
1.0459777392742517	0.7282648633552464	1.100881901559279
1.0485696743551327	0.7140234437638855	1.1069481126300678
1.0507104874625515	0.7018384913109406	1.1119245299218976
1.052383234204443	0.6919239571061581	1.115779013701853
1.053574432779099	0.6844634978180739	1.118485947584277
1.054274209307869	0.6796006512755157	1.1200264197963898
1.0544764046280253	0.6774303742261432	1.1203883558675802
1.0541786403693234	0.6779930441138576	1.1195665992801869
1.053382342955122	0.6812717873704743	1.117562937930488
1.0520927250339163	0.6871935413397174	1.1143860756490107
1.0503187247299353	0.6956336924068298	1.1100515494656618
1.04807290397114	0.7064236103581009	1.1045815947230517
1.0453713079792435	0.7193600524713584	1.0980049614873912
1.0422332887613566	0.7342153054694496	1.0903566869299763
1.0386812961019567	0.7507470507831633	1.0816778294084504
1.0347406400973318	0.7687072005480633	1.072015170826656
1.0304392296881517	0.7878492629303152	1.0614208944634993
1.0258072919210617	0.8079340784099609	1.0499522458110389
1.0208770768048185	0.8287339805752273	1.0376711840336235
1.0156825526242965	0.8500355653521917	1.0246440314437408
1.0102590964451938	0.871641312268784	1.0109411278823894
1.0046431842970927	0.8933703102526326	0.9966364960921872
0.9988720851792574	0.915058318818236	0.981807523083151
0.9929835626114363	0.9365573594301632	0.9665346611182611
0.9870155869714686	0.9577349921971159	0.9509011502939294
0.9810060613434228	0.9784733960941523	0.9349927627662276
0.9749925630642743	0.998668339505226	0.9188975664872573
0.9690121026224027	1.0182281027888471	0.9027057038855689
0.9631009010437974	1.03707239540858	0.8865091782818844
0.9572941864156665	1.055131296041714	0.8704016380328433
0.9516260097533228	1.07234423396005	0.8544781455333553
0.9461290800227448	1.0886590229109743	0.838834915426472
0.9408346177937053	1.104030953908857	0.8235690038801314
0.9357722267193467	1.1184219501387473	0.808777928885801
0.9309697818181177	1.1317997850933161	0.7945592005963825
0.9264533333713956	1.144137363756069	0.7810097412118344
0.9222470251417592	1.1554120658570224	0.7682251763529875
0.9183730255582591	1.1656051497856368	0.7562989847359657
0.9148514705009714	1.1747012155302523	0.7453215006565711
0.9117004163418391	1.1826877249438024	0.7353787744509297
0.9089358019564402	1.1895545776597247	0.7265513094443139
0.9065714185061305	1.195293741066597	0.7189127091166531
0.9046188858966003	1.1998989328735499	0.7125282838627858
0.9030876349423949	1.2033653549481576	0.7074536808016317
0.9019848944031205	1.2056894772761158	0.7037336102415802
0.9013156822023655	1.2068688710722582	0.7014007463482788
0.9010828002919504	1.2069020902623928	0.7004748755744066
0.9012868327797092	1.2057886007524565	0.7009623538818875
0.9019261470968939	1.2035287571037805	0.7028559135337168
0.9029968981402416	1.2001238264396434	0.7061348345312947
0.9044930354825692	1.1955760596171146	0.7107654680010015
0.9064063139035488	1.1898888099089124	0.716702072800745
0.908726307647943	1.1830666996517192	0.7238879057710462
0.9114404289706156	1.1751158355298532	0.732256492792256
0.9145339516742884	1.1660440733765836	0.7417330030839947
0.9179900404849685	1.1558613335895689	0.7522356524947901
0.9217897872381678	1.1445799684725175	0.7636770712431029
0.9259122549629047	1.132215183031084	0.7759655854189328
0.9303345310457527	1.118785510965061	0.789006377169534
0.9350317907289998	1.1043133478049687	0.802702503820359
0.9399773722401347	1.0888255433264136	0.8169557697273853
0.9451428648587611	1.0723540555168458	0.8316674555474288
0.9504982111963028	1.0549366684259203	0.8467389175358446
0.9560118248880956	1.0366177761350528	0.8620720745441735
0.9616507247721374	1.0174492347269029	0.877569802966578
0.9673806864501785	0.9974912833553341	0.8931362604710907
0.9731664118925807	0.9768135340613794	0.9086771584677781
0.9789717174577907	0.955496027485428	0.9241000013827345
0.9847597403517211	0.9336303475688024	0.9393143083166555
0.9904931631554871	0.9113207819982369	0.954231829872911
0.9961344556080585	0.8886855055635084	0.9687667700629479
1.0016461323523547	0.8658577495531078	0.9828360203872956
1.0069910248508525	0.8429869003681032	0.9963594105458201
1.0121325651639912	0.8202394431915965	1.0092599778103104
1.0170350787780393	0.7977996306183723	1.02146425492968
1.0216640831868615	0.775869711448687	1.0329025745513458
1.0259865884934873	0.7546695033971643	1.04350938654089
1.0299713959221612	0.734435041185586	1.0532235832713308
1.0335893898387871	0.7154159902718205	1.0619888269355648
1.0368138186845803	0.6978715058956783	1.0697538722125324
1.0396205601492612	0.6820642643007665	1.0764728771882475
1.0419883659571367	0.6682525281588227	1.0821056952939436
1.0438990818186606	0.6566803537480894	1.0866181411671436
1.0453378384129026	0.6475664000162543	1.0899822237547308
1.0462932097084432	0.6410922110046802	1.0921763406407254
1.0467573354917992	0.6373912117010393	1.093185428469308
1.0467260056380259	0.6365398468854425	1.0930010654130369
1.0461987044071597	0.6385521830303463	1.0916215228675803
1.0451786138585035	0.6433788479792361	1.0890517648936047
1.0436725763145809	0.6509104901700842	1.0853033953249471
1.0416910166494007	0.6609851920279124	1.080394553869921
1.0392478259919709	0.6733986885701267	1.0743497638990231
1.03636020919822	0.6879159684020107	1.067199735889046
1.0330484991274378	0.7042828918704055	1.058981131636263
1.029335941341735	0.7222367624206787	1.0497362953205054
1.0252484533125303	0.7415151953194495	1.039512958265031
1.0208143625554873	0.7618630197124949	1.028363924768087
1.016064128319573	0.7830372509359362	1.0163467466623115
1.0110300515270225	0.8048103571055052	1.0035233942749557
1.005745977604859	0.8269721298807988	0.9899599312080911
1.0002469966753111	0.8493304823987536	0.9757261998295585
0.9945691452962129	0.8717114674017947	0.9608955235606849
0.9887491135800077	0.8939587591131214	0.9455444309631849
0.9828239610903234	0.9159327889697613	0.929752405261517
0.9768308444375816	0.9375096764887091	0.913601661281034
0.9708067589892574	0.9585800559717276	0.897176949827005
0.9647882965946452	0.9790478681373188	0.8805653872637588
0.9588114207151531	0.998829162268724	0.8638563054688191
0.9529112598637404	1.017850937652341	0.8471411144359046
0.947121919803407	1.0360500414397524	0.830513166606799
0.941476314543981	1.0533721322524714	0.814067608586926
0.9360060158156737	1.069770713767524	0.797901202363807
0.9307411203911773	1.0852062393355095	0.782112094707197
0.9257101343772464	1.099645286774566	0.7667995104020486
0.9209398734016163	1.1130598014155004	0.7520633428030533
0.9164553774796227	1.1254264049421907	0.738003614498585
0.912279839253864	1.136725767373277	0.7247197823550519
0.9084345442550744	1.1469420395322132	0.7123098656663049
0.90493882182822	1.1560623434675064	0.7008693842859786
0.9018100053991617	1.164076318460808	0.6904901059561387
0.8990634008186253	1.1709757204662647	0.6812586185543408
0.8967122616064308	1.1767540730427528	0.6732547629038249
0.8947677700249603	1.1814063680621842	0.6665499834204153
0.8932390230323212	1.1849288146983248	0.6612056745206089
0.8921330222986922	1.187318635419811	0.657271616967229
0.8914546676107813	1.1885739079287512	0.654784606584036
0.89120675313649	1.1886934522027275	0.65376737507424
0.8913899661728063	1.1876767620140363	0.6542278876089657
0.892002888153066	1.1855239805162507	0.6561590751920041
0.8930419978437751	1.182235919704939	0.6595390246995014
0.8945016768152957	1.177814123777456	0.6643316109416629
0.8963742174238677	1.1722609766364886	0.6704875188909187
0.8986498336936927	1.1655798540047797	0.6779455756231189
0.9013166756359542	1.157775320845412	0.6866342940907092
0.9043608476849904	1.1488533750156087	0.6964735258366512
0.907766432068423	1.1388217383251409	0.707376126128778
0.9115155180551257	1.1276901964267818	0.7192495500164944
0.9155882381392767	1.1154709892402879	0.7319973179349782
0.9199628123167041	1.1021792539073172	0.7455203111901356
0.9246156016866927	1.08783352259599	0.7597178780894943
0.9295211726638608	1.0724562778207924	0.7744887487357547
0.9346523731053386	1.0560745683111248	0.789731769639615
0.9399804216432015	1.0387206888338887	0.8053464782051046
0.9454750114559405	1.0204329277185764	0.8212335422061741
0.9511044296109843	1.0012563860844708	0.8372950913107807
0.9568356929591627	0.9812438728209818	0.8534349673101619
0.9626347013586483	0.9604568790475828	0.8695589177218801
0.9684664087490888	0.9389666348009342	0.8855747544825974
0.9742950122865779	0.9168552486400184	0.901392496013109
0.9800841593894001	0.8942169270968535	0.9169245073683531
0.9857971721377893	0.8711592645283514	0.9320856497055783
0.9913972880254855	0.8478045836927319	0.9467934470508995
0.9968479155865029	0.824291291622629	0.9609682753901697
1.0021129029294347	0.8007751920322632	0.9745335764842238
1.0071568167183642	0.7774306622543505	0.9874160965164397
1.0119452286606032	0.754451557405213	0.9995461477149086
1.016445006114706	0.7320516460801727	1.0108578894403268
1.020624603036337	0.7104643121285228	1.0212896238826306
1.0244543471529048	0.6899411830931698	1.0307841004545102
1.0279067190179074	0.6707492836585116	1.0392888222014574
1.0309566184582373	0.6531662897966608	1.0467563470603196
1.0335816139046854	0.6374735164470595	1.0531445765861407
1.0357621701963773	0.623946454597638	1.0584170248236113
1.0374818506778802	0.6128430167328575	1.0625430603144115
1.0387274897624463	0.6043901453880935	1.0654981147903548
1.0394893326097645	0.5987700073916518	1.0672638528839864
1.0397611391500505	0.5961074722892058	1.067828298166344
1.0395402503616076	0.5964607489619453	1.0671859119631042
1.0388276154549274	0.5998167701451819	1.06533762266686
1.0376277794084927	0.6060921667777609	1.0622908046120854
1.0359488311128922	0.6151396584367493	1.058059206964482
1.0338023131828626	0.6267587258986346	1.0526628344512787
1.0312030952639621	0.6407088236340276	1.0461277830773246
1.0281692133664888	0.6567232666666396	1.0384860351901546
1.0247216783809074	0.6745222238069286	1.029775219336219
1.0208842574483814	0.6938237795290904	1.0200383412566254
1.016683232262824	0.7143525872223161	1.0093234930764439
1.0121471386589556	0.7358460885652143	0.9976835482263486
1.0073064919909993	0.7580585632550764	0.9851758498844666
1.002193502830969	0.7807634102997687	0.9718619007306905
0.9968417874210206	0.8037540876120516	0.9578070615601381
0.9912860771122379	0.8268440964807198	0.9430802658033794
0.9855619307266544	0.8498663282666025	0.9277537562447252
0.9797054534073975	0.8726720162058084	0.9119028492095214
0.9737530250914197	0.8951294682072483	0.8956057301947626
0.9677410412691574	0.917122702040181	0.8789432833252651
0.9617056682038106	0.9385500628917084	0.8619989551020432
0.9556826142867333	0.9593228733603079	0.8448586506349288
0.949706918720162	0.979364145236764	0.8276106578770935
0.9438127582571983	0.9986073686201273	0.8103455922659772
0.9380332723025	1.0169953850706124	0.7931563505977676
0.9324004062936873	1.0344793460819586	0.7761380589276976
0.9269447729487896	1.0510177550266975	0.7593879948620408
0.9216955306824692	1.066575589080056	0.7430054599516343
0.9166802782645654	1.0811234969050358	0.7270915733130707
0.9119249646179627	1.0946370677100368	0.7117489535827711
0.9074538125267474	1.1070961674299402	0.6970812535704666
0.9032892549467382	1.1184843380799618	0.6831925114866124
0.8994518825744163	1.1287882566974485	0.6701862855450627
0.895960401332283	1.1379972506680018	0.6581645463459466
0.8928315984636553	1.146102866601598	0.6472263148304472
0.8900803159927124	1.1530984902696948	0.637466053362311
0.8877194303914223	1.1589790154325128	0.6289718432580714
0.8857598373992006	1.1637405596782764	0.6218234120828816
0.8842104410596474	1.1673802256670565	0.6160901048178017
0.8830781461681343	1.1698959064251675	0.6118289196438775
0.882367853461137	1.1712861335764733	0.6090827458358182
0.8820824570209215	1.1715499676277252	0.6078789428482242
0.8822228435153752	1.170686929649673	0.6082283828988027
0.8827878930411391	1.1686969739162365	0.610125044417023
0.8837744814875553	1.1655805012826526	0.6135461948336274
0.8851774844883931	1.1613384133018207	0.6184531459030458
0.8869897831770558	1.155972207297885	0.6247925122591477
0.8892022721080743	1.1494841128394666	0.6324978626797613
0.8918038698520852	1.1418772702845035	0.6414916292741512
0.8947815329117631	1.1331559523079378	0.6516871343134316
0.8981202737405156	1.1233258295774813	0.662990605720768
0.9018031837718206	1.1123942820172728	0.6753030756835324
0.9058114624820592	1.1003707574025525	0.6885220867022701
0.910124453610159	1.0872671793694928	0.7025431602576582
0.9147196897393879	1.0730984073138157	0.71726101106456
0.9195729465059069	1.0578827511005493	0.7325705121618111
0.9246583077304569	1.0416425440247745	0.7483674319717648
0.9299482427690365	1.0244047780550818	0.7645489742228495
0.9354136973407491	1.0062018060537317	0.7810141562188431
0.9410241990116381	0.9870721163796935	0.7976640615994526
0.9467479783883684	0.9670611859927074	0.8144020017012186
0.9525521069017969	0.9462224187896991	0.8311336159561717
0.9584026518360128	0.9246181762436552	0.8477669372794732
0.9642648489827111	0.9023209071849339	0.8642124436767404
0.9701032929752305	0.8794143822919112	0.8803831127202978
0.9758821449845939	0.8559950358065624	0.8961944913142983
0.9815653570471001	0.8321734110556374	0.9115647893917787
0.9871169118474458	0.8080756959352628	0.9264150028891571
0.9925010763135073	0.7838453173714293	0.940669068510543
0.9976826669014323	0.7596445369553173	0.9542540503900352
1.0026273239774421	0.7356559498957989	0.9671003567436393
1.0073017922519318	0.7120837323816809	0.9791419829347442
1.011674203809689	0.6891544056488904	0.9903167760260264
1.0157143599249845	0.6671167891064713	1.0005667148320416
1.0193940075691783	0.6462407077683037	1.0098381987038154
1.0226871063275205	0.6268139219984388	1.0180823377583819
1.02557008135428	0.6091367002706736	1.0252552370049008
1.0280220580222097	0.5935135195592766	1.0313182668082828
1.0300250740697225	0.5802416265009827	1.0362383123636694
1.031564265319337	0.5695966817370901	1.039987995320023
1.0326280214307966	0.561816427279372	1.0425458613733458
1.0332081086535518	0.5570841260046251	1.0438965285291004
1.0332997571430493	0.5555141507022296	1.0440307917825247
1.0329017110854617	0.5571422193828339	1.042945681152831
1.0320162406149282	0.5619221751623854	1.0406444712954097
1.0306491152812411	0.5697299757425404	1.0371366422643444
1.0288095396084715	0.580374085967323	1.0324377923630526
1.0265100520493984	0.5936102811889313	1.0265695053599069
1.023766389361387	0.609158341595074	1.019559175616888
1.0205973190828779	0.6267182994201607	1.0114397958433352
1.0170244433557032	0.6459845633089883	1.002249713210071
1.0130719778007944	0.6666570570299284	0.992032360412804
1.0087665095020846	0.6884492109825443	0.9808359689358016
1.0041367383792885	0.7110931112402489	0.9687132722216348
0.9992132063334479	0.7343423388157526	0.9557212066902763
0.9940280185333887	0.7579730814449102	0.941920618565626
0.9886145610845815	0.7817840449219949	0.9273759842571078
0.9830072190960689	0.8055955905619759	0.9121551516061637
0.9772410988506302	0.829248417908159	0.8963291086379153
0.9713517574048358	0.8526020169137589	0.8799717855471333
0.9653749425165074	0.8755330385501467	0.8631598944763968
0.9593463453351716	0.897933677240107	0.8459728101822366
0.9533013678133917	0.9197101197160145	0.8284924928869645
0.9472749063192559	0.940781089058548	0.8108034524179912
0.9413011524667968	0.9610764962296092	0.7929927500651124
0.93541341174367	0.9805362014785199	0.7751500313502387
0.9296439401135334	0.9991088823918697	0.7573675790120284
0.9240237984115418	1.0167510025166968	0.7397403708851543
0.918582724039917	1.0334258733449089	0.7223661219730901
0.9133490192094035	1.049102802295389	0.7053452839399654
0.9083494547622584	1.0637563197140707	0.6887809687048697
0.9036091884522439	1.0773654785498326	0.6727787562733751
0.8991516964445745	1.0899132210880458	0.6574463411779363
0.8949987167304713	1.1013858078410996	0.6428929681211845
0.8911702031228224	1.111772304359342	0.6292286072613241
0.8876842885067268	1.1210641223177102	0.6165628250449836
0.8845572560567323	1.129254611750382	0.6050033196854966
0.8818035171964457	1.1363387017535815	0.5946541130283352
0.8794355951614872	1.1423125873650906	0.5856134232521512
0.8774641131291462	1.1471734606687107	0.5779712842549516
0.8758977859937928	1.1509192844732408	0.571807023577351
0.8747434149929849	1.1535486071876326	0.567186754294396
0.8740058845224091	1.155060417764504	0.5641610682667274
0.8736881606161216	1.155454039819201	0.5627631290425308
0.8737912907103368	1.154729064256002	0.5630073456842023
0.874314404452862	1.1528853199504527	0.5648887623986437
0.8752547154650647	1.149922882250249	0.5683832286045903
0.8766075241083546	1.1458421192688837	0.5734483318470533
0.878366221451556	1.1406437761590387	0.5800249970125922
0.8805222947786353	1.1343290977688056	0.5880395939296369
0.8830653351169203	1.126899990306868	0.5974063611194489
0.8859830474030573	1.118359222876756	0.6080299487389386
0.8892612640358267	1.1087106699913132	0.6198079046108502
0.8928839626895447	1.097959596453887	0.6326329653492909
0.8968332893766341	1.0861129863027255	0.6463950602987161
0.901089587849871	1.0731799178718282	0.6609829808411573
0.9056314365204531	1.059171987440689	0.676285705753783
0.9104356941332333	1.044103784445052	0.6921934018276633
0.915477555481013	1.027993421821597	0.7085981374585785
0.9207306184511048	1.010863125782932	0.7253943565790678
0.9261669636748697	0.9927398901856819	0.7424791630869544
0.9317572479901852	0.9736562016775965	0.7597524639533922
0.9374708128237718	0.9536508429891859	0.7771170143361793
0.943275808451712	0.9327697830431448	0.7944784017425333
0.9491393348998529	0.911067163912917	0.8117449996044601
0.9550276000001114	0.8886063959083208	0.8288279141939029
0.9609060948243885	0.8654613729025115	0.8456409429667291
0.96673978637714	0.8417178199252605	0.8621005573326547
0.9724933270450701	0.817474783184057	0.8781259185228463
0.978131279884428	0.7928462676924701	0.8936389316158938
0.9836183583818485	0.7679630175294959	0.9085643398018028
0.9889196788647853	0.7429744154056328	0.9228298585201892
0.994001023275431	0.7180504474518375	0.9363663471176796
0.9988291095725665	0.6933836304809354	0.9491080140589148
1.0033718666052878	0.6691907260191742	0.9609926504402118
1.0075987099279498	0.6457139623388028	0.97196188555476
1.01148081471378	0.6232213506133822	0.9819614575166605
1.0149913816917049	0.6020055224766165	0.9909414914517454
1.0181058918910508	0.5823803620827906	0.9988567774963852
1.0208023459441093	0.564674616293832	1.00566704080588
1.0230614837751202	0.5492217399014305	1.0113371959565507
1.0248669807006445	0.5363455913551556	1.0158375785240912
1.0262056162802053	0.5263423332828115	1.0191441472250158
1.0270674126823691	0.5194599829169808	1.0212386508035198
1.0274457398601642	0.5158782487466651	1.0221087548122756
1.027337385446235	0.5156920991311752	1.0217481245466236
1.0267425879636485	0.5189024081504944	1.020156461615712
1.0256650326810115	0.5254157823031346	1.0173394929357535
1.0241118101958813	0.5350536166295126	1.0133089122708796
1.0220933385834245	0.5475683528868283	1.0080822757857546
1.0196232506722547	0.5626636209084747	1.0016828543714937
1.0167182486826856	0.5800147932099101	0.9941394467247789
1.0133979290628106	0.5992872633623477	0.9854861582653232
1.0096845808667743	0.6201509474450722	0.9757621519403065
1.0056029614238633	0.6422906137690194	0.9650113777630589
1.001180053337286	0.665412404862604	0.9532822885506566
0.9964448070238061	0.6892472906555946	0.9406275497509209
0.9914278730603782	0.7135522749151733	0.927103751478745
0.9861613285467757	0.7381100915395293	0.9127711309140173
0.980678401533079	0.7627279734026569	0.8976933130498079
0.9750131973101444	0.7872359160451643	0.8819370774208449
0.9692004300345801	0.8114847212966506	0.8655721578852793
0.9632751627735664	0.8353440008804621	0.8486710817667202
0.9572725586260995	0.858700245523338	0.8313090536656432
0.9512276451226419	0.8814550152755146	0.8135638879801141
0.9451750936408382	0.9035232752012239	0.7955159925740652
0.9391490151154183	0.9248318817417785	0.7772484040096956
0.9331827728784394	0.9453182145831437	0.7588468722016752
0.9273088130523518	0.9649289436937907	0.7403999891071626
0.9215585125412737	0.9836189192351069	0.7219993519640758
0.9159620443315717	1.0013501719092779	0.7037397464461133
0.9105482595252522	1.0180910121287952	0.6857193287503853
0.9053445852907115	1.0338152176388615	0.6680397779759886
0.9003769377252016	1.0485013005919999	0.6508063812467351
0.8956696484806511	1.062131846396072	0.6341280042102504
0.8912454039066388	1.0746929178522233	0.6181168895746679
0.887125195407927	1.0861735191377748	0.60288821760398
0.8833282796949334	1.0965651150695284	0.5885593571407046
0.8798721476194128	1.1058612018188438	0.5752487367443382
0.8767725003299316	1.1140569258609312	0.5630742765514689
0.8740432315478731	1.1211487484485794	0.5521513461563916
0.8716964148505534	1.1271341533257553	0.5425902548011534
0.8697422949495366	1.1320113957569329	0.5344933374228152
0.8681892820661125	1.1357792912594422	0.5279517692258167
0.8670439486289274	1.1384370427009285	0.5230423125202194
0.8663110276486604	1.1399841046721635	0.5198242576687402
0.8659934122592322	1.1404200842746763	0.5183368480629694
0.8660921560527923	1.1397446776788929	0.5185974630721172
0.8666064739754467	1.1379576420159727	0.5206007677506617
0.8675337436912968	1.135058802368919	0.5243189314677975
0.868869507463243	1.1310480938285055	0.5297028895878797
0.8706074747393463	1.1259256387797987	0.5366844997415989
0.8727395257725733	1.1196918597885204	0.5451793521937888
0.8752557167387796	1.112347628666555	0.5550899479397017
0.878144286951405	1.1038944525173813	0.5663089608796203
0.881391668900372	1.09433469780117	0.5787223424452894
0.8849825019650502	1.0836718537243217	0.5922120924236038
0.888899650764683	1.0719108365601824	0.6066585916940611
0.8931242292115011	1.0590583368614301	0.6219424579965068
0.8976356314187174	1.0451232119483183	0.6379459369774396
0.9024115706839556	1.0301169265739964	0.6545538751350358
0.9074281278144383	1.0140540453066709	0.6716543401320916
0.912659810079168	0.9969527809617139	0.6891389604915331
0.918079622060994	0.9788356044030984	0.7069030547034688
0.9236591496336182	0.9597299222531238	0.7248456126844031
0.9293686582012437	0.9396688305415856	0.7428691830091912
0.9351772062083257	0.9186919541198239	0.7608797092252839
0.9410527747510641	0.8968463837672629	0.7787863489750736
0.9469624138994698	0.8741877252854914	0.796501301169785
0.9528724060688389	0.8507812773747433	0.8139396592831442
0.9587484464638596	0.8267033574301389	0.8310193029489484
0.9645558402607888	0.80204279602531	0.8476608353210074
0.9702597157985965	0.776902620783536	0.8637875699079414
0.9758252526264567	0.7514019469058646	0.8793255676463727
0.9812179228122068	0.725678082132883	0.8942037226596239
0.9864037434663321	0.6998888341636373	0.9083538933294253
0.9913495379924454	0.674214972316242	0.9217110738797584
0.9960232031531615	0.6488627338312384	0.9342136005578775
1.00039397865593	0.6240661677852227	0.9458033856448855
1.0044327156330515	0.6000889647068814	0.9564261719037158
1.0081121401296929	0.5772252208484417	0.9660317996569825
1.0114071075378712	0.5557983411448186	0.9745744784717968
1.014294843835519	0.5361570362173228	0.9820130554099294
1.016755169517578	0.5186672152654869	0.9883112719785253
1.0187707022463803	0.5036986889643811	0.9934380022870731
1.0203270345033086	0.4916061916249177	0.9973674654758334
1.0214128828898206	0.48270546638131584	1.0000794062201943
1.0220202061960606	0.4772469305879797	1.0015592380197775
1.0221442899171485	0.4753912108327387	1.001798145029918
1.0217837955345703	0.4771916904842251	1.0007931393603018
1.0209407735731357	0.4825883332477051	0.9985470720199059
1.0196206401699976	0.49141440750221616	0.9950685969942962
1.0178321176274097	0.5034143660529252	0.9903720892637302
1.0155871401404246	0.5182685465744326	0.9844775188710667
1.012900726571075	0.5356195466734455	0.9774102843909854
1.0097908227596013	0.555096032390438	0.9692010103034265
1.006278116402173	0.5763315296143485	0.9598853138057022
1.0023858279678697	0.5989775125821399	0.9495035474865571
0.9981394814646661	0.6227113174986798	0.9381005250147343
0.9935666590882956	0.6472399844001342	0.9257252375543764
0.9886967438977101	0.6723012288131504	0.9124305690059131
0.9835606546592335	0.6976625839710404	0.8982730183854112
0.9781905768953869	0.723119503077925	0.8833124377026608
0.972619693974184	0.7484929661889129	0.8676117935853038
0.9668819217936026	0.773626938223385	0.8512369606280353
0.9610116502689064	0.7983858810821015	0.8342565540224984
0.9550434944336812	0.8226524265910856	0.8167418084355349
0.9490120575350569	0.8463252565333912	0.7987665093262498
0.9429517080557874	0.8693172004513701	0.7804069818800826
0.9368963721450411	0.8915535425964308	0.7617421414154729
0.9308793424995947	0.9129705202001909	0.7428536073726965
0.9249331043187108	0.9335139919903321	0.7238258806652367
0.9190891785686855	0.9531382559137954	0.7047465810466942
0.9133779824439228	0.9718049967203827	0.6857067369464025
0.9078287066053506	0.9894823464333603	0.6668011146249104
0.9024692085170406	1.0061440432476458	0.6481285661325016
0.8973259209889056	1.0217686767681948	0.6297923660724125
0.8924237748671164	1.0363390096032736	0.6119004953422371
0.8877861346923507	1.0498413671194853	0.5945658158988673
0.8834347460664735	1.062265088654981	0.5779060647442267
0.8793896934272132	1.0736020347046558	0.5620435792170443
0.8756693669236397	1.08384614557545	0.5471046520286426
0.8722904371086867	1.0929930478019951	0.533218407635014
0.8692678362141028	1.1010397052500538	0.5205150974850723
0.8666147448438971	1.1079841123510854	0.5091237374804398
0.8643425830107243	1.113825027333257	0.49916906311716785
0.862461004542002	1.118561743665522	0.4907678593174453
0.860977893995841	1.1221938982299782	0.4840248287989315
0.859899365348365	1.1247213149979918	0.4790282804389718
0.8592297618414397	1.1261438832183084	0.4758460219894699
0.8589716565114437	1.1264614693389234	0.47452189780501197
0.8591258530541092	1.1256738620847482	0.47507339382467273
0.8596913868164776	1.1237807503047053	0.4774906272491381
0.8606655258438496	1.1207817333882195	0.4817368611041888
0.8620437720465819	1.1166763642348643	0.4877504728163773
0.8638198626879594	1.1114642249447655	0.49544811200230665
0.865985772529563	1.1051450355842696	0.5047286505654243
0.8685317171036472	1.097718796574552	0.5154774808906112
0.8714461577120013	1.0891859654553961	0.5275707517852511
0.8747158088762214	1.0795476689984496	0.5408792228449019
0.8783256490835076	1.0688059518929978	0.5552715340974322
0.8822589357828349	1.0569640635143793	0.5706168006143569
0.886497225686045	1.0440267846267026	0.5867865328659989
0.8910204015139995	1.030000796288208	0.6036559455966793
0.8958067063959305	1.0148950937463364	0.6211047519997673
0.9008327871768147	0.9987214487642653	0.6390175517166936
0.9060737479087858	0.981494924653942	0.6572839177987932
0.9115032147942718	0.9632344493540089	0.6757982757340112
0.9170934138064565	0.9439634532464347	0.6944596518768849
0.9228152621330381	0.9237105801237522	0.7131713523773904
0.9286384744686504	0.9025104818768067	0.7318406188245835
0.9345316850171037	0.8804047101465826	0.7503782941365602
0.9404625858550872	0.8574427214330456	0.7686985219309279
0.9463980820538439	0.8336830159941918	0.7867184945361804
0.952304463655616	0.8091944352191658	0.8043582586294817
0.9581475942604422	0.7840576467542706	0.8215405828431921
0.9638931156008115	0.7583668508960002	0.8381908882254442
0.9695066670739395	0.7322317444483261	0.8542372398747645
0.9749541187728118	0.7057797771900087	0.8696103961602403
0.9802018161189139	0.6791587275271829	0.8842439105094083
0.9852168337644174	0.6525396015527715	0.8980742796680842
0.9899672360140145	0.6261198137317647	0.9110411315225659
0.9944223406318943	0.6001265231939928	0.9230874449696835
0.9985529825633384	0.5748198575198865	0.9341597938922485
1.0023317738285964	0.550495533688134	0.9442086070315977
1.0057333556536623	0.5274860674777464	0.9531884354409963
1.0087346388008296	0.5061593593069059	0.9610582192557473
1.0113150280616692	0.48691303308026446	0.9677815457323273
1.0134566269828857	0.4701626782229797	0.9733268908932792
1.0151444191143493	0.45632244178222875	0.9776678376675237
1.0163664223966646	0.44577764562729955	0.9807832641331025
1.0171138137371267	0.4388514663463942	0.9826574963411038
1.0173810213470493	0.4357707634657782	0.9832804212097547
1.0171657830155727	0.43663851324119657	0.9826475561044926
1.0164691691568497	0.4414202316987875	0.9807600729359011
1.0152955701678583	0.4499484292419524	0.9776247758815099
1.013652648349858	0.4619437601635338	0.9732540331354779
1.0115512553541872	0.47704683838583944	0.967665664377054
1.009005316789142	0.49485289385445835	0.9608827868901567
1.0060316862474206	0.5149427391213526	0.9529336244306618
1.00264997156362	0.5369064356825938	0.9438512839971797
0.9988823365726994	0.5603588895862621	0.9336735065932473
0.9947532820012475	0.5849484343750762	0.922442398857598
0.9902894093762322	0.6103601956616351	0.9102041530757788
0.9855191719778728	0.63631602659531	0.8970087635681775
0.9804726168956458	0.6625724533480244	0.882909747780669
0.9751811221749039	0.6889176446095852	0.8679638805935946
0.9696771328751249	0.7151680505571113	0.8522309504250207
0.9639938996114141	0.741165084430303	0.8357735456489287
0.9581652228325164	0.7667720381395686	0.8186568796893996
0.9522252057165621	0.7918713113873348	0.8009486628934818
0.9462080181558887	0.816361969892399	0.7827190289222744
0.9401476738700358	0.8401576151150406	0.7640405229079366
0.9340778222462027	0.8631845331301025	0.7449881579532426
0.9280315560724176	0.8853800859683363	0.7256395456115872
0.9220412359120207	0.9066913098788592	0.7060751046386298
0.9161383314784731	0.9270736886270052	0.6863783503422684
0.9103532800145975	0.9464900744834643	0.6666362639764177
0.90471536136558	0.9649097341114496	0.6469397374173275
0.8992525891639545	0.9823075007016993	0.6273840822950707
0.8939916173189945	0.9986630172787296	0.608069584169023
0.8889576608225831	1.0139600590808233	0.5891020704873746
0.8841744297473934	1.0281859253427144	0.5705934452245833
0.8796640752187624	1.0413308927548064	0.5526621227469101
0.8754471460857834	1.053387724413866	0.5354332687368388
0.8715425549962282	1.0643512292925306	0.519038728272418
0.8679675525898178	1.0742178682053065	0.503616493849277
0.864737708560998	1.082985402993787	0.48930954571797897
0.8618668984016572	1.0906525862409404	0.47626389353446424
0.8593672947121728	1.097218889291415	0.4646256754354764
0.8572493620624122	1.1026842667321994	0.45453724253216843
0.855521854489353	1.107048955799418	0.4461322830708909
0.8541918148323485	1.1103133094405808	0.43953021776422974
0.8532645752281757	1.1124776619910177	0.43483030125088584
0.8527437582140333	1.113542226628741	0.4321060451942213
0.8526312780161334	1.1135070239609628	0.43140067198061954
0.8529273417330765	1.1123718412734398	0.43272425847356694
0.8536304502561389	1.110136222144517	0.4360530190430973
0.8547373989019493	1.106799486292015	0.4413308453005873
0.8562432778663672	1.1023607796855959	0.4484728549139152
0.8581414727409762	1.0968191551218742	0.45737040601338524
0.8604236654648529	1.0901736836272053	0.4678968804121165
0.863079836213261	1.082423597227266	0.47991354601954744
0.8660982668506924	1.0735684638078389	0.4932749416627786
0.8694655466967369	1.0636083949946262	0.5078334236985693
0.8731665814679359	1.052544288210736	0.5234427124795991
0.8771846063648505	1.04037810434154	0.5399604372692816
0.8815012043686086	1.0271131827654703	0.5572497843044086
0.8860963308920339	1.0127545959190416	0.5751804067946837
0.8909483459939188	0.9973095460856779	0.5936287698997169
0.8960340554072357	0.9807878077702762	0.6124780926163718
0.9013287616493612	0.9632022198961273	0.6316180244748603
0.9068063264705375	0.9445692332024264	0.6509441667795977
0.9124392458519788	0.9249095197106258	0.6703575211152176
0.9181987386835279	0.9042486530664352	0.689763924548104
0.924054850129337	0.8826178710722725	0.7090735122110213
0.9299765705262134	0.8600549349433807	0.7282002335966846
0.9359319704514234	0.8366051039051973	0.7470614382820546
0.9418883523446743	0.8123222488549501	0.7655775391997706
0.9478124187738302	0.7872701350571322	0.7836717562415468
0.9536704570984696	0.7615239112477218	0.8012699393041065
0.9594285399145751	0.735171850868661	0.8183004673833181
0.9650527402641416	0.7083173997518294	0.8346942186195995
0.9705093601740405	0.6810815918326012	0.8503846050332653
0.9757651706599999	0.6536058971869702	0.865307664880077
0.980787660906331	0.6260555588343317	0.879402204985338
0.9855452939241502	0.5986234456748981	0.8926099850061592
0.9900077656151607	0.5715343808041896	0.9048759352860115
0.9941462638398416	0.5450497694045229	0.9161483997862772
0.9979337238232769	0.5194721091183814	0.9263793955040928
1.001345076042898	0.49514857213368424	0.9355248798212723
1.004357482642332	0.47247227004484166	0.9435450173863615
1.0069505584142544	0.4518790846482142	0.950404438422702
1.009106572498993	0.43383726949728263	0.9560724807891825
1.0108106271575983	0.41882688045874067	0.9605234087023979
1.012050810296551	0.4073072567143896	0.9637366017590497
1.0128183188405626	0.3996739721790885	0.965696708769049
1.0131075505597242	0.3962117003516641	0.9663937619097309
1.0129161625435823	0.3970542019001776	0.9658232478206755
1.0122450951595567	0.40216363414630324	0.9639861334518988
1.0110985610163583	0.41133633364206723	0.9608888457264816
1.0094839991521307	0.42423304118115035	0.956543205350222
1.0074119953590863	0.44042356262497667	0.9509663163623354
1.0048961702186625	0.45943339368957276	0.9441804142403029
1.001953037032419	0.48078284830392837	0.9362126765185306
0.9986018323751261	0.5040144956185498	0.9270950009287566
0.9948643224521602	0.5287091063645089	0.9168637569993099
0.9907645888016317	0.554492601492835	0.9055595178466664
0.9863287971350257	0.581037002282622	0.893226779548976
0.9815849532555471	0.6080579281580523	0.8799136760079506
0.976562650031852	0.635310446451179	0.8656716975899398
0.9712928093416744	0.6625843991802979	0.8505554221029383
0.9658074227435041	0.6896998312595677	0.834622266832319
0.9601392943964596	0.7165028196891712	0.8179322704461901
0.9543217894421858	0.7428618117912364	0.8005479136141954
0.948388590702814	0.7686644776995135	0.7825339871814737
0.9423734661510704	0.7938150333871653	0.763957516715767
0.9363100491875557	0.81823197213216	0.7448877522009563
0.9302316333305536	0.8418461399709593	0.7253962315638326
0.9241709824983563	0.8645990959262222	0.7055569265394478
0.9181601576546519	0.8864417059515791	0.6854464790012803
0.9122303602034454	0.9073329282021622	0.6651445351311276
0.9064117921688358	0.9272387552724823	0.6447341834026029
0.9007335328823661	0.9461312859937264	0.6243024998801507
0.895223431630066	0.9639879051558318	0.6039412001777265
0.8899080154846611	0.9807905541901557	0.5837473907142446
0.8848124113658439	0.9965250795581774	0.563824401488017
0.8799602812320697	1.0111806484999026	0.5442826670082069
0.8753737692086869	1.024749224053493	0.525240599592147
0.8710734593966244	1.0372250929985507	0.5068253683595988
0.8670783430795784	1.0486044417115818	0.48917345703143655
0.8634057940520133	1.058884975945708	0.47243082504860495
0.8600715508211686	1.068065581331428	0.456752444264744
0.8570897044898347	1.076146022000022	0.4423009383610558
0.8544726911990397	1.0831266752017097	0.42924403339865336
0.8522312880975518	1.08900830016242	0.41775056345467954
0.8503746119050872	1.093791839723065	0.4079848969738611
0.84891011924554	1.0974782535539374	0.400099880360974
0.8478436080431406	1.1000683819495178	0.39422872852709534
0.8471792193962033	1.1015628393966048	0.39047666887983334
0.846919439468576	1.1019619372792888	0.3889134500002561
0.8470651010667282	1.1012656352434902	0.38956791722858164
0.8476153846997495	1.0994735208954058	0.3924256346700272
0.8485678190496219	1.0965848176550217	0.39743001061819233
0.8499182809093437	1.0925984207298456	0.40448670982970175
0.8516609947762575	1.0875129613168908	0.41347053466620565
0.8537885324167382	1.081326899284615	0.4242336150972275
0.8562918128454274	1.074038644733516	0.4366137302864395
0.8591601032866004	1.0656467089878165	0.4504418270490966
0.8623810218058998	1.0561498857364144	0.4655481671937295
0.8659405424159279	1.0455474632263242	0.4817668954308206
0.869823003567441	1.033839468626796	0.49893909143864074
0.874011121036603	1.0210269459415517	0.5169145299529962
0.8784860063055644	1.0071122691701067	0.5355524362353974
0.88322719160529	0.9920994928338103	0.5547215216711219
0.8882126628428199	0.975994742523595	0.5742995459001392
0.893418901666304	0.9588066488421968	0.5941726003910197
0.8988209379263824	0.9405468290656099	0.6142342574512863
0.9043924137679965	0.9212304221182043	0.6343846849857666
0.9101056605286059	0.9008766841484067	0.6545297929561898
0.9159317895238509	0.8795096542423663	0.6745804520748128
0.9218407976668175	0.8571589027940335	0.6944518073318061
0.9278016886902946	0.8338603789779648	0.7140626968070458
0.9337826105215271	0.8096573789117556	0.7333351782883886
0.9397510090962622	0.7846016627634208	0.7521941612351011
0.9456737985949711	0.7587547576056982	0.7705671386173373
0.9515175477424658	0.7321894935858817	0.7883840114299095
0.9572486814379463	0.7049918341940834	0.8055769977347081
0.9628336965832006	0.6772630769631152	0.8220806176063384
0.9682393905611643	0.6491225179154927	0.8378317451318527
0.9734331003967048	0.6207106889232469	0.8527697185223843
0.9783829502186705	0.5921932860423306	0.8668364993629519
0.9830581042510312	0.5637658969458545	0.8799768720257689
0.9874290222060097	0.5356595842792289	0.8921386742956235
0.9914677136483177	0.5081472491872764	0.9032730503123008
0.9951479876614553	0.48155042038897833	0.9133347170419462
0.9984456939877112	0.4562455958709319	0.922282235667823
1.0013389517443665	0.4326684039859642	0.9300782795621215
1.0038083618481741	0.41131261318391793	0.9366898908827962
1.0058371994138753	0.39271962324850124	0.942088718346714
1.0074115826317058	0.3774532911353723	0.9462512293707059
1.008520614970986	0.36605631593177873	0.9491588905465691
1.009156497994956	0.35898967910690815	0.950798311318862
1.009314612594902	0.35656577818899093	0.9511613467527702
1.0089935670445507	0.3588946088315215	0.9502451563941144
1.0081952109203836	0.3658630187230119	0.9480522174103853
1.0069246146095414	0.3771556754199474	0.9445902914319433
1.0051900148122805	0.3923090601165859	0.9398723457552577
1.0030027271180169	0.4107784369016104	0.9339164307936857
1.0003770273710466	0.43199844134494547	0.9267455168352888
0.9973300041238435	0.455426668019466	0.918387294263866
0.9938813849848499	0.48056878479473597	0.9088739423957438
0.9900533400895073	0.5069889698693013	0.8982418729633891
0.9858702662476626	0.5343108316326844	0.886531455027363
0.9813585555411122	0.5622131849621346	0.8737867287173396
0.9765463522600614	0.5904236567230253	0.8600551156959136
0.9714633020787976	0.6187118533106308	0.8453871346181397
0.9661402972849032	0.6468829618338899	0.8298361301449716
0.9606092217019112	0.6747721380541182	0.8134580242861217
0.9549026986941963	0.7022397554733203	0.796311099028509
0.9490538453285624	0.7291674576539002	0.7784558193850979
0.9430960354039788	0.7554549048063676	0.7599547062112704
0.937062673664237	0.7810170959560734	0.7408722684156688
0.9309869830924447	0.8057821570569896	0.7212750045664714
0.9249018067650475	0.8296895013861495	0.7012314843755538
0.9188394253288306	0.8526882856144513	0.6808125211203073
0.9128313907678086	0.8747361005530211	0.6600914466833664
0.9069083767569439	0.8957978488232342	0.6391445014344865
0.9011000455631432	0.9158447724869553	0.6180513514208382
0.8954349311558392	0.9348536022336966	0.5968957448826872
0.8899403379329226	0.9528058063980586	0.5757663183336716
0.8846422542540525	0.9696869232264235	0.5547575583381491
0.8795652798026091	0.9854859637429848	0.5339709171700283
0.8747325656682967	1.0001948755484702	0.5135160665572011
0.870165765952489	1.0138080601372539	0.4935122506982693
0.8658849996448311	1.0263219380125523	0.4740896638806356
0.8619088214988296	1.0377345571504208	0.4553907251417871
0.8582542006424849	1.0480452413164043	0.43757104915730577
0.8549365056935644	1.0572542754551038	0.4207998190949769
0.8519694952040194	1.0653626259145164	0.4052591620127456
0.8493653123308447	1.0723716936810135	0.3911420340989594
0.8471344827179191	1.0782830991227912	0.3786480873390063
0.8452859146721283	1.0830984969962203	0.367977079936669
0.8438269008247872	1.086819420680319	0.35931968681602156
0.8427631205837531	1.0894471547839444	0.3528461061217261
0.8420986428009918	1.0909826354285033	0.34869358516840226
0.8418359282030857	1.0914263776531055	0.34695469563099823
0.8419758312572749	1.0907784295239784	0.347668542993843
0.8425176012721126	1.0890383526588816	0.3508168054681539
0.8434588826590147	1.0862052290020852	0.35632552334592255
0.8447957144083944	1.0822776938076946	0.36407222033396786
0.8465225289610322	1.0772539949097242	0.37389676684705764
0.8486321507814478	1.0711320784774412	0.38561382485433077
0.8511157950644961	1.0639097015759096	0.3990248447456495
0.8539630671284845	1.0555845719767805	0.41392819748259313
0.8571619631666262	1.0461545157974717	0.4301267788539656
0.860698873142339	1.035617673693839	0.44743305028883756
0.8645585867208609	1.023972726501275	0.46567186907587016
0.8687243032279791	1.0112191514245743	0.4846816218522201
0.8731776467137591	0.997357510135664	0.5043141790831525
0.8778986872721567	0.9823897704746581	0.5244341101765703
0.8828659698231455	0.9663196638971198	0.5449174941327859
0.8880565515989942	0.9491530814135019	0.5656505607344497
0.8934460495868689	0.930898511585741	0.586528315682245
0.8990086991623217	0.9115675252614532	0.6074532424725045
0.9047174250987337	0.8911753132452824	0.6283341317825516
0.9105439260530024	0.8697412851727044	0.6490850615915942
0.9164587735047288	0.8472897406539188	0.6696245341722334
0.9224315259625956	0.8238506275459007	0.6898747661009635
0.9284308590461393	0.7994604073213992	0.7097611220554667
0.9344247118036516	0.7741630543685524	0.7292116806336235
0.9403804493385038	0.7480112252329164	0.7481569195631502
0.9462650414898816	0.7210676460059792	0.7665295077090312
0.9520452569542145	0.693406782107314	0.7842641917551114
0.9576878718470253	0.6651168755066947	0.8012977660559786
0.9631598913000268	0.6363024607521218	0.8175691147713224
0.9684287822752642	0.6070875031143645	0.8330193159328699
0.9734627153688523	0.5776193380140543	0.8475917975290337
0.9782308129847687	0.5480736247037185	0.8612325360300845
0.9827034008982795	0.5186605439105823	0.8738902880392712
0.9868522599135843	0.489632435717437	0.8855168459743287
0.9906508740653942	0.4612929238107648	0.8960673088940241
0.9940746716329294	0.43400718290043677	0.9055003598201065
0.9971012551386622	0.4082121780893578	0.9137785411980006
0.9997106165026556	0.38442417818629787	0.9208685205164684
1.001885333622533	0.36323845227260854	0.9267413385881401
1.0036107448518043	0.3453131928615205	0.9313726335930211
1.0048750981540318	0.3313281847782475	0.9347428347120238
1.0056696721117837	0.3219123832917584	0.9368373200258642
1.0059888664578187	0.31754729981567204	0.9376465343174031
1.0058302603581242	0.31847253603759	0.9371660634768935
1.0051946372953793	0.32463180533354496	0.9353966633480176
1.0040859760579375	0.33568574701767867	0.9323442420418151
1.0025114080120858	0.35108506837496867	0.9280197959562898
1.0004811415024037	0.3701701029148825	0.9224393009410574
0.9980083548647067	0.3922606818376266	0.915623561208688
0.9951090601280255	0.4167171700077012	0.9075980196895642
0.9918019400080766	0.442971545271311	0.8983925345312149
0.9881081612396366	0.4705366001129208	0.8880411273376664
0.9840511676477363	0.49900256627559275	0.8765817095175283
0.9796564566098799	0.5280281049227409	0.8640557937568619
0.9749513427105824	0.5573297914331723	0.8505081981581347
0.9699647124359394	0.5866721414470215	0.8359867510016106
0.9647267737043167	0.6158589806155953	0.8205420044107735
0.9592688038875532	0.6447263197029551	0.8042269654670733
0.9536228997558087	0.6731366131364187	0.7870968535574002
0.947821732491089	0.7009741823373807	0.7692088929931917
0.9418983105734547	0.7281415757753753	0.7506221502622816
0.9358857529645365	0.7545566634873296	0.7313974257180886
0.9298170746096511	0.7801502996557624	0.7115972101338617
0.9237249858663473	0.8048644217958815	0.691285717411846
0.9176417070562276	0.8286504851570612	0.6705290058942099
0.9115987989394859	0.8514681552526892	0.6493952022178034
0.9056270095371048	0.8732842004378758	0.6279548435041973
0.8997561373815783	0.8940715410180133	0.6062813558414469
0.8940149109688034	0.9138084223921683	0.5844516893555418
0.8884308839152228	0.9324776880079191	0.562547132371041
0.8830303450973129	0.950066134079037	0.5406543286024987
0.8778382428656131	0.9665639326069578	0.5188665208798647
0.8728781222818108	0.9819641126464981	0.4972850406690526
0.8681720742232175	0.9962620922668546	0.4760210514489076
0.86374069513141	1.0094552555078273	0.4551975309112666
0.8596030561478769	1.0215425699902236	0.43495143467063124
0.8557766803754828	1.0325242418369989	0.41543591280279457
0.8522775270267373	1.0424014052946604	0.3968223384327687
0.8491199812645661	1.0511758449849566	0.379301744964921
0.8463168486048535	1.0588497491189288	0.36308505630458315
0.8438793528292031	1.0654254923088993	0.34840126100855956
0.8418171364480038	1.0709054468486612	0.33549250696558053
0.8401382628554488	1.0752918215193414	0.32460513028449184
0.8388492194271165	1.0785865271339123	0.31597608964818585
0.8379549209254836	1.0807910681678798	0.3098153224245843
0.8374587126973411	1.0819064599449493	0.3062860960929626
0.8373623732686084	1.0819331709594222	0.3054869842851721
0.8376661160653578	1.0808710900247178	0.3074397636539596
0.8383685901142026	1.0787195180416669	0.3120865626118984
0.8394668797000527	1.0754771842818334	0.3192970967584568
0.8409565030840804	1.0711422871805896	0.32888391683305235
0.842831410508939	1.0657125597322448	0.34062168949004173
0.8450839818414977	1.0591853596756213	0.35426633767360344
0.8477050243247447	1.0515577847542086	0.3695710446911272
0.8506837710292184	1.0428268134323646	0.3862977778560983
0.8540078807093265	1.032989471551357	0.4042243543174225
0.8576634398796588	1.0220430255220498	0.42314784730723165
0.8616349680291605	1.0099852027828615	0.44288537619020935
0.8659054269847222	0.9968144404144972	0.4632732434445108
0.8704562355177675	0.9825301630141278	0.4841651664853853
0.8752672903550165	0.9671330912151372	0.5054301214964847
0.8803169948044791	0.9506255826275175	0.5269501243883622
0.8855822962365788	0.9330120075140258	0.5486181342967436
0.8910387336643621	0.9142991622702056	0.5703361722625494
0.8966604966425166	0.8944967248269489	0.5920136905426474
0.9024204966487084	0.8736177575574996	0.6135661952502788
0.9082904520193587	0.8516792653037654	0.6349141079366262
0.9142409873826491	0.828702818954514	0.655981844100163
0.9202417483620815	0.8047152589054563	0.6766970843667306
0.9262615321133435	0.7797494981143934	0.696990214669113
0.9322684340054852	0.7538454518927971	0.7167939136456413
0.938230010466002	0.7270511318183829	0.7360428678042502
0.9441134576814896	0.69942395526546	0.7546735972960334
0.9498858054857998	0.6710323414568657	0.7726243771857415
0.9555141253829661	0.6419576915237923	0.7898352408094124
0.96096575125099	0.6122968861821081	0.8062480531622136
0.9662085108653801	0.5821654829788112	0.8218066432936555
0.9712109659799057	0.5517018579505889	0.8364569854536006
0.9759426583196933	0.5210726139839188	0.8501474192891407
0.9803743584924304	0.4904796630764375	0.8628288997988605
0.9844783145214321	0.4601694568962731	0.8744552680638242
0.988228496463579	0.4304448229928578	0.884983534045679
0.9916008334085463	0.4016796098197278	0.8943741630171692
0.9945734390745267	0.3743355389071008	0.9025913575082504
0.9971268222284194	0.34897875247554533	0.9096033270429327
0.9992440782709757	0.3262897891249592	0.9153825384316395
1.0009110585415961	0.3070548216728381	0.9199059399863257
1.0021165142116468	0.2921200471870911	0.923155153747742
1.0028522120431929	0.2822926527028018	0.9251166306547899
1.003113019782187	0.2781926728756563	0.9257817645359655
1.0028969595174835	0.2801012338411282	0.925146961846469
1.0022052279529763	0.28788037028225416	0.9232136651901734
1.0010421831901701	0.3010128384635935	0.919988329826856
0.9994152982816756	0.3187372810732518	0.9154823535432024
0.997335082470997	0.3402052916161612	0.9097119614306952
0.9948149716592902	0.3646003138595282	0.9026980482352549
0.9918711902158138	0.39120090071684077	0.8944659819953493
0.9885225867579507	0.4194002575179756	0.8850453736442254
0.9847904469547064	0.44870111275751834	0.8744698181005697
0.9806982867434173	0.4787004564401608	0.8627766130995571
0.9762716295863466	0.5090723020733601	0.8500064626197606
0.971537771529054	0.5395520727713204	0.8362031722459737
0.966525537857042	0.5699237275542245	0.8214133441874668
0.9612650350862302	0.600009622584187	0.8056860799680928
0.9557874018741448	0.6296626992406567	0.7890726990507143
0.9501245622132701	0.6587605139674302	0.7716264818942394
0.9443089839780692	0.6872006733609625	0.7534024462173307
0.9383734455567792	0.7148973212921867	0.7344571656185691
0.9323508129223775	0.7417784066375325	0.7148486402494827
0.9262738290981624	0.7677835286574873	0.6946362300374246
0.9201749175658008	0.7928622104871131	0.6738806621061499
0.9140860007595322	0.816972491435338	0.6526441256545389
0.9080383344002582	0.8400797585177675	0.6309904697537807
0.9020623580565853	0.8621557593940203	0.6089855224475758
0.8961875619834692	0.8831777547072182	0.5866975533257052
0.8904423699883496	0.9031277793137128	0.5641979065011136
0.8848540378129736	0.921991990224154	0.5415618366886068
0.8794485662982686	0.9397600851163312	0.5188695877106673
0.8742506284200631	0.9564247796536773	0.49620775971512815
0.8692835091442545	0.9719813350067514	0.47367101741902584
0.8645690569492818	0.98642712925912	0.4513641941812566
0.8601276457988325	0.9997612680244675	0.42940484066721996
0.8559781463155275	1.0119842307842797	0.4079262433463851
0.8521379049031611	1.023097550303326	0.38708088191479584
0.8486227295875474	1.0331035230877834	0.3670441821813523
0.845446881390269	1.0420049492871861	0.3480182186276128
0.8426230701123533	1.0498049007571797	0.3302346909362097
0.8401624534826729	1.0565065162322254	0.3139560199684001
0.8380746387159552	1.0621128227327643	0.29947282735749825
0.836367685624858	1.0666265824692476	0.2870955828019638
0.83504811053758	1.070050164619299	0.27713827791196255
0.8341208903849799	1.0723854414535308	0.26989327503086025
0.8335894664376188	1.0736337083763556	0.2655994360468832
0.8334557472924039	1.0737956275342837	0.2644096753085686
0.8337201108295492	1.072871194727812	0.266367024567833
0.8343814049827248	1.070859729445006	0.27139738526209317
0.8354369472879426	1.0677598879153176	0.2793216650661627
0.8368825232993832	1.0635696991606425	0.2898828495358511
0.838712384082655	1.0582866240966398	0.30277912264989854
0.8409192431172079	1.051907637810296	0.3176944354187698
0.8434942730593556	1.044429335209804	0.33432143071799336
0.8464271029346201	1.035848060310561	0.3523755398561654
0.8497058164419661	1.0261600594885727	0.37160159142793536
0.8533169521615811	1.015361659103097	0.39177518470411105
0.8572455065605338	1.003449467970059	0.41270095184532546
0.8614749407848914	0.9904206052653937	0.4342092935721406
0.8659871923103973	0.9762729545662748	0.456152605954707
0.8707626925938297	0.9610054449170934	0.47840157469398437
0.8757803919206907	0.9446183600626092	0.5008418193742149
0.8810177926786003	0.9271136773599458	0.5233709945843682
0.8864509922961445	0.9084954384154631	0.5458963596525113
0.8920547370705181	0.8887701542629671	0.5683327829445065
0.8978024880603123	0.8679472490045724	0.5906011288756683
0.9036665001393006	0.8460395474114392	0.6126269726537386
0.9096179151897926	0.8230638142193495	0.6343395915682447
0.915626870258049	0.7990413560219022	0.6556711881186378
0.9216626212978841	0.7739987011418386	0.6765563072484412
0.9276936828916026	0.7479683791906557	0.6969314164014039
