1.0	1.0	0.9999999999999999
1.0057572882851349	0.9794075492151805	1.014406738901525
1.0114422370680494	0.9585195934843341	1.0285138163036316
1.0170158781250844	0.9374696421323403	1.042234765862102
1.0224394734201308	0.9164056335350714	1.0554858116818762
1.0276748163040543	0.8954903255448329	1.0681862240892028
1.032684542992237	0.8749013307079898	1.080258685484624
1.0374324509228565	0.8548306582218486	1.091629665460827
1.0418838201081	0.8354835990931233	1.1022298026563928
1.0460057331624133	0.8170767728163344	1.1119942893398316
1.049767389348127	0.7998351520823679	1.1208632535067633
1.053140407738604	0.7839879083501616	1.1287821323483131
1.0560991144807268	0.7697629884777918	1.1357020303240914
1.0586208091547766	0.7573804512147481	1.1415800547571058
1.060686005389693	0.7470447636211035	1.1463796218589848
1.062278641198117	0.7389364669730891	1.1500707263842593
1.0633862549455906	0.7332038343516215	1.1526301686846168
1.0640001234517789	0.7299553042604235	1.1540417337613182
1.0641153594232018	0.729253526779231	1.1542963179621861
1.0637309662145162	0.7311117575917477	1.153392000194556
1.0628498487832654	0.7354930765846944	1.1513340558786074
1.0614787806106079	0.7423125376072008	1.14813491329101
1.0596283272763578	0.7514419600067251	1.143814053389409
1.0573127282682941	0.7627167459052399	1.1383978556059473
1.0545497394417767	0.7759439196881732	1.1319193933954608
1.05136043929843	0.7909105602655394	1.124418184469779
1.0477690028972746	0.8073919074130842	1.1159399015960307
1.043802447730058	0.8251586169023436	1.1065360505458899
1.0394903562712212	0.843982856122341	1.0962636222225342
1.0348645801460463	0.8636431266299605	1.0851847261419774
1.029958930947767	0.8839278473922575	1.0733662122913237
1.024808862681514	0.9046378262293143	1.0608792879247904
1.0194511506317347	0.9255877935410738	1.0477991350913116
1.0139235711550751	0.9466071839140427	1.0342045336262127
1.0082645865118611	0.9675403403851642	1.020177492999972
1.0025130383869336	0.9882462935850659	1.0058028948237172
0.9967078532368256	1.0085982412377203	0.9911681459949787
0.9908877620563251	1.0284828272388995	0.9763628404696496
0.9850910366043601	1.0477992962313885	0.9614784255222274
0.979355243585148	1.0664585802003452	0.9466078661786714
0.9737170177622843	1.084382358187433	0.9318452993722486
0.9682118545036653	1.101502118365253	0.9172856674096387
0.9628739218247385	1.1177582428383606	0.9030243187064473
0.9577358916231756	1.1330991290347434	0.8891565626608345
0.9528287894844236	1.1474803568735785	0.8757771652202417
0.9481818621857491	1.1608639075813885	0.8629797724240726
0.9438224618359373	1.1732174377158382	0.850856251240429
0.9397759454559382	1.1845136103653788	0.8394959405874819
0.9360655887278262	1.1947294844172371	0.82898481067788
0.9327125126107121	1.2038459620743414	0.8194045357312357
0.9297356215359357	1.2118472943473757	0.8108314934234103
0.9271515519443908	1.2187206439743978	0.8033357136645846
0.9249746300092416	1.224455705075034	0.7969798086065972
0.9232168374922517	1.2290443787926617	0.7918179241042173
0.9218877848054955	1.2324805041902063	0.7878947589791596
0.9209946904880935	1.2347596437258608	0.7852447011825322
0.9205423664557829	1.235878922731038	0.7838911284111082
0.9205332085361029	1.2358369224339882	0.7838459144923704
0.9209671919618357	1.2346336262124344	0.7851091721630252
0.9218418716576398	1.232270418908961	0.7876692486823109
0.9231523873184916	1.2287501392001214	0.791502974599859
0.9248914734421042	1.224077185167051	0.7965761498379509
0.9270494746397403	1.218257673367676	0.8028442369570982
0.9296143667093265	1.211299651852358	0.8102532206253108
0.9325717841095315	1.2032133676894694	0.8187405858887511
0.9359050546211727	1.194011589668306	0.8282363661225736
0.939595242119601	1.1837099869139431	0.8386642141356275
0.9436211985048581	1.1723275641698094	0.8499424559168792
0.9479596259406023	1.1598871544622413	0.8619850947729838
0.9525851506326691	1.1464159697314165	0.8747027428973124
0.9574704094278861	1.1319462097599826	0.8880034666527816
0.9625861505270303	1.116515729302584	0.9017935402186206
0.9679013495764722	1.1001687626415468	0.915978109215549
0.9733833423247639	1.0829567037609624	0.9304617712336057
0.9789979748984593	1.0649389387932575	0.94514908381794
0.9847097725609117	1.0461837251440915	0.9599450125541404
0.990482127566489	1.0267691084641855	0.9747553326636634
0.9962775064095512	1.0067838640455553	0.9894869972376134
1.0020576763943048	0.9863284428109887	1.004048484168767
1.0077839510226712	0.9655158932813152	1.018350132228211
1.0134174532194038	0.9444727191196989	1.0323044747790253
1.0189193948978748	0.9233396164526088	1.0458265774901714
1.0242513708283607	0.9022720157086586	1.0588343842384431
1.0293756642207794	0.8814403292005303	1.0712490732632094
1.0342555608930286	0.8610297789858135	1.082995423641227
1.0388556683855732	0.8412396520583049	1.0940021903328034
1.0431422359240277	0.8222818062563437	1.1042024844571292
1.047083470745735	0.8043782379688189	1.1135341541154733
1.0506498460148233	0.7877575324818089	1.1219401600199983
1.0538143953710981	0.7726500626796641	1.1293689394192334
1.0565529891074823	0.7592818944525216	1.1357747513495746
1.0588445870590348	0.7478675047272855	1.1411179960878386
1.0606714635198984	0.7386016151126382	1.1453655018287312
1.0620193998830645	0.7316506659657049	1.1484907720494024
1.0628778412145048	0.7271446559585996	1.1504741877297762
1.06324001361593	0.7251701903613437	1.1513031595408474
1.0631029999798625	0.7257655608766163	1.1509722262550894
1.0624677725732583	0.7289184936824725	1.1494830969267544
1.0613391817733984	0.7345668716234747	1.1468446357832973
1.059725901190778	0.7426023319398478	1.1430727902060542
1.0576403303169692	0.7528762604092399	1.1381904636009683
1.055098456698393	0.7652074352068763	1.1322273363110462
1.0521196804303432	0.7793904676289373	1.1252196389474138
1.04872660446325	0.7952042386048092	1.1172098835654398
1.0449447947933452	0.8124196953310824	1.108246558944045
1.0408025150573534	0.8308065900534592	1.098383796805048
1.036330440355311	0.8501389575974568	1.0876810161089916
1.0315613552846417	0.8701993034755454	1.0762025525670038
1.0265298411846375	0.8907815954368489	1.0640172802058858
1.0212719574725253	0.9116932197247923	1.0511982312148456
1.0158249217133697	0.9327560896589144	1.0378222193932907
1.0102267927238089	0.9538070917976955	1.0239694713225795
1.004516160583506	0.9746980360082403	1.0097232679196624
0.9987318469399297	0.995295249485504	0.995169597323518
0.9929126184631984	1.0154789272012885	0.9803968181497027
0.9870969157591961	1.035142325872336	0.9654953300710071
0.9813225995010243	1.0541908668936373	0.9505572465030023
0.9756267150079396	1.0725411961832076	0.9356760619748185
0.9700452760023448	1.0901202352710462	0.9209463046572659
0.9646130678206662	1.1068642476854402	0.9064631626457182
0.9593634699520591	1.1227179371101257	0.8923220711371825
0.9543282974349944	1.137633588306235	0.8786182468232383
0.9495376603594754	1.151570257898236	0.8654461559010458
0.9450198405016302	1.1644930193973175	0.8528989033611301
0.9408011839563144	1.1763722649560222	0.8410675339085462
0.9369060085285517	1.1871830650734763	0.8300402392211307
0.9333565245911575	1.1969045866229682	0.8199014723334683
0.9301727681083581	1.2055195690273928	0.8107309776558456
0.9273725445570067	1.2130138580718182	0.8026027541351018
0.9249713825423835	1.219375996654745	0.7955839786789326
0.9229824959978197	1.2245968716969216	0.789733926238769
0.9214167539714415	1.2286694164184377	0.7851029306922106
0.920282657133706	1.23158836724134	0.7817314356186246
0.919586320282063	1.2333500746609094	0.7796491850898304
0.9193314602703103	1.233952367543435	0.7788746009540127
0.9195193889472338	1.233394470444188	0.779414384627717
0.920149010849832	1.2316769736885322	0.7812633687066907
0.9212168255591473	1.2288018561176357	0.7844046280440902
0.9227169347899794	1.224772560561162	0.7888098431282371
0.9246410544484649	1.2195941222590274	0.7944398926343189
0.92697853205233	1.2132733506066495	0.8012456387824495
0.9297163700658948	1.2058190647382425	0.8091688599842578
0.9328392558535451	1.197242383584181	0.8181432808905443
0.9363295990986281	1.1875570711332206	0.8280956503200043
0.94016757766623	1.1767799376895256	0.8389468219819841
0.9443311930036692	1.1649312979231106	0.8506128003158538
0.9487963362670011	1.1520354864524722	0.8630057228941705
0.9535368664296167	1.1381214315410675	0.8760347604671794
0.9585247016644385	1.123223287195191	0.8896069248632096
0.9637299252876066	1.107381123460414	0.903627782897466
0.9691209075029812	1.0906416739423024	0.918002080778648
0.9746644440877051	1.0730591384040213	0.9326342881027014
0.9803259130041359	1.0546960365491531	0.9474290734509714
0.9860694497095	1.0356241065495198	0.9622917250603676
0.991858141659408	1.0159252382126949	0.9771285302666941
0.9976542421651505	0.9956924254945868	0.9918471267175134
1.00341940337012	0.9750307158388263	1.0063568369701468
1.0091149276630829	0.9540581239630597	1.0205689962638242
1.0147020363537225	0.9329064645577193	1.0343972811711413
1.0201421539103899	0.9117220413125372	1.0477580446428945
1.0253972055156026	0.8906661083864796	1.060570660775868
1.0304299251485187	0.869914995122093	1.0727578805410678
1.035204170874852	0.8496597568081027	1.0842461977741524
1.03968524353411	0.8301051867386476	1.094966222997413
1.0438402045833568	0.8114680034009336	1.1048530611497287
1.0476381885072419	0.7939740202374372	1.1138466880738949
1.0510507049555133	0.7778541261232559	1.1218923196695365
1.0540519256395284	0.7633389662339247	1.1289407669778064
1.0566189510215427	0.7506523271764552	1.1349487701275174
1.0587320519743788	0.7400034008368326	1.1398793040418695
1.0603748818778298	0.7315783163521856	1.1437018490708708
1.061534655049103	0.7255315552756842	1.1463926202621617
1.0622022879694015	0.7219780467804184	1.1479347497851888
1.0623725004516589	0.7209868139790228	1.1483184180482968
1.0620438746753742	0.7225769590599279	1.1475409302524278
1.061218870867323	0.7267165229774674	1.1456067364607647
1.059903799302862	0.7333243772893858	1.1425273946774075
1.0581087492097818	0.7422748888605933	1.1383214778627926
1.05584747604375	0.7534047445228098	1.1330144272120841
1.053137249439748	0.7665211108293324	1.1266383553290558
1.0499986648998665	0.7814102627435205	1.119231804089402
1.0464554229294096	0.7978459217569572	1.110839462957824
1.0425340798618672	0.8155967426209685	1.101511854262442
1.038263775005023	0.8344326153873659	1.0913049924073428
1.0336759389884527	0.8541296557431717	1.0802800241956902
1.0288039882962343	0.8744739136611412	1.068502857328554
1.023683010932817	0.8952639307583664	1.0560437837315706
1.018349448005097	0.916312326886182	1.0429771036445463
1.0128407757252351	0.9374466091612187	1.0293807553961318
1.0071951919638733	0.9585093854794507	1.0153359544909306
1.0014513110337977	0.9793581408724465	1.000926844080302
0.9956478698801599	0.9998647069400973	0.9862401570983128
0.9898234483173793	1.019914527017674	0.9713648883568463
0.9840162054046635	1.0394057953159073	0.9563919727579606
0.9782636335109595	1.058248528012586	0.9414139635630281
0.9726023311019678	1.076363608220217	0.9265247024461045
0.9670677948003795	1.0936818344645687	0.9118189709734761
0.9616942308364069	1.110142993153063	0.8973921113490414
0.9565143856260672	1.125694968839631	0.8833396029446737
0.9515593948946774	1.1402929013211258	0.8697565805365449
0.9468586505041636	1.153898395243587	0.856737280566015
0.9424396839446681	1.1664787855721501	0.8443744034241457
0.938328065311321	1.1780064606940446	0.8327583829859534
0.9345473165015825	1.188458243864557	0.8219765595823701
0.9311188373325231	1.1978148330138856	0.8121122593393924
0.928061843284498	1.2060602984987632	0.8032437911621809
0.9253933136220537	1.2131816381280653	0.7954433821411564
0.9231279487181021	1.2191683886627875	0.7887760820335847
0.9212781355077291	1.2240122929511474	0.7832986766583238
0.9198539201177702	1.2277070218835169	0.7790586572628674
0.9188629868530716	1.2302479504221568	0.7760932968877765
0.9183106428658208	1.2316319870641583	0.7744288843888234
0.9181998079874022	1.2318574562245934	0.7740801614769705
0.9185310093602783	1.2309240331719202	0.7750499979746144
0.9193023806684968	1.2288327313053073	0.7773293263010087
0.9205096659279636	1.2255859417263457	0.7808973395162188
0.9221462279604381	1.2211875252227187	0.7857219400462634
0.9242030618370274	1.2156429569428338	0.7917604105528276
0.9266688137363625	1.2089595241938143	0.7989602660878522
0.9295298058180177	1.2011465779352892	0.8072602388886616
0.9327700678606488	1.1922158386615405	0.8165913443765777
0.9363713765540178	1.1821817574575393	0.8268779788362731
0.9403133034607358	1.1710619330694028	0.8380390050032975
0.9445732727729075	1.158877585832836	0.8499887901563339
0.9491266300756886	1.1456540892335354	0.8626381709906779
0.9539467233885007	1.1314215597010504	0.8758953293523163
0.9590049977791085	1.116215504918468	0.8896665719095135
0.9642711048297445	1.1000775304000712	0.9038570144176569
0.9697130281721549	1.0830561032550783	0.9183711770861276
0.9752972261940259	1.0652073707858376	0.9331135016284555
0.9809887928485558	1.0465960296781724	0.9479888029954381
0.9867516372683555	1.0272962387762268	0.962902669788825
0.9925486825937009	1.0073925644547619	0.9777618272122703
0.9983420840733226	0.9869809419677085	0.9924744754203286
1.0040934660876764	0.9661696283167069	1.0069506145345999
1.009764177285449	0.9450801115070444	1.021102365628471
1.0153155625234473	0.9238479268631468	1.0348442948162668
1.0207092497701689	0.9026233127669525	1.0480937453563297
1.0259074495888094	0.8815716154797264	1.060771180494411
1.0308732642748122	0.8608733260302092	1.0728005377107965
1.0355710032046632	0.840723603189467	1.0841095931476614
1.039966500478785	0.8213311090177683	1.0946303333256169
1.0440274305325623	0.8029159639048064	1.1042993298397379
1.0477236170671598	0.7857066263589061	1.113058111580801
1.0510273304350595	0.76993553206072	1.1208535281728422
1.053913568520447	0.7558334010636384	1.1276380977645388
1.0563603161942159	0.743622252441405	1.1333703320638178
1.0583487786052619	0.7335073529366013	1.1380150315595365
1.0598635838955988	0.7256685529732443	1.141543544220617
1.0608929513924585	0.7202516893948767	1.1439339815829332
1.061428821925827	0.7173608992528406	1.1451713869996472
1.0614669476275642	0.7170527281819422	1.1452478519062232
1.061006939367152	0.7193327865577219	1.1441625771931754
1.0600522708421145	0.7241554088381494	1.1419218781386085
1.0586102392385226	0.7314263639147687	1.1385391327738072
1.0566918832778862	0.741008244812104	1.1340346749826624
1.054311860338389	0.7527278370783429	1.1284356350119218
1.051488285151762	0.7663845955490663	1.121775731339841
1.048242533303972	0.7817593632792484	1.1140950189648982
1.0445990133859313	0.7986226088664298	1.105439600089051
1.0405849121318147	0.8167416766428885	1.0958613038444929
1.0362299172354172	0.8358867752781326	1.085417342119914
1.0315659227442873	0.855835628731741	1.0741699486610536
1.026626721997503	0.8763768570419954	1.0621860084390236
1.021447693002974	0.8973122405573788	1.0495366837939788
1.0160654809550707	0.9184580592833097	1.0362970430738803
1.0105176822897544	0.9396457029746194	1.0225456964073432
1.0048425342800764	0.9607217309927444	1.0083644418908755
0.9990786137115544	0.9815475344589074	0.9938379238550039
0.9932645476650933	1.0019987241404154	0.9790533030286739
0.9874387388966033	1.0219643400833909	0.9640999363845748
0.9816391077569496	1.0413459553214297	0.9490690622699518
0.9759028520613381	1.060056726690248	0.9340534841771886
0.9702662258095485	1.0780204306984476	0.9191472442801562
0.964764337189764	1.095170510993122	0.9044452757827225
0.9594309658796408	1.1114491555425752	0.8900430213614382
0.9542983992945387	1.1268064155806452	0.8760360037450637
0.9493972871290689	1.141199374048463	0.8625193340130062
0.9447565132953349	1.1545913682649485	0.8495871437985136
0.9404030841783656	1.1669512694958648	0.8373319295462396
0.9363620320035894	1.178252820701262	0.8258438005629093
0.9326563320385317	1.1884740328237353	0.8152096279908494
0.929306832325684	1.1975966393915805	0.8055120990437821
0.9263321946600273	1.2056056088523461	0.7968286896511688
0.9237488455766243	1.212488713852303	0.7892305785376179
0.9215709361950446	1.2182361565889626	0.7827815358629968
0.9198103098722804	1.2228402493538328	0.7775368287155294
0.9184764767390283	1.226295149428463	0.7735421926511878
0.9175765943313458	1.2285966475836705	0.7708329217923511
0.9171154536766486	1.2297420095479639	0.7694331286947897
0.9170954703468976	1.2297298699488595	0.7693552187578125
0.9175166801503569	1.228560178383594	0.7705996126135789
0.9183767392942116	1.2262341974381459	0.7731547347055566
0.9196709290127455	1.2227545526410335	0.7769972688485155
0.9213921648179129	1.218125334506167	0.7820926640484192
0.9235310106902029	1.2123522529832054	0.7883958583623953
0.9260756986860605	1.2054428447890988	0.7958521768417268
0.9290121545919652	1.1974067342362502	0.8043983527097988
0.9323240304022912	1.188255948294837	0.8139636191775812
0.9359927445352632	1.1780052867209954	0.8244708222443959
0.9399975308247394	1.1666727481397625	0.8358375114658454
0.9443154974310021	1.154280012975896	0.847976974691405
0.9489216968956842	1.1408529840567296	0.8607991928402998
0.9537892086189145	1.126422385537564	0.8742117007221539
0.9588892350546163	1.1110244204759958	0.8881203488349659
0.9641912128964933	1.0947014868396692	0.902429968434481
0.9696629404565693	1.077502950875504	0.9170449477199842
0.9752707223151541	1.0594859754583261	0.9318697307209279
0.9809795321411655	1.04071639907915	0.9468092525623196
0.986753194342372	1.0212696582608443	0.9617693254949374
0.9925545849048631	1.0012317420455692	0.9766569896941468
0.9983458514214734	0.9807001613211024	0.9913808416466499
1.0040886518935783	0.959784907569853	1.0058513512152933
1.0097444114262184	0.9386093644679876	1.0199811764119495
1.0152745954325	0.9173111209305014	1.033685482688304
1.0206409974324104	0.8960426150901188	1.046882271303927
1.0258060389884394	0.8749715150612078	1.0594927191474048
1.030733078784176	0.8542807146874901	1.0714415303402491
1.0353867273417485	0.8341677926944071	1.082657298096994
1.0397331634106348	0.814843755825596	1.0930728736860902
1.043740447665463	0.796530867706675	1.1026257379640303
1.0473788290444217	0.7794593659474907	1.1112583698598262
1.050621038861612	0.7638629040716503	1.1189186053844244
1.0534425677519006	0.74997263680816	1.1255599802383307
1.0558219205672046	0.7380100076420429	1.1311420488936443
1.057740844545766	0.7281784954008604	1.135630673130177
1.0591845264213033	0.7206548115836823	1.1389982733963304
1.0601417546224532	0.7155802675653282	1.1412240370251945
1.0606050433228404	0.7130531868541131	1.1422940782349154
1.0605707158215425	0.7131232566215262	1.1422015459441517
1.0600389455394608	0.7157885545233974	1.1409466766932366
1.0590137537830744	0.7209956613172146	1.138536791330267
1.0575029643224052	0.7286428438312106	1.1349862355437297
1.0555181157241647	0.7385858707103874	1.1303162657435217
1.0530743332419683	0.7506457078562886	1.1245548831534387
1.0501901628639105	0.7646171948902097	1.117736620227239
1.046887370826942	0.7802778342797329	1.109902284586506
1.0431907125055613	0.7973959880753807	1.1010986665597005
1.0391276750520393	0.8157380071732911	1.091378217040984
1.0347281984966392	0.8350740516650749	1.0807987027573365
1.030024380204314	0.8551825552276814	1.069422846113954
1.0250501676306223	0.8758534227346141	1.0573179565692568
1.0198410442315877	0.8968901285003013	1.0445555599689678
1.0144337131724015	0.9181109138498621	1.0312110314463152
1.0088657831635455	0.9393492816723944	1.0173632363820202
1.0031754603502336	0.9604539658141709	1.0030941825275685
0.9974012497114316	0.9812885249603027	0.9884886847491919
0.9915816689109099	1.0017306808818236	0.9736340419754508
0.985754977004273	1.0216714934756455	0.9586197238650805
0.9799589198634225	1.041014441669587	0.943537062504661
0.9742304936505217	1.0596744604454025	0.9284789421671861
0.9686057271723614	1.0775769696617845	0.9135394779088143
0.9631194834854938	1.0946569194197142	0.8988136716816929
0.9578052807119931	1.1108578687012947	0.8843970328671559
0.9526951316708778	1.1261311082682364	0.8703851489027744
0.947819401635605	1.1404348347601472	0.8568731912505629
0.9432066832936632	1.1537333801323448	0.8439553426280297
0.9388836878095486	1.1659964986663953	0.8317241335040468
0.9348751507739121	1.1771987125129657	0.8202696796199023
0.9312037517552578	1.1873187158961196	0.809678817911747
0.9278900461507694	1.1963388375845059	0.8000341456929365
0.9249524080538398	1.2042445609237287	0.791412977063802
0.9224069829111466	1.21102410055999	0.7838862406948591
0.9202676488263541	1.2166680349229715	0.7775173534776472
0.918545985474208	1.2211689935455163	0.7723611138500586
0.9172512497134362	1.2245213983587504	0.7684626654965991
0.9163903571247223	1.2267212581989329	0.7658565852460557
0.9159678688474173	1.227766015887278	0.7645661472893132
0.9159859832427399	1.227654447388296	0.7646028088418431
0.9164445320694304	1.2263866127100536	0.7659659503709721
0.9173409810186448	1.2239638583765131	0.7686428876114839
0.9186704346167357	1.2203888714730584	0.7726091546043581
0.9204256456662817	1.215665785437313	0.7778290390988634
0.9225970295561956	1.2098003379345195	0.7842563360250097
0.9251726839292836	1.2028000813152875	0.7918352731253006
0.9281384143487652	1.1946746462989581	0.8005015562789258
0.9314777667511532	1.1854360596522	0.8101834807823879
0.9351720676089903	1.1750991167327889	0.8208030583342026
0.9392004728489685	1.1636818098321957	0.83227711662101
0.9435400266747064	1.1512058132642482	0.8445183378535679
0.9481657315237433	1.137697026089291	0.8574362129768952
0.9530506304391553	1.1231861732033683	0.8709378983967573
0.9581659031520168	1.107709465214581	0.8849289710520191
0.963480977145151	1.091309317006337	0.8993140849909391
0.968963654895771	1.0740351240527262	0.9139975380629816
0.974580258369334	1.0559440942646796	0.9288837609427153
0.9802957916549416	1.0371021312106417	0.9438777426491973
0.9860741223914161	1.0175847617019127	0.9588854072901646
0.9918781823313859	0.997478096597565	0.9738139562518111
0.9976701870302048	0.9768798077956039	0.9885721887657889
1.0034118742306601	0.9559000961489468	1.0030708119742846
1.0090647600501144	0.9346626137901979	1.0172227494947763
1.014590411573679	0.9133052893408019	1.0309434552262955
1.019950733927548	0.8919809850848727	1.0441512368653911
1.0251082693664284	0.870857891120879	1.0567675914062422
1.0300265053756108	0.8501195332537965	1.0687175528531974
1.0346701882816205	0.8299642408469242	1.079930050524437
1.0390056384061241	0.8106038921331389	1.0903382747087256
1.043001062407591	0.7922617348035033	1.0998800450794755
1.046626858153776	0.7751690799191928	1.108498176191709
1.049855907274595	0.7595607014485903	1.1161408336014538
1.0526638504748775	0.7456688570732801	1.1227618736620897
1.0550293407508573	0.7337159893094934	1.1283211598701153
1.0569342698603235	0.7239063686264001	1.1327848487493608
1.058363963744521	0.7164171810197145	1.136125638665091
1.0593073430847415	0.7113897953620238	1.1383229756278375
1.059757045787375	0.7089221047630199	1.1393632110517395
1.0597095089094108	0.7090628534853207	1.1392397075379306
1.0591650083409019	0.7118086956918869	1.137952890014595
1.0581276554233396	0.7171043957347027	1.1355102409333222
1.0566053505745645	0.724846142007605	1.1319262396410932
1.0546096948800232	0.7348875157045298	1.127222247463517
1.0521558614658024	0.7470473375889383	1.1214263413910253
1.049262429261246	0.7611184736407431	1.114573100502902
1.0459511824624401	0.7768767182216348	1.1067033503446635
1.0422468795999313	0.7940890453414854	1.0978638713498428
1.0381769965784386	0.812520755839219	1.0881070780318913
1.0337714483827631	0.8319412864821878	1.0774906760384142
1.0290622943279144	0.8521286431024108	1.0660773042389917
1.0240834317746366	0.8728725556954448	1.0539341687984307
1.0188702831412957	0.893976530001662	1.0411326756656776
1.0134594808316408	0.9152589993249984	1.0277480670871488
1.0078885543816214	0.9365537773861154	1.0138590666414349
1.0021956237258132	0.9577099916622609	0.9995475359024251
0.9964191020158577	0.9785916473603121	0.9848981441911736
0.9905974109109033	0.9990769416994998	0.9699980509974165
0.9847687107240525	1.0190574203434228	0.954936598576334
0.9789706472686169	1.038437044295081	0.9398050100024913
0.9732401167212021	1.05713121671696	0.9246960856593047
0.9676130493202647	1.0750658046131651	0.9097038888522565
0.9621242122606535	1.0921761794560985	0.8949234090865902
0.9568070317364101	1.1084062929266705	0.8804501897158619
0.9516934337314996	1.123707798288256	0.866379905365153
0.9468137028650898	1.138039223956549	0.8528078740280527
0.9421963583650019	1.1513652031020156	0.8398284893320339
0.9378680460692141	1.163655761278374	0.8275345604800014
0.9338534452375433	1.174885662848408	0.8160165510927458
0.930175188889556	1.1850338161889071	0.8053617137949723
0.9268537963650144	1.1940827371656662	0.7956531249341444
0.9239076168240751	1.2020180700839347	0.7869686330708342
0.9213527824595261	1.2088281651753794	0.7793797452821015
0.9192031702770115	1.2145037116359239	0.772950485968525
0.9174703714055371	1.2190374252504508	0.7677362725222197
0.9161636670245378	1.2224237897103856	0.7637828594712346
0.9152900101312152	1.224658850835159	0.7611254061565622
0.9148540125185899	1.2257400630389548	0.7597877215103316
0.9148579364882634	1.225666187532647	0.7597817325585212
0.9153016909796423	1.2244372419127543	0.7611072111324944
0.916182831957669	1.2220545009588082	0.7637517770592815
0.9174965670624589	1.21852054863487	0.7676911776525495
0.9192357646855748	1.2138393814649844	0.7728898249000502
0.9213909677977464	1.2080165636230693	0.7793015555905267
0.9239504130101073	1.2010594342409355	0.7868705675739163
0.9269000555039089	1.1929773675886188	0.7955324785068096
0.9302236006097314	1.1837820869148723	0.8052154520477757
0.9339025429531864	1.1734880328448067	0.8158413399921831
0.9379162142069946	1.1621127873076222	0.8273267961538581
0.94224184059366	1.149677553996354	0.8395843274991095
0.9468546113646461	1.1362076963250547	0.8525232586934697
0.9517277595346293	1.1217333337166013	0.8660505966085401
0.9568326561674609	1.1062899967842088	0.8800717905556076
0.9621389194878255	1.0899193414965982	0.8944913915207748
0.9676145400232722	1.072669921648147	0.9092136192534332
0.9732260228601931	1.0545980177551872	0.9241428497381501
0.9789385479202756	1.0357685186778836	0.9391840375582688
0.9847161489277815	1.0162558495599836	0.9542430882269657
0.9905219114420837	0.9961449357282687	0.9692271950343968
0.996318189975022	0.9755321865341704	0.9840451536412425
1.0020668438023608	0.9545264751634722	0.9986076658042151
1.0077294906200105	0.9332500794909042	1.0128276414663087
1.0132677766970695	0.911839534360775	1.026620506153672
1.0186436616523542	0.8904463265459526	1.0399045183198516
1.0238197154433557	0.8692373396968345	1.0526010990607984
1.028759424624392	0.8483949281788763	1.0646351745571419
1.0334275044233339	0.828116467492276	1.0759355297324333
1.0377902127245244	0.8086131988227765	1.0864351699820918
1.041815661650317	0.790108163131201	1.0960716864532452
1.0454741221257677	0.772833016749828	1.1047876192597124
1.0487383166083037	0.7570235499364814	1.112530812212005
1.0515836950835153	0.7429138079103295	1.1192547521377965
1.0539886894804364	0.730728852843196	1.1249188856657923
1.0559349418522348	0.7206764062723607	1.1294889064409923
1.0574075020025338	0.7129378555697748	1.132937006120315
1.058394990708467	0.7076593508643936	1.1352420831449368
1.058889725288924	0.7049438935959444	1.1363899041708543
1.0588878049725359	0.7048453536727248	1.1363732141276084
1.0583891543138075	0.7073652023559602	1.1351917921219736
1.0573975237601234	0.7124524179343091	1.1328524517609422
1.0559204473583437	0.7200065780325894	1.1293689858827043
1.0539691584761064	0.7298837056186062	1.1247620570999328
1.0515584652687917	0.7419040964195033	1.1190590369206546
1.0487065884187081	0.7558611939995172	1.1122937974659057
1.0454349643823984	0.7715306043431482	1.1045064608996618
1.0417680179823825	0.7886785102246718	1.095743112583043
1.0377329086544909	0.8070689864839558	1.0860554846250212
1.0333592550001203	0.826469963060063	1.0755006168974952
1.028678842489345	0.8466577870946861	1.0641405026943491
1.0237253192170337	0.8674204782802006	1.0520417260292516
1.0185338845367742	0.8885598530986223	1.0392750970813538
1.0131409751981355	0.9098927255487089	1.0259152915131198
1.0075839533073172	0.931251390032524	1.0120404983075928
1.0019008000381964	0.9524835706709754	0.9977320794159109
0.9961298185602473	0.9734519913784189	0.9830742428874343
0.99030934914332	0.9940336897093881	0.9681537292976966
0.9844774988669637	1.0141191688109599	0.953059509226541
0.9786718878239059	1.0336114575578756	0.9378824873143087
0.9729294131806486	1.052425129514626	0.9227152061012904
0.9672860319582527	1.0704853164088257	0.9076515405231641
0.9617765629356577	1.0877267406362268	0.892786371715279
0.9564345076654506	1.1040927831940734	0.8782152268367113
0.95129189023486	1.1195345976545497	0.8640338701744767
0.9463791151061772	1.1340102767480544	0.8503378300933705
0.9417248421321825	1.1474840753531717	0.8372218467640946
0.9373558776626012	1.159925691822321	0.8247792273586425
0.9332970805340611	1.1713096083408405	0.8131010988557187
0.9295712816646206	1.1816144902264436	0.8022755539792614
0.9261992159491134	1.1908226435891767	0.7923866931708871
0.9231994651678143	1.1989195304921034	0.7835135746978416
0.9205884106721482	1.2058933406149706	0.7757290955214814
0.9183801946912136	1.2117346183823148	0.7690988365290375
0.9165866892064918	1.2164359445444837	0.7636799159458985
0.9152174714636087	1.2199916712744068	0.7595199027437245
0.9142798053255804	1.2223977099514953	0.7566558461600533
0.91377862781719	1.223651370937493	0.7551134768218952
0.9137165403624873	1.223751254800172	0.7549066287513767
0.9140938043742569	1.2226971946050076	0.7560369198541044
0.914908341013792	1.22049024906679	0.7584937123708015
0.91615573510025	1.2171327465303523	0.7622543560163275
0.9178292433097143	1.2126283799267075	0.767284697434713
0.9199198069640631	1.2069823530256683	0.7735398225248042
0.9224160698670734	1.200201578474258	0.7809649851211641
0.9253044017985277	1.192294928267654	0.7894966677102351
0.9285689284239927	1.183273537441739	0.7990637177005662
0.9321915685155585	1.173151161897169	0.809588505785147
0.9361520795037603	1.1619445913563338	0.8209880600356065
0.9404281124885436	1.1496741185048238	0.8331751391115151
0.9449952779229832	1.1363640653608051	0.8460592188669455
0.949827223241501	1.122043367822734	0.8595473773908836
0.9548957237290924	1.1067462191294446	0.8735450731557673
0.960170787913304	1.0905127725683001	0.8879568188670347
0.9656207787007103	1.0733899031005663	0.9026867595474702
0.971212551368923	1.0554320265146353	0.9176391673641584
0.9769116093596145	1.036701973088631	0.932718867906342
0.9826822785939984	1.0172719102969954	0.9478316133429001
0.9884879007489215	0.9972243054917408	0.9628844174555566
0.9942910455892363	0.9766529142808148	0.9777858662736317
1.000053742054033	0.9556637729417599	0.9924464162060739
1.0057377273460866	0.9343761629568664	1.0067786894047661
1.0113047127845152	0.9129235018639902	1.0206977737782894
1.0167166646615582	0.8914540963333273	1.0341215327412308
1.0219360978101624	0.8701316701885812	1.0469709275281367
1.0269263790566023	0.849135552079678	1.0591703527925083
1.0316520372207563	0.8286603759656576	1.0706479842993128
1.036079075856045	0.8089151157671117	1.081336135839212
1.040175284512889	0.7901212497456479	1.091171621069982
1.0439105439835965	0.7725098403873031	1.1000961148439126
1.047257120762498	0.7563173356899362	1.1080565077231248
1.050189945848925	0.741779963951431	1.1150052468256695
1.0526868730448058	0.7291267206367649	1.1209006558872117
1.054728912061581	0.7185711375348631	1.1257072274626887
1.0563004320548903	0.7103022674276505	1.1293958805190998
1.0573893316470537	0.7044755721934088	1.131944177266839
1.0579871720667227	0.7012046040580387	1.1333364939162902
1.0580892707174896	0.700554443933708	1.1335641410948452
1.0576947532607228	0.702537750804883	1.1326254308756658
1.056806563138324	0.7071139739626653	1.1305256887055266
1.055431428338553	0.7141918416961801	1.1272772099230746
1.0535797860928338	0.7236347727750657	1.1228991619756543
1.0512656670519347	0.7352684789931819	1.1174174348169763
1.048506541296918	0.7488898222353727	1.110864443246268
1.0453231292660226	0.7642759803738759	1.1032788860815943
1.041739181300918	0.7811931261234132	1.0947054680018837
1.0377812300159799	0.7994040616996051	1.085194590606164
1.0334783200603195	0.8186745075064262	1.0748020196952721
1.0288617200681272	0.8387779626006484	1.0635885359586195
1.023964621678541	0.8594992127157607	1.051619576133706
1.0188218304567285	0.8806366552838065	1.038964871291459
1.013469453374639	0.9020036510150969	1.0256980881871218
1.0079445872271073	0.923429114152575	1.0118964786090139
1.0022850119849538	0.944757533837204	0.9976405403673323
0.9965288926411335	0.965848589047857	0.9830136920064114
0.9907144926099374	0.9865764872995413	0.9681019615182682
0.9848799012132619	1.006829127283292	0.9529936873103081
0.9790627772519793	1.0265071600369668	0.9377792274755221
0.9733001101320325	1.0455230026208282	0.9225506710854341
0.9676279995102194	1.0637998423482216	0.9074015428537667
0.9620814539560971	1.0812706577151234	0.8924264902145727
0.9566942087043789	1.0978772735007796	0.8777209397755152
0.9514985622036511	1.113569461335943	0.86338070844757
0.9465252308564509	1.1283040927233368	0.8495015535720316
0.9418032210944285	1.1420443485411769	0.8361786463675803
0.9373597177402486	1.1547589870749733	0.823505954339795
0.9332199874721414	1.1664216713170226	0.8115755212638477
0.9294072961242719	1.1770103554376448	0.8004766382402725
0.9259428385209634	1.1865067298186405	0.7902949062697558
0.922845679549907	1.194895723745583	0.7811111997052766
0.9201327052227712	1.2021650647101476	0.773000550413655
0.917818582545038	1.2083048932298506	0.7660309837331423
0.9159157271149194	1.2133074321183732	0.7602623481908325
0.9144342774885142	1.2171667092139495	0.7557451899933652
0.91338207548026	1.2198783326825124	0.7525197289731195
0.9127646517105608	1.2214393181460448	0.7506149935803976
0.9125852158627378	1.2218479670388322	0.7500481677720885
0.9128446512669333	1.2211037957591615	0.7508241921405362
0.9135415135871042	1.2192075153579902	0.7529356461529579
0.9146720335473707	1.2161610616847622	0.7563629196022095
0.9162301237947102	1.2119676760911238	0.761074661585424
0.9182073901546332	1.2066320369720174	0.7670284770027883
0.9205931476944305	1.2001604425973973	0.7741718259020177
0.9233744421627009	1.192561045852648	0.7824430715099607
0.926536077522367	1.1838441416580192	0.7917726191205182
0.9300606504347385	1.1740225079714062	0.8020840898727274
0.9339285926806074	1.1631118013880457	0.8132954798531095
0.9381182226172772	1.1511310084249502	0.8253202644573209
0.9426058068629226	1.1381029536029486	0.8380684189942007
0.9473656334662511	1.124054865392523	0.8514473377023786
0.9523700978546775	1.1090190009379661	0.8653626435831001
0.957589802851938	1.0930333301671193	0.879718890022842
0.962993674010424	1.0761422793561215	0.894420161744349
0.9685490914091052	1.0583975333405502	0.9093705871428652
0.9742220389200278	1.0398588941869285	0.9244747767033361
0.9799772717412499	1.0205951920396659	0.9396382032423174
0.9857785027301585	1.0006852407280238	0.9547675395117783
0.9915886077480002	0.9802188261427719	0.9697709675716444
0.9973698498466382	0.959297708832988	0.9845584725805496
1.0030841216970738	0.9380366130639508	0.9990421315152309
1.0086932051835156	0.9165641619405136	1.0131364050017588
1.0141590465778547	0.895023701331048	1.0267584380713304
1.019444045180607	0.873573933555354	1.039828373345582
1.024511352781441	0.8523892549090387	1.05226967798543
1.0293251807747252	0.8316596598409273	1.0640094837564207
1.0338511112815119	0.8115900414608317	1.0749789378085894
1.0380564082010817	0.7923986882050076	1.0851135602673545
1.04191032376256	0.7743147587452974	1.0943536035022512
1.0453843958895834	0.7575745245345505	1.1026444069971801
1.0484527315461898	0.7424162179280666	1.1099367410981584
1.051092271213324	0.7290734297699214	1.1161871325660586
1.0532830297626385	0.7177671732856137	1.1213581648117494
1.0550083092514053	0.7086969648445977	1.1254187459307416
1.0562548795583901	0.702031535584662	1.1283443381682312
1.057013123307399	0.6979000223314179	1.1301171432104256
1.0572771421699851	0.6963846154170171	1.1307262386825392
1.0570448223818822	0.6975155962057344	1.130167662398725
1.0563178581252934	0.7012694501401658	1.1284444422097202
1.0551017322938503	0.7075703277125425	1.1255665706786258
1.0534056550386843	0.7162946425881804	1.121550925230917
1.0512424613616724	0.7272781670070827	1.1164211358160652
1.0486284698455088	0.7403247122666978	1.1102074034310998
1.045583305362071	0.7552154112108947	1.1029462740398142
1.042129689255765	0.7717177294785463	1.0946803734298745
1.0382932010381856	0.78959355752355	1.0854581093433004
1.0341020160395924	0.808605999067384	1.0753333477622773
1.029586623734109	0.8285247117507252	1.0643650705075132
1.024779531586462	0.8491298375529134	1.0526170212944483
1.0197149592625097	0.8702146750030099	1.0401573470838903
1.014428527912865	0.891587300412124	1.027058240956751
1.0089569489918968	0.9130713570707516	1.0133955918397044
1.0033377167301485	0.9345062160297938	0.9992486452188842
0.9976088079562516	0.9557466831847725	0.9846996775135772
0.9918083924850596	0.9766623942670352	0.9698336850597319
0.9859745567728566	0.9971370076166618	0.9547380866965639
0.9801450430079752	1.0170672770473048	0.939502436792689
0.9743570052748325	1.036362064644877	0.9242181432374639
0.9686467839171382	1.0549413358451423	0.908978182527274
0.9630496987460772	1.0727351659766193	0.8938768016925266
0.9575998613021903	1.0896827778335252	0.8790091945755306
0.9523300059938504	1.1057316229718683	0.8644711380662592
0.9472713396055793	1.1208365146161285	0.8503585725704471
0.94245340839869	1.1349588167681388	0.8367671105152507
0.9379039818152529	1.1480656918937875	0.8237914574263344
0.9336489516418638	1.160129408105276	0.8115247323882083
0.929712245389515	1.1711267058233592	0.8000576788436752
0.9261157525947054	1.18103822332898	0.789477762913102
0.9228792627399458	1.1898479802820061	0.7798681647397095
0.9200204135227532	1.1975429181167427	0.7713066785250978
0.9175546482653845	1.2041124961664944	0.7638645482715051
0.9154951813471718	1.2095483423874498	0.7576052777549288
0.9138529706517879	1.2138439576219353	0.7525834635228259
0.9126366961484725	1.2169944724473645	0.7488437071462981
0.9118527438651578	1.2189964557892154	0.7464196660170053
0.9115051946587129	1.2198477746278664	0.7453332994979797
0.9115958173409581	1.2195475042936286	0.745594358743086
0.9121240658761945	1.2180958890187195	0.7472001544367984
0.9130870805251863	1.2154943525951256	0.7501356184698158
0.9144796929707513	1.2117455591702926	0.7543736553195799
0.9162944356197859	1.2068535243951009	0.7598757591925569
0.9185215554350066	1.200823777317752	0.7665928562500592
0.9211490328048959	1.1936635735896381	0.7744663193634408
0.9241626061111679	1.1853821607114892	0.7834290968397778
0.927545802796391	1.1759910961955937	0.7934068964746628
0.9312799778678381	1.1655046196475911	0.8043193713309204
0.9353443608929914	1.1539400798703718	0.8160812624483476
0.9397161126432557	1.1413184181525247	0.8286034646584952
0.9443703926201198	1.1276647089054523	0.8417939932727279
0.9492804387467453	1.1130087587307438	0.8555588403720695
0.9544176605219509	1.0973857647903127	0.869802718879682
0.9597517469068553	1.080837032954732	0.8844297000640609
0.9652507901413218	1.063410755527445	0.8993437554650346
0.9708814265629421	1.0451628472496715	0.9144492175681803
0.9766089953214413	1.0261578365908843	0.9296511751435154
0.9823977156434148	1.0064698067528521	0.9448558193500114
0.9882108830053706	0.9861833769939876	0.9599707558380551
0.9940110842185017	0.9653947093271498	0.9749052964773813
0.9997604310200524	0.9442125177367974	0.9895707422690193
1.0054208113102092	0.9227590460496121	1.0038806666823883
1.0109541566793405	0.9011709656422695	1.0177512062559655
1.01632272435057	0.8796001244830799	1.0311013629313164
1.0214893911317613	0.8582140540608327	1.0438533203400793
1.0264179564464775	0.8371961107379319	1.055932774189992
1.0310734510147623	0.8167450945240778	1.0672692750401016
1.0354224473012692	0.7970741550227759	1.0777965801454876
1.0394333674622434	0.7784087684943575	1.0874530097082644
1.0430767842227466	0.7609835628918885	1.0961818018100717
1.046325709920533	0.7450377947100173	1.1039314595309246
1.0491558688780036	0.7308093599064387	1.110656083287159
1.0515459483201186	0.7185273652727013	1.1163156812464805
1.0534778232510333	0.7084034991067939	1.1208764507970075
1.0549367510360597	0.7006227018203258	1.1243110244457355
1.055911531904165	0.6953339005567073	1.126598674181556
1.0563946321781879	0.6926417642455577	1.1277254692300938
1.0563822677390986	0.6926004780636726	1.1276843832173054
1.0558744460148308	0.6952103766267909	1.1264753480033523
1.054874965627677	0.7004179188551587	1.1241052527994213
1.0533913737079996	0.7081190085866237	1.1205878885862173
1.0514348817554091	0.7181651850349954	1.1159438392582182
1.049020241771531	0.7303718479380559	1.1102003222698669
1.0461655851714464	0.7445275190521483	1.1033909828045598
1.042892227678863	0.7604031811588295	1.0955556465779523
1.0392244440001877	0.7777609263100907	1.0867400372809093
1.0351892165393903	0.7963614080729683	1.0769954653289282
1.0308159627476219	0.8159698549473342	1.0663784949869206
1.0261362458940304	0.8363606157639067	1.0549505970607367
1.0211834740989876	0.8573203532143374	1.0427777941777792
1.01599259239383	0.8786500811022302	1.0299303052128852
1.010599772374632	0.9001662685887207	1.0164821946528217
1.005042103715919	0.9217012280162702	1.0025110316387866
0.999357291422723	0.9431029772486964	0.9880975620903143
0.9935833622452838	0.9642347342312334	0.9733253957106383
0.9877583831810486	0.984974167858431	0.9582807078207434
0.9819201944634949	1.0052124991109423	0.9430519538944245
0.9761061589062272	1.024853521363075	0.9277295924068953
0.9703529289505596	1.0438125889705507	0.9124058092200255
0.9646962322707646	1.0620156082097882	0.8971742342886737
0.9591706763352361	1.079398053558611	0.8821296390994043
0.9538095719132853	1.095904024348411	0.8673676011049782
0.9486447751629828	1.111485351225278	0.8529841197081925
0.9437065476384277	1.1261007580088669	0.8390751673473335
0.9390234333170916	1.1397150819415736	0.8257361592667223
0.9346221515680022	1.152298553607485	0.8130613269781706
0.9305275048570169	1.1638261366992453	0.8011429835884235
0.926762299912415	1.1742769271278148	0.7900706743763604
0.9233472810469839	1.1836336105694516	0.7799302133964336
0.9203010743467944	1.1918819773337195	0.7708026163602016
0.9176401414852681	1.1990104933524597	0.7627629511623462
0.9153787419986684	1.2050099260914575	0.755879139319182
0.9135289029599855	1.209873024246222	0.7502107530178179
0.9121003951073228	1.2135942501828911	0.7458078618643033
0.9111007146160024	1.2161695642133268	0.7427099891029704
0.9105350698466951	1.2175962599419012	0.7409452376002222
0.910406372552371	1.2178728500843192	0.7405296403431112
0.9107152331816322	1.2169990023326147	0.741466778548215
0.9114599600742602	1.214975525021082	0.7437476936606756
0.9126365625038172	1.2118044025324826	0.7473510994228936
0.9142387576820756	1.207488880569575	0.7522438793054468
0.9162579819986216	1.2020336016011934	0.7583818355687079
0.9186834069256913	1.1954447909712513	0.7657106413546548
0.9215019601711639	1.187730494330973	0.7741669380136312
0.9246983528097136	1.17890086721508	0.7836795168861198
0.9282551132606556	1.1689685177275662	0.7941705275563694
0.9321526291080118	1.1579489034259731	0.8055566620024762
0.9363691978689674	1.1458607835855583	0.8177502745011915
0.9408810879075854	1.132726728073647	0.8306604089461341
0.9456626107549693	1.1185736840480376	0.8441937169454062
0.9506862061302934	1.1034336015805304	0.8582552605813544
0.9559225409527007	1.0873441190483863	0.872749202362284
0.9613406235866643	1.0703493086591507	0.8875793913813423
0.9669079344674761	1.0525004816701047	0.9026498590337718
0.9725905741044288	1.033857051574521	0.9178652400479484
0.9783534292536181	1.0144874515293345	0.9331311353854584
0.9841603577883709	0.9944700992806598	0.9483544331247262
0.9899743924728699	0.9738943983830026	0.9634436021090246
0.9957579634663039	0.9528617580510353	0.9783089712168647
1.001473138955453	0.931486604835583	0.9928630048476069
1.0070818828410577	0.909897346659512	1.007020582797994
1.012546327897963	0.8882372327128315	1.0206992902762044
1.0178290623043575	0.8666650305294421	1.033819721458705
1.0228934269075567	0.8453554139167362	1.0463057978103978
1.0277038200805704	0.8244989229068501	1.0580851004072278
1.0322260065448796	0.804301321914857	1.0690892137554835
1.0364274261113153	0.7849821499689967	1.0792540771152899
1.040277497942309	0.7667722362027887	1.0885203381249613
1.0437479156850504	0.749909958194693	1.096833702598204
1.0468129286823946	0.7346360673305377	1.1041452737364883
1.0494496044511978	0.7211870116779241	1.110411873666215
1.0516380677348338	0.7097868640364551	1.1155963401730622
1.0533617116921512	0.7006382056687941	1.119667791754774
1.0546073771783369	0.6939125932411825	1.122601854634036
1.055365496595496	0.6897414862976102	1.124380846140411
1.0556301994297224	0.6882086539213954	1.1249939098547124
1.0553993773277799	0.6893450377712365	1.1244370990716035
1.0546747073764875	0.6931267926727703	1.1227134064317212
1.0534616331043738	0.6994767923272409	1.1198327389539742
1.0517693035984987	0.7082693792600288	1.1158118391082394
1.0496104719890733	0.7193376872718292	1.110674153954155
1.0470013553704889	0.7324825809184075	1.1044496556807581
1.043961458972672	0.7474821867122649	1.097174618062406
1.0405133680464567	0.7641011112869718	1.088891354355457
1.0366825114621272	0.7820986819954842	1.0796479229565905
1.0324969014270506	0.8012358230998959	1.0694978076970163
1.0279868539982822	0.8212804307772644	1.0584995799323746
1.0231846951975492	0.8420112970570142	1.0467165495899151
1.0181244575319512	0.863220748298106	1.0342164120426953
1.0128415715936807	0.8847162174774971	1.0210708970928895
1.0073725571688772	0.9063209785558215	1.0073554254639092
1.0017547179459272	0.9278742529640616	0.9931487770315464
0.9960258434966571	0.9492308668375142	0.9785327735770292
0.9902239217294309	0.970260602580416	0.9635919771353064
0.9843868645025635	0.9908473552823669	0.9484134030590784
0.9785522485586327	1.0108881761073245	0.933086244752562
0.9727570734141213	1.0302922618432429	0.9177016046898967
0.9670375373304568	1.0489799320933575	0.902352223884098
0.9614288320152867	1.066881622382377	0.8871321995043896
0.9559649562680501	1.0839369118721056	0.8721366779831177
0.9506785483993411	1.1000935975997073	0.857461508888634
0.9456007369245598	1.1153068224534661	0.8432028433050075
0.9407610087615829	1.1295382609139106	0.8294566597517086
0.9361870939495821	1.1427553644719444	0.8163182011455643
0.9319048657508824	1.1549306672657202	0.8038813083299865
0.9279382548953774	1.1660411516187856	0.7922376396278983
0.9243091766742887	1.176067672648438	0.7814757719793949
0.9210374695805797	1.184994440831039	0.7716801875800711
0.9181408442223372	1.1928085612825103	0.7629301603276957
0.9156348412961978	1.1994996284861714	0.7552985682150288
0.91353279749539	1.2050593752421992	0.7488506700425304
0.9118458183354561	1.2094813747014432	0.7436428960319875
0.9105827570055978	1.212760794467048	0.7397217104081698
0.9097501984907255	1.2148942018905013	0.7371226080897514
0.9093524483551807	1.2158794198483607	0.735869305949154
0.9093915257311642	1.2157154324576347	0.7359731810233139
0.9098671602106713	1.214402340367451	0.7374329939089381
0.9107767924981016	1.211941365449965	0.7402349167242432
0.9121155788396633	1.208334904901432	0.7443528637021275
0.9138763994048044	1.203586634952028	0.7497491014108296
0.9160498709525363	1.1977016645684304	0.7563750974429242
0.9186243642704497	1.1906867397134295	0.7641725532777577
0.9215860270248367	1.1825504988985407	0.7730745600930539
0.9249188128042259	1.1733037809262958	0.7830068157195558
0.9286045172728383	1.1629599858632176	0.7938888459087353
0.9326228224718638	1.1515354904064221	0.8056351821848318
0.9369513504100093	1.139050118896882	0.8181564600636945
0.9415657271665605	1.1255276712754652	0.8313604136793196
0.9464396587838709	1.1109965092509668	0.8451527544945977
0.9515450202467226	1.0954902018164894	0.8594379318306784
0.9568519588273634	1.0790482309567786	0.8741197809054506
0.9623290130113317	1.0617167578522249	0.8891020697717255
0.967943248105631	1.0435494489829125	0.904288960108621
0.9736604094633006	1.0246083600915632	0.9195853985324932
0.9794450940334828	1.0049648737275818	0.934897455320615
0.9852609406631881	0.9847006827169179	0.9501326265562817
0.9910708392364282	0.963908806917568	0.9652001140502431
0.9968371583415099	0.9426946234189106	0.980011095257851
1.002521990714144	0.9211768801707834	0.99447899302175
1.0080874152209809	0.8994886490130386	1.0085197524970133
1.0134957736368249	0.8777781553211402	1.022052130182025
1.018709959943403	0.8562093972717363	1.034997997669654
1.0236937193547437	0.8349624379073369	1.0472826606069874
1.0284119537723881	0.8142332187650073	1.0588351914474563
1.0328310299132084	0.7942327079324616	1.0695887729227938
1.036919085953355	0.7751851642986363	1.079481047773046
1.0406463322143387	0.7573252840078459	1.0884544691638758
1.0439853411994109	0.7408940098363711	1.0964566454013849
1.0469113221867317	0.7261328477264691	1.103440672030205
1.049402375611741	0.7132766641840942	1.109365444173088
1.0514397226330638	0.702545141458134	1.1141959420330958
1.0530079055765287	0.6941333319285191	1.117903482823807
1.054094955386021	0.6882020370092139	1.1204659329991353
1.054692522770246	0.684868967460716	1.1218678754975333
1.0547959704042655	0.6842017357888167	1.122100727761782
1.0544044243043773	0.686213620214801	1.1211628075051323
1.0535207833194455	0.6908627112185693	1.1190593445206949
1.0521516865430602	0.6980545678723858	1.11580243822325
1.0503074393190464	0.7076479937842143	1.1114109620174393
1.0480018993576823	0.7194631266508039	1.1059104169500136
1.045252325272196	0.7332908161967268	1.0993327383745892
1.0420791905586682	0.748902265741289	1.0917160604858611
1.0385059666542793	0.766058088115629	1.0831044445245668
1.0345588792018645	0.7845161957660819	1.0735475771769778
1.0302666420101714	0.8040382261183988	1.0631004461648133
1.0256601734239497	0.8243944394621222	1.0518230002217501
1.0207722999046067	0.8453671918217469	1.0397798005667442
1.0156374515770554	0.8667531789157498	1.0270396706051506
1.0102913543311711	0.8883646832391433	1.0136753499142706
1.0047707227916314	0.9100300530956854	0.9997631576036929
0.9991129581051111	0.9315936170755891	0.9853826688894203
0.9933558540582532	0.9529152028228	0.9706164071950232
0.9875373145539997	0.9738693932030902	0.9555495523071543
0.9816950849578971	0.9943446206728692	0.940269663087525
0.9758664992990814	1.0142421736589873	0.9248664110085808
0.970088244790731	1.033475167411427	0.9094313183803471
0.9643961446367622	1.0519675155752946	0.8940574926389256
0.9588249596285795	1.0696529268007313	0.878839345571752
0.9534082086174277	1.086473942166401	0.8638722840043958
0.9481780075816489	1.102381023215436	0.8492523564641142
0.943164926698102	1.1173316963116728	0.8350758389249029
0.9383978645751696	1.131289756284016	0.8214387422473224
0.9339039386108311	1.1442245305350718	0.8084362247243989
0.9297083903008376	1.156110203651585	0.7961618956229071
0.9258345042357454	1.1669252018590799	0.7847070001236446
0.922303539486374	1.1766516362645882	0.7741594828563071
0.9191346720801089	1.185274803629882	0.7646029363193756
0.9163449473091103	1.1927827433456404	0.7561154515704152
0.9139492406808283	1.1991658492906494	0.7487684009479417
0.9119602264147878	1.2044165353307406	0.742625195069248
0.9103883525031959	1.208528953320766	0.7377400673710058
0.9092418214811979	1.2114987626085625	0.7341569472371093
0.9085265761922071	1.213322950193955	0.731908485589841
0.9082462899811513	1.2139997008635528	0.7310152934593052
0.9084023609013265	1.2135283168000017	0.7314854440592657
0.9089939096767211	1.2119091863486782	0.7333142729011605
0.9100177813198451	1.209143801813476	0.7364844901518945
0.9114685504637868	1.205234826343822	0.740966597284485
0.9133385306255274	1.200186210164914	0.7467195789417007
0.9156177877742225	1.194003356590039	0.7536918234872191
0.9182941587316944	1.1866933384353544	0.7618222139063617
0.9213532750810492	1.1782651656312086	0.771041325468808
0.9247785934007121	1.1687301049859216	0.7812726677290156
0.9285514327721296	1.158102053204623	0.7924339149688292
0.9326510206264108	1.1463979643897768	0.804438079469356
0.937054548093709	1.1336383333422977	0.8171945942403686
0.9417372360941739	1.1198477360261914	0.830610284380713
0.9466724134557124	1.105055428531606	0.8445902177957813
0.9518316083553199	1.0892960057320573	0.8590384357089487
0.9571846543521053	1.072610120522406	0.8738585708591943
0.9626998122055552	1.0550452639567687	0.8889543664198255
0.9683439085472889	1.0366566056474475	0.9042301116941859
0.9740824922946213	1.0175078922481486	0.9195910118769782
0.9798800094569851	0.997672399456179	0.9349435090018854
0.9856999966913909	0.9772339293565504	0.950195570008239
0.9915052936109618	0.9562878395935821	0.9652569559883156
0.9972582734462091	0.9349420831434396	0.9800394843984384
1.0029210912074231	0.9133182265726292	0.9944572935453635
1.00845594800807	0.8915523996874892	1.0084271161513512
1.0138253696956394	0.8697961094855206	1.0218685663676816
1.0189924974121363	0.848216825618472	1.0347044423226084
1.0239213871887722	0.8269982131313921	1.0468610442064192
1.0285773151871938	0.8063398523595242	1.0582685060462869
1.032927084752566	0.7864562491759378	1.06886113773026
1.0369393310625514	0.7675749084197689	1.0785777725179693
1.0405848188600788	0.7499332309695477	1.0873621142375278
1.0438367285648305	0.7337740169360708	1.0951630776206371
1.0466709259836011	0.719339433044361	1.1019351147753305
1.0490662108943773	0.7068634482659505	1.107638520637215
1.0510045399695034	0.6965629633890987	1.1122397103698014
1.052471219831294	0.6886281396643485	1.1157114620894717
1.0534550664936233	0.6832127194755954	1.118033118951989
1.053948528025147	0.6804253494563476	1.1191907455271104
1.053947767957707	0.6803229757440118	1.1191772344718118
1.0534527077353208	0.6829072209950595	1.117992360749046
1.0524670273303096	0.6881242753802467	1.1156427819809975
1.0509981240140367	0.6958683183272706	1.112141984922453
1.0490570301318818	0.7059879678096235	1.1075101794374727
1.0466582915639346	0.7182948648676979	1.1017741427087084
1.0438198093275688	0.732573326566432	1.0949670176516146
1.040562647468647	0.7485900475341979	1.0871280705984274
1.0369108109738387	0.7661030404327104	1.0783024142178956
1.0328909979009535	0.7848692918080246	1.0685407023112936
1.0285323302562597	0.8046508916698946	1.057898803545791
1.0238660683425271	0.825219621298772	1.0464374613330123
1.0189253133606173	0.846360134569157	1.0342219469212255
1.0137447029764195	0.8678719476483855	1.0213217123370366
1.0083601043752426	0.8895704766881146	1.00781004908663
1.0028083090327733	0.911287352340031	0.9937637575099769
0.9971267330523612	0.9328702102464246	0.9792628303816795
0.9913531264732144	0.9541821200641043	0.9643901527784541
0.9855252944624622	0.9751007794698718	0.9492312184004408
0.9796808327867771	0.9955175677833282	0.9338738604611271
0.973856879434503	1.015336527748554	0.9184079929789277
0.968089883744798	1.0344733236629953	0.9029253558581299
0.9624153939102367	1.052854208761065	0.8875192546078541
0.9568678632664472	1.0704150236344878	0.8722842830193475
0.9514804753753285	1.0871002395790585	0.8573160147541526
0.9462849875543173	1.1028620552885515	0.8427106477958984
0.9413115922065193	1.1176595516104422	0.8285645843582358
0.9365887950667207	1.1314579066240544	0.814973928457613
0.9321433092959228	1.144227671718786	0.8020338843388436
0.927999964229245	1.1559441083624085	0.7898380416893529
0.9241816275052352	1.1665865846619359	0.7784775384561964
0.9207091392738329	1.1761380304981635	0.7680400993232329
0.9176012571899739	1.1845844498678506	0.7586089575100248
0.9148746109445246	1.191914489034512	0.7502616791640347
0.9125436651578387	1.1981190591302417	0.743068922435088
0.9106206895586273	1.203191011941443	0.7370931760763874
0.9091157354867997	1.20712486773463	0.732387533442929
0.9080366178891005	1.2099165941247205	0.7289945651971114
0.907388902117048	1.211563435150145	0.7269453561541572
0.9071758949847089	1.212063789893132	0.7262587673060245
0.9073986396969301	1.2114171401654983	0.7269409728401335
0.9080559144148259	1.209624026968428	0.7289853047189454
0.9091442343830348	1.206686075625878	0.7323724159970669
0.9106578577016744	1.2026060696842027	0.7370707512084689
0.9125887949835281	1.197388073862273	0.74303729083001
