1.0	1.0	0.9999999999999999
1.0051823696952094	0.9735885243141831	1.0114967419520284
1.010310637313168	0.9466489740252723	1.0228119731827563
1.0153419780118436	0.9193027914261467	1.0338444847118982
1.0202338590182891	0.8916876817924178	1.0444958655832564
1.0249443535388854	0.863959176732228	1.0546709465332205
1.029432464258847	0.8362921822132263	1.0642782300389675
1.0336584530439217	0.8088824124068719	1.0732303094152513
1.0375841729371926	0.7819475544085199	1.0814442776136768
1.0411733980870046	0.7557279333507968	1.0888421245137891
1.044392146871575	0.7304863527816856	1.095351119861357
1.0472089932234914	0.7065066787534542	1.1009041776640474
1.0495953610219946	0.684090637656432	1.105440196837587
1.0515257964274682	0.6635522456807492	1.1089043722295522
1.0529782131907142	0.6452093414028389	1.111248469841689
1.053934106282951	0.6293719256408796	1.1124310601205936
1.0543787296581828	0.6163274847783484	1.1124177035739027
1.054301234567645	0.6063241834676957	1.1111810836669274
1.05369476558004	0.599553639450741	1.108701082924931
1.0525565122983633	0.596135676197518	1.1049647993623704
1.0508877156765213	0.5961076534873054	1.099966501729013
1.0486936287949062	0.5994204599196378	1.093707523546005
1.0459834329196618	0.6059420491702018	1.086196097442606
1.0427701106110918	0.6154678787387289	1.0774471328372313
1.0390702785293113	0.6277363026704366	1.0674819414785908
1.0349039833795897	0.6424463036153653	1.0563279167242146
1.0302944651200567	0.6592750347703374	1.0440181736426972
1.0252678921003249	0.6778932797529341	1.0305911580508829
1.0198530731973432	0.697977789572409	1.01609023341739
1.0140811522574376	0.7192202271017248	1.0005632551705212
1.0079852902407755	0.7413329861378904	0.9840621423445508
1.001600340402581	0.7640524322454436	0.9666424566972586
0.9949625216460355	0.7871401913659603	0.9483629994564159
0.988109094861307	0.8103830670077651	0.9292854357344136
0.9810780466433393	0.8335920642103835	0.9094739564240341
0.9739077842798672	0.856600882817323	0.8889949870925541
0.9666368453435892	0.879264137739271	0.8679169530628495
0.9593036246312244	0.9014554792732137	0.8463101095406376
0.9519461205889292	0.9230657232759261	0.8242464453379248
0.944601702767796	0.9440010563063309	0.8017996684585844
0.9373069012819132	0.9641813507569372	0.7790452815313018
0.9300972187087266	0.9835386056108636	0.7560607547377682
0.9230069643880988	1.0020155165606064	0.7329258033736694
0.9160691106502077	1.0195641723447528	0.7097227762993008
0.9093151701379875	1.0361448705237069	0.6865371599735837
0.9027750930892016	1.0517250442979484	0.6634582000489186
0.8964771832060833	1.0662782915531936	0.6405796379505898
0.890448030564423	1.0797834975665002	0.618000552516913
0.8847124598952054	1.0922240433946562	0.5958262853580066
0.8792934925053244	1.1035870926920006	0.5741694115011792
0.8742123200838648	1.1138629504554654	0.5531506923140235
0.8694882886607286	1.123044487910196	0.5328999139368177
0.8651388910388401	1.1311266284024946	0.5135564706691876
0.8611797661037226	1.1381058897497318	0.49526950027998684
0.8576247035191744	1.1439799790116167	0.47819732263975956
0.8544856524399826	1.1487474361007186	0.4625058869254263
0.8517727330074634	1.1524073230513479	0.44836591770527895
0.8494942495372332	1.1549589561235198	0.4359484974790256
0.8476567044577951	1.1564016782405346	0.4254189670274643
0.8462648122106885	1.1567346695509957	0.4169292877170986
0.8453215124761602	1.1559567941737265	0.41060937858077345
0.844827982241248	1.1540664814303596	0.40655834391387247
0.8447836463788473	1.1510616400975944	0.4048368123184918
0.8451861865562827	1.1469396044202318	0.4054616627437799
0.8460315484398482	1.141697110817494	0.4084041213730169
0.847313947307581	1.1353303043884508	0.41359161161248037
0.8490258723261636	1.1278347744770771	0.42091300795159725
0.8511580898891128	1.1192056186927537	0.4302263285971596
0.8536996465520496	1.1094375348974916	0.44136758959330435
0.8566378722361837	1.0985249407667053	0.4541595813082649
0.8599583845023062	1.0864621206068974	0.4684196270327815
0.8636450948231335	1.0732433991733001	0.4839657898306648
0.8676802178999131	1.0588633422774798	0.5006213713234057
0.8720442851774931	1.0433169840158891	0.5182178182579646
0.876716163807574	1.0266000804958815	0.5365963033334543
0.8816730823893435	1.00870939000132	0.555608297492711
0.8868906648762632	0.9896429796481416	0.5751154365913923
0.8923429740732873	0.9694005587632006	0.5949889381100083
0.8980025661558633	0.9479838395228383	0.6151087661395718
0.9038405576161879	0.9253969258750646	0.6353626884233222
0.9098267059790454	0.901646732531689	0.6556453237167095
0.9159295055250608	0.8767434369832636	0.6758572425958602
0.9221162991099648	0.8507009692455049	0.6959041592530967
0.9283534069719098	0.8235375466596714	0.7156962340131812
0.9346062731735958	0.7952762649362268	0.7351474944001436
0.9408396300320407	0.7659457623402534	0.7541753749191419
0.947017680548049	0.7355809823608804	0.772700370967294
0.9531042984636033	0.7042240727589014	0.790645799464726
0.9590632451544687	0.6719254776951753	0.8079376572003654
0.9648584021154806	0.6387453081227006	0.8245045670373164
0.970454017327831	0.6047551192925515	0.8402778017060535
0.9758149633237445	0.5700402921143181	0.8551913747343637
0.9809070042988909	0.5347033222139155	0.8691821880071053
0.9856970691826107	0.49886849191239563	0.8821902254581617
0.9901535271775814	0.4626886779434357	0.8941587824496962
0.9942464619409923	0.4263555006149862	0.9050347204910425
0.9979479403153063	0.39011475653492045	0.9147687371057095
1.0012322713433968	0.35429024367464235	0.9233156408907376
1.0040762512331687	0.31932079249852013	0.9306346221500732
1.0064593899803786	0.28581724193100444	0.936689509942439
1.0083641155211271	0.25464606577695637	0.9414490069791753
1.0097759515686602	0.2270361207161882	0.944886894546756
1.010683665689206	0.204662585772671	0.9469822005123645
1.011079384679975	0.18955999477648902	0.9477193244909846
1.0109586749158195	0.1836264599458959	0.9470881153926818
1.0103205860116444	0.18774535638068118	0.945083897805381
1.0091676568840309	0.201236715886829	0.9417074449714696
1.0075058840636226	0.22227656298647616	0.9369648974511152
1.0053446528839438	0.2487887227778457	0.9308676278935663
1.0026966329265048	0.27901780995170755	0.9234320536212252
0.9995776398113138	0.3116632748401253	0.9146793999324939
0.9960064660633465	0.3458073797630769	0.9046354181138798
0.9920046843395272	0.38080592077368897	0.8933300630900533
0.9875964267517006	0.41619940100428376	0.8807971364091688
0.9828081443580807	0.4516517619026786	0.8670739008435948
0.9776683511127092	0.4869104138859896	0.8522006732749198
0.9722073566586271	0.5217805163320045	0.8362204027259765
0.9664569923295182	0.5561083382894242	0.819178240408547
0.9604503345944679	0.5897703345428256	0.8011211084867357
0.9542214299528178	0.6226658307588129	0.78209727393189
0.9478050249750927	0.6547120112538756	0.762155933388812
0.9412363048078263	0.6858403953608286	0.7413468144114448
0.9345506430318812	0.7159942898421384	0.7197197977874936
0.9277833653027956	0.7451268904836545	0.6973245649844697
0.9209695287243819	0.7731998217041816	0.6742102740428878
0.9141437184286013	0.8001819761218781	0.6504252665432866
0.9073398623692546	0.8260485628825704	0.6260168076084967
0.9005910648957989	0.8507803040170211	0.6010308602964518
0.8939294592658912	0.8743627381444148	0.5755118952171827
0.8873860788880793	0.8967856041773311	0.5495027357983816
0.8809907467640794	0.9180422866295979	0.5230444393616273
0.8747719823260014	0.9381293101614283	0.4961762141046177
0.868756924638431	0.957045875073799	0.46893537228952575
0.862971270757696	0.9747934282160053	0.44135732054146587
0.85743922790879	0.9913752656175269	0.4134755893896549
0.8521834780512595	1.0067961643824965	0.3853219064519885
0.8472251533550521	1.0210620421875942	0.35692632176363864
0.8425838210916914	1.0341796432373949	0.3283174012562351
0.8382774764607257	1.0461562498496366	0.2995225185814968
0.8343225419118149	1.056999419032904	0.2705683035276048
0.8307338715847715	1.0667167435275073	0.2414813639834221
0.8275247595694125	1.0753156368395442	0.21228953001531065
0.8247069507805863	1.0828031418309323	0.18302418955391503
0.822290653348042	1.0891857624500603	0.15372515423155875
0.8202845515331999	1.0944693182087826	0.12445218626822654
0.8186958183031041	1.098658821038204	0.09531730910415545
0.8175301268140625	1.1017583741916475	0.0665999805586497
0.8167916601823684	1.1037710929099602	0.039348667020619205
0.8164831190459652	1.104699046622045	0.020730689475675794
0.8166057265483222	1.1045432225213416	0.03290457757353773
0.8171592305036756	1.1033035104353717	0.05921795819401169
0.8181419026309196	1.1009787089884144	0.08773991201186387
0.8195505348716974	1.0975665531447183	0.1168346914042867
0.8213804329366293	1.0930637633090843	0.14612509667346876
0.8236254073520233	1.0874661162511454	0.1754733021621113
0.8262777624077878	1.0807685382073424	0.20481082422297728
0.8293282835352496	1.0729652205993299	0.2340945990161845
0.8327662237707822	1.0640497588887885	0.2632921385021679
0.8365792900867414	1.054015315167207	0.2923755040005942
0.8407536304941138	1.0428548051574098	0.3213184985049072
0.8452738229400659	1.030561110386037	0.3500952054203763
0.8501228671362486	1.0171273163805523	0.3786791545951742
0.8552821805579888	1.0025469778624074	0.407042808968913
0.8607315999474499	0.986814412067449	0.4351572300925449
0.8664493897322427	0.9699250215509871	0.4629918528618893
0.8724122588309976	0.9518756481645445	0.49051433369229436
0.8785953873549917	0.9326649603758145	0.5176904532764938
0.8849724647256682	0.9122938768153595	0.5444840639357718
0.8915157407071713	0.8907660299757622	0.5708570764010207
0.8981960907964016	0.8680882755064854	0.5967694835447165
0.9049830973161834	0.844271254747293	0.6221794200718088
0.9118451474161401	0.8193300213213353	0.6470432579560963
0.9187495489976671	0.7932847471950575	0.6713157377415454
0.9256626653419469	0.7661615302334207	0.6949501358614084
0.932550068932551	0.7379933348625021	0.7178984679467422
0.9393767146278245	0.7088211113813201	0.7401117277524276
0.9461071319558169	0.6786951598273647	0.7615401608583319
0.9527056358811345	0.647676834268894	0.7821335717329729
0.9591365549361387	0.6158407278253274	0.8018416621007391
0.965364475128222	0.5832775450404203	0.8206143978546657
0.9713544975426042	0.5500979677701856	0.8384024010293735
0.9770725070704475	0.5164379703769035	0.8551573626190883
0.9824854492211812	0.4824662636829166	0.8708324713214977
0.9875616115429758	0.4483948748728334	0.8853828526387265
0.9922709057942734	0.4144943274789177	0.898766012201514
0.9965851466997716	0.38111544861592356	0.9109422767309012
1.0004783229029508	0.34872029251849607	0.9218752257405002
1.0039268556086478	0.31792426895633413	0.9315321069357242
1.0069098404049992	0.2895481396346725	0.93988422830339
1.0094092678721742	0.2646672125608552	0.9469073201192604
1.0114102188290452	0.24461874377299755	0.9525818605385079
1.0129010304367496	0.23089014487812723	0.9568933590733155
1.01387342986307	0.2248087417874983	0.9598325930930629
1.0143226328017922	0.2270877679803129	0.9613957934880313
1.0142474048196886	0.2375153080080061	0.9615847767919783
1.013650084249616	0.25505988342881053	0.9604070223305379
1.0125365661369923	0.2782924125542526	0.9578756943145101
1.010916247552306	0.3057915656397066	0.954009610189873
1.0088019353769204	0.3363533075883575	0.9488331579487851
1.0062097184266348	0.3690351301888641	0.9423761664580841
1.0031588064721444	0.40312293265548443	0.9346737341367972
0.999671339325848	0.43807898030297643	0.9257660224799901
0.9957721696722882	0.4734949857819461	0.9156980219570581
0.9914886237117041	0.5090561794755649	0.9045192986897421
0.9868502439545286	0.5445155444693819	0.8922837310277376
0.9818885186464312	0.5796758091672561	0.8790492456838879
0.9766366023209369	0.6143769368405586	0.8648775634688182
0.9711290318767837	0.6484873918823082	0.8498339648826027
0.965401442370982	0.6818979724591403	0.8339870858858096
0.9594902864202542	0.7145173852093438	0.8174087540878545
0.9534325607296494	0.7462690072194478	0.8001738753520207
0.9472655428354768	0.7770884626953357	0.7823603804023748
0.9410265406785544	0.8069217633913909	0.7640492403807377
0.9347526571309765	0.8357238429625891	0.7453245593558522
0.9284805711018552	0.8634573696823236	0.7262737503912277
0.9222463363598854	0.8900917585291312	0.7069877997178872
0.9160851987459748	0.9156023284527957	0.6875616205208697
0.9100314320182266	0.939969567582857	0.6680944933999097
0.9041181921822942	0.9631784807983522	0.6486905841296584
0.8983773898183604	0.9852180021280263	0.6294595202021056
0.8928395796249843	1.0060804600244884	0.6105169949491445
0.8875338661612663	1.0257610874161944	0.5919853509727223
0.8824878245816125	1.0442575711081505	0.5739940725269663
0.8777274350199367	1.0615696369354257	0.5566800894075253
0.8732770291892179	1.077698668323847	0.5401877641162917
0.8691592477139712	1.0926473567566646	0.524668403129872
0.8653950067028137	1.10641938321019	0.5102791088632468
0.862003472091078	1.1190191299953907	0.4971807823558795
0.8590020403344862	1.1304514226906137	0.4855351126170296
0.856406324109506	1.1407213020192841	0.47550046301862076
0.8542301417698092	1.1498338256485965	0.4672266995076535
0.852485509417243	1.1577938999843094	0.46084919722402207
0.8511826345665559	1.1646061421290765	0.45648248534249036
0.850329910512878	1.1702747722684352	0.45421419135261926
0.8499339106474599	1.1748035368568686	0.45410005467454767
0.8499993821086814	1.178195663100892	0.4561607326877312
0.8505292383007821	1.1804538453792455	0.46038089847088914
0.8515245499613638	1.1815802644033455	0.4667107703356722
0.8529845346102234	1.1815766401041845	0.4750698150486366
0.8549065443663685	1.180444319434794	0.4853520423737184
0.8572860522772467	1.1781844004995496	0.49743213947141124
0.8601166374643112	1.1747978946626731	0.511171699808611
0.8633899695519969	1.1702859285481375	0.5264249445740158
0.867095793012607	1.1646499881221466	0.5430435468761681
0.8712219122267791	1.157892207348454	0.5608803838062023
0.8757541782267576	1.1500157042277948	0.5797922146187681
0.8806764782557707	1.141024967378004	0.5996413973865068
0.8859707294386757	1.1309262966840337	0.6202968143907899
0.8916168780132832	1.1197283019499535	0.6416341915878842
0.8975929057141225	1.107442463920133	0.6635359854592058
0.9038748450258021	1.0940837625033206	0.6858909848241124
0.910436805125729	1.0796713775246773	0.708593745191594
0.9172510104093129	1.0642294678297206	0.7315439445628145
0.9242878535279233	1.047788035035187	0.7546457249818009
0.9315159648635356	1.0303838785996824	0.7778070644027559
0.9389023003069554	1.0120616490589112	0.8009392083892123
0.9464122490918176	0.9928750060507044	0.8239561800934755
0.954009763258045	0.9728878868486571	0.8467743790577638
0.961657510071105	0.9521758890743082	0.8693122738457931
0.9693170484039176	0.9308277673829477	0.8914901896884382
0.9769490296954282	0.9089470372213122	0.9132301896813608
0.9845134236352125	0.886653667833312	0.9344560462084176
0.9919697681915713	0.864085829646033	0.9550932978954743
0.9992774430094653	0.8414016355826089	0.9750693863273961
1.006395964566044	0.8187807788943261	0.9943138658580302
1.0132853008009137	0.7964259189704067	1.012758679032908
1.019906202254698	0.774563599450834	1.0303384893901222
1.026220546075105	0.7534444008528562	1.0469910626976926
1.0321916886093965	0.7333419396712152	1.0626576870372324
1.0377848217222383	0.7145502442660365	1.077283621578727
1.0429673274852436	0.6973789955862384	1.0908185634426273
1.0477091255050726	0.6821461641925187	1.1032171217493196
1.0519830069143805	0.6691677599436883	1.1144392878476153
1.055764948963935	0.6587447831130566	1.1244508908239461
1.0590344042394015	0.6511480274338836	1.133224027745722
1.0617745587905725	0.6466020546453887	1.14073745869883
1.0639725539046476	0.6452702528737216	1.1469769575416533
1.065619666871056	0.6472431609059374	1.1519356104040834
1.06671144685752	0.6525319839646189	1.1556140552841176
1.0672478029222112	0.6610684150122476	1.158020657597978
1.067233042194785	0.6727107172433902	1.1591716181717922
1.0666758573342412	0.6872548908232076	1.159091011863544
1.065589263474812	0.7044489970504603	1.1578107567061817
1.0639904859616878	0.7240085191904638	1.1553705150957052
1.0619008012163587	0.745630942039392	1.1518175300405729
1.0593453340192212	0.7690083197412112	1.1472064007730844
1.0563528153223056	0.7938372378661219	1.1415988030380206
1.0529553053811003	0.8198260965486144	1.1350631600669874
1.049187887502598	0.8466999797664608	1.1276742705788732
1.0450883380361746	0.874203540234541	1.1195129000922468
1.0406967783822867	0.9021023656131174	1.1106653413853784
1.0360553147668932	0.9301832517456318	1.101222949102656
1.031207671339802	0.9582537343434234	1.091281652310927
1.0261988218216638	0.9861411492758893	1.0809414473053969
1.0210746244707527	1.0136914180703016	1.0703058712251863
1.0158814645936416	1.0407676952619753	1.0594814551617213
1.0106659082117877	1.0672489686391236	1.0485771535544366
1.0054743698472026	1.0930286705109287	1.037703744921545
1.000352796731976	1.1180133353584372	1.0269731975500418
0.9953463711031456	1.1421213240741717	1.0164979928725388
0.9904992316376589	1.1652816252941862	1.0063903991059955
0.9858542145295154	1.187432738380075	0.9967616885318074
0.9814526142258734	1.2085216391628952	0.9877212937413434
0.9773339634298168	1.2285028277254988	0.9793759013753426
0.9735358316493765	1.2473374566639814	0.9718284863644642
0.9700936413260095	1.264992538027947	0.9651772953003824
0.9670405004084869	1.281440227232734	0.9595147940201154
0.9644070501446098	1.2966571825036124	0.9549266012632892
0.9622213268358062	1.3106239987568475	0.9514904366757232
0.9605086363296264	1.3233247151922434	0.9492751166737805
0.9592914401028867	1.334746396239251	0.9483396349204422
0.9585892519043129	1.3448787858518014	0.9487323646748612
0.9584185440713375	1.353714035481381	0.9504904175965826
0.9587926628036751	1.3612465063721226	0.9536391876277168
0.959721751860709	1.3674726471144882	0.9581920997040354
0.9612126843464303	1.3723909476619118	0.9641505720588104
0.9632690024524794	1.3760019712507983	0.9715041889166498
0.9658908652460914	1.3783084658572622	0.9802310687254977
0.9690750048159604	1.3793155569576234	0.9902984029920457
0.9728146913263359	1.3790310234114391	1.001663133270963
0.9770997077792857	1.3774656582263207	1.014272729524255
0.9819163355472414	1.374633715754894	1.0280660320773327
0.987247352011702	1.3705534464680342	1.0429741214946748
0.9930720419259886	1.3652477197846018	1.0589211852964255
0.9993662244043523	1.3587447344409553	1.075825356762756
1.006102297717628	1.351078814460196	1.0935995082980328
1.0132493043349056	1.3422912868162546	1.1121519891883374
1.0207730188763173	1.3324314342413837	1.131387304462289
1.0286360618161947	1.321557513129038	1.1512067375138337
1.0367980418787799	1.3097378219408162	1.1715089239038634
1.0452157300793807	1.2970517997140498	1.1921903872190924
1.053843268261305	1.2835911269502376	1.2131460500456261
1.0626324147433153	1.269460792119066	1.2342697341066224
1.0715328293065725	1.254780076068291	1.2554546635605333
1.0804923992012831	1.239683393744891	1.276593984520101
1.0894576071344486	1.2243209180054178	1.2975813121955397
1.0983739413116578	1.208858894517662	1.318311314841673
1.1071863465567462	1.1934795410227543	1.3386803410392052
1.115839714342211	1.178380410552303	1.3585870938925133
1.1242794082595942	1.163773089623372	1.3779333525986277
1.1324518200821807	1.149881103127187	1.3966247386458415
1.1403049501714257	1.136936912694668	1.4145715207437797
1.1477890046109787	1.1251779302086873	1.4316894495763686
1.1548570001813603	1.1148415274069816	1.4479006107099492
1.1614653671805195	1.1061591080179562	1.4631342815827688
1.1675745392161045	1.0993494174550769	1.4773277765447728
1.173149518504689	1.094611386664559	1.49042726249235
1.1781604049624042	1.092116923540818	1.5023885268193438
1.182582877497838	1.0920041537935667	1.5131776792289862
1.186398616441736	1.094371648606601	1.5227717694400915
1.189595656969183	1.0992741403260313	1.5311593039627456
1.1921686646671381	1.1067201146601642	1.5383406468691527
1.19411912603084	1.1166714911372566	1.5443282917674763
1.1954554485742122	1.1290453919961296	1.5491469948947356
1.1961929673332266	1.1437177916252876	1.5528337622503567
1.1963538567366017	1.1605286709058023	1.5554376868507067
1.1959669490187017	1.179288198575062	1.5570196353476755
1.1950674624586826	1.1997834332310613	1.557651786277103
1.1936966446581643	1.221785076640384	1.557417024958121
1.191901337739842	1.2450538923162233	1.5564082024509602
1.1897334737016259	1.2693465097280578	1.5547272679319153
1.1872495091562596	1.2944204431621962	1.5524842853332477
1.1845098093086572	1.3200382503336658	1.549796346138565
1.1815779912789688	1.345970831429866	1.5467863908767079
1.1785202367962966	1.3719999223135717	1.5435819522104395
1.1754045839117346	1.3979198680841791	1.5403138326862178
1.1723002067692656	1.423538779099796	1.5371147303258579
1.1692766916968895	1.4486791754570498	1.534117825423708
1.1664033170089279	1.4731782219852996	1.5314553422661976
1.1637483430123239	1.4968876473898458	1.5292571000781807
1.161378317845987	1.5196734307079132	1.527649068333452
1.1593574040029055	1.5414153273300975	1.526751942594275
1.1577467297257003	1.5620062964460824	1.5266797581522737
1.15660376894817	1.5813518823859318	1.527538559760058
1.1559817530834806	1.599369594125645	1.5294251464609856
1.155929117725827	1.6159883201955574	1.5324259107245637
1.1564889872176962	1.6311478102530494	1.5366157905812723
1.157698700013871	1.6447982494831732	1.5420573520866192
1.1595893778178878	1.656899947575649	1.5488000171836458
1.1621855415510727	1.6674231600895546	1.5568794489408053
1.165504777317981	1.6763480563515911	1.5663171023978726
1.169557455642724	1.6836648444310913	1.577119945137367
1.1743465073644193	1.6893740599812477	1.5892803475620982
1.1798672597004363	1.6934870216087543	1.602776139073437
1.1861073361212224	1.6960264506990972	1.6175708232540205
1.1930466238382653	1.6970272480359412	1.633613943030899
1.2006573128898852	1.6965374128554813	1.6508415857851335
1.2089040110104707	1.6946190819158027	1.6691770185026742
1.217743938665014	1.6913496565012556	1.6885314442148218
1.227127208782629	1.6868229738355438	1.7088048729220628
1.236997195772547	1.6811504660534942	1.7298871026107323
1.2472909982805676	1.674462234754519	1.7516588084844593
1.257939999758951	1.6669079525644956	1.7739927407565639
1.268870530190231	1.6586574857839278	1.7967550329250617
1.2800046311426032	1.6499011153427583	1.8198066230743293
1.2912609246738278	1.6408492188380437	1.8430047901916993
1.302555584400066	1.6317312671196067	1.8662048056234142
1.3138034042990756	1.622793988257774	1.8892616965966607
1.3249189575604687	1.6142985640006022	1.9120321142833971
1.33581783411437	1.6065167534732914	1.9343762933613589
1.3464179414990929	1.5997258897880309	1.956160083716815
1.356640849650867	1.59420276952798	1.977257028192245
1.3664131562362098	1.590216551552495	1.9975504535317568
1.3756678455490559	1.5880208942703768	2.016935535376321
1.3843456110188566	1.587845677805318	2.0353212927756883
1.3923961092703654	1.589888762416254	2.052632463653941
1.3997791126556178	1.5943083071512207	2.0688112103705976
1.4064655274042435	1.6012161940330927	2.083818604244869
1.412438246096844	1.6106730603112451	2.0976358398222046
1.417692806058983	1.6226853325716706	2.110265133784665
1.422237829409538	1.6372044931419192	2.1217302696181783
1.426095225697872	1.6541286145429546	2.1320767571881487
1.4293001440749968	1.673306001892572	2.141371585858714
1.4319006684558788	1.6945406159597638	2.1497025602520137
1.433957255807904	1.7175988334860148	2.157177218669962
1.435541924213161	1.7422170471857523	2.163921345081816
1.436737203403407	1.768109613848367	2.170077095952231
1.437634865821354	1.7949767137132109	2.175800772665224
1.438334460765402	1.8225117709587912	2.1812602786150945
1.4389416777608521	1.8504081861663653	2.1866323070266054
1.4395665679891727	1.8783652320939643	2.1920993111809097
1.4403216544907231	1.9060930535771272	2.1978463129928762
1.4413199630788691	1.9333167850848296	2.2040576088934496
1.4426730066304498	1.9597798535451272	2.210913433819178
1.4444887558083133	1.9852465703698912	2.2185866448884677
1.4468696294529997	2.009504137518125	2.2272394861076905
1.4499105379292248	2.0323642008583818	2.2370204942230707
1.4536970126477744	2.0536640828412667	2.2480616036201724
1.458303454771539	2.0732678179343242	2.2604755049849032
1.4637915356860762	2.091067100163686	2.2743533083346383
1.470208781086922	2.1069822336027526	2.2897625561349413
1.4775873694355603	2.1209631543670193	2.3067456267530324
1.4859431740208993	2.1329905668158093	2.3253185627571002
1.495275075928901	2.1430772071438597	2.34547035288318
1.505564572896703	2.1512692141617076	2.3671626911695576
1.5167757063468281	2.1576475496690457	2.3903302320161295
1.5288553258789774	2.1623293695640933	2.414881355808485
1.5417337071042123	2.1654692024179445	2.440699456076912
1.5553255348207546	2.1672597462945733	2.467644755521351
1.5695312589424781	2.167932050015805	2.495556653988794
1.5842388250116695	2.1677548064098437	2.5242566058545934
1.5993257742271534	2.1670324588116427	2.5535515164057534
1.6146616993872882	2.1661018165841925	2.5832376360159164
1.6301110327700372	2.165326900493343	2.613104916636419
1.6455361297098319	2.1650918043499865	2.6429417772717625
1.660800597688352	2.1657914733644876	2.6725402040005655
1.6757728056295278	2.16782046495453	2.701701086614766
1.6903294925747079	2.1715599684483995	2.730239669477382
1.704359380076363	2.1773635986721613	2.7579909705932475
1.7177666797407558	2.185542714555214	2.7848150023072655
1.7304743776936848	2.196352207316694	2.810601611755055
1.7424271725821994	2.209977810181772	2.835274751312774
1.753593944068598	2.226525967331064	2.8587959905480993
1.7639696352561494	2.2460171476242414	2.8811670926507436
1.773576445269538	2.2683832097288037	2.902431500302394
1.7824642469433543	2.2934690590195497	2.922674607833776
1.790710168412001	2.3210384425366786	2.942022736862599
1.7984173051244714	2.3507833713635073	2.9606407792570777
1.8057125589786822	2.3823363941507973	2.9787285215992463
1.8127436323833919	2.4152848024517106	2.996515716517604
1.8196752357311594	2.4491858322143547	3.0142560156080758
1.826684595866848	2.483582016983735	3.0322199238029226
1.833956379826924	2.5180160133270704	3.0506869741324865
1.8416771718480816	2.5520444195115464	3.0699373535992667
1.8500296620365093	2.5852503100232096	3.09024323467127
1.8591867218621698	2.6172543849491525	3.1118600825279725
1.8693055544688586	2.647724767947144	3.1350182158800233
1.8805221162409413	2.676385571322232	3.159914899440851
1.8929460096163333	2.703024379659577	3.1867072396481744
1.9066560452366992	2.7274987865411715	3.2155061427957294
1.921696663724739	2.749742056462318	3.246371577091446
1.9380753934048776	2.7697678821401994	3.279309357873558
1.9557615000790498	2.7876740737697947	3.3142696484749865
1.9746859586156655	2.8036448620631402	3.3511473376193885
1.9947428436786394	2.8179513361501565	3.3897844165959063
2.01579219830556	2.8309493918061737	3.4299744338539715
2.037664393854666	2.843074463525194	3.4714690485707687
2.0601659424885175	2.8548322912068764	3.5139866355672056
2.0830866633364393	2.866785068049203	3.557222809737717
2.1062080358288684	2.8795325666546283	3.600862638556389
2.129312499622533	2.8936882662507153	3.6445941983904655
2.1521933829120536	2.9098510960670887	3.688123009691308
2.1746650646024297	2.9285741149149045	3.7311867665312066
2.1965729075346925	2.9503321612656928	3.773569669392408
2.217802447783045	2.9754910875173977	3.815115590532066
2.2382872973946584	3.0042814819891417	3.8557392627522535
2.2580152223361196	3.0367796631165924	3.8954346970813556
2.2770318991730623	3.072898165150357	3.9342801105843095
2.2954419352767528	3.112386995318517	3.972438784175559
2.3134068565575086	3.1548458002891824	4.0101554670243065
2.3311399187128745	3.199745958592454	4.047748187510143
2.3488977746630257	3.246460724519136	4.085595604158859
2.366969222197472	3.2943010229510636	4.124120314053311
2.3856614508977683	3.3425543652138248	4.163768810904914
2.4052843949408222	3.3905245585916117	4.20498903214055
2.4261339673918862	3.437570288927534	4.248206639298869
2.4484750912892057	3.483141118525516	4.293801328183677
2.4725255427786665	3.5268098276239903	4.3420845579804475
2.4984416720355447	3.568300242500996	4.3932801182504635
2.526307060290247	3.6075096909719826	4.4475089171351145
2.55612509958616	3.6445250129626214	4.504779270603486
2.587816342090121	3.6796306899258187	4.564983796490197
2.621221256472183	3.713307257258756	4.627903760761546
2.6561087507710464	3.7462178976420586	4.693221376892092
2.692190476949552	3.7791811915584943	4.760540112872474
2.729140527771016	3.813128644102047	4.829412510621168
2.7666196832913608	3.84904697965609	4.89937437951796
2.804302883727114	3.88790731734293	4.969983521320931
2.8419081332192877	3.9305859906593534	5.040860437424956
2.8792246260989454	3.977784451930361	5.111727848662835
2.9161375974268284	4.029957686453612	5.182445429888824
2.952647301216002	4.0872611192331405	5.253036036892176
2.988879673555914	4.149524674727674	5.323699972750707
3.0250866831488405	4.216259519416607	5.394814552671609
3.0616351150341545	4.2866987262064855	5.466917368682587
3.098983541983313	4.35986865717317	5.5406731506571925
3.1376484407204908	4.434684245153981	5.6168258333812835
3.1781617015974057	4.510059145727949	5.69613919861922
3.2210230301746807	4.585020945675435	5.779331081580704
3.266651801636118	4.658821794124223	5.86700743687554
3.315343654681563	4.731035305416267	5.959603395542361
3.3672373608094768	4.801630822534406	6.057338680741378
3.4222971622897704	4.871015969773594	6.16019427087375
3.4803147602000992	4.940038259201466	6.2679159024860205
3.540933425051341	5.009937308921607	6.380047808090661
3.6036943321389816	5.082242303294098	6.495996956181382
3.668102311319927	5.15861585498797	6.615124091455588
3.7337049825369197	5.240655670062305	6.736853356740985
3.800176111070839	5.329677894088039	6.860787785374457
3.8673915079817873	5.426517253858499	6.986814337421789
3.935484583238018	5.531384493421759	7.115180443299904
4.004869385672154	5.643817420612096	7.246525184002703
4.076222099953524	5.7627475350411705	7.381852882426887
4.150417598473312	5.886683030451424	7.522444964446615
4.228425320896951	6.013986700163246	7.669716645604057
4.311177456647864	6.143209107533468	7.82503675534896
4.39943060893796	6.273425595080085	7.989539764207061
4.493647971061214	6.404519669071	8.163966548043831
4.5939306508957225	6.537353814119765	8.348572366186444
4.70002255454736	6.673773218670614	8.543134984456296
4.811402318334131	6.81640375066141	8.747081510615564
4.9274584657707825	6.968240435910345	8.959729299648462
5.047722260963873	7.132079704724494	9.180606543185261
5.1721108032486445	7.309917490559779	9.409787591045648
5.301117165623964	7.5024887432379215	9.64815595446377
5.435882499564826	7.709127845398468	9.89750546943599
5.578103581259265	7.928064021092625	10.160416347082478
5.729770273650606	8.157142673985133	10.43989977673378
5.892785000081405	8.39482062639095	10.73888330968772
6.068575438277969	8.641162109527341	11.059688591364191
6.257849537002632	8.898493929207678	11.403703520052838
6.460633890993571	9.171393234881851	11.771440598408978
6.676664947530907	9.465827137592727	12.163078015763535
6.906069310633418	9.787580172909674	12.57939977446512
7.150108606969141	10.140540412645997	13.022830325228632
7.4116483374539355	10.52574663567247	13.498098092831405
7.695034443476353	10.942015061976354	14.012094991623044
8.005295563555316	11.388310862656992	14.572820365145855
8.34700204504219	11.867003821482621	15.187861291986497
8.723515988562431	12.3862414082722	15.863410583534154
9.137439899063368	12.959534759398776	16.60493092722142
9.592527958456179	13.601961970730672	17.419845849234747
10.096214440722617	14.325226348936638	18.321126444034103
10.66093538589514	15.136407791634744	19.329291408057486
11.302819701662143	16.044187233823408	20.470870859428146
12.038867413799657	17.069957533233122	21.774864316406905
12.886926570068953	18.253775991839333	23.273142535700373
13.872390610681835	19.646857555044274	25.010338957747738
15.038615139797123	21.300925421823354	27.059405201782386
16.45147946948404	23.283416372157827	29.52996548764105
18.199476014788353	25.723840546981855	32.571774427994804
20.41740975091569	28.84189973224752	36.413427728509
23.35392129056753	32.96322632819632	41.46850848892016
27.469463517821108	38.71208299630466	48.500154790207844
33.72734052681539	47.4858400268432	59.09962335636418
44.73716166972894	62.91219209691046	77.53322221944836
70.9978138551911	100.04770395955549	120.81288212696829
295.562045108141	442.3640991290046	481.27528714391497
2.90084596636346e156	5.448322806592675e156	4.59758749693262e156
NaN	NaN	NaN
NaN	NaN	NaN
NaN	NaN	NaN
NaN	NaN	NaN
NaN	NaN	NaN
NaN	NaN	NaN
NaN	NaN	NaN
NaN	NaN	NaN
NaN	NaN	NaN
NaN	NaN	NaN
NaN	NaN	NaN
NaN	NaN	NaN
NaN	NaN	NaN
NaN	NaN	NaN
NaN	NaN	NaN
NaN	NaN	NaN
NaN	NaN	NaN
NaN	NaN	NaN
NaN	NaN	NaN
NaN	NaN	NaN
NaN	NaN	NaN
NaN	NaN	NaN
NaN	NaN	NaN
NaN	NaN	NaN
NaN	NaN	NaN
NaN	NaN	NaN
NaN	NaN	NaN
NaN	NaN	NaN
NaN	NaN	NaN
NaN	NaN	NaN
NaN	NaN	NaN
NaN	NaN	NaN
NaN	NaN	NaN
NaN	NaN	NaN
NaN	NaN	NaN
NaN	NaN	NaN
NaN	NaN	NaN
NaN	NaN	NaN
NaN	NaN	NaN
NaN	NaN	NaN
NaN	NaN	NaN
NaN	NaN	NaN
NaN	NaN	NaN
NaN	NaN	NaN
NaN	NaN	NaN
NaN	NaN	NaN
NaN	NaN	NaN
NaN	NaN	NaN
NaN	NaN	NaN
NaN	NaN	NaN
NaN	NaN	NaN
NaN	NaN	NaN
NaN	NaN	NaN
NaN	NaN	NaN
NaN	NaN	NaN
NaN	NaN	NaN
NaN	NaN	NaN
NaN	NaN	NaN
NaN	NaN	NaN
NaN	NaN	NaN
NaN	NaN	NaN
NaN	NaN	NaN
NaN	NaN	NaN
NaN	NaN	NaN
NaN	NaN	NaN
NaN	NaN	NaN
NaN	NaN	NaN
NaN	NaN	NaN
NaN	NaN	NaN
NaN	NaN	NaN
NaN	NaN	NaN
NaN	NaN	NaN
NaN	NaN	NaN
NaN	NaN	NaN
NaN	NaN	NaN
NaN	NaN	NaN
NaN	NaN	NaN
NaN	NaN	NaN
NaN	NaN	NaN
NaN	NaN	NaN
NaN	NaN	NaN
NaN	NaN	NaN
NaN	NaN	NaN
NaN	NaN	NaN
NaN	NaN	NaN
NaN	NaN	NaN
NaN	NaN	NaN
NaN	NaN	NaN
NaN	NaN	NaN
NaN	NaN	NaN
NaN	NaN	NaN
NaN	NaN	NaN
NaN	NaN	NaN
NaN	NaN	NaN
NaN	NaN	NaN
NaN	NaN	NaN
NaN	NaN	NaN
NaN	NaN	NaN
NaN	NaN	NaN
NaN	NaN	NaN
NaN	NaN	NaN
NaN	NaN	NaN
NaN	NaN	NaN
NaN	NaN	NaN
NaN	NaN	NaN
NaN	NaN	NaN
NaN	NaN	NaN
NaN	NaN	NaN
NaN	NaN	NaN
NaN	NaN	NaN
NaN	NaN	NaN
NaN	NaN	NaN
NaN	NaN	NaN
NaN	NaN	NaN
NaN	NaN	NaN
NaN	NaN	NaN
NaN	NaN	NaN
NaN	NaN	NaN
NaN	NaN	NaN
NaN	NaN	NaN
NaN	NaN	NaN
NaN	NaN	NaN
NaN	NaN	NaN
NaN	NaN	NaN
NaN	NaN	NaN
NaN	NaN	NaN
NaN	NaN	NaN
NaN	NaN	NaN
NaN	NaN	NaN
NaN	NaN	NaN
NaN	NaN	NaN
NaN	NaN	NaN
NaN	NaN	NaN
NaN	NaN	NaN
NaN	NaN	NaN
NaN	NaN	NaN
NaN	NaN	NaN
NaN	NaN	NaN
NaN	NaN	NaN
NaN	NaN	NaN
NaN	NaN	NaN
NaN	NaN	NaN
NaN	NaN	NaN
NaN	NaN	NaN
NaN	NaN	NaN
NaN	NaN	NaN
NaN	NaN	NaN
NaN	NaN	NaN
NaN	NaN	NaN
NaN	NaN	NaN
NaN	NaN	NaN
NaN	NaN	NaN
NaN	NaN	NaN
NaN	NaN	NaN
NaN	NaN	NaN
NaN	NaN	NaN
NaN	NaN	NaN
NaN	NaN	NaN
NaN	NaN	NaN
NaN	NaN	NaN
NaN	NaN	NaN
NaN	NaN	NaN
NaN	NaN	NaN
NaN	NaN	NaN
NaN	NaN	NaN
NaN	NaN	NaN
NaN	NaN	NaN
NaN	NaN	NaN
NaN	NaN	NaN
NaN	NaN	NaN
NaN	NaN	NaN
NaN	NaN	NaN
NaN	NaN	NaN
NaN	NaN	NaN
NaN	NaN	NaN
NaN	NaN	NaN
NaN	NaN	NaN
NaN	NaN	NaN
NaN	NaN	NaN
NaN	NaN	NaN
NaN	NaN	NaN
NaN	NaN	NaN
NaN	NaN	NaN
NaN	NaN	NaN
NaN	NaN	NaN
NaN	NaN	NaN
NaN	NaN	NaN
NaN	NaN	NaN
NaN	NaN	NaN
NaN	NaN	NaN
NaN	NaN	NaN
NaN	NaN	NaN
NaN	NaN	NaN
NaN	NaN	NaN
NaN	NaN	NaN
NaN	NaN	NaN
NaN	NaN	NaN
NaN	NaN	NaN
NaN	NaN	NaN
NaN	NaN	NaN
NaN	NaN	NaN
NaN	NaN	NaN
NaN	NaN	NaN
NaN	NaN	NaN
NaN	NaN	NaN
NaN	NaN	NaN
NaN	NaN	NaN
NaN	NaN	NaN
NaN	NaN	NaN
NaN	NaN	NaN
NaN	NaN	NaN
NaN	NaN	NaN
NaN	NaN	NaN
NaN	NaN	NaN
NaN	NaN	NaN
NaN	NaN	NaN
NaN	NaN	NaN
NaN	NaN	NaN
NaN	NaN	NaN
NaN	NaN	NaN
NaN	NaN	NaN
NaN	NaN	NaN
NaN	NaN	NaN
NaN	NaN	NaN
NaN	NaN	NaN
NaN	NaN	NaN
NaN	NaN	NaN
NaN	NaN	NaN
NaN	NaN	NaN
NaN	NaN	NaN
NaN	NaN	NaN
NaN	NaN	NaN
NaN	NaN	NaN
NaN	NaN	NaN
NaN	NaN	NaN
NaN	NaN	NaN
NaN	NaN	NaN
NaN	NaN	NaN
NaN	NaN	NaN
NaN	NaN	NaN
NaN	NaN	NaN
NaN	NaN	NaN
NaN	NaN	NaN
NaN	NaN	NaN
NaN	NaN	NaN
NaN	NaN	NaN
NaN	NaN	NaN
NaN	NaN	NaN
NaN	NaN	NaN
NaN	NaN	NaN
NaN	NaN	NaN
NaN	NaN	NaN
NaN	NaN	NaN
NaN	NaN	NaN
NaN	NaN	NaN
NaN	NaN	NaN
NaN	NaN	NaN
NaN	NaN	NaN
NaN	NaN	NaN
NaN	NaN	NaN
NaN	NaN	NaN
NaN	NaN	NaN
NaN	NaN	NaN
NaN	NaN	NaN
NaN	NaN	NaN
NaN	NaN	NaN
NaN	NaN	NaN
NaN	NaN	NaN
NaN	NaN	NaN
NaN	NaN	NaN
NaN	NaN	NaN
NaN	NaN	NaN
NaN	NaN	NaN
NaN	NaN	NaN
NaN	NaN	NaN
NaN	NaN	NaN
NaN	NaN	NaN
NaN	NaN	NaN
NaN	NaN	NaN
NaN	NaN	NaN
NaN	NaN	NaN
NaN	NaN	NaN
NaN	NaN	NaN
NaN	NaN	NaN
NaN	NaN	NaN
NaN	NaN	NaN
NaN	NaN	NaN
NaN	NaN	NaN
NaN	NaN	NaN
NaN	NaN	NaN
NaN	NaN	NaN
NaN	NaN	NaN
NaN	NaN	NaN
NaN	NaN	NaN
NaN	NaN	NaN
NaN	NaN	NaN
NaN	NaN	NaN
NaN	NaN	NaN
NaN	NaN	NaN
NaN	NaN	NaN
NaN	NaN	NaN
NaN	NaN	NaN
NaN	NaN	NaN
NaN	NaN	NaN
NaN	NaN	NaN
NaN	NaN	NaN
NaN	NaN	NaN
NaN	NaN	NaN
NaN	NaN	NaN
NaN	NaN	NaN
NaN	NaN	NaN
NaN	NaN	NaN
NaN	NaN	NaN
NaN	NaN	NaN
NaN	NaN	NaN
NaN	NaN	NaN
NaN	NaN	NaN
NaN	NaN	NaN
NaN	NaN	NaN
NaN	NaN	NaN
NaN	NaN	NaN
NaN	NaN	NaN
NaN	NaN	NaN
NaN	NaN	NaN
NaN	NaN	NaN
NaN	NaN	NaN
NaN	NaN	NaN
NaN	NaN	NaN
NaN	NaN	NaN
NaN	NaN	NaN
NaN	NaN	NaN
NaN	NaN	NaN
NaN	NaN	NaN
NaN	NaN	NaN
NaN	NaN	NaN
NaN	NaN	NaN
NaN	NaN	NaN
NaN	NaN	NaN
NaN	NaN	NaN
NaN	NaN	NaN
NaN	NaN	NaN
NaN	NaN	NaN
NaN	NaN	NaN
NaN	NaN	NaN
NaN	NaN	NaN
NaN	NaN	NaN
NaN	NaN	NaN
NaN	NaN	NaN
NaN	NaN	NaN
NaN	NaN	NaN
NaN	NaN	NaN
NaN	NaN	NaN
NaN	NaN	NaN
NaN	NaN	NaN
NaN	NaN	NaN
NaN	NaN	NaN
NaN	NaN	NaN
NaN	NaN	NaN
NaN	NaN	NaN
NaN	NaN	NaN
NaN	NaN	NaN
NaN	NaN	NaN
NaN	NaN	NaN
NaN	NaN	NaN
NaN	NaN	NaN
NaN	NaN	NaN
NaN	NaN	NaN
NaN	NaN	NaN
NaN	NaN	NaN
NaN	NaN	NaN
NaN	NaN	NaN
NaN	NaN	NaN
NaN	NaN	NaN
NaN	NaN	NaN
NaN	NaN	NaN
NaN	NaN	NaN
NaN	NaN	NaN
NaN	NaN	NaN
NaN	NaN	NaN
NaN	NaN	NaN
NaN	NaN	NaN
NaN	NaN	NaN
NaN	NaN	NaN
NaN	NaN	NaN
NaN	NaN	NaN
NaN	NaN	NaN
NaN	NaN	NaN
NaN	NaN	NaN
NaN	NaN	NaN
NaN	NaN	NaN
NaN	NaN	NaN
NaN	NaN	NaN
NaN	NaN	NaN
NaN	NaN	NaN
NaN	NaN	NaN
NaN	NaN	NaN
NaN	NaN	NaN
NaN	NaN	NaN
NaN	NaN	NaN
NaN	NaN	NaN
NaN	NaN	NaN
NaN	NaN	NaN
NaN	NaN	NaN
NaN	NaN	NaN
NaN	NaN	NaN
NaN	NaN	NaN
NaN	NaN	NaN
NaN	NaN	NaN
NaN	NaN	NaN
NaN	NaN	NaN
NaN	NaN	NaN
NaN	NaN	NaN
NaN	NaN	NaN
NaN	NaN	NaN
NaN	NaN	NaN
NaN	NaN	NaN
NaN	NaN	NaN
NaN	NaN	NaN
NaN	NaN	NaN
NaN	NaN	NaN
NaN	NaN	NaN
NaN	NaN	NaN
