1.0	1.0	0.9999999999999999
1.0057601841275103	0.9794386964637697	1.014421125681027
1.0114480210365744	0.9585831240250637	1.0285422616211919
1.0170245660325772	0.9375668060122396	1.0422770254048466
1.02245110425302	0.9165376773784008	1.0555417237893965
1.0276894517237734	0.8956584689956414	1.0682557080854593
1.0327022666957706	0.8751067356465219	1.0803417397098787
1.0374533678665632	0.8550743898097662	1.0917263650813434
1.0419080556007985	0.8357665780835148	1.1023402973181908
1.0460334318361078	0.8173997192651279	1.1121188007237117
1.0497987140168223	0.8001985216910444	1.1210020728350891
1.0531755381583194	0.7843918241751423	1.1289356178890666
1.0561382460259376	0.7702071725706591	1.1358706049345613
1.058664151428916	0.7578641626580873	1.1417642035072835
1.0607337807890713	0.7475667509561843	1.146579889773118
1.0623310834503366	0.7394949435935704	1.1502877163379457
1.0634436076446132	0.7337964844850497	1.152864539493107
1.0640626386123782	0.7305793243539431	1.1542941984930017
1.0641832960774449	0.7299057026332703	1.1545676425081803
1.0638045890722767	0.7317885722531747	1.153683002121577
1.0629294269774325	0.7361908390917659	1.1516456035868927
1.0615645865456398	0.7430275194833341	1.148467925492254
1.0597206355962219	0.7521705257654709	1.1441694989110802
1.0574118149566578	0.7634554657887938	1.1387767535178186
1.0546558810638684	0.7766896566803877	1.1323228134417858
1.051473912389796	0.7916605279467793	1.124847247775997
1.0478900835007237	0.8081436993528421	1.1163957816022014
1.0439314110776385	0.8259102112919601	1.107019974099924
1.0396274766039106	0.844732600992212	1.0967768707450603
1.0350101306597128	0.86438971141944	1.085728636750827
1.0301131838500348	0.8846702661960806	1.0739421787474732
1.024972089340672	0.9053753371203442	1.0614887612329238
1.0196236217958516	0.9263198772840616	1.04844362355761
1.0141055572166016	0.9473335043522846	1.034885602143419
1.0084563577912884	0.9682607079128982	1.0208967612966449
1.0027148654071856	0.9889606324502812	1.0065620343816017
0.9969200069594575	1.0093065609446008	0.9919688753076832
0.9911105140499665	1.0291851980056659	0.9772069182902628
0.9853246591161725	1.0484958282710521	0.9623676417302379
0.9796000094866913	1.0671494064935592	0.9475440298928075
0.9739732003424093	1.0850676203797434	0.9328302239511778
0.9684797270827791	1.1021819554230818	0.9183211520237894
0.9631537571667927	1.1184327821228022	0.9041121262390692
0.9580279611244272	1.1337684794897964	0.8902983938119748
0.9531333621206549	1.1481446040673522	0.876974628849955
0.9484992032030306	1.1615231103819657	0.86423435238428
0.9441528311734624	1.1738716264245228	0.8521692702069924
0.9401195958931259	1.1851627861686984	0.8408685217069994
0.9364227637519497	1.195373620053382	0.8304178381702823
0.9330834440053927	1.2044850036414994	0.8208986159121514
0.9301205266951125	1.2124811642093474	0.8123869178924117
0.9275506309207999	1.2193492447439374	0.8049524266027543
0.9253880623108541	1.2250789246780645	0.7986573801935274
0.9236447786446782	1.229662096636685	0.7935555319610242
0.9223303627028059	1.2330925984786083	0.7896911792463135
0.921452001559148	1.2353659999763762	0.7870983103497927
0.9210144716775465	1.2364794435713964	0.7857999163619935
0.9210201293300911	1.2364315387614606	0.7858075084682928
0.921468906014181	1.2352223098154065	0.7871208705762193
0.9223583087078848	1.23285319665914	0.7897280630061526
0.9236834249666138	1.2293271089320217	0.7936056770273231
0.9254369330277838	1.2246485333675288	0.798719324088026
0.9276091172522952	1.2188236948015507	0.8050243295539039
0.9301878893911374	1.2118607712501899	0.8124665901666593
0.933158816320034	1.2037701636194251	0.8209835482163408
0.9365051550325852	1.194564820704302	0.8305052338385791
0.9402078958193142	1.184260620195694	0.8409553295050174
0.9442458146827117	1.1728768064249542	0.8522522167805321
0.9485955361419383	1.1604364855231877	0.8643099736173492
0.9532316076598835	1.1469671785268996	0.8770392996456883
0.9581265869738809	1.1325014326883855	0.8903483560444193
0.9632511436231759	1.1170774907947112	0.9041435148256911
0.9685741759353487	1.1007400175869513	0.9183300192268935
0.9740629446535083	1.0835408812932774	0.9328125621279532
0.9796832242518665	1.0655399866940345	0.9474957929795352
0.9853994727942461	1.046806153815118	0.9622847657715804
0.9911750209360454	1.0274180330171372	0.9770853413159402
0.9969722803542495	1.0074650425448324	0.9918045568239967
1.002752971514114	0.9870483080608958	1.0063509746911128
1.0084783702491769	0.9662815747569807	1.0206350207925539
1.014109572151238	0.9452920506990217	1.0345693206512512
1.0196077732485047	0.9242211245348068	1.0480690397206558
1.0249345649074355	0.9032248811661017	1.0610522318630322
1.030052240342629	0.882474315532741	1.0734401979928223
1.0349241095782835	0.8621551182507545	1.0851578548694922
1.0395148191952277	0.8424668799900671	1.0961341122197203
1.043790672740151	0.8236215389155884	1.1063022547870127
1.047719947290975	0.8058408848906687	1.1156003245788386
1.051273201384535	0.7893529461637331	1.1239714975320036
1.054423569338446	0.7743871317654243	1.1313644480617218
1.0571470369540343	0.7611680979795266	1.1377336945102203
1.0594226936818354	0.7499084563124034	1.1430399183681315
1.0612329565712	0.7408006368536941	1.1472502503026056
1.0625637617108399	0.734008439058026	1.1503385164759248
1.0634047193908107	0.7296589952231884	1.152285439355403
1.0637492298650597	0.7278359806967915	1.1530787881684674
1.0635945573490384	0.7285748751025477	1.1527134753066013
1.0629418607238128	0.7318608864897069	1.1511915962811061
1.0617961803088365	0.7376298190966432	1.148522412230855
1.060166380978882	0.7457717667256573	1.1447222754194875
1.0580650528041027	0.7561371436475482	1.1398144995802426
1.0555083712543192	0.7685443089791207	1.1338291783121808
1.0525159197997156	0.7827879435835714	1.126802955948923
1.049110478433904	0.7986473951650662	1.118778756359109
1.0453177822210282	0.8158943728532261	1.1098054759563982
1.0411662544101639	0.8342995871271502	1.0999376477592588
1.036686718958617	0.8536381408252568	1.0892350836225217
1.0319120974584044	0.8736936475704243	1.0777625017466197
1.0268770954695596	0.8942611713136916	1.0655891462477374
1.021617883139792	0.9151491467244527	1.0527884049430183
1.0161717747454277	0.9361804653085937	1.0394374305760288
1.0105769114412575	0.9571929094454706	1.025616769493176
1.004871951076773	0.9780390978049002	1.0114100003013857
0.9990957684446816	0.9985860797824023	0.996903383319539
0.9932871687966308	1.0187146895638843	0.982185519716477
0.987484616911471	1.038318745543195	0.9673470171556919
0.9817259834528489	1.0573041595958927	0.9524801566046809
0.9760483098228258	1.0755880035423482	0.9376785528009149
0.9704875922210972	1.0930975667621652	0.9230367988097786
0.9650785851667023	1.109769428812279	0.9086500833093909
0.9598546243397862	1.1255485634348628	0.8946137678785397
0.9548474682602903	1.1403874849336535	0.8810229108708638
0.9500871580410393	1.1542454440456251	0.8679717246864497
0.9456018942352797	1.167087677732327	0.8555529546708114
0.941417929640714	1.1788847154463709	0.8438571707327928
0.9375594768205167	1.189611743156797	0.8329719672644107
0.9340486290512897	1.1992480255680977	0.8229810731284761
0.9309052934029918	1.207776386417272	0.8139633812208391
0.9281471346901735	1.2151827463925546	0.8059919160238305
0.9257895291011916	1.2214557180249948	0.7991327669631475
0.9238455264060557	1.2265862568164303	0.7934440242959073
0.9223258197591098	1.2305673678556592	0.7889747615229901
0.9212387222441719	1.2333938672172964	0.7857641127118953
0.9205901494533434	1.2350621975206326	0.7838404935767198
0.92038360754257	1.2355702971377225	0.7832210110282259
0.9206201863646555	1.2349175226726425	0.7839110971191651
0.9212985574415742	1.2331046244808272	0.7859043905146005
0.9224149767007475	1.2301337751519508	0.7891828731263002
0.923963292063667	1.2260086510374952	0.7937172531508289
0.9259349561379343	1.2207345670589849	0.7994675703930615
0.9283190444245324	1.214318665179229	0.8063839872024169
0.931102279609275	1.2067701570519709	0.814407719870273
0.9342690626584601	1.1981006214767569	0.8234720615303631
0.9378015115810323	1.1883243573686193	0.8335034483628191
0.9416795088497213	1.1774587929947022	0.8444225255315622
0.9458807585869423	1.165524952217443	0.8561451767036921
0.9503808547130135	1.1525479783955008	0.8685834899839612
0.9551533613183922	1.1385577163990037	0.8816466424869409
0.9601699065525479	1.123589352851069	0.8952416946159353
0.9654002913130333	1.1076841141496852	0.9092742927591767
0.9708126139633159	1.0908900209628265	0.9236492851792556
0.9763734122013569	1.0732626965965553	0.9382712602449945
0.9820478230378684	1.054866224733858	0.9530450189071645
0.987799761620362	1.0357740492866876	0.9678759946453537
0.9935921193543901	1.0160699051736588	0.9826706342666642
0.999386981428133	0.9958487633133388	0.9973367521881743
1.005145863442365	0.9752177654944777	1.011783869437721
1.0108299663920588	0.9542971144526888	1.0259235467832637
1.0164004487461897	0.9332208708205854	1.0396697193326772
1.0218187138412587	0.9121375910853404	1.0529390377776102
1.0270467102560366	0.8912107190475519	1.065651219298566
1.0320472422879812	0.8706186179543658	1.0777294090867913
1.0367842871248598	0.8505541030980153	1.0891005515353671
1.0412233148199666	0.8312233087294038	1.0996957684533022
1.045331606757202	0.8128437047596225	1.1094507401992098
1.0490785679547519	0.7956410771579204	1.1183060844406996
1.0524360283230698	0.7798453133134089	1.126207726343574
1.0553785278808607	0.7656849031175554	1.133107253392297
1.0578835809556484	0.7533801884702733	1.1389622477481678
1.0599319145611015	0.7431355694596236	1.1437365890617917
1.0615076764545888	0.7351310893235432	1.1474007209631498
1.0625986088320276	0.7295140359261614	1.149931875038052
1.0631961842028297	0.7263913595345085	1.1513142469376376
1.0632957006898114	0.7258237544505819	1.1515391203217873
1.062896334795854	0.7278221423507509	1.15060493556619
1.0620011505438793	0.7323470257900611	1.1485173015151608
1.0606170648004378	0.7393108004977726	1.1452889499848904
1.0587547695032542	0.748582713633357	1.140939634156258
1.0564286123981603	0.7599958289605421	1.1354959733859002
1.0536564387192457	0.7733551781983661	1.1289912482517717
1.050459396990908	0.7884462606569943	1.1214651507841062
1.046861712766966	0.8050431728131441	1.1129634957677614
1.042890434632392	0.8229158494757522	1.1035378996992529
1.0385751571647082	0.841836118636523	1.093245434410931
1.0339477257784395	0.861582467385017	1.0821482625139747
1.0290419284579888	0.8819435621574503	1.0703132616493911
1.0238931793269708	0.9027206579472048	1.0578116440660934
1.0185381988178046	0.9237290751621187	1.0447185772718328
1.0130146949090664	0.9447989321656309	1.0311128104355856
1.0073610495085688	0.9657753091118291	1.0170763098753035
1.0016160135987286	0.9865179950733242	1.0026939053665096
0.9958184142483995	1.006900943115709	0.9880529471853591
0.990006876053982	1.0268115314479955	0.9732429717955506
0.9842195590226336	1.0461497054191753	0.9583553719561758
0.9784939143698753	1.0648270558054396	0.9434830648393147
0.9728664591893548	1.0827658735376462	0.9287201496000106
0.9673725704766283	1.0998982093113865	0.914161543864084
0.9620462985619738	1.116164957793177	0.8999025869570816
0.9569201996365027	1.131514979765899	0.8860385965946777
0.9520251867451073	1.1459042709907592	0.8726643654338693
0.9473903983708636	1.1592951833417149	0.8598735846136363
0.9430430835472792	1.171655701529888	0.8477581834645722
0.9390085023047685	1.1829587772030867	0.8364075781737473
0.9353098401812282	1.1931817211754139	0.825907827496434
0.9319681354989101	1.2023056538657695	0.816340700595412
0.9290022181240728	1.210315013596398	0.8077826705181113
0.9264286584768139	1.2171971221497344	0.8003038561675077
0.9242617256389952	1.2229418068522984	0.7939669450571475
0.92251335351285	1.2275410784123526	0.7888261375764883
0.9211931141063688	1.2309888637596813	0.784926159692615
0.9203081971589447	1.233280793203013	0.7823013937808785
0.9198633954684488	1.234414041321854	0.7809751756851354
0.9198610954355497	1.2343872211345255	0.7809592997418803
0.9203012725003188	1.2332003312269955	0.782253762621248
0.9211814913081142	1.2308547556798062	0.7848467624228204
0.9224969106048617	1.2273533167895232	0.7887149531033302
0.9242402930250677	1.2227003807394918	0.7938239379432145
0.9264020200975659	1.2169020165287556	0.8001289713177325
0.9289701129532808	1.2099662086111937	0.8075758271189092
0.9319302593735932	1.2019031238237003	0.816101785763833
0.9352658479652621	1.192725433285466	0.8256366900900252
0.9389580103849712	1.1824486900205518	0.8361040231684949
0.9429856726595641	1.1710917630814046	0.8474219672385686
0.94732561675214	1.1586773289140144	0.8595044113893464
0.951952553604211	1.1452324205829947	0.8722618850429412
0.95683920893431	1.130789035230099	0.8856024036445781
0.9619564230870591	1.115384799723581	0.8994322214041517
0.967273266198291	1.0990636937932412	0.913656492936296
0.9727571698646271	1.081876828932699	0.9281798509650462
0.9783740763752474	1.0638832798386832	0.9429069108790002
0.9840886063747962	1.0451509629422628	0.9577427149845466
0.9898642455768752	1.0257575533923786	0.9725931300428945
0.9956635508367424	1.00579142731389	0.9873652113618288
1.0014483755209598	0.9853526098183296	1.001967545614754
1.0071801136849035	0.9645537005358525	1.0163105829200119
1.01281996209396	0.9435207367333802	1.0303069667385385
1.018329198610195	0.9223939387642338	1.0438718680027999
1.023669474927067	0.9013282631976668	1.0569233277029102
1.0288031210861877	0.8804936654767707	1.0693826100249435
1.033693458670531	0.8600749471919544	1.0811745661336374
1.038305119058199	0.8402710353569449	1.0922280068719608
1.0426043626617516	0.8212935169807364	1.1024760810538419
1.0465593946909422	0.803364239218967	1.1118566546847664
1.0501406726830382	0.78671179414124	1.1203126853805525
1.0533212008628738	0.7715667507587747	1.1277925854845514
1.0560768063401769	0.7581555882654617	1.1342505669167597
1.0583863922352181	0.7466934309747907	1.1396469606285078
1.0602321630524256	0.7373758822732708	1.1439485036783221
1.0615998179937665	0.7303704778119746	1.147128587375782
1.0624787084152107	0.7258084811113156	1.1491674606387372
1.0628619562660477	0.7237778669319592	1.1500523836453433
1.0627465310950701	0.7243183218761542	1.1497777279965795
1.0621332840350513	0.7274189090746765	1.1483450208923214
1.0610269380603374	0.7330187144340208	1.1457629322118335
1.059436034720321	0.7410103858647303	1.1420472048228114
1.0573728384525864	0.751246092512504	1.1372205298631775
1.054853200441667	0.7635451585040313	1.131312370091044
1.0518963847831126	0.7777025151189082	1.1243587356246705
1.0485248604116293	0.7934971642593349	1.1164019174480675
1.044764062835018	0.8107000106298358	1.1074901848948995
1.0406421301663036	0.8290806384645024	1.0976774539096843
1.036189618255546	0.848412824845638	1.0870229331935641
1.0314391998863406	0.8684787587299398	1.075590755355143
1.0264253530233174	0.889072057430785	1.063449599895366
1.0211840429840382	0.9099997418384548	1.0506723142581467
1.0157524031747858	0.9310833586751093	1.0373355382807983
1.010168418692259	0.952159436009559	1.0235193361933848
1.0044706166711894	0.9730794393616975	1.0093068388620625
0.9986977667732823	0.9937093693379336	0.9947838972739808
0.9928885946867761	1.0139291140122655	0.9800387463547068
0.9870815109598917	1.0336316437031274	0.9651616761380032
0.9813143569442483	1.0527221139977845	0.95024470513271
0.975624169094669	1.071116925249735	0.9353812485335594
0.9700469623728905	1.0887427730647443	0.9206657718105297
0.9646175330477769	1.1055357139416573	0.9061934183272385
0.9593692807814834	1.1214402626067206	0.892059598164918
0.954334049546109	1.136408532068987	0.8783595244867739
0.9495419866311596	1.15039942350973	0.8651876838260177
0.9450214187794371	1.1633778703819115	0.8526372278970152
0.9407987443259641	1.1753141392099167	0.8407992771796535
0.9368983401077162	1.186183188302729	0.829762130823233
0.9333424818567264	1.1959640847458335	0.8196103834511416
0.9301512767795862	1.2046394794909354	0.8104239571266642
0.9273426070568441	1.2121951400277413	0.8022770657129182
0.9249320830593772	1.2186195399352902	0.795237138475209
0.9229330051700918	1.2239035045284612	0.7893637390814576
0.9213563332121215	1.2280399118080578	0.7847075239731587
0.9202106626141715	1.2310234479699687	0.7813092891377562
0.9195022065856306	1.232850416814874	0.7791991554739678
0.9192347837245546	1.2335186025151352	0.778395939440284
0.9194098106384007	1.2330271853311079	0.7789067473456446
0.920026299317451	1.2313767100184585	0.7807268190374431
0.9210808591634265	1.2285691068262892	0.7838396311304552
0.9225677037387724	1.2246077651468232	0.7882172530954588
0.9244786624646422	1.219497660036736	0.7938209335023971
0.9268031976564106	1.2132455319827171	0.8006018803583925
0.9295284274426722	1.2058601204235444	0.8085021901911409
0.9326391552656103	1.1973524516626415	0.8174558760138706
0.9361179068040736	1.1877361818998293	0.8273899445460015
0.9399449752925546	1.177027996170139	0.8382254773971183
0.9440984763255088	1.1652480639869358	0.8498786782692428
0.9485544133315744	1.1524205524270423	0.8622618573325036
0.9532867549714031	1.1385741972403942	0.8752843335677374
0.9582675257497332	1.1237429322748753	0.8888532450385767
0.9634669111302872	1.1079665770211053	0.9028742650406606
0.9688533783959766	1.0912915813178596	0.9172522284655695
0.9743938143998689	1.0737718250975896	0.9318916773701031
0.9800536812002281	1.055469469325749	0.9466973377172577
0.9857971903617535	1.0364558517676754	0.9615745407462059
0.9915874964329217	1.0168124175940438	0.9764296026944441
0.9973869097758241	0.9966316697082638	0.9911701759144667
1.0031571285332885	0.976018116542606	1.005705583063576
1.0088594890728908	0.9550891853272245	1.019947144229423
1.014455233757179	0.933976055838676	1.0338085047760597
1.019905794365664	0.912824352780758	1.047205969505834
1.0251730889503738	0.8917946138821371	1.0600588465467653
1.0302198293605633	0.8710624257244493	1.0722898022793
1.0350098361425162	0.8508180915296691	1.083825226674556
1.0395083570276058	0.8312656676795459	1.0945956066764777
1.043682384788457	0.8126211841867337	1.104535903758232
1.0475009698890554	0.7951098574164769	1.1135859305455886
1.050935523101751	0.7789621229437828	1.1216907204477347
1.053960103127969	0.7644083761643128	1.128800883581275
1.0565516842556133	0.7516724200231529	1.134872941923773
1.0586903992230512	0.7409637870409963	1.139869636589486
1.0603597527411528	0.7324693154057637	1.1437602003728131
1.0615468015491176	0.7263445836107669	1.1465205892399368
1.0622422974380823	0.7227059913876882	1.1481336672399025
1.0624407903538433	0.7216243533270367	1.1485893403208047
1.0621406894663337	0.7231207949935589	1.1478846357324728
1.061344280942989	0.7271654968425969	1.1460237250265295
1.060057702056968	0.7336794588892627	1.143017890074446
1.0582908721682456	0.7425390443540596	1.1388854329574647
1.0560573820035046	0.7535827047345062	1.1336515319819065
1.053374343498783	0.7666190713194873	1.1273480473829092
1.0502622032286764	0.7814355500531285	1.1200132814470256
1.0467445231024988	0.797806657259817	1.1116916987618157
1.042847732542167	0.8155015284775113	1.1024336130490062
1.0386008567549758	0.8342902586357872	1.0922948475252812
1.0340352259690992	0.8539489385510665	1.0813363759373829
1.0291841706101017	0.8742634113605516	1.069623951322515
1.0240827073672996	0.8950318748933693	1.0572277291433598
1.0187672209402885	0.9160665079769951	1.044221890741808
1.013275145982288	0.9371943128273884	1.0306842720536358
1.0076446533870926	0.958257355501284	1.0166960012429023
1.0019143446199952	0.9791125632940991	1.0023411473699961
0.9961229572919031	0.9996312101221217	0.9877063804289127
0.9903090846413088	1.019698193427076	0.9728806411138393
0.9845109110414421	1.039211181678972	0.9579548165523145
0.9787659651084633	1.0580796911913481	0.9430214160372956
0.9731108914676482	1.0762241347875607	0.9281742385936205
0.9675812417514574	1.093574872448123	0.9135080221441734
0.962211284967377	1.1100712848074974	0.89911806225403
0.9570338369916724	1.1256608836082154	0.885099787123373
0.952080108622596	1.1402984683772588	0.8715482749101647
0.9473795713653328	1.1539453351777604	0.8585576998614468
0.9429598399203292	1.1665685409215982	0.8462206954003917
0.9388465702047075	1.1781402251124542	0.8346276255141806
0.9350633716488091	1.1886369898046065	0.8238657606997539
0.9316317324719035	1.1980393378534702	0.8140183613926217
0.9285709566463983	1.2063311690860277	0.8051636800567461
0.925898111303016	1.213499333754471	0.7973739024996568
0.923627983403138	1.2195332425003367	0.7907140587341651
0.9217730446039525	1.2244245320106015	0.7852409427819729
0.9203434233611846	1.2281667855667964	0.7810020879545777
0.9193468834481778	1.2307553077547968	0.7780348480801734
0.9187888082152511	1.2321869527035045	0.7763656348117743
0.9186721900660344	1.2324600053465473	0.7760093559529438
0.918997624785297	1.2315741153445925	0.7769690897420283
0.9197633105138192	1.2295302834607744	0.779236016060037
0.9209650513282753	1.2263309003432845	0.7827896090691621
0.9225962655470445	1.2219798378318947	0.7875980787875221
0.9246479990446093	1.2164825930648961	0.7936190336013224
0.9271089440167868	1.2098464858135423	0.8008003234759893
0.9299654637945775	1.2020809096082596	0.8090810158479168
0.9332016244534145	1.1931976373376567	0.8183924533198415
0.9367992341046986	1.1832111820891822	0.8286593440784199
0.9407378908833357	1.1721392140497864	0.8398008415558075
0.9449950407547111	1.1600030342803693	0.8517315780753367
0.9495460463517885	1.146828106098306	0.864362626765421
0.9543642681121678	1.1326446446180436	0.8776023757218089
0.9594211590097156	1.1174882646647712	0.8913573073222707
0.9646863741600334	1.1014006867269535	0.9055326831365073
0.9701278965168729	1.0844304997556795	0.9200331407152702
0.9757121797628038	1.0666339783206138	0.9347632126249852
0.9814043093267512	1.0480759497079042	0.949627780536443
0.9871681822310473	1.0288307037422968	0.9645324782054061
0.9929667061790551	1.0089829340955163	0.9793840570760617
0.9987620179430049	0.9886286941693337	0.9940907272745722
1.0045157207029063	0.9678763427752112	1.0085624851969959
1.0101891395278761	0.9468474441442636	1.0227114369520942
1.0157435936902057	0.9256775726316843	1.0364521247724487
1.021140683971681	0.904516954260357	1.04970186129474
1.0263425925765084	0.8835308547330593	1.0623810744364546
1.0313123927233885	0.8628995971927752	1.074413663538537
1.036014364469901	0.8428180645573554	1.0857273655601742
1.0404143128474752	0.8234945144378681	1.0962541284442242
1.0444798839751561	0.8051485159968774	1.1059304873528024
1.0481808744972494	0.7880078174463758	1.1146979383259528
1.051489529472071	0.7723039830348437	1.122503303059302
1.0543808237437624	0.7582667131492073	1.1292990779404504
1.0568327218681315	0.7461168910343937	1.1350437602331744
1.0588264118454052	0.7360585849467879	1.139702144350897
1.060346508238383	0.7282704578530371	1.1432455815055598
1.0613812207210995	0.7228972580781219	1.1456521966363347
1.061922484698456	0.7200422244816194	1.1469070573874827
1.0619660513464553	0.7197612757366916	1.147002290979403
1.0615115352227267	0.7220597228809787	1.145937146058718
1.0605624184611122	0.7268919502854547	1.143717997972197
1.059126011463627	0.7341641094117431	1.140358297330607
1.057213370905036	0.7437394579844046	1.1358784631560215
1.0548391767389533	0.7554456544132334	1.1303057232819351
1.0520215707090146	0.7690831505776577	1.1236739059453285
1.0487819595970427	0.7844338295471653	1.1160231876223023
1.0451447870592958	0.8012691739541216	1.1073998030694503
1.0411372783942054	0.8193574646192923	1.0978557242043656
1.0367891629384829	0.8384697360378975	1.0874483148615277
1.03213237899818	0.8583844108156066	1.0762399685737336
1.0272007662875453	0.8788906771193371	1.0642977363415644
1.0220297507782494	0.89979075889272	1.0516929508615576
1.0166560266662352	0.9209012669634875	1.0385008528889221
1.011117239859174	0.9420538238133271	1.024800224323909
1.0054516769925175	0.9630951389503013	1.0106730312473033
0.9996979635179913	0.98388668604896	0.9962040785121746
0.9938947738958691	1.0043041045012464	0.9814806756553925
0.9880805563829052	1.0242364210149288	0.9665923118626082
0.9822932743617924	1.0435851634930444	0.9516303355573372
0.9765701656228759	1.0622634203011299	0.9366876319594688
0.9709475205006307	1.0801948830435344	0.9218582897681586
0.9654604792987371	1.0973128996008545	0.9072372460970851
0.9601428490182098	1.1135595557728206	0.8929198970947666
0.9550269390395046	1.1288847977831458	0.8790016605285922
0.9501434151060618	1.143245603574142	0.8655774762496197
0.9455211707142305	1.1566052077906304	0.8527412311657611
0.9411872148323214	1.168932383267057	0.8405850974194488
0.9371665747464403	1.180200780419732	0.8291987761416307
0.9334822127586456	1.1903883250083955	0.8186686445952088
0.9301549554386552	1.1994766741264138	0.8090768117217862
0.9272034341473113	1.2074507299059596	0.8005000958230186
0.9246440356027678	1.2142982102130646	0.7930089478031959
0.9224908613423194	1.2200092755093648	0.7866663532141834
0.9207556950381354	1.224576211039989	0.781526755141001
0.9194479767490485	1.2279931635466586	0.7776350464472354
0.9185747833279234	1.2302559317868953	0.7750256828035793
0.918140814351687	1.2313618102522357	0.7737219662742658
0.9181483830951556	1.2313094856123497	0.7737355425947039
0.9185974122286791	1.2300989855616358	0.7750661439150824
0.9194854340808271	1.2277316799040117	0.7777015937458838
0.9208075954699142	1.2242103338756678	0.781618073799543
0.9225566672706096	1.2195392138699304	0.7867806354174535
0.9247230590429437	1.2137242458875932	0.7931439233370376
0.927294839209578	1.2067732271861424	0.800653068347231
0.9302577614207823	1.1986960917359866	0.8092446989151156
0.9335952978934863	1.189505230204596	0.8188480203892619
0.9372886806472672	1.1792158652726532	0.8293859134343299
0.9413169516827554	1.1678464831274038	0.8407760099365548
0.9456570232519953	1.1554193219633486	0.8529317134741143
0.9502837494504267	1.1419609182245005	0.8657631412743271
0.9551700104107279	1.1275027111137423	0.8791779742525709
0.960286810393544	1.1120817055242966	0.8930822103979926
0.9656033910428926	1.0957411929445477	0.9073808239108306
0.9710873609991431	1.0785315289494197	0.9219783378720479
0.9767048429341841	1.0605109644747168	0.9367793218397069
0.9824206388879804	1.0417465259737129	0.9516888277799292
0.9881984145401111	1.0223149365050317	0.9666127784060038
0.994000902743331	1.0023035654333332	0.9814583216029592
0.9997901262800452	0.981811388274032	0.9961341634360756
1.0055276393810886	0.9609499297098273	1.0105508905303537
1.011174787075851	0.9398441512974388	1.0246212905723193
1.0166929809339462	0.9186332302026257	1.0382606774921685
1.0220439892238184	0.897471155917405	1.051387225660901
1.0271902389688143	0.8765270481921559	1.0639223152797888
1.0320951268443592	0.8559850720514149	1.0757908891182737
1.0367233353512686	0.8360437968971539	1.0869218189240089
1.0410411502404897	0.8169148207034538	1.0972482782233741
1.0450167747760855	0.7988204645345724	1.1067081168818442
1.048620636125549	0.7819903478286209	1.1152442317222024
1.0518256789790312	0.7666566945883307	1.122804926720776
1.054607641436871	0.7530483085576344	1.1293442558257831
1.056945308279577	0.7413833005715358	1.1348223412714198
1.0588207369518452	0.7318608503106296	1.1392056603904526
1.0602194519536374	0.7246525147322603	1.1424672943456775
1.0611306038300827	0.7198938104960642	1.1445871328842878
1.061547089576553	0.7176769348605789	1.1455520301405877
1.0614656320076623	0.7180454873577715	1.1453559076327973
1.060886816455648	0.7209918794221784	1.1439998018748954
1.0598150840376808	0.7264577874502278	1.1414918554023623
1.0582586816319859	0.7343375864858837	1.13784725143759
1.0562295695988333	0.7444842989789733	1.1330880938385721
1.0537432891415068	0.7567173020806922	1.1272432353275847
1.0508187919961685	0.7708309131932645	1.1203480582301923
1.0474782358406414	0.7866030173172928	1.1124442130204821
1.0437467493998858	0.8038030666046105	1.1035793208223295
1.039652171683074	0.8221990080103841	1.0938066466239993
1.0352247701046293	0.8415629197206306	1.0831847502973364
1.0304969424147716	0.8616753217259577	1.0717771225545465
1.0255029073965338	0.88232825397019	1.0596518127154548
1.0202783891839875	0.903327288082135	1.0468810545936549
1.014860299833118	0.9244926668231493	1.0335408959448498
1.009286424448756	0.9456597631399357	1.0197108357674918
1.0035951127582814	0.9666790309675278	1.0054734723187697
0.9978249805454544	0.9874155924531733	0.9909141630335632
0.9920146238381736	1.0077485774893313	0.9761206956392131
0.986202348202209	1.0275703049854006	0.9611829676867645
0.9804259149491517	1.046785372816248	0.9461926695252506
0.9747223055382773	1.0653097052584728	0.9312429635054874
0.9691275049533845	1.0830695926753378	0.9164281500165
0.9636763043792714	1.100000747645606	0.9018433089686172
0.9584021230968581	1.116047393976474	0.887583903719643
0.953336849167817	1.1311613994637655	0.8737453334162045
0.9485106981909903	1.1453014593217925	0.8604224195522031
0.9439520891859111	1.158432334465984	0.847708813518539
0.9396875364905309	1.1705241469573762	0.835696314319834
0.9357415564488105	1.1815517336590469	0.8244740897054585
0.9321365876036193	1.1914940583270115	0.8141277998380886
0.9288929230963779	1.2003336818320174	0.8047386302555339
0.9260286540010539	1.20805628989173	0.7963822499680782
0.9235596223799888	1.2146502775218695	0.7891277204609152
0.9214993829369889	1.2201063893461468	0.783036391203443
0.9198591722529766	1.2244174149084242	0.778160825801761
0.9186478847167439	1.2275779381861363	0.7745438088367923
0.9178720544031483	1.2295841405972399	0.7722174854640066
0.9175358423001272	1.2304336569139567	0.771202683115015
0.9176410284412063	1.23012548363681	0.7715084568319152
0.9181870086592684	1.2286599395369076	0.7731318873302333
0.919170795838918	1.226038678236987	0.7760581450385264
0.9205870257071527	1.2222647528678399	0.7802608159168511
0.9224279673640402	1.217342733002145	0.7857024679194838
0.924683538915634	1.2112788742275	0.79233542255322
0.9273413287286526	1.2040813408696667	0.8001026856492534
0.9303866229788227	1.1957604825103703	0.8089389860714251
0.9338024403093197	1.1863291650548096	0.8187718707039274
0.937569574549616	1.1758031571832317	0.8295228080831457
0.9416666465640318	1.1642015730577295	0.8411082603653138
0.9460701663984903	1.1515473721318301	0.8534406926381567
0.9507546069685456	1.1378679168039496	0.8664294985975599
0.9556924905752314	1.1231955884289624	0.8799818312330441
0.9608544895420816	1.107568461804655	0.8940033356134562
0.9662095422301328	1.0910310376052834	0.9083987876771249
0.9717249856025493	1.0736350312334746	0.9230726479362572
0.9773667053713712	1.0554402150521898	0.9379295422525996
0.9830993045617227	1.0365153087241539	0.9528746835241304
0.9888862910715768	1.016938909138543	0.9678142485104683
0.9946902844871575	0.9968004467580418	0.9826557234100404
1.0004732420372249	0.9762011486842885	0.9973082304626893
1.0061967031385657	0.9552549797211176	1.0116828460303917
1.0118220515071652	0.9340895205404589	1.0256929185072843
1.0173107932955698	0.9128467260572501	1.0392543921852782
1.0226248491800505	0.8916834867964318	1.0522861409738193
1.0277268577775915	0.870771891350041	1.0647103137305214
1.0325804872409252	0.8502990598677784	1.0764526909692511
1.0371507513803342	0.8304663893861922	1.0874430509214406
1.0414043262144657	0.8114880265653107	1.097615541370932
1.0453098624808503	0.7935883701125152	1.106909052389259
1.0488382893599464	0.7769984153157271	1.115267584086151
1.0519631045025761	0.7619508006945825	1.12264060277367
1.054660645414348	0.7486735153838195	1.1289833785286971
1.056910337352527	0.7373823829996303	1.1342572970287559
1.0586949131356456	0.7282726471089848	1.138430138724683
1.0600006006536746	0.7215102175991732	1.141476318884782
1.060817274389584	0.7172233456114172	1.1433770827782885
1.0611385679083403	0.7154956119023579	1.1441206512280957
1.0609619450181151	0.7163610802082963	1.143702312915635
1.060288728136317	0.7198022573363901	1.14212446111865
1.059124083272516	0.7257511426159842	1.1393965739525342
1.0574769619401665	0.7340932206751992	1.1355351386139045
1.0553600011980628	0.7446738590358104	1.1305635215332142
1.05278938386949	0.7573063078176951	1.124511787676204
1.0497846617629363	0.7717804086718317	1.117416473438161
1.0463685453978684	0.787871193800703	1.1093203186029403
1.0425666643014408	0.8053467420986713	1.1002719636485194
1.038407302372503	0.8239748918511105	1.090325619239091
1.033921113098602	0.8435286310964152	1.0795407150251037
1.0291408195575102	0.863790162513077	1.0679815348604174
1.0241009041401765	0.8845537570328807	1.055716845230689
1.0188372928063147	0.9056275732286037	1.0428195230691966
1.0133870384398203	0.9268346402337464	1.0293661882191891
1.007788007526902	0.9480131948478028	1.0154368445989737
1.0020785739541367	0.9690165410568669	1.0011145326528854
0.9962973232380726	0.9897125716326377	0.9864849939529904
0.9904827699738228	1.0099830626076143	0.9716363468835519
0.9846730907478773	1.0297228254349473	0.9566587702360055
0.9789058742193197	1.0488387798573697	0.9416441893241358
0.9732178895506625	1.0672489931349092	0.9266859569762844
0.9676448738790441	1.08488171792534	0.9118785195820386
0.9622213390716509	1.1016744511371368	0.8973170564077357
0.9569803976148594	1.1175730287980423	0.8830970788346922
0.9519536071494679	1.1325307667785662	0.8693139752454249
0.9471708328880151	1.1465076535523444	0.8560624872572
0.942660126934057	1.1594695986469303	0.8434361041727515
0.9384476233662328	1.1713877387195093	0.8315263651736635
0.9345574478480234	1.1822378020452793	0.8204220631574655
0.9310116404727626	1.1919995314595364	0.8102083503301181
0.9278300905470944	1.2006561653267642	0.8009657536326975
0.925030482048541	1.2081939758348115	0.7927691174541028
0.9226282485579863	1.2146018637715106	0.7856865011915067
0.9206365365598699	1.2198710088943068	0.7797780690698628
0.9190661761160933	1.2239945750231147	0.7750950179688637
0.9179256580488634	1.2269674690542527	0.7716785944746688
0.917221116909428	1.2287861531953743	0.7695592537445628
0.9169563191594557	1.2294485098488797	0.768756009210194
0.9171326561477702	1.2289537587168318	0.7692760134497577
0.9177491416246008	1.2273024258582144	0.7711143973116216
0.9188024136969939	1.2244963645948097	0.7742543779168487
0.9202867412911357	1.2205388283298781	0.7786676284231958
0.9221940353491784	1.2154345955103796	0.7843148855540596
0.9245138651478074	1.2091901471237558	0.7911467568772368
0.9272334802824747	1.201813897269809	0.7991046801411633
0.9303378390121021	1.1933164774811127	0.8081219823805275
0.9338096438022835	1.183711075575443	0.8181249869378401
0.9376293850364978	1.1730138299018424	0.8290341212875206
0.9417753939810483	1.1612442798761753	0.8407649864212038
0.946223906185307	1.148425873675271	0.853229358206527
0.9509491365689305	1.134586533845897	0.8663361012784225
0.9559233674863017	1.1197592813485362	0.879991985605824
0.961117051059215	1.103982918142431	0.8941024041609063
0.9664989270257998	1.087302767747722	0.9085719966918405
0.972036157261124	1.069771472180288	0.9233051893359652
0.9776944779780339	1.0514498420827696	0.9382066627911834
0.9834383704117242	1.0324077545486223	0.9531817632061304
0.9892312505259546	1.012725089751821	0.968136870136434
0.9950356779533797	0.992492692652609	0.9829797351416968
1.0008135839982812	0.9718133392413628	0.997619803142053
1.0065265180930043	0.9508026773936991	1.0119685267535403
1.012135911617003	0.9295900997527372	1.025939681672275
1.0176033574703978	0.9083194894552677	1.039449688930226
1.022890903256425	0.8871497584986181	1.0524179476147122
1.0279613553850881	0.8662550731334056	1.0647671795138722
1.0327785908831504	0.8458246318997799	1.0764237851826854
1.0373078732029748	0.8260618325378765	1.087318209163941
1.0415161678862837	0.8071826392647697	1.0973853105795446
1.0453724535799578	0.7894129503702714	1.1065647340537248
1.0488480236387459	0.7729847797666503	1.1148012749607266
1.0519167734029367	0.7581311194205371	1.1220452323165708
1.0545554682205374	0.745079455938318	1.1282527422648279
1.0567439874042193	0.7340440804237668	1.1333860850396467
1.0584655395768061	0.7252175475152629	1.1374139585178435
1.0597068452641296	0.7187618765357043	1.1403117119811843
1.0604582831329303	0.7148002910138225	1.142061534475237
1.0607139969301735	0.7134103954527914	1.1426525931410498
1.060471960938745	0.7146196325414901	1.1420811180698731
1.0597340025991335	0.7184036295676093	1.1403504315429018
1.0585057818281332	0.724687664772838	1.1374709209146394
1.0567967274637635	0.7333510491373366	1.133459955825311
1.0546199321487482	0.7442338345913246	1.1283417518278078
1.0519920078020435	0.7571450146965245	1.1221471838320836
1.0489329045907352	0.7718713171847355	1.1149135539529804
1.045465696978326	0.7881857820208302	1.10668431934857
1.0416163409701544	0.8058555177871309	1.0975087864152788
1.0374134070881225	0.8246482659665676	1.0874417782304842
1.032887793877028	0.8443376219421828	1.0765432823791898
1.028072426871818	0.864706931017553	1.064878086252512
1.0230019479430763	0.885551987732365	1.052515406554828
1.0177123997965174	0.9066827229713308	1.0395285191025379
1.0122409101450816	0.9279240790569906	1.0259943940466234
1.0066253797170952	0.9491162626364291	1.011993340415526
1.0009041778304983	0.9701145409439678	0.9976086623714441
0.995115848772692	0.9907887177177515	0.9829263278261801
0.9892988316990236	1.011022396122813	0.9680346481037083
0.9834911962211398	1.0307121103545767	0.9530239652095199
0.9777303953180212	1.049766386284559	0.9379863410295318
0.9720530366839588	1.068104774638688	0.9230152405163943
0.9664946731431541	1.0856568873093388	0.9082051987382758
0.9610896123209915	1.1023614578263827	0.8936514597127979
0.9558707453750557	1.1181654400602246	0.8794495734179805
0.9508693942600722	1.1330231542792955	0.8656949364990206
0.9461151767324767	1.1468954862214116	0.8524822622511758
0.9416358880918735	1.1597491424551203	0.8399049667551781
0.937457398506838	1.1715559636954465	0.828054460863261
0.9336035646769656	1.182292296670123	0.8170193423136488
0.9300961545377183	1.1919384244429523	0.8068844886940204
0.926954783712894	1.2004780546744847	0.7977300601809711
0.9241968624563124	1.2078978650549383	0.7896304305725619
0.9218375518925915	1.2141871050258317	0.7826530753952015
0.9198897284616093	1.2193372528754516	0.7768574557653423
0.9183639555861469	1.2233417273255203	0.7722939449304589
0.9172684617130251	1.2261956528022533	0.7690028496245926
0.9166091240204535	1.2278956776942203	0.7670135793256977
0.9163894572348295	1.2284398450317202	0.7663440123955273
0.9166106071563536	1.2278275151718367	0.7670000987858845
0.9172713486523393	1.226059340234217	0.7689757251763277
0.9183680880384825	1.2231372901999638	0.772252851504744
0.9198948699303711	1.2190647307558473	0.7768019098559034
0.9218433888087804	1.2138465531338407	0.782582439778162
0.9242030057016232	1.2074893563572673	0.7895439202957769
0.9269607705414724	1.2000016824552404	0.7976267496077628
0.9301014509075473	1.1913943053410354	0.8067633193793916
0.9336075680031737	1.1816805741607899	0.8168791315039916
0.9374594408497684	1.1708768119979556	0.8278939104389251
0.9416352397928802	1.15900277085425	0.8397226724734101
0.9461110505094044	1.1460821438018263	0.8522767231889918
0.9508609497725204	1.132143135088366	0.8654645646364197
0.955857094266493	1.1172190887395528	0.8791927033373691
0.9610698237406095	1.1013491757860674	0.8933663584178648
0.9664677797447065	1.0845791395638664	0.907890075613635
0.9720180410919151	1.066962097480887	0.9226682574574658
0.9776862770430228	1.0485593960455257	0.9376056227712142
0.9834369189970814	1.0294415135830859	0.9526076098731495
0.9892333512033075	1.0096890016152071	0.9675807379659871
0.9950381206792381	0.9893934509345427	0.9824329402928113
1.000813166132618	0.9686584614513165	0.9970738811134087
1.006520065244337	0.9476005852925382	1.011415266599167
1.0121202991852596	0.9263501996962863	1.025371157561109
1.017575532721725	0.9050522492813458	1.038858289661086
1.0228479077271417	0.8838667758103275	1.0517964045209776
1.0279003473769928	0.8629691276604564	1.0641085930204448
1.0326968677800412	0.8425497119783961	1.0757216501188331
1.0372028933108908	0.8228131227968031	1.0865664387949823
1.041385571478826	0.8039764537218482	1.0965782592009221
1.0452140828160714	0.7862665930203665	1.1056972178962754
1.048659941015509	0.7699163144247569	1.1138685910862283
1.0516972784102336	0.755159033410818	1.1210431751390775
1.0543031118793535	0.7422222095516012	1.1271776173155865
1.056457584395067	0.7313195467530239	1.1322347196000855
1.058144177699794	0.7226423649165657	1.1361837087754225
1.0593498920163575	0.7163507562032903	1.1390004664136677
1.0600653892410437	0.7125653405469237	1.1406677132378595
1.0602850967345134	0.7113605301139058	1.1411751433145099
1.0600072695889495	0.7127601441239132	1.140519504721502
1.0592340100863455	0.7167359664181261	1.1387046246539794
1.057971243944842	0.7232094481520002	1.1357413783305437
1.0562286538457446	0.7320563175003738	1.1316476024867848
1.0540195716125162	0.743113477003155	1.126447955637717
1.0513608312438274	0.7561873343867178	1.120173728598822
1.0482725857574116	0.7710626592808129	1.1128626099262209
1.0447780914556763	0.787511164628308	1.1045584119225065
1.0409034637585302	0.8052992188112467	1.095310763617466
1.036677409149365	0.8241943345702236	1.0851747776393397
1.0321309380397816	0.8439702993100817	1.0742106981196444
1.0272970634753935	0.8644109777414181	1.0624835367074204
1.0222104905837868	0.8853129237991948	1.050062703399502
1.0169073015157961	0.9064869912744116	1.0370216382224464
1.011424640367766	0.9277591453608961	1.023437448834149
1.0058004022117903	0.9489706649481435	1.0093905578617348
1.000072929924107	0.9699779000990366	0.9949643622737776
0.9942807220093585	0.9906517193030796	0.9802449053228789
0.9884621540914076	1.0108767520355693	0.9653205596213479
0.9826552162005384	1.0305505065775393	0.9502817177704098
0.9768972674503561	1.0495824219567635	0.935220484712166
0.9712248091823045	1.0678928962540584	0.9202303636943121
0.965673277174629	1.0854123208770645	0.9054059255433604
0.960276853077174	1.1020801410474035	0.8908424489814591
0.9550682948508783	1.1178439559767919	0.8766355181902556
0.9500787856663296	1.1326586674042216	0.8628805629617471
0.9453378004515475	1.1464856818171973	0.8496723268629529
0.940872989075012	1.159292169384507	0.837104250183194
0.936710075003681	1.171050381082123	0.8252677573255626
0.9328727681836394	1.1817370244750225	0.8142514429825473
0.9293826908485505	1.1913326979648224	0.8041401580043963
0.9262593149617563	1.1998213829137283	0.795014004220866
0.9235199100364035	1.2071899928304322	0.7869472572210808
0.9211795001481542	1.2134279786994457	0.7800072465011061
0.9192508290504672	1.2185269895160182	0.7742532323912795
0.9177443324183903	1.222480587128245	0.7697353274574011
0.9166681163780944	1.2252840145711572	0.7664935152308194
0.916027941621987	1.2269340171906895	0.7645568199248186
0.915827212559972	1.2274287159920123	0.7639426764439662
0.916066971113476	1.226767532798638	0.7646565403819745
0.9167458949183741	1.2249511669720232	0.7666917635428667
0.9178602998639785	1.2219816236105234	0.770029743298763
0.9194041470572394	1.2178622933180185	0.7746403358582903
0.9213690544621395	1.212598083801814	0.7804825064943848
0.9237443136233928	1.2061956037222272	0.7875051759753876
0.9265169120390514	1.19866339936846	0.7956482132855902
0.9296715618964007	1.190012244871121	0.8048435208468065
0.9331907360267165	1.1802554867752546	0.8150161596850866
0.9370547120643411	1.1694094438798879	0.8260854674813966
0.9412416259088506	1.1574938632894725	0.8379661309382908
0.945727535682063	1.1445324336013556	0.8505691839836201
0.9504864974381353	1.1305533560471763	0.8638029137166725
0.9554906539194197	1.1155899741761537	0.8775736656450971
0.9607103376469741	1.0996814622601299	0.8917865479641239
0.9661141895865804	1.0828735719325049	0.906346041027858
0.9716692945332254	1.0652194355291353	0.9211565226725036
0.9773413342047024	1.0467804230135658	0.9361227227923149
0.9830947588243129	1.0276270470109286	0.9511501217842081
0.9888929777021814	1.0078399070314923	0.9661453074641726
0.9946985689941088	0.9875106590228756	0.9810163041227962
1.0004735084288643	0.9667429894224195	0.9956728858065171
1.0061794163549311	0.9456535632523625	1.0100268839217161
1.011777821973014	0.9243729027970246	1.0239924970512226
1.0172304431036887	0.9030461363267596	1.037486608592822
1.0224994793028432	0.8818335346960503	1.0504291155862482
1.0275479155988108	0.8609107274847935	1.0627432699684598
1.0323398336023892	0.8404684607726729	1.0743560315440752
1.0368407262550705	0.8207117285203098	1.0851984302204383
1.041017812052788	0.8018580844144065	1.095205933566207
1.044840344232972	0.7841349298768394	1.1043188145305358
1.0482799101620146	0.7677755892912584	1.112482513224374
1.0513107160247743	0.753014040278101	1.1196479860268682
1.0539098519119516	0.7400782787596518	1.1257720349433522
1.0560575325337107	0.7291824716957128	1.1308176101066334
1.0577373090629456	0.72051827481059	1.1347540785710826
1.058936248027057	0.714245935206512	1.137557453083658
1.0596450737142684	0.7104860024855413	1.1392105753035313
1.0598582712257445	0.7093125675008898	1.1397032489483276
1.059574148067143	0.7107488774425255	1.1390323195314727
1.0587948530091866	0.7147659223257833	1.1372016986732834
1.057526351826209	0.721284192042401	1.1342223323669829
1.0557783604160553	0.730178357343865	1.1301121140042683
1.053564236680151	0.7412842438993771	1.124895744356924
1.05090083337085	0.7544072339166672	1.1186045420167363
1.0478083148649193	0.7693311791919742	1.1112762089637074
1.0443099414732375	0.7858270199841753	1.1029545569161516
1.0404318254286287	0.8036605154060894	1.0936892008762105
1.0362026630916825	0.8225987340736288	1.0835352267890552
1.0316534481718895	0.8424151738314245	1.0725528404599753
1.0268171708763965	0.862893546026648	1.0608070048056375
1.0217285078761058	0.883830365249814	1.0483670721468479
1.0164235078281671	0.9050365370141247	1.0353064175790827
1.0109392769298258	0.9263381476091468	1.021702078490794
1.0053136686181745	0.9475766471258659	1.007634404048256
0.9995849810938713	0.9686085906015521	0.9931867169474013
0.9937916658550279	0.9893050719410209	0.9784449879698207
0.9879720499018175	1.009550955943832	0.9634975219033877
0.9821640737321633	1.029243988055587	0.9484346512396119
0.9764050467141459	1.0482938403182958	0.9333484317979867
0.9707314209062055	1.0666211353832082	0.9183323321333954
0.9651785839167856	1.0841564778406538	0.9034809063670377
0.9597806709605826	1.1008395128105084	0.8888894380936122
0.9545703958871461	1.1166180250148419	0.8746535414521144
0.9495789006340756	1.1314470867964526	0.8608687045463478
0.9448356222935496	1.1452882602379038	0.8476297604477863
0.9403681767772537	1.1581088562744568	0.8350302723179559
0.9362022579190874	1.1698812521768653	0.8231618220517637
0.9323615507630363	1.1805822677835216	0.8121131965104169
0.9288676577412036	1.1901926002274135	0.8019694719959699
0.9257400364476687	1.19869631651782	0.7928110060221
0.9229959477523882	1.2060804031232244	0.784712355270033
0.9206504130691463	1.2123343716067732	0.7777411491556578
0.9187161796868188	1.2174499193523687	0.7719569586014147
0.9172036931890014	1.2214206444650038	0.7674102080715571
0.9161210761179401	1.2242418140153337	0.764141184264889
0.9154741121810479	1.2259101849152765	0.7621791957983817
0.9152662354488468	1.2264238768502491	0.7615419339342188
0.9154985241488036	1.2257822968474579	0.7622350747734671
0.91616969881888	1.223986115225005	0.7642521490658027
0.917276124745428	1.2210372928369888	0.7675746883671934
0.9188118187717045	1.216939159702903	0.772172637786969
0.9207684607240724	1.2116965452807138	0.7780050082732466
0.9231354098617656	1.205315960807658	0.7850207273395292
0.925899726911575	1.1978058342875395	0.7931596377950311
0.9290462023984427	1.1891767988422097	0.802353590064093
0.9325573921243681	1.179442035262467	0.8125275748932684
0.936413660777827	1.1686176696808237	0.8236008487924187
0.9405932347698074	1.1567232273351609	0.8354880131545965
0.945072265485942	1.1437821433802144	0.8481000182212904
0.9498249042115439	1.1298223316096863	0.8613450735823592
0.9548233900218362	1.1148768117382728	0.875129456669052
0.960038151927253	1.0989843955065024	0.8893582190049354
0.9654379265172364	1.0821904312321764	0.9039357964539448
0.9709898922502029	1.0645476054264562	0.9187665342640394
0.9766598213871598	1.04611679855683	0.9337551404720917
0.9824122503584872	1.026967989746171	0.94880708245889
0.9882106690855603	1.007181201836723	0.9638289414261579
0.9940177294512563	0.9868474734098649	0.9787287386198453
0.9997954727283821	0.9660698375106966	0.993416245527293
1.0055055753376558	0.9449642773431637	1.007803288269945
1.0111096118252498	0.9236606163547008	1.0218040541894515
1.0165693334346375	0.9023032832032497	1.0353354063304963
1.0218469601127442	0.8810518705651542	1.0483172092680362
1.026905483252563	0.8600813805824417	1.060672667588711
1.0317089759515814	0.839582019971425	1.0723286763737028
1.0362229070789046	0.8197583771858415	1.083216181284037
1.0404144550139265	0.8008277879456097	1.093270544350058
1.0442528165669824	0.7830176827490964	1.1024319103364992
1.0477095063376838	0.7665617232061077	1.1106455676099654
1.050758641626349	0.7516945882424382	1.1178622967875198
1.053377208001935	0.738645380620754	1.1240387000984815
1.0555453007564868	0.727629795731542	1.1291375043459588
1.0572463377437047	0.718841419397724	1.1331278306016874
1.0584672395078238	0.7124427673249226	1.1359854242916234
1.0591985731492546	0.7085568891225922	1.137692840106499
1.0594346570320006	0.7072604641709779	1.1382395771690683
1.0591736241947634	0.7085792549892752	1.1376221610677286
1.0584174431583302	0.7124865358400979	1.1358441706783637
1.0571718956985197	0.7189047186548284	1.1329162090907678
1.055446512045349	0.7277099469387089	1.1288558193777656
1.0532544648445357	0.7387390344206498	1.1236873473383906
1.0506124240465031	0.7517978801514619	1.11744175465604
1.0475403756419601	0.7666704331265093	1.1101563870869675
1.0440614078182704	0.7831273861472821	1.1018747032875176
1.0402014686470469	0.8009339901075023	1.0926459706602285
1.0359890998174792	0.8198566258920347	1.0825249351173836
1.0314551511932661	0.8396679952493026	1.0715714719023364
1.0266324810926666	0.8601509625596107	1.0598502245581265
1.0215556471751912	0.8811011878583916	1.0474302387814054
1.016260592674152	0.9023287449037538	1.0343845972473285
1.0107843324559767	0.9236589307502908	1.020790060542475
1.0051646430319996	0.9449324602717482	1.0067267181089288
0.9994397602162228	0.9660052128375645	0.9922776515996835
0.9936480876342353	0.9867476676774222	0.9775286112948173
0.9878279187649526	1.0070441347150922	0.9625677042597862
0.9820171746585066	1.0267918615479432	0.9474850907813461
0.976253158938945	1.0459000757785393	0.9323726833495734
0.9705723311859565	1.0642890050406861	0.9173238401445355
0.9650100993088815	1.0818889042690287	0.9024330427410501
0.9596006310903618	1.0986391103213495	0.8877955457119473
0.9543766846932206	1.1144871372552358	0.8735069841801234
0.9493694575980549	1.129387820747749	0.8596629243831844
0.9446084531727624	1.1433025168059308	0.8463583422558604
0.940121363868541	1.1561983576359913	0.833687016217976
0.9359339698883906	1.1680475660135528	0.8217408230901098
0.9320700520793032	1.1788268284982542	0.8106089306011455
0.9285513177541734	1.1885167272022301	0.8003768864349557
0.9253973381479013	1.1971012294390682	0.791125612113151
0.9226254962484014	1.2045672343691904	0.7829303198659681
0.9202509438111467	1.2109041756652135	0.7758593812958935
0.9182865664596884	1.2161036792107704	0.7699731870295229
0.9167429558889144	1.2201592748936454	0.7653230453434717
0.9156283883175974	1.2230661616428302	0.7619501734886792
0.9149488084785151	1.2248210249772316	0.7598848368087769
0.9147078185839653	1.2254219064740182	0.7591456868646934
0.9149066718599015	1.224868124719799	0.7597393404419999
0.9155442704006426	1.2231602474738965	0.7616602271759727
0.9166171672568061	1.2203001149453723	0.7648907160496042
0.9181195728303027	1.2162909142594263	0.7694015122766674
0.9200433658110555	1.2111373053622798	0.775152298385523
0.9223781090489755	1.204845598780295	0.7820925787843203
0.9251110709100046	1.1974239858073723	0.7901626772530878
0.9282272528154469	1.1888828218372611	0.7992948324008663
0.9317094238054793	1.1792349636804556	0.809414337025996
0.9355381630987267	1.1684961617999194	0.8204406726924356
0.9396919117349356	1.1566855084555476	0.8322885993971035
0.944147034483082	1.1438259427484583	0.8448691705027503
0.9488778932670806	1.1299448134794863	0.8580906537890728
0.9538569333997282	1.1150745005467753	0.8718593494411122
0.9590547839168907	1.099253095254127	0.8860803043069301
0.9644403732618871	1.082525139308169	0.9006579284224259
0.9699810614792499	1.064942421339521	0.9154965245233343
0.975642789932453	1.0465648283325404	0.9305007441587811
0.9813902493582181	1.027461247171235	0.9455759853359262
0.9871870668084866	1.0077105083031614	0.9606287466687735
0.9929960117098487	0.9874023588877165	0.9755669520913353
0.998779220891423	0.96663844621311	0.9903002586138802
1.0044984420004603	0.9455332830031471	1.0047403575962475
1.0101152942482559	0.924215153765834	1.0188012777802677
1.0155915449175783	0.9028269048211045	1.0323996960148274
1.0208893995305635	0.8815265395043244	1.0454552593334825
1.0259718030385445	0.8604875141569338	1.057890919886916
1.030802748871801	0.8398986007294604	1.0696332822483694
1.0353475921966742	0.819963150652978	1.0806129608414203
1.039573363292193	0.8008975671628714	1.0907649437163238
1.0434490765977325	0.7829287779806957	1.1000289576458833
1.0469460307186103	0.7662905094518403	1.1083498285412443
1.0500380945236436	0.7512182120374624	1.1156778305124235
1.0527019744439001	0.7379425902983023	1.1219690165242873
1.0549174581927776	0.7266818565853486	1.1271855235246981
1.0566676303806777	0.7176330500020003	1.1312958451408084
1.0579390558904944	0.7109630111890903	1.1342750655370286
1.0587219274061632	0.7067998241041691	1.136105048780419
1.0590101741319757	0.7052256572980546	1.1367745790350052
1.0588015294862436	0.7062718955282458	1.1362794480673446
1.0580975563753519	0.709917221434022	1.1346224878445557
1.0569036295250953	0.7160889188307081	1.1318135473931716
1.0552288752355066	0.7246672127440329	1.1278694145068728
1.0530860698019218	0.7354920515286731	1.1228136842886938
1.0504914986782754	0.7483714702674394	1.1166765778328882
1.047464779219788	0.763090596613337	1.109494715541648
1.0440286505074805	0.7794204541823737	1.1013108505861626
1.0402087343051678	0.7971259257172727	1.0921735688183147
1.0360332716173222	0.8159724868033967	1.0821369619877224
1.0315328395940786	0.8357315516363427	1.0712602813923222
1.026740053666242	0.8561844505276192	1.0596075790745003
1.0216892597915697	0.8771251739826745	1.0472473433591012
1.0164162215628907	0.8983620764987519	1.0342521349127969
1.0109578066824654	0.9197187488684596	1.02069822859145
1.005351676962197	0.9410342561572443	1.0066652651416514
0.9996359855856092	0.9621629126148732	0.9922359153508591
0.9938490848851733	0.9829737338151547	0.9774955575169932
0.9880292473692565	1.0033496759805716	0.9625319671611604
0.9822144021964724	1.0231867456833041	0.9474350157742509
0.9764418887604549	1.0423930410265632	0.932296373122511
0.9707482285316482	1.0608877680244673	0.9172092053127464
0.9651689158187086	1.0786002626923379	0.9022678585383406
0.959738227671351	1.095469039608064	0.8875675163333242
0.9544890527574486	1.111440880671303	0.8732038164395372
0.9494527387150646	1.1264699728156649	0.8592724122770168
0.9446589572073165	1.1405170999790395	0.8458684637820807
0.9401355856952275	1.1535488922858077	0.8330860433570872
0.9359086047885483	1.1655371338225604	0.8210174451790886
0.9320020099341721	1.1764581293607672	0.8097523904163287
0.9284377361508936	1.1862921297290776	0.799377127162293
0.9252355945130569	1.1950228151445874	0.7899734320810452
0.9224132191174601	1.2026368355965138	0.7816175305484305
0.919986023332308	1.2091234072806394	0.7743789628073148
0.9179671642177871	1.214473964071326	0.7683194343067904
0.9163675141196898	1.2186818630651768	0.7634916976370405
0.9151956385655381	1.2217421433187188	0.7599385198296675
0.9144577797327367	1.2236513370211528	0.7576917908906935
0.9141578449068779	1.224407332483557	0.7567718262860472
0.9142973995029253	1.2240092884815565	0.7571869073924059
0.9148756643799814	1.222457599655496	0.7589330901939298
0.9158895173408228	1.219753912845019	0.7619942951331958
0.9173334988682602	1.215901194411086	0.7663426720591637
0.91919982231114	1.2109038487731232	0.7719392160002333
0.9214783888917	1.2047678885590616	0.7787345942291514
0.9241568080618757	1.1975011569274796	0.7866701344387449
0.9272204238868887	1.189113602768588	0.7956789186670723
0.9306523482776351	1.1796176096204969	0.8056869278799527
0.9344335020257517	1.1690283792399945	0.8166141870692677
