1.0	1.0	1.0
0.9761109728812526	1.0015153941712176	0.9904687646099646
0.9524475382075126	1.0032433254735005	0.981887546932795
0.9290084263691739	1.0051708273671207	0.9742381864697299
0.9057938016860283	1.007285485105693	0.9675017921836074
0.8828053764621209	1.0095754092120137	0.9616587255669535
0.8600465461751065	1.012029210944939	0.9566886075067493
0.8375225481744862	1.0146359796812319	0.9525703480066313
0.8152406465681252	1.0173852621418082	0.9492821973366246
0.7932103462674739	1.0202670433966834	0.9468018167353822
0.7714436394121965	1.023271729587304	0.9451063664123924
0.7499552875632628	1.0263901323089897	0.9441726083050007
0.7287631430783766	1.0296134545999789	0.9439770208487608
0.7078885128751863	1.032933278487181	0.9444959229244878
0.6873565672184022	1.0363415540422336	0.9457056041500431
0.6671967950593856	1.0398305899049092	0.9475824587821403
0.6474435055709257	1.0433930452343534	0.9501031206714644
0.6281363725409536	1.047021923052095	0.9532445969579112
0.6093210138202878	1.0507105649442972	0.9569843984845888
0.5910495915893499	1.0544526470943236	0.9613006652316987
0.5733814103033786	1.0582421776204103	0.9661722854075298
0.5563834773205374	1.0620734951970843	0.971579007168267
0.5401309761348653	1.0659412689429753	0.9775015422582285
0.5247075840120686	1.0698404995618522	0.9839216611573629
0.5102055457098	1.0737665217280967	0.9908222795861332
0.49672539528969484	1.0777150077124436	0.9981875364447947
0.4843752031661177	1.081681972248687	1.00600286345259
0.4732692221331076	1.0856637786472045	1.0142550469026659
0.4635258227947452	1.0896571461666325	1.0229322820623703
0.4552646547014624	1.0936591586608526	1.0320242208290666
0.44860305096376235	1.097667274524689	1.041522013302552
0.44365181012790456	1.1016793379683785	1.0514183439609033
0.44051062625383197	1.1056935916580464	1.0617074631315417
0.4392635684810223	1.1097086907671194	1.0723852144379322
0.4399750963793611	1.1137237184919166	1.0834490588786951
0.44268709974350207	1.1177382030936256	1.094898096163853
0.44741735165103114	1.1217521365385683	1.106733083895791
0.4541595730609197	1.1257659948191578	1.1189564551432405
0.46288506947978214	1.1297807600493375	1.1315723349177012
0.4735456762307706	1.133797944440634	1.1445865560252912
0.48607759346632945	1.1378196162783676	1.1580066747348245
0.5004056339615426	1.1418484280321306	1.1718419866763738
0.5164474419453476	1.1458876467504713	1.1861035433648504
0.5341173411958746	1.1499411869069363	1.200804169731154
0.5533295976987008	1.1540136458833365	1.2159584830400123
0.5740010037521955	1.1581103422964656	1.231582913579329
0.5960527864049208	1.16223735739664	1.2476957275212668
0.6194119064433633	1.1664015797905258	1.2643170523808502
0.6440118471269908	1.1706107537669395	1.2814689055340063
0.6697930015609812	1.174873531532836	1.299175226304082
0.696702762125684	1.17919952969778	1.3174619121843973
0.7246954017663059	1.1835993903790234	1.3363568598347348
0.7537318202912761	1.1880848473362102	1.3558900115723365
0.7837792123408013	1.1926687975849648	1.37609340817352
0.8148106990735666	1.197365378982571	1.3970012489111119
0.8468049535575588	1.2021900543270327	1.4186499598763318
0.8797458404010238	1.2071597025635068	1.4410782717725341
0.9136220830624472	1.2122927177499954	1.4643273085235409
0.9484269671475275	1.2176091164980145	1.4884406882127175
0.9841580844329564	1.2231306546745293	1.513464638062335
1.0208171199867968	1.2288809542298627	1.539448125378519
1.0584096832793164	1.2348856411038067	1.566443006628126
1.096945183356038	1.2411724952604288	1.5945041970839036
1.1364367477941821	1.2477716140130541	1.623689863777786
1.1769011851509517	1.2547155899271367	1.6540616448447563
1.2183589908426187	1.2620397047333307	1.685684898728217
1.260834396802869	1.2697821408499474	1.718628987160676
1.3043554658164564	1.2779842123080443	1.7529675963410511
1.3489542320867374	1.2866906170997598	1.7887791013145784
1.3946668903638213	1.2959497132388256	1.826146979238443
1.4415340368354248	1.30581382114099	1.8651602780045058
1.4896009659758997	1.3163395553132566	1.9059141476125336
1.5389180286792747	1.3275881887990864	1.9485104427709075
1.589541058296558	1.3396260543803444	1.9930584064807129
1.64153187269147	1.3525249872084075	2.039675445874953
1.6949588621671623	1.3663628143544782	2.088488013388382
1.7498976751555226	1.3812238977673985	2.139632608488129
1.8064320159701823	1.3971997383488945	2.1932569177788195
1.8646545717910816	1.414389650354136	2.249521114405451
1.924668089480522	1.4329015171654467	2.308599341434065
1.986586626963236	1.4528526417505416	2.370681408446774
2.050537008906101	1.4743707079057127	2.4359747361363784
2.1166605225213604	1.4975948718269094	2.504706590470945
2.185114896763313	1.5226770078091805	2.577126656332233
2.2560766173406743	1.549783137153054	2.653510010814044
2.3297436412728643	1.579095075918658	2.734160569114559
2.4063385887569333	1.6108123453555112	2.8194150918421492
2.4861125076359167	1.6451543990924502	2.909647862455526
2.5693493277555914	1.6823632340829688	3.0052761686325264
2.656371150266925	1.7227064686427636	3.106766753139782
2.7475445522068047	1.7664809917281004	3.2146434403038766
2.8432881317897065	1.8140173142897646	3.3294961962156275
2.9440815779029474	1.8656847880102307	3.4519919480651966
3.0504766225935747	1.9218979016186795	3.5828875756113363
3.163110333751526	1.9831239239214296	3.723045602776983
3.2827213349163533	2.049892240778574	3.8734532695479915
3.4101697116673253	2.122805837697203	4.035245867539451
3.546461595752197	2.202555520767688	4.209735496422449
3.6927797324961356	2.2899376611632154	4.398446771123684
3.8505217683957107	2.385876513999223	4.60316152245852
4.021348594793995	2.4914525330285446	4.825975247324006
4.207245926072149	2.607938626458802	5.069369069554316
4.41060349246159	2.7368470492489045	5.3363024069104235
4.6343179672980614	2.879990716732025	5.630333616256369
4.881928308284782	3.039564331527739	5.955778942046406
5.157796025211086	3.2182531264757177	6.317924657943215
5.467348736135915	3.419380709461007	6.723314242267865
5.817414488753087	3.6471132371900152	7.180143226963933
6.216688853013621	3.906746294394247	7.6988115118398746
6.676400539600203	4.2051157973374815	8.292710852008332
7.211281209302139	4.551199317868605	8.97937191180203
7.841014318759168	4.957017614237798	9.78217575711806
8.592462007019819	5.439023854252299	10.732978207992641
9.503200797784912	6.020312684643282	11.876261619384627
10.627349411154606	6.734262938185647	13.275944393381474
12.045602408962441	7.630805012921271	15.0270301608446
13.883415316399656	8.78776028859422	17.276554241387476
16.346051338034194	10.332635288040388	20.263567436659123
19.791365169006536	12.487720511114901	24.40123612344567
24.89566496313092	15.672418940702517	30.46146963028284
33.079165891298956	20.764447228431557	40.041312881519886
47.781187061557894	29.87859391334344	56.93674163271658
79.19161994537197	49.24030558797879	92.14341153880133
168.16714091762418	103.6302475756243	188.650522465262
582.58136650799	354.3688312716921	621.9394929011904
5626.649251952489	3381.8435847059295	5776.549067354524
470135.8589500522	282159.70455245674	481731.83791502943
3.2485877157287416e9	1.9492226418925118e9	3.319217998338632e9
1.5461621653822128e17	9.27935355292532e16	1.584205625035894e17
3.513072281401396e32	2.1079190750070344e32	3.589452915553919e32
1.8081731130463283e63	1.0851822646108256e63	1.852663375719418e63
4.804597555783396e124	2.882862071806835e124	4.909058317977563e124
3.3820487875598493e247	2.0297499923141817e247	3.465264403280537e247
NaN	NaN	NaN
NaN	NaN	NaN
NaN	NaN	NaN
NaN	NaN	NaN
NaN	NaN	NaN
NaN	NaN	NaN
NaN	NaN	NaN
NaN	NaN	NaN
NaN	NaN	NaN
NaN	NaN	NaN
NaN	NaN	NaN
NaN	NaN	NaN
NaN	NaN	NaN
NaN	NaN	NaN
NaN	NaN	NaN
NaN	NaN	NaN
NaN	NaN	NaN
NaN	NaN	NaN
NaN	NaN	NaN
NaN	NaN	NaN
NaN	NaN	NaN
NaN	NaN	NaN
NaN	NaN	NaN
NaN	NaN	NaN
NaN	NaN	NaN
NaN	NaN	NaN
NaN	NaN	NaN
NaN	NaN	NaN
NaN	NaN	NaN
NaN	NaN	NaN
NaN	NaN	NaN
NaN	NaN	NaN
NaN	NaN	NaN
NaN	NaN	NaN
NaN	NaN	NaN
NaN	NaN	NaN
NaN	NaN	NaN
NaN	NaN	NaN
NaN	NaN	NaN
NaN	NaN	NaN
NaN	NaN	NaN
NaN	NaN	NaN
NaN	NaN	NaN
NaN	NaN	NaN
NaN	NaN	NaN
NaN	NaN	NaN
NaN	NaN	NaN
NaN	NaN	NaN
NaN	NaN	NaN
NaN	NaN	NaN
NaN	NaN	NaN
NaN	NaN	NaN
NaN	NaN	NaN
NaN	NaN	NaN
NaN	NaN	NaN
NaN	NaN	NaN
NaN	NaN	NaN
NaN	NaN	NaN
NaN	NaN	NaN
NaN	NaN	NaN
NaN	NaN	NaN
NaN	NaN	NaN
NaN	NaN	NaN
NaN	NaN	NaN
NaN	NaN	NaN
NaN	NaN	NaN
NaN	NaN	NaN
NaN	NaN	NaN
NaN	NaN	NaN
NaN	NaN	NaN
NaN	NaN	NaN
NaN	NaN	NaN
NaN	NaN	NaN
NaN	NaN	NaN
NaN	NaN	NaN
NaN	NaN	NaN
NaN	NaN	NaN
NaN	NaN	NaN
NaN	NaN	NaN
NaN	NaN	NaN
NaN	NaN	NaN
NaN	NaN	NaN
NaN	NaN	NaN
NaN	NaN	NaN
NaN	NaN	NaN
NaN	NaN	NaN
NaN	NaN	NaN
NaN	NaN	NaN
NaN	NaN	NaN
NaN	NaN	NaN
NaN	NaN	NaN
NaN	NaN	NaN
NaN	NaN	NaN
NaN	NaN	NaN
NaN	NaN	NaN
NaN	NaN	NaN
NaN	NaN	NaN
NaN	NaN	NaN
NaN	NaN	NaN
NaN	NaN	NaN
NaN	NaN	NaN
NaN	NaN	NaN
NaN	NaN	NaN
NaN	NaN	NaN
NaN	NaN	NaN
NaN	NaN	NaN
NaN	NaN	NaN
NaN	NaN	NaN
NaN	NaN	NaN
NaN	NaN	NaN
NaN	NaN	NaN
NaN	NaN	NaN
NaN	NaN	NaN
NaN	NaN	NaN
NaN	NaN	NaN
NaN	NaN	NaN
NaN	NaN	NaN
NaN	NaN	NaN
