1.0	1.0	0.9999999999999999
1.0057053089993173	0.9788487702551641	1.014147646150105
1.0113388574327888	0.9573787194285989	1.0280027279104025
1.0168612517400517	0.9357229644187219	1.0414772444021572
1.0222333330190163	0.9140293569630235	1.0544859053515687
1.0274164807056965	0.8924609882824615	1.066946494173049
1.0323729265077575	0.8711963603343229	1.0787802393992678
1.0370660751686056	0.8504290834910402	1.0899121939188927
1.0414608281432574	0.8303669307484636	1.1002716197227174
1.0455239058350012	0.8112300544251411	1.1097923743352118
1.049224163694629	0.7932481619207797	1.1184132938535047
1.0525328972422743	0.7766564651620032	1.1260785665527129
1.0554241309530374	0.7616902787509903	1.1327380903611008
1.057874885965467	0.7485782578670251	1.1383478071686357
1.0598654217351906	0.7375344438759859	1.1428700069079782
1.0613794470677398	0.7287495121225067	1.1462735946291869
1.062404296421473	0.7223818578700215	1.1485343143607432
1.0629310679636244	0.7185493548297097	1.1496349243829933
1.0629547205738532	0.7173227070220033	1.1495653196002622
1.0624741277981231	0.7187212330224989	1.1483225979407896
1.0614920876346063	0.7227116578077782	1.1459110690888417
1.0600152879522209	0.7292100856134726	1.1423422053054209
1.0580542282689294	0.7380868816539048	1.137634535564625
1.0556230995182876	0.7491738122029814	1.1318134856631084
1.0527396242774407	0.7622725669874687	1.124911168293549
1.0494248606890821	0.7771637464514742	1.1169661282566716
1.045702973959639	0.793615513922873	1.1080230489737646
1.0416009798369434	0.8113913276702095	1.0981324272134225
1.0371484648501845	0.8302564115696556	1.0873502234319532
1.0323772883266467	0.8499828419015537	1.0757374953242138
1.0273212712835127	0.8703532923119554	1.0633600220773147
1.0220158772353032	0.8911635822420411	1.0502879264076725
1.0164978897694892	0.9122242238961716	1.0365953007433575
1.0108050914405025	0.93336117332305	1.0223598428951137
1.0049759481348106	0.9544159771612387	1.0076625052521722
0.9990493025881356	0.9752454801230762	0.9925871599586527
0.9930640802123945	0.9957212278020536	0.9772202806932747
0.9870590098364034	1.015728669996693	0.9616506396163496
0.9810723614016077	1.0351662440313434	0.9459690158000627
0.9751417021008991	1.0539443964333257	0.9302679090727637
0.9693036719212785	1.0719845847377651	0.9146412507589039
0.963593779063102	1.0892182885989192	0.8991841003882218
0.9580462152702682	1.105586050081965	0.8839923152258681
0.9526936907242272	1.1210365562848585	0.8691621776342376
0.9475672878342524	1.1355257726731431	0.8547899640672502
0.9426963329987516	1.1490161321893184	0.840971439222098
0.9381082852166286	1.1614757829232967	0.8278012598753274
0.9338286402910434	1.172877895599539	0.8153722755610395
0.9298808492861893	1.1832000311285524	0.8037747178168174
0.9262862498654628	1.1924235678264579	0.7930952764148169
0.9230640091506076	1.2005331875143654	0.7834160697863969
0.9202310767897052	1.2075164194916617	0.774813527404175
0.9178021470009892	1.213363241280678	0.7673572134874456
0.9157896284632739	1.2180657350283788	0.7611086329227879
0.9142036210469844	1.2216177984992052	0.7561200702799222
0.9130518985173236	1.2240149096850532	0.7524335196268128
0.9123398964892574	1.225253944182223	0.7500797649908516
0.9120707050691707	1.2253330446323796	0.7490776677005871
0.9122450657778632	1.2242515416891422	0.7494337071558531
0.9128613725120366	1.2220099261487145	0.7511418064442169
0.9139156764650607	1.2186098720679885	0.7541834552269406
0.9154016950913964	1.2140543108832311	0.7585281217537843
0.9173108253616274	1.208347556733646	0.7641339263298821
0.919632161715182	1.2014954833837639	0.7709485324494099
0.9223525192742155	1.19350575332421	0.7789102008883672
0.9254564630326038	1.1843880998087355	0.7879489471529625
0.9289263438760206	1.1741546627533452	0.7979877436823263
0.932742342419337	1.1628203795763403	0.8089437141649938
0.9368825217619999	1.1504034321893009	0.8207292767931171
0.9413228903558858	1.1369257514481546	0.83325320461394
0.9460374762481486	1.122413580423503	0.8464215828265393
0.9509984139978149	1.1068980978232943	0.8601386537077039
0.9561760455635729	1.0904161027564054	0.8743075490287588
0.9615390364152782	1.073010761696801	0.8888309169355463
0.967054508027737	1.0547324178952862	0.9036114552258797
0.9726881877675811	1.0356394624415248	0.9185523659263312
0.9784045769789569	1.0157992644881175	0.9335577473361971
0.9841671378093466	0.9952891555062331	0.9485329396219541
0.98993849899315	0.9741974584260772	0.9633848389626405
0.9956806804299729	0.9526245465585971	0.9780221934818771
1.0013553359618899	0.9306839085649764	0.9923558920203924
1.0069240132770199	0.9085031835412614	1.0062992544122134
1.012348429356414	0.886225113504618	1.0197683294849278
1.017590759350847	0.8640083382155466	1.0326822046231479
1.0226139362400664	0.8420279286697632	1.0449633284943234
1.0273819581075683	0.8204755208994331	1.056537846492974
1.0318601993791323	0.7995588727467603	1.0673359466513364
1.0360157219439685	0.7795006276240554	1.0772922122184647
1.0398175817239974	0.7605360396841175	1.0863459758447842
1.0432371259991522	0.742909408180619	1.094441669338425
1.0462482766517853	0.7268690039594432	1.1015291622916723
1.0488277944752267	0.7126603690095161	1.1075640825138122
1.0509555198097749	0.7005180471424755	1.1125081111483943
1.0526145850282314	0.6906560606674167	1.1163292455893477
1.053791594790932	0.6832577564026044	1.1190020238256773
1.0544767705197262	0.6784659408105207	1.1205077046146126
1.0546640561875968	0.6763744165863913	1.1208343988764655
1.0543511832667471	0.6770220297757178	1.1199771488819643
1.0535396934987067	0.6803900879260275	1.117937953119027
1.052234919017763	0.6864035444619482	1.1147257361302467
1.0504459202436671	0.6949357727291995	1.110356264051223
1.0481853828300902	0.7058162286923129	1.1048520079985549
1.0454694757815395	0.7188399584532322	1.0982419588011707
1.0423176736052744	0.7337778088185567	1.090561397789586
1.0387525460219402	0.7503863246756171	1.0818516294089784
1.0347995192991917	0.7684165854173687	1.0721596822651607
1.0304866136827158	0.7876215474096624	1.0615379858159717
1.0258441616702703	0.8077617432979671	1.0500440302606984
1.0209045120048428	0.8286093997055716	1.037740017240695
1.0157017242563438	0.8499511631676951	1.0246925087359058
1.010271258726626	0.871589681638459	1.0109720810206784
1.004649666163332	0.8933442959799078	0.9966529897283452
0.9988742814211503	0.9150510728855984	0.9818128509704513
0.9929829247838795	0.9365623738025985	0.9665323420677063
0.9870136141776354	0.957746114351328	0.9508949237814407
0.9810042909855726	0.9784848316184536	0.9349865839935418
0.974992561637519	0.9986746452876827	0.9188956005807032
0.9690154566126199	1.018224173563743	0.9027123187842733
0.9631092079756509	1.037053445798396	0.8865289357237609
0.9573090460820779	1.0550928397189008	0.8704392818986332
0.9516490156440931	1.0722820611501216	0.854538586664935
0.9461618109578632	1.0885691771494486	0.8389232119085684
0.9408786297564253	1.1039097087318475	0.8236903356821436
0.9358290448755987	1.1182657862143501	0.8089375657252741
0.9310408927024162	1.1316053681743508	0.7947624619350206
0.9265401772150944	1.1439015237431356	0.781261947458534
0.9223509883173079	1.155131777195354	0.7685315906550478
0.9184954331129307	1.1652775133731512	0.7566647452112845
0.9149935787552178	1.1743234422825266	0.7457515435636027
0.9118634055307988	1.1822571211407016	0.7358777495930463
0.9091207688979691	1.1890685321853962	0.7271234900126632
0.9067793692848668	1.194749714647486	0.7195618991058247
0.9048507285607185	1.1992944494166207	0.7132577270276583
0.9033441722176726	1.2026979950826255	0.7082659757214341
0.9022668164375631	1.2049568742057168	0.7046306362799207
0.9016235593636749	1.2060687088512447	0.702383605039984
0.9014170760494666	1.2060321046162188	0.701543851190291
0.9016478167119674	1.204846582573474	0.7021168956666873
0.9023140080755583	1.202512558762882	0.704094640516545
0.9034116577507477	1.1990313710665208	0.7074555620792002
0.9049345617513632	1.1944053535145898	0.7121652536624743
0.9068743154112201	1.188637958280633	0.7181772776862615
0.9092203281167619	1.181733925837488	0.7254342668972361
0.9119598424239039	1.1736995039591702	0.7338692015394083
0.9150779582735853	1.1645427164687756	0.7434067851537982
0.9185576631588406	1.1542736828487354	0.753964845402345
0.9223798692236223	1.1429049900476478	0.7654556962873155
0.9265234583863419	1.1304521180366518	0.7777874120939664
0.9309653366749119	1.116933920885631	0.7908649789726325
0.9356804990299952	1.102373165338854	0.8045913052805573
0.9406421058739817	1.0867971290580285	0.8188680851692678
0.9458215727492865	1.0702382608437329	0.8335965205954962
0.951188674295481	1.052734905201639	0.8486779146671869
0.956711663755144	1.0343320935177849	0.8640141541364189
0.9623574090687622	1.0150824037361401	0.8795081012985814
0.9680915464357032	0.9950468896196039	0.8950639160503968
0.9738786519791156	0.974296079163836	0.9105873279126458
0.9796824318569821	0.9529110391431841	0.9259858759029558
0.985465930811029	0.9309844985601491	0.9411691316356658
0.9911917587436363	0.9086220171992165	0.9560489182274982
0.9968223344668795	0.8859431755617656	0.9705395347151543
1.0023201452864134	0.8630827479284641	0.984557992891631
1.0076480205781433	0.8401917996900514	0.9980242708369745
1.0127694170018489	0.8174386218908508	1.0108615850141909
1.0176487124897848	0.7950093789729489	1.0229966806550639
1.0222515056683321	0.7731082999179768	1.034360138291653
1.0265449169361873	0.7519571906151196	1.0448866927065747
1.0304978870533428	0.7317939927069679	1.0545155592840603
1.034081468809958	0.7128700739672115	1.0631907617468797
1.0372691071605258	0.6954459279211711	1.0708614545629827
1.0400369031409673	0.6797850139024344	1.0774822328990197
1.04236385694516	0.6661456136048648	1.0830134228822552
1.0442320857291136	0.6547708378044819	1.0874213450991748
1.0456270120363846	0.6458772809322384	1.0906785446951934
1.0465375191927042	0.6396432381912004	1.0927639821249466
1.0469560705906724	0.6361977627879384	1.093663179510059
1.0468787904607009	0.6356120102602429	1.0933683186575116
1.0463055044815048	0.6378941758911784	1.0918782880365527
1.0452397393972614	0.6429888526988543	1.0891986773608184
1.043688681651684	0.6507809224940216	1.0853417198259652
1.0416630958922986	0.6611033435767784	1.0803261834611675
1.0391772050123245	0.6737476337089342	1.074177214414938
1.0362485341547598	0.6884756035694921	1.066926136263536
1.0328977217790716	0.7050309836238252	1.0586102105595931
1.0291483014639144	0.7231499092144641	1.0492723647905404
1.025026458574174	0.7425696447400155	1.0389608946588298
1.0205607662461282	0.7630353170744	1.0277291481035173
1.0157819053365025	0.7843047209673314	1.0156351987370769
1.0107223730400374	0.8061514364468536	1.0027415163604627
1.0054161848122365	0.8283665756169573	0.9891146419362074
0.999898574049832	0.8507594832993085	0.9748248738403609
0.9942056936956675	0.8731576824114987	0.9599459713772286
0.9883743235642859	0.895406303826172	0.9445548804239001
0.9824415867485703	0.9173671865971392	0.9287314846703171
0.9764446779857904	0.9389177858916143	0.9125583842280065
0.9704206063529487	0.9599499860016422	0.8961207013868913
0.964405954144611	0.980368884872113	0.8795059109943081
0.958436653278178	1.0000915937172368	0.8628036903067583
0.9525477800861787	1.0190460790171119	0.8461057802276912
0.9467733689046212	1.0371700629676275	0.8295058466218836
0.9411462444598414	1.0544099909632862	0.8130993269571958
0.9356978727002994	1.070720069846584	0.7969832439981862
0.930458229418178	1.086061377639181	0.7812559648816283
0.9254556857603118	1.1004010436793725	0.7660168809744844
0.9207169095381589	1.113711497103019	0.7513659819192192
0.916266781110423	1.1259697811284144	0.7374032968209986
0.912128322525764	1.1371569304439293	0.7242281773571004
0.9083226385725074	1.1472574090221028	0.7119384024728472
0.9048688683821562	1.1562586058142972	0.7006290929737677
0.9017841462684505	1.164150385966016	0.6903914371596134
0.8990835705481733	1.1709246954053112	0.681311245578891
0.8967801791786454	1.1765752168793546	0.6734673731428
0.8948849311549214	1.1810970757389168	0.6669300683988955
0.8934066927327613	1.1844865939938674	0.6617593299462144
0.8923522276777217	1.1867410913837504	0.6580033653168721
0.8917261908829354	1.18785873242662	0.6556972546136127
0.8915311248459897	1.1878384186268	0.6548619169906725
0.8917674586465391	1.1866797252394417	0.6555034615337637
0.8924335092196345	1.184382882206783	0.6576129763093022
0.8935254848738807	1.1809487990988892	0.6611667737060913
0.8950374911575572	1.1763791341105927	0.6661270718181517
0.8969615393288604	1.170676407387416	0.6724430562741825
0.8992875578373978	1.1638441591772823	0.6800522396752329
0.9020034073716848	1.1558871535336896	0.6888820199391416
0.9050949001701151	1.146811628532033	0.6988513353184915
0.9085458244283541	1.1366255942070091	0.7098723213882542
0.9123379747618575	1.1253391796796832	0.7218518910342336
0.9164511897946848	1.1129650312221435	0.7346931788508487
0.92086339804123	1.0995187633102583	0.7482968129348198
0.9255506733214285	1.0850194650440965	0.762561997099804
0.9304873009974727	1.0694902646712703	0.7773874032599115
0.9356458563361616	1.0529589553245398	0.7926718863148127
0.9409972962802527	1.035458685463905	0.8083150422595655
0.9465110658498288	1.0170287178582433	0.8242176348923073
0.9521552202859966	0.9977152611847161	0.8402819181193648
0.9578965638906266	0.9775723783494339	0.8564118802469897
0.9637008063045647	0.9566629752515801	0.8725134345317631
0.9695327367017728	0.9350598726284322	0.8884945772453445
0.9753564160588137	0.9128469613791822	0.9042655310578029
0.9811353872907239	0.89012043770418	0.9197388879855551
0.9868329026308159	0.8669901075584747	0.9348297626995742
0.9924121671808667	0.8435807389859575	0.9494559637746728
0.9978365970796889	0.8200334241359124	0.9635381875478211
1.0030700902449299	0.7965068880260058	0.9770002366694348
1.0080773071499405	0.7731786460355197	0.9897692631801696
1.0128239586215284	0.7502458645855555	1.0017760340192818
1.0172770972033829	0.7279257186800818	1.0129552152576022
1.021405408242645	0.7064549682589741	1.0232456700374288
1.0251794965418684	0.6860884008815099	1.0325907641841263
1.0285721641928145	0.6670957287620465	1.0409386727232681
1.0315586750872463	0.6497565136914986	1.0482426800874975
1.034117001595185	0.6343527661429871	1.0544614666232395
1.0362280490209832	0.6211590713531598	1.0595593741019271
1.037875853695634	0.6104304661571954	1.0635066432923284
1.0390477509379354	0.6023888094854822	1.0662796172443278
1.0397345096104325	0.5972089623937152	1.0678609047484944
1.0399304305959534	0.5950065433633586	1.0682394994419744
1.0396334072093243	0.5958291401781906	1.0674108511959803
1.0388449463149747	0.599652496580308	1.0653768877039531
1.0375701497194831	0.606382376756228	1.0621459855487558
1.035817656221521	0.6158617693806316	1.0577328914160642
1.0335995455023	0.6278821604741447	1.0521585954921269
1.0309312058003797	0.6421970628252095	1.0454501603915174
1.0278311680100254	0.6585359415872454	1.0376405101612396
1.0243209094504238	0.6766170290673321	1.028768184962916
1.0204246310558627	0.6961580759566772	1.0188770679119716
1.0161690121215334	0.7168846424920262	1.0080160912251521
1.0115829469982653	0.7385359646632456	0.996238929275682
1.0066972682598536	0.7608686955933818	0.9836036863649621
1.0015444608718802	0.7836589383730151	0.9701725869826228
0.9961583717784724	0.8067029979457803	0.9560116760378702
0.9905739191052044	0.8298172316202935	0.9411905360010345
0.984826804867102	0.852837305426082	0.9257820270907726
0.9789532346875838	0.875617088843453	0.9098620555720197
0.972989647595511	0.8980273546888745	0.8935093738793453
0.9669724584919536	0.9199543982189059	0.8768054146291904
0.9609378153839474	0.9412986498722697	0.8598341586036959
0.9549213729862968	0.9619733276866431	0.8426820344420721
0.9489580838093749	0.9819031559279763	0.8254378450224845
0.9430820073938109	1.001023163579839	0.8081927123217415
0.9373261379322331	1.0192775681528405	0.7910400288815329
0.9317222501418011	1.0366187453138263	0.774075399905356
0.9263007629243579	1.0530062820162258	0.7573965555415472
0.9210906200767673	1.068406109370062	0.7411032082603587
0.9161191870931822	1.0827897108979225	0.725296825740501
0.9114121629327918	1.096133401733385	0.7100802858724262
0.9069935055084679	1.1084176745062466	0.6955573781240499
0.9028853695802309	1.1196266079847	0.6818321156018614
0.8991080557081512	1.129747334924756	0.669007825868105
0.8956799689272292	1.1387695659649084	0.6571859971826967
0.892617585846961	1.1466851667754852	0.6464648713548119
0.889935428945469	1.1534877860173498	0.6369377952506684
0.88764604691748	1.1591725319817279	0.6286913696014645
0.8857600000425446	1.1637356960743104	0.6218034640195464
0.8842858496606192	1.1671745215763376	0.6163411973423176
0.8832301509732347	1.1694870163679836	0.6123590074570077
0.8825974485268411	1.1706718085390222	0.6098969489013171
0.8823902738784253	1.1707280440424517	0.6089793548303782
0.8826091450902663	1.1696553257713194	0.6096139797589069
0.8832525678493354	1.1674536936598248	0.6117917017694875
0.8843170381563384	1.1641236456289608	0.6154868124938069
0.8857970466788259	1.1596661994160633	0.6206578680781956
0.887685085011331	1.1540829955486767	0.6272490236873297
0.8899716542322401	1.1473764419482138	0.635191735908922
0.8926452762908856	1.139549900880953	0.64440669668841
0.8956925088977143	1.130607919216721	0.6548058602117833
0.899097964723434	1.1205565032144655	0.666294437929291
0.9028443358372611	1.1094034393352894	0.6787727617586485
0.906912424426981	1.0971586628956227	0.6921379457000492
0.9112811809407518	1.0838346767259814	0.7062853064668756
0.9159277508686157	1.0694470224048218	0.7211095305091603
0.9208275314359345	1.0540148071035678	0.7365055958590567
0.9259542395067508	1.0375612896172806	0.7523694719116446
0.9312799919874807	1.0201145297699463	0.7685986289862697
0.9367753999756013	1.0017081060681896	0.785092393315732
0.9424096778096183	0.9823819072072647	0.801752183227076
0.9481507680417159	0.9621830037507847	0.8184816599100194
0.9539654831702519	0.9411666068997607	0.8351868223309663
0.9598196647339371	0.9193971215411898	0.8517760713151159
0.9656783600829786	0.896949300395495	0.8681602631248801
0.9715060168065199	0.8739095045442086	0.8842527683501731
0.9772666944141679	0.8503770721090019	0.8999695477854875
0.9829242924483933	0.8264657901667468	0.9152292532850506
0.9884427937527912	0.8023054533862296	0.9299533583796145
0.9937865211494543	0.7780434739614115	0.9440663206873151
0.9989204053003233	0.7538464780695845	0.9574957758203494
1.0038102610574826	0.7299017805847026	0.9701727605382797
1.0084230691626141	0.706418568387789	0.9820319612903707
1.0127272597538877	0.6836285409579551	0.9930119829932242
1.0166929937971736	0.6617856566761285	1.0030556318835255
1.0202924382947458	0.6411645246074634	1.0121102055535953
1.0235000309542577	0.6220568891470771	1.0201277828094237
1.0262927299366995	0.6047656238069086	1.0270655057797193
1.0286502443541674	0.5895957465381028	1.0328858467437079
1.030555241362151	0.5768422664849964	1.0375568524267689
1.0319935259876027	0.5667752186127764	1.041052359024967
1.0329541902492916	0.5596230037967047	1.0433521719457493
1.0334297286514298	0.5555559593559032	1.0444422051704707
1.0334161177511714	0.5546726396244265	1.044314576227196
1.032912858196645	0.5569912636137024	1.0429676539758492
1.0319229783823745	0.5624480261502721	1.0404060577141492
1.0304529996482525	0.570902627242906	1.0366406074703198
1.0285128637304628	0.5821499041666561	1.0316882267139804
1.026115823931122	0.5959353736905442	1.0255718000465008
1.0232783021828429	0.6119721227104207	1.0183199896849575
1.0200197148217283	0.629956803452032	1.009967015691731
1.0163622704281232	0.6495832220397229	1.0005524058914284
1.0123307435334374	0.6705528249087884	0.9901207222311796
1.0079522283132731	0.6925820492550661	0.9787212709585025
1.0032558765866018	0.7154069177211038	0.9664078043983306
0.9982726245178414	0.7387854402892987	0.9532382222984629
0.993034912377902	0.7624984056543893	0.9392742806758685
0.9875764015707229	0.786349073143334	0.9245813158326638
0.981931692885784	0.8101621702199499	0.9092279907174894
0.9761360496097717	0.8337824936361659	0.8932860700802524
0.9702251287387916	0.8570733206653683	0.8768302298939278
0.9642347230940368	0.8799147656029176	0.8599379052753633
0.9582005166762162	0.9022021649178422	0.842689179594176
0.9521578551143138	0.9238445387164457	0.8251667155659272
0.9461415325878546	0.9447631526649124	0.807455726817934
0.9401855961424284	0.9648901897497465	0.7896439856130598
0.9343231678872446	0.9841675324726635	0.7718218590291084
0.9285862851699785	1.0025456512333395	0.7540823618312307
0.9230057584748523	1.0199825923037302	0.736521209477782
0.9176110464890744	1.0364430579591601	0.7192368491590653
0.9124301475326649	1.0518975713585483	0.7023304405836821
0.9074895063476216	1.0663217192484995	0.6859057516747626
0.9028139350929996	1.0796954662520533	0.670068927953815
0.898426547290171	1.092002535245621	0.6549280890570535
0.8943487034036826	1.1032298490469294	0.6405927028490754
0.8905999667234624	1.1133670292940714	0.6271726886976917
0.8871980682289387	1.1224059489770946	0.6147772086881869
0.8841588791600805	1.1303403355893187	0.603513120926134
0.8814963900897295	1.1371654223027767	0.5934830941039303
0.879222695381293	1.142877644951566	0.5847834173716688
0.8773479820218403	1.1474743829391567	0.5775015822712828
0.8758805219390892	1.150953742481372	0.5717137592664164
0.8748266670387752	1.1533143808645578	0.5674823326216952
0.8741908463335188	1.1545553706460037	0.564853684673241
0.873975564673774	1.1546761029566368	0.5638564249106452
0.8741814027338438	1.1536762292891674	0.5645002350713684
0.8748070180502169	1.1515556413716936	0.5667754488292384
0.8758491470544645	1.148314488940079	0.5706534108090279
0.877302608187994	1.1439532354348378	0.5760875774871544
0.8791603063301587	1.1384727518619662	0.5830152473070874
0.8814132389139127	1.131874449275474	0.591359752350505
0.8840505042431331	1.1241604505651683	0.6010329169652652
0.8870593126618507	1.1153338024719934	0.6119375906968058
0.8904250013559172	1.1053987290105831	0.6239700884612157
0.8941310536901954	1.094360927763385	0.6370224113260633
0.898159124096307	1.0822279108330803	0.6509841670609987
0.9024890696242291	1.0690093926137703	0.6657441529341576
0.9070989893518913	1.0547177269825958	0.6811915989806059
0.9119652729063166	1.0393683970413936	0.6972170959258346
0.9170626593833133	1.0229805611739557	0.7137132481328908
0.9223643079557359	1.0055776599503714	0.7305750997758785
0.9278418814282352	0.9871880893254952	0.7477003839518842
0.9334656439249198	0.9678459466554624	0.7649896416894906
0.9392045737815203	0.9475918572890647	0.7823462525637354
0.945026492552348	0.9264738908417619	0.7996764122308694
0.9508982108325645	0.904548577634082	0.8168890855747795
0.9567856913372281	0.8818820369819776	0.8338959578760812
0.9626542293712492	0.8585512297178305	0.8506114007719427
0.9684686504715434	0.8346453469060001	0.8669524648833201
0.9741935246093836	0.8102673442313943	0.8828389068468643
0.9797933959142316	0.7855356254664826	0.8981932550407052
0.985233026429923	0.7605858664621529	0.9129409154499335
0.9904776519514809	0.7355729499170208	0.9270103167886945
0.9954932475299122	0.7106729461501521	0.9403330921000004
1.0002467997884028	0.6860850203634232	0.9528442925243266
1.0047065827829134	0.6620330658953313	0.9644826277130096
1.0088424337803503	0.6387667503839918	0.9751907264260423
1.0126260250349988	0.6165615174818403	0.9849154101723988
1.0160311274345235	0.5957169233272047	0.9936079723101918
1.0190338617743635	0.5765525403311159	1.0012244548153542
1.0216129334146478	0.5594006017590595	1.0077259149459814
1.02374984618437	0.5445946976646986	1.0130786742695836
1.0254290916264739	0.5324542901509768	1.0172545429752133
1.0266383100233	0.523265668148885	1.020231013050208
1.0273684200979494	0.5172611285716339	1.0219914147460734
1.0276137148423052	0.5145993281112401	1.022525031767431
1.0273719215608346	0.5153503686864918	1.021827171764493
1.02664422492114	0.5194887677794212	1.0198991899601844
1.0254352525447423	0.5268959262415094	1.0167484650610406
1.0237530234300967	0.5373715300218239	1.0123883279468129
1.0216088602487416	0.5506513712306101	1.006837944966976
1.0190172672697484	0.5664280765689408	1.0001221589534477
1.0159957763239165	0.5843713827885538	0.9922712922509526
1.0125647637968065	0.6041455626214035	0.9833209171366863
1.0087472421218397	0.6254228264271265	0.9733115999219689
1.0045686296188558	0.6478925602676315	0.9622886257790649
1.0000565027818784	0.6712669140984716	0.9503017119014354
0.9952403352597954	0.6952835358808097	0.937404716976622
0.9901512277969956	0.7197062697337283	0.9236553551240022
0.9848216333142304	0.744324520760546	0.9091149224247723
0.9792850811231664	0.7689518265833034	0.8938480439498382
0.9735759039943335	0.7934240181723345	0.8779224487727014
0.96772897145291	0.8175972229901494	0.8614087798337595
0.9617794322764115	0.8413458667948244	0.8443804446858233
0.955762468730165	0.8645607631891	0.8269135120708239
0.9497130646168115	0.8871473358134893	0.8090866579094032
0.9436657887510637	0.9090239905877086	0.790981162560027
0.9376545950144175	0.9301206393126182	0.7726809590269286
0.9317126397088201	0.9503773672814192	0.7542727290411798
0.925872116523562	0.9697432335156876	0.7358460404519022
0.9201641090634979	0.988175190957235	0.7174935149688593
0.9146184605648151	1.0056371141933866	0.6993110098135285
0.9092636601501427	1.022098923311044	0.6813977901155467
0.9041267447493989	1.0375357938085321	0.6638566608799444
0.8992332156359752	1.0519274438837303	0.6467940181787282
0.8946069683980352	1.065257491725748	0.6303197693375231
0.8902702350789552	1.0775128766027762	0.6145470622281065
0.886243537175607	1.088683338541566	0.5995917559380357
0.8825456481740943	1.098760952239148	0.5855715614639565
0.8791935643251024	1.1077397115511256	0.5726047848495334
0.8762024824107815	1.1156151614846024	0.5608086200414594
0.8735857833274394	1.1223840751091365	0.5502969681079769
0.8713550203992483	1.1280441732063389	0.5411778052968341
0.869519911443734	1.1325938848255053	0.5335501834844429
0.8680883337267797	1.136032147213696	0.5275010168954798
0.8670663210702955	1.1383582438558115	0.5231018770763721
0.8664580625072862	1.1395716796030608	0.520406068185444
0.8662659020148207	1.1396720920936243	0.5194462701948535
0.8664903389939826	1.1386591988830936	0.5202330068632668
0.867130029305997	1.1365327799083245	0.5227541169114481
0.8681817868146162	1.1332926951100861	0.5269752923327368
0.8696405855256688	1.1289389372399912	0.53284161979566
0.8714995625548135	1.1234717200784652	0.5402799465537618
0.8737500222931317	1.1168916024959359	0.5492018137953014
0.8763814422763684	1.109199649003025	0.5595066695998151
0.8793814813961502	1.1003976276621725	0.5710850892261354
0.8827359912187447	1.090488246480113	0.5838217806193406
0.8864290312969557	1.0794754296768119	0.5975982212496128
0.8904428894710524	1.0673646355444728	0.6122948428497792
0.8947581082523028	1.0541632179855631	0.62779274179425
0.8993535184642912	1.0398808342717911	0.6439749387518519
0.9042062813790327	1.0245299021215015	0.6607272406251845
0.9092919406226344	1.0081261098811953	0.677938772609295
0.914584485134837	0.9906889844532438	0.6955022519152233
0.9200564244435159	0.9722425226759833	0.7133140710020249
0.9256788774551925	0.952815893175577	0.731274250239358
0.931421675861736	0.9324442173095041	0.7492863101846071
0.937253483118639	0.9111694397342419	0.7672571037060131
0.9431419297592516	0.8890413013496279	0.7850966389527395
0.9490537655709227	0.8661184298351928	0.8027179161144389
0.9549550288737154	0.8424695655266562	0.8200367941574338
0.9608112328121751	0.8181749426246981	0.836971898216514
0.9665875681997584	0.7933278470116387	0.8534445739122244
0.9722491220501175	0.7680363711005899	0.8693788913732413
0.9777611104978697	0.7424253811949557	0.8847016989954323
0.9830891243643767	0.7166387006509106	0.8993427248087428
0.9881993851738949	0.6908414878830665	0.9132347216244748
0.9930590089865848	0.6652227448890338	0.9263136508030398
0.9976362750027551	0.6399978199292764	0.9385188984469622
1.0019008955237594	0.6154106557446787	0.9497935170396361
1.005824283545393	0.5917353713053215	0.9600844849886583
1.0093798140250803	0.569276546923205	0.9693429761779059
1.0125430747187003	0.5483673264856318	0.9775246314778392
1.0152921024380765	0.5293642147770333	0.9845898242062608
1.0176076006446364	0.5126373552553984	0.9905039117707085
1.0194731344729484	0.4985553184536566	0.995237466156083
1.0208752995701675	0.4874642310801802	0.9987664765407788
1.0218038615395082	0.4796625310454806	1.001072518120557
1.0222518632783961	0.47537451223459487	1.0021428821747298
1.0222156980916899	0.47472742606470775	1.001970663501522
1.02169514711928	0.4777372635588185	1.0005548025506215
1.0206933803249678	0.48430681559018357	0.997900080858412
1.0192169210263937	0.4942365344323759	0.9940170697094681
1.017275574679471	0.5072454055365218	0.9889220332691165
1.0148823233410587	0.5229969545520942	0.9826367887189685
1.0120531878968073	0.5411253338935516	0.9751885271448605
1.0088070607364468	0.5612577638509216	0.9666096000427804
1.005165512068192	0.5830314968616781	0.9569372772959333
1.0011525734735938	0.6061051056933812	0.946213483314327
0.9967945026045394	0.6301648966280622	0.9344845187022601
0.9921195331105355	0.6549276403308482	0.9218007753210339
0.9871576139567206	0.6801407982945888	0.9082164529418706
0.9819401422557025	0.70558121240697	0.8937892858400248
0.9764996935973296	0.7310529651832989	0.8785802876713084
0.9708697536315092	0.756384884305528	0.8626535228026212
0.965084454353891	0.7814279841965607	0.846075911942561
0.959178318178284	0.8060530101903686	0.8289170794335301
0.9531860124692411	0.8301481676788168	0.81124924890885
0.9471421167697062	0.8536170675858646	0.7931471931558316
0.9410809045075647	0.876376890303505	0.7746882429029093
0.9350361405157427	0.8983567549888755	0.7559523577785738
0.9290408952658422	0.9194962744008223	0.7370222607436225
0.9231273763058524	0.9397442736391556	0.7179836346986079
0.9173267770168815	0.9590576519638088	0.6989253764810499
0.9116691424683382	0.9774003689340351	0.6799398987997639
0.9061832518599024	0.9947425386196371	0.6611234644654459
0.9008965167942079	1.011059618159227	0.6425765292081138
0.8958348944269241	1.0263316792563062	0.6244040591110372
0.8910228143899246	1.0405427532220102	0.6067157760920653
0.8864831182762603	1.0536802418751043	0.5896262701422654
0.8822370104096593	1.0657343880135333	0.5732549010485004
0.8783040185923768	1.0766978003132766	0.5577253969490499
0.8747019635293853	1.0865650284304567	0.543165045560352
0.8714469356596898	1.095332184822161	0.5297033711753151
0.8685532781826787	1.1029966103968778	0.5174702029757984
0.8660335751447708	1.1095565815885617	0.5065930748074785
0.8638986435453417	1.115011056845491	0.49719395884643053
0.862157528527518	1.119359460857622	0.48938542636794397
0.8608175008360056	1.1226015051309808	0.48326644054547413
0.8598840558480189	1.1247370437679864	0.47891810041404453
0.8593609136126028	1.1257659635383477	0.47639974360964343
0.8592500194664864	1.1256881075338265	0.47574584682945
0.8595515449297494	1.124503231897223	0.4769641139587823
0.8602638887210968	1.1222109953055437	0.4800350095156247
0.8613836778695764	1.1188109810725866	0.48491280266903386
0.8629057690364661	1.1143027519199058	0.49152797885487076
0.8648232502972182	1.10868593764986	0.49979070201298176
0.8671274437679297	1.1019603561433449	0.5095949083831723
0.8698079095930263	1.0941261683018382	0.5208225959125675
0.8728524519394509	1.0851840677638616	0.5333479298689253
0.8762471277661086	1.0751355064571155	0.5470408873858394
0.8799762592538364	1.0639829573096147	0.5617702799989341
0.8840224508882617	1.0517302157492088	0.577406098742097
0.888366612282913	1.0383827419889224	0.593821206819531
0.8929879879095527	1.0239480465484312	0.6108924562641259
0.897864194963367	1.008436122029527	0.6285013303807044
0.9029712706283896	0.9918599248827319	0.6465342195644137
0.9082837300192862	0.9742359118196037	0.6648824312408341
0.9137746360551401	0.9555846366967395	0.6834420211087452
0.9194156824651745	0.9359314151890128	0.7021135168622565
0.9251772910315909	0.9153070664558423	0.7208015898237639
0.9310287240378866	0.8937487433643944	0.7394147158750417
0.9369382127096262	0.8713008657414653	0.7578648553070376
0.9428731022077006	0.8480161746311204	0.7760671717684906
0.948800013461546	0.823956929627627	0.7939398031508177
0.9546850218136016	0.7991962758991884	0.8114036916594456
0.960493852089966	0.773819812150044	0.8283824761310651
0.9661920893215213	0.7479273947005332	0.8448024465365327
0.9717454039223965	0.721635214589119	0.8605925582895263
0.977119789698474	0.695078181410818	0.8756845022491064
0.9822818126194072	0.6684126348822014	0.8900128250021417
0.9871988678568884	0.6418193753352357	0.9035150930272149
0.9918394421845106	0.6155069458607563	0.9161320936004813
0.9961733784660997	0.5897149949270102	0.9278080647599612
1.0001721386457372	0.5647173775417828	0.9384909462727743
1.0038090614090311	0.5408243935004515	0.9481326433391469
1.007059610525507	0.5183832033984406	0.9566892947161896
1.0099016098180185	0.49777503718948424	0.9641215370563475
1.012315460745658	0.47940743170830397	0.9703947575344132
1.0142843387371545	0.46369965345325365	0.9754793272854181
1.015794364673157	0.45106006931207937	0.9793508087924186
1.0168347482851174	0.4418559035068295	0.9819901311417414
1.0173979007075142	0.4363785768222469	0.9833837279913239
1.017479513977026	0.4348108596058435	0.9835236341569915
1.0170786059004369	0.4372037255800422	0.9824075378876524
1.0161975293932144	0.4434694520969479	0.9800387871444265
1.0148419461006744	0.45339307160281694	0.976426349488033
1.0130207648301006	0.46665875006611524	0.9715847264785731
1.0107460460212745	0.48288388199569104	0.9655338247670412
1.008032874141746	0.5016531859154206	0.9582987872749985
1.0048992004907478	0.5225472631124153	0.9499097889871913
1.0013656594139224	0.545163183546383	0.9404018028957948
0.9974553613553309	0.5691271939176658	0.9298143425143208
0.9931936664935481	0.5941010313475857	0.9181911881106266
0.9886079429189815	0.6197837212136531	0.9055801043853153
0.98372731340891	0.645910549911198	0.8920325577442126
0.9785823948480463	0.6722504936482475	0.8776034415875293
0.9732050342327602	0.6986029671289611	0.8623508181741438
0.9676280449967382	0.7247944207281077	0.8463356856302008
0.9618849471176181	0.7506750782785591	0.8296217785698135
0.9560097141226613	0.7761159552318844	0.8122754105911318
0.9500365297224499	0.801006206026721	0.7943653666047495
0.9439995563806493	0.8252507994579549	0.7759628525305147
0.9379327176904975	0.8487684962138893	0.7571415093293732
0.9318694959890232	0.8714900930038673	0.737977497554107
0.92584274621093	0.8933568961171436	0.7185496574987406
0.9198845265764464	0.9143193897634286	0.6989397484346798
0.9140259463301159	0.9343360687914228	0.6792327680992252
0.9082970304073373	0.9533724100719935	0.6595173502090937
0.9027266006070694	0.9713999613091411	0.639886232852691
0.8973421725953907	0.9883955300103378	0.6204367835898276
0.8921698678564322	1.004340458714507	0.6012715572641806
0.8872343395442416	1.0192199753510998	0.5824988491681898
0.8825587110695379	1.0330226098464677	0.5642331886415737
0.8781645261764399	1.045739669880879	0.5465956961559203
0.8740717092226398	1.0573647701103122	0.529714201009582
0.870298534368284	1.067893410274085	0.5137229890525776
0.8668616023998797	1.0773225984763786	0.4987620249502111
0.8637758239617696	1.0856505166099757	0.48497547925576623
0.8610544080349345	1.0928762254279767	0.472509398496124
0.8587088545875343	1.0989994071989582	0.4615084005758894
0.856748950419977	1.1040201442307174	0.4521113709517735
0.8551827673365473	1.1079387318388678	0.44444628228463656
0.8540166618930822	1.1107555245854885	0.43862445022653623
0.8532552760936034	1.1124708148321625	0.43473473600407814
0.8529015385364966	1.1130847428500055	0.432838356164738
0.8529566656413891	1.1125972379134186	0.4329649982732473
0.8534201627201798	1.1110079899789256	0.4351108259159451
0.8542898247889578	1.1083164517190904	0.43923869186634085
0.8555617371510194	1.1045218708467899	0.44528052567979604
0.8572302759144415	1.0996233528293216	0.45314151881207704
0.8592881087398225	1.0936199542574614	0.4627054901192904
0.8617261962443725	1.0865108073044176	0.47384072869075405
0.8645337946163986	1.0782952758878952	0.4864056741254734
0.8676984601183436	1.068973144340599	0.5002539580118913
0.8712060562752532	1.0585448396083514	0.5152385308930986
0.8750407646570132	1.0470116882413385	0.531214783243004
0.8791851002645946	1.0343762097377263	0.5480427067237091
0.8836199326200714	1.020642448159602	0.5655882254690441
0.8883245137341954	1.0058163443953194	0.5837238634857845
0.8932765141803569	0.9899061520241778	0.6023289170116268
0.898452068535947	0.9729229004934327	0.6212892835758659
0.9038258314575363	0.9548809103009319	0.6404970734644957
0.9093710456309095	0.9357983661611866	0.6598501015343651
0.9150596227769072	0.9156979558082554	0.679251331908064
0.9208622387957124	0.8946075842653722	0.6986083267879025
0.926748443992828	0.8725611762199221	0.7178327338202087
0.932686789147166	0.8495995827334062	0.7368398337413521
0.9386449679546377	0.8257716130502124	0.755548160756732
0.9445899761094594	0.8011352178959075	0.7738792014984555
0.9504882869721258	0.7757588574678403	0.7917571738002058
0.9563060434212607	0.7497230952624282	0.8091088833602647
0.9620092651019561	0.7231224675806841	0.8258636542022277
0.9675640698734997	0.6960676870059119	0.8419533273669609
0.9729369078341124	0.6686882441896596	0.8573123212512411
0.9780948058711724	0.6411354716758505	0.871877746294275
0.9830056202654126	0.6135861184718172	0.8855895662037114
0.9876382944813514	0.5862464411751076	0.8983907975496693
0.9919631189187791	0.5593567247007001	0.9102277393085713
0.9959519890969398	0.533195969850923	0.9210502237979888
0.9995786585087624	0.5080861820254055	0.9308118804110259
1.002818982230538	0.4843952202052054	0.9394704036428956
1.0056511473142398	0.46253650454965967	0.9469878171145311
1.008055886033438	0.4429631252360338	0.9533307256491611
1.0100166682047689	0.4261533552730587	0.958470547955474
1.0115198690658882	0.4125848763099665	0.9623837231181407
1.0125549095545576	0.4026970227549225	0.9650518848900831
1.0131143662942637	0.3968445042695806	0.9664619987115007
1.0131940491374651	0.3952514265059806	0.9666064574322218
1.0127930447324682	0.397978057509252	0.9654831328646716
1.0119137252449375	0.4049112167117606	0.9630953815175346
1.010561722058797	0.41578170795827435	0.9594520041245236
1.0087458649809502	0.43020272144429117	0.9545671598557529
1.0064780881568216	0.4477171896732105	0.9484602373479007
1.0037733045469397	0.46784229763760776	0.9411556858820865
1.0006492513982561	0.4901038796963823	0.9326828111465746
0.9971263096500552	0.5140586710099861	0.923075541021328
0.9932273006290866	0.5393059228072682	0.912372167695103
0.9889772637020228	0.5654913096744614	0.9006150731622405
0.9844032187598484	0.5923060293391067	0.8878504457416716
0.9795339175071271	0.6194833391149405	0.8741279957182769
0.9743995875221982	0.6467940228373119	0.8595006785369039
0.9690316729490335	0.6740416711070335	0.8440244341978484
0.963462575487546	0.7010582357346566	0.8277579516296557
0.9577253990791318	0.7277000581027433	0.8107624668729716
0.9518537013521893	0.7538444236840967	0.7931016039196682
0.9458812545135182	0.7793866197032977	0.7748412670316206
0.9398418179610597	0.8042374401071535	0.7560495933214509
0.9337689244664421	0.8283210723911256	0.7367969743043491
0.9276956813459765	0.851573302865118	0.717156154991208
0.9216545876186709	0.8739399840824662	0.6972024188142204
0.9156773677499821	0.89537571689126	0.6770138661234593
0.9097948222093168	0.9158427081493651	0.6566717929487527
0.9040366947341923	0.9353097728029829	0.636261174847369
0.8984315558992714	0.953751455509795	0.6158712574523103
0.8930067023369347	0.9711472522949299	0.5955962500799219
0.8877880707487907	0.9874809169792359	0.5755361104626063
0.8828001656840708	1.002739840472052	0.5557973960575068
0.8780659999397687	1.0169144936350647	0.536494138891854
0.8736070463560012	1.029997926445568	0.5177486748872118
0.8694431997351603	1.0419853177417944	0.4996923237320656
0.8655927476013624	1.0528735710239225	0.48246577149977155
0.8620723485334079	1.062660952696245	0.46621895782595757
0.8588970168461114	1.071346769836002	0.451110219795177
0.8560801124573416	1.0789310851155325	0.4373044101219269
0.8536333348579799	1.085414466927825	0.42496971083402274
0.8515667201957087	1.0907977731027663	0.4142729356230639
0.8498886405882365	1.0950819668766207	0.40537328343714585
0.848605804894597	1.0982679640083504	0.39841478414792764
0.8477232602924502	1.1003565101366588	0.39351803548593917
0.8472443941329776	1.1013480876507746	0.39077218399360164
0.8471709356717777	1.1012428515127721	0.39022832018076065
0.8475029574028343	1.1000405936245128	0.3918954103697039
0.848238875852533	1.0977407354812554	0.39573952216074765
0.8493754518209657	1.0943423489991893	0.4016864939621939
0.850907790187946	1.0898442055472177	0.4096275423054357
0.852829339530659	1.0842448533561662	0.4194268094459481
0.855131891928018	1.0775427236233197	0.43092966306701896
0.8578055834528427	1.06973626577965	0.44397067194239154
0.8608388959758825	1.0608241125456392	0.4583804920775158
0.8642186610241336	1.0508052755752206	0.47399126845353623
0.8679300665482558	1.0396793726850324	0.49064047875010847
0.8719566675580359	1.0274468878999383	0.5081733642466421
0.8762804016784822	1.0141094658328853	0.526444205693809
0.8808816107592242	0.9996702422802902	0.5453167321040616
0.8857390697334442	0.9841342133845641	0.564663929384759
0.890830023965882	0.9675086463338499	0.5843674703475286
0.896130236348871	0.9498035353899807	0.6043169361186721
0.9016140453969872	0.9310321081299383	0.624408951508328
0.9072544355508804	0.9112113882461405	0.6445463177902859
0.9130231208255534	0.8903628231961613	0.664637196408397
0.9188906428246582	0.8685129875761072	0.6845943754163929
0.9248264839875402	0.8456943765077969	0.7043346353877974
0.9307991967383368	0.8219463078200016	0.7237782214646797
0.9367765489657233	0.7973159576613832	0.7428484217292814
0.9427256859788886	0.7718595617473886	0.7614712480596997
0.948613308762503	0.7456438240765861	0.7795752132357934
0.9544058679950456	0.7187475869697983	0.7970911967014506
0.960069772907229	0.6912638308062128	0.8139523906587739
0.9655716136485047	0.6633020884590857	0.8300943178020639
0.9708783954099187	0.6349913766386904	0.8454549118275164
0.9759577821327523	0.6064837602928438	0.8599746517805961
0.9807783472278153	0.5779586686309518	0.8735967412766538
0.9853098283542431	0.5496280559179608	0.8862673236325884
0.9895233829742011	0.5217424168859895	0.8979357239791518
0.9933918411257107	0.4945974739756389	0.9085547094980401
0.9968899516539389	0.4685409718591376	0.9180807590643411
0.9999946180240851	0.4439783396663644	0.9264743337942606
1.002685119816573	0.4213749250203877	0.9337001403202938
1.004943316084766	0.4012511187147022	0.9397273790572784
1.00675382694027	0.3841654208265355	0.944529970294174
1.008104190020765	0.3706805015552673	0.9480867516526934
1.0089849888852593	0.361310399317965	0.9503816412926372
1.0093899508629072	0.35645443931917287	0.9514037622059066
1.0093160124409182	0.3563333707799592	0.9511475240104544
1.0087633508980962	0.36094910505015393	0.9496126598101268
1.0077353815537784	0.3700841650768934	0.9468042168996983
1.0062387206859187	0.38334110280157524	0.942732501336471
1.0042831148544733	0.4002061007128359	0.9374129776391328
1.0018813380246485	0.42011533195131684	0.9308661260795682
0.9990490584978861	0.4425083046654581	0.9231172611748882
0.9958046782075579	0.46686233778356806	0.9141963160392429
0.9921691474050855	0.4927098851997611	0.9041375981974875
0.9881657581382555	0.5196436329045359	0.8929795232814616
0.9838199201982805	0.5473143550737114	0.8807643337174835
0.9791589233817068	0.575425259146226	0.8675378100714892
0.9742116899775637	0.6037251552954168	0.8533489831546329
0.9690085213533657	0.6320017155871362	0.8382498553231227
0.9635808423831297	0.6600754018085204	0.8222951396544569
0.9579609472471073	0.6877942517792665	0.8055420258766466
0.9521817498490001	0.7150295170496276	0.7880499821002777
0.9462765417562051	0.741672059378599	0.7698806015905398
0.9402787601870359	0.7676293869526057	0.7510975040522523
0.9342217681606071	0.7928232133451231	0.7317663012155807
0.9281386485045751	0.8171874360957526	0.7119546369237042
0.9220620129962376	0.8406664490621402	0.6917323124369376
0.9160238275052448	0.8632137194412608	0.6711715082494087
0.9100552536212577	0.8847905749957342	0.6503471142793572
0.9041865068951824	0.905365159143727	0.6293371806728119
0.8984467315040782	0.9249115212910793	0.6082235013503208
0.8928638908714711	0.9434088174180927	0.5870923413229756
0.8874646735389652	0.9608406018447473	0.5660353159022534
0.8822744133922793	0.9771941956298282	0.545150423992601
0.8773170231945053	0.9924601205073726	0.5245432268633303
0.8726149402697632	1.0066315898720553	0.5043281455839373
0.868189083108694	1.0197040502892065	0.4846298213007834
0.8640588176302761	1.0316747684797605	0.46558443873903754
0.8602419318285326	1.0425424598356159	0.4473408508910599
0.8567546175539718	1.052306955350025	0.43006125999256106
0.8536114582242739	1.0609689044718669	0.41392111044356567
0.8508254213230172	1.0685295118666418	0.3991077485956394
0.8484078546256787	1.0749903064319606	0.3858173361457912
0.8463684851855815	1.0803529412020898	0.3742495253642744
0.8447154202160755	1.0846190230078923	0.364599589997703
0.8434551491166322	1.087789970952029	0.3570481193658682
0.8425925460077311	1.0898669029269488	0.3517490233489331
0.8421308722606976	1.0908505495533907	0.3488173323700403
0.8420717786328292	1.090741195055929	0.3483188331708448
0.8424153067440942	1.0895386447234368	0.3502636292561662
0.843159889758735	1.08724221872872	0.35460507142130054
0.8443023522625467	1.0838507722046975	0.3612443101759038
0.8458379094539199	1.0793627415954627	0.37003942712845733
0.847760165893458	1.0737762174205092	0.3808172155665642
0.8500611141823827	1.0670890437106455	0.39338547505559796
0.8527311340634263	1.0592989444966914	0.40754408645248313
0.8557589925583887	1.0504036778604946	0.42309384194115357
0.8591318458728602	1.0404012181966986	0.43984270546967524
0.8628352439091805	1.0292899674909963	0.4576096841821862
0.8668531383316238	1.0170689966066664	0.4762267575077427
0.871167895220717	1.0037383178014307	0.49553938454799734
0.8757603134339011	0.9892991899919975	0.5154060677071394
0.8806096498543047	0.9737544586728529	0.5356973565116914
0.8856936527548908	0.9571089329178504	0.5562945727270102
0.8909886045280845	0.9393698026003602	0.5770884476571242
0.8964693750273612	0.9205470999304465	0.5979777922785945
0.9021094867335387	0.9006542107195352	0.61886827037448
0.9078811928909738	0.8797084425694855	0.639671310708145
0.9137555696544443	0.8577316596104096	0.6603031724214348
0.9197026231433872	0.8347509967011568	0.6806841645959842
0.9256914121146851	0.8107996704509879	0.7007380134049452
0.9316901867374687	0.7859179104055645	0.7203913664160444
0.9376665436840534	0.7601540417658417	0.7395734219466046
0.9435875974421163	0.7335657617131811	0.7582156709664696
0.94942016740843	0.7062216655832437	0.7762517392914869
0.955130979949433	0.6782030976678792	0.7936173183399788
0.9606868842162257	0.6496064252238004	0.8102501733250956
0.9660550800907032	0.6205458638786788	0.8260902183155184
0.9712033562265435	0.591157017457595	0.8410796480674776
0.9761003357465055	0.5616013318552929	0.8551631169035876
0.9807157267796932	0.5320716911325338	0.8682879552026082
0.9850205746835945	0.5027993815427733	0.8804044142960173
0.9889875125104268	0.4740625673480777	0.8914659307751294
0.992591006059426	0.4461961677378337	0.9014294014309194
0.9958075897189048	0.4196024340788951	0.9102554603106735
0.9986160892546272	0.39476035878976745	0.9179087497100401
1.000997827752104	0.3722300493291843	0.9243581773496624
1.0029368110742618	0.3526454069761706	0.9295771525294444
1.0044198894530871	0.3366858798933347	0.9335437947203649
1.0054368921909156	0.3250186344990093	0.9362411088457798
1.0059807328962618	0.3182106884599294	0.9376571224158557
1.0060474832088344	0.31662806339690486	0.9377849806975759
1.0056364135633382	0.3203572277794418	0.9366229972094546
1.0047500001835954	0.32918478264929557	0.9341746580006545
1.003393898166806	0.3426457323360309	0.930448579380244
1.0015768811908436	0.3601165268995395	0.9254584199738582
0.9993107490332485	0.3809139608826874	0.9192227491712386
0.9966102047079948	0.4043713094823054	0.9117648751599782
0.9934927035857252	0.42988292073425693	0.9031126367921877
0.989978277348393	0.4569223841514381	0.8932981644805517
0.9860893360267938	0.48504385470662065	0.8823576161532334
0.9818504516698477	0.5138748565339103	0.8703308950052026
0.977288127392471	0.5431059907646271	0.8572613563667252
0.9724305556433239	0.5724804627041693	0.8431955114759674
0.9673073695273651	0.601784716160269	0.828182736308314
0.9619493909175839	0.6308405708433249	0.8122749939046273
0.956388378904722	0.6594988351184523	0.7955265788866267
0.9506567818752232	0.6876342000962876	0.7779938930894306
0.9447874961894154	0.7151411811704558	0.7597352615253001
0.9388136340683942	0.7419308880395411	0.7408107982705946
0.9327683029038853	0.7679284382371792	0.7212823323960413
0.9266843977946732	0.7930708659224992	0.7012134047971528
0.9205944086991644	0.8173054106232613	0.6806693477834964
0.9145302431883141	0.8405880978393299	0.659717460601204
0.9085230653965211	0.8628825449450924	0.6384272957202779
0.9026031514087058	0.8841589424419322	0.6168710727034858
0.8967997609959545	0.9043931732355137	0.5951242386950409
0.8911410253244462	0.9235660421125436	0.573266196793764
0.885653850015641	0.9416625946946172	0.5513812253353758
0.8803638327310389	0.9586715104327383	0.529559611528888
0.8752951942920093	0.9745845581254429	0.5078990204498287
0.8704707222228014	0.9893961053403708	0.4865061125529312
0.8659117255205899	1.0031026752543006	0.4654984055925675
0.86163799940729	1.0157025459966367	0.445006344030344
0.8576677988004069	1.0271953887338037	0.42517548207565276
0.8540178192507447	1.0375819415777525	0.4061685946368955
0.8507031841296011	1.0468637170237869	0.388167392784938
0.8477374369034355	1.0550427410832235	0.3713733320300046
0.8451325374064325	1.0621213226208837	0.3560067768353234
0.8428988611077849	1.0681018516705367	0.3423035771187608
0.8410452004678651	1.0729866257078604	0.33050803905097265
0.8395787675834214	1.0767777030286227	0.3208615182867772
0.8385051974343392	1.0794767825225087	0.31358662634586465
0.8378285511616094	1.0810851092592482	0.308868376048454
0.8375513189265801	1.081603405419568	0.3068352003910252
0.8376744220242468	1.081031826213026	0.3075439249319195
0.8381972140473806	1.0793699405299035	0.310972589216931
0.8391174810230645	1.0766167361768206	0.31702316473018444
0.8404314405681702	1.0727706496457092	0.3255333843630593
0.8421337402349656	1.0678296204638151	0.33629445036322275
0.8442174553418343	1.0617911702686662	0.34907041771579034
0.84667408670646	1.0546525068473027	0.3636156736675026
0.8494935588189725	1.0464106534749378	0.37968844196602797
0.8526642191094094	1.037062603987344	0.39705976843755625
0.8561728390762349	1.0266055041283066	0.4155184824357241
0.8600046181488104	1.0150368598352089	0.4348730928075043
0.8641431912548354	1.0023547732727356	0.45495162475853984
0.8685706411513336	0.9885582076114786	0.4756002388429996
0.8732675166521694	0.9736472817958132	0.49668124584125345
0.8782128579432749	0.9576235968825867	0.5180709221086216
0.8833842302153093	0.9404905959987233	0.539657368495816
0.8887577668589169	0.9222539606159169	0.561338543945761
0.8943082234563992	0.9029220467481659	0.5830205331521577
0.9000090437618143	0.8825063659437165	0.604616064904272
0.9058324387858603	0.8610221177043829	0.6260432741915661
0.9117494799893903	0.8384887824100764	0.6472246895656644
0.9177302074375828	0.8149307872123726	0.6680864227272664
0.9237437535740702	0.790378262042412	0.6885575366568446
0.9297584830403024	0.7648679093438938	0.7085695699009611
0.9357421486907854	0.7384440200649119	0.7280561967246071
0.9416620636421329	0.7111596807490415	0.7469530051122205
0.9474852888469629	0.6830782335188879	0.7651973767203303
0.9531788353086845	0.6542750740348957	0.7827284547074618
0.9587098796577497	0.6248399043242635	0.7994871868490836
0.9640459914036933	0.5948796003422198	0.8154164324997751
0.9691553697715676	0.5645219109450167	0.830461122832957
0.9740070876387726	0.5339202771305324	0.8445684644247212
0.9785713397226595	0.5032601450003875	0.8576881767108019
0.9828196918448092	0.4727672278005409	0.8697727541919584
0.9867253278287467	0.4427182072996567	0.8807777445464614
0.9902632903876275	0.41345424459394053	0.8906620340773042
0.9934107122388948	0.3853971610390483	0.8993881322178059
0.9961470336542108	0.3590668039666019	0.9069224471772007
0.9984542027219101	0.33509522928171376	0.9132355452542299
1.0003168547696362	0.31422825864266746	0.9183023869006299
1.0017224676664649	0.297298393521567	0.9221025332880406
1.0026614900926014	0.28514987838576067	0.924620317923489
1.0031274403223474	0.2785079122591131	0.9258449787645596
1.0031169736003471	0.27781852525440415	0.9257707472925242
1.0026299167866062	0.28312707841007356	0.9243968920908554
1.0016692695840088	0.2940646375396332	0.9217277156232137
1.0002411723226872	0.3099508155509619	0.9177725040811516
0.998354840937143	0.3299524400872462	0.9125454313475638
0.9960224704130753	0.3532246362609618	0.9060654192673719
0.9932591085808349	0.37899805358820016	0.8983559575036238
0.9900825026727753	0.40661474300230854	0.8894448872603693
0.9865129215265704	0.43553117190609214	0.8793641540532208
0.9825729566934769	0.46530569024998086	0.8681495354908261
0.9782873059907725	0.49558128245543137	0.8558403506890093
0.9736825432167833	0.5260688810205743	0.8424791584757255
0.9687868778244949	0.5565331941526149	0.828111451969253
0.9636299083290053	0.5867813852428914	0.8127853574430994
0.9582423731119261	0.6166542978854698	0.7965513456565956
0.9526559020917472	0.6460197416800928	0.7794619640670071
0.946902772465174	0.6747673681113963	0.7615715985930419
0.9410156714037334	0.7028047431649308	0.7429362739265839
0.9350274682268132	0.7300543095913011	0.7236135018552349
0.9289709981809211	0.7564510073176596	0.7036621877400069
0.9228788595492183	0.7819403807514278	0.6831426062802038
0.9167832254080297	0.8064770475700237	0.6621164590947383
0.9107156709495416	0.830023437646435	0.6406470285736947
0.904707016911988	0.852548735732566	0.6187994450356198
0.8987871893082923	0.8740279797119361	0.5966410875990631
0.8929850953273725	0.8944412794401396	0.5742421434610006
0.8873285150034229	0.9137731307667831	0.551676355534557
0.8818440080099343	0.9320118062701652	0.5290219945623753
0.8765568347379573	0.9491488092593136	0.5063630985290318
0.8714908906617671	0.9651783812318456	0.4837910285155725
0.8666686528782037	0.9800970556008548	0.46140639408054324
0.8621111376261312	0.9939032523959987	0.4393213989345537
0.8578378675467353	1.0065969100043815	0.417662642011839
0.8538668474303658	1.018179150992644	0.3965743678179407
0.8502145472077074	1.0286519797506275	0.3762220734565761
0.846895890978576	1.0380180101979037	0.35679621911289316
0.8439242509270225	1.0462802221552217	0.33851551795250506
0.8413114450433098	1.0534417452459532	0.3216288702827596
0.8390677376586249	1.0595056693885152	0.30641446781562726
0.8372018418943679	1.0644748810919002	0.2931740543036484
0.8357209232320514	1.0683519248884572	0.2822201271938547
0.8346306035203754	1.0711388893420672	0.27385458238614396
0.8339349648510346	1.0728373171631054	0.2683395307182781
0.8336365528531566	1.0734481390488821	0.2658646832497055
0.8337363790767015	1.0729716309523032	0.26651931855727556
0.8342339222570314	1.071407394563689	0.270277729527277
0.8351271283754265	1.0687543608713441	0.27700339589400436
0.8364124095531231	1.0650108167454073	0.2864703432813931
0.838084641939028	1.0601744545661245	0.2983943112822739
0.8401371628730332	1.054242444991543	0.3124647060868617
0.8425617677273923	1.047211533030355	0.32837071501011483
0.845348706947039	1.0390781576536778	0.3458188879387636
0.8484866839252075	1.029838595246318	0.36454262655574
0.851962854461979	1.019489127266237	0.384305548149972
0.8557628286589599	1.0080262325554656	0.4049009292536682
0.8598706762012941	0.9954468048339984	0.4261490276851794
0.8642689360664356	0.9817483960217803	0.4478935143012609
0.8689386317750171	0.9669294861889274	0.46999775448751513
0.8738592933597334	0.9509897811541718	0.49234133062400803
0.8790089872703369	0.9339305390685285	0.5148169778434472
0.8843643554530607	0.9157549277804501	0.5373279808351976
0.8899006648375622	0.8964684154426191	0.5597860154872288
0.8955918684301857	0.8760791977753237	0.5821093909151845
0.9014106791456085	0.8545986667668048	0.6042216387068017
0.9073286574066218	0.8320419275339921	0.6260503972717945
0.9133163134014154	0.8084283728217536	0.6475265445239682
0.9193432247074395	0.783782328515868	0.6685835387976516
0.9253781697700035	0.7581337890550696	0.689156934460632
0.9313892774626132	0.7315192694259913	0.7091840444928459
