1.0	1.0	0.9999999999999999
1.005593375267741	0.9737206443089481	1.0128504061189458
1.0111169933749382	0.9469243955325164	1.0254533166868087
1.0165222289628448	0.9197585612882918	1.0376955733389723
1.021760827463168	0.8923902302916371	1.049467468387243
1.0267853073721034	0.8650079188700721	1.0606632794652406
1.0315493750475766	0.8378230388419252	1.0711817955212668
1.0360083470415666	0.8110710023695932	1.0809268360939395
1.0401195742315534	0.7850116967170019	1.0898077629099105
1.043842861375663	0.7599289614787313	1.0977399802690297
1.0471408752222815	0.7361285933916201	1.1046454185270396
1.0499795339906042	0.7139343141423679	1.1104529933162612
1.0523283709321782	0.6936811092518222	1.1150990320026928
1.0541608648054852	0.6757054461266757	1.1185276582831776
1.0554547304571136	0.6603321800374145	1.1206911257779482
1.056192163304107	0.6478585069140281	1.1215500919515662
1.0563600323410762	0.6385360924609809	1.1210738246602932
1.0559500173293914	0.6325533395564877	1.1192403350202713
1.054958687030001	0.6300203590144643	1.1160364320473388
1.0533875166726887	0.630959252118879	1.1114576965523144
1.0512428442622033	0.6353016076004565	1.105508373992603
1.0485357667507047	0.6428937768688796	1.0982011882850387
1.0452819785001572	0.6535089458802589	1.0895570808789696
1.0415015557633822	0.6668638072884708	1.0796048815806891
1.0372186920791793	0.6826371205711277	1.0683809196276988
1.0324613904636628	0.7004876681832654	1.0559285852644453
1.0272611190547989	0.7200698290194295	1.0422978535167007
1.0216524374093696	0.7410458547404486	1.0275447829639328
1.0156726009520842	0.763094679452319	1.0117310030502482
1.0093611511377691	0.7859175911411777	0.9949232038539014
1.0027594987224409	0.8092413398643546	0.9771926422666705
0.9959105071697182	0.8328193147434779	0.9586146782415285
0.9888580826746639	0.856431365921091	0.9392683541793783
0.9816467766019871	0.8798827418168873	0.9192360296715372
0.9743214053465238	0.9030024971468362	0.8986030827139344
0.966926691768573	0.9256416246263424	0.8774576871643728
0.9595069314711558	0.9476710811108653	0.8558906746011161
0.9521056863038365	0.9689798176463904	0.8339954867963191
0.9447655066274563	0.9894728795867311	0.8118682226265711
0.9375276830800916	1.0090696136466264	0.7896077802246136
0.9304320278654975	1.0277019997472379	0.7673160912711809
0.9235166849545228	1.045313113678418	0.7450984391838613
0.9168179680555886	1.0618557195974745	0.7230638461391294
0.9103702247756815	1.0772909875144512	0.7013255048485458
0.9042057250576796	1.091587329010484	0.6800012192654082
0.8983545717391371	1.1047193437187461	0.6592138034852624
0.8928446309251554	1.1166668690622952	0.6390913698917795
0.8877014797951409	1.1274141260739063	0.6197674166057386
0.8829483694603119	1.1369489546287388	0.6013806021733791
0.8786062005456052	1.1452621319913983	0.5840740755769629
0.874693509275796	1.15234676915509	0.5679942177803984
0.8712264619914871	1.1581977800032175	0.5532886554013239
0.8682188561970641	1.1628114188417387	0.5401034378876391
0.8656821264417605	1.1661848823320282	0.5285793366227093
0.863625353549796	1.1683159723017549	0.5188473330429708
0.8620552759404844	1.1692028163296178	0.5110235082330609
0.8609763020098545	1.1688436433931872	0.5052037081451102
0.860390522778316	1.167236612241115	0.5014584994894186
0.8602977242419476	1.164379690504386	0.49982900465317226
0.8606953990965215	1.1602705828978845	0.5003241691226553
0.8615787577324227	1.1549067071845682	0.5029198573185649
0.8629407386246637	1.1482852168809743	0.5075599174105297
0.8647720184646568	1.1404030699760614	0.5141590634757023
0.8670610225987746	1.1312571432176852	0.5226071697300688
0.8697939365519975	1.1208443917964106	0.5327744170603561
0.8729547196216769	1.1091620545313785	0.5445167010020692
0.876525121724373	1.0962079049480284	0.5576807874040929
0.8804847048648987	1.0819805489482481	0.572108846019016
0.8848108707670717	1.066479770132902	0.5876421559197981
0.8894788963554372	1.0497069242773223	0.6041239227716021
0.8944619789005661	1.0316653850280137	0.6214012563206577
0.8997312927309004	1.0123610436470276	0.6393264224279009
0.9052560594643906	0.9918028666662335	0.657757513280926
0.9110036337157913	0.970003516746188	0.676558682212556
0.9169396061829552	0.9469800440253496	0.6956000761997077
0.9230279259006009	0.9227546580151534	0.7147575779844096
0.9292310432664722	0.897355593943473	0.7339124466002096
0.9355100751875078	0.8708180927778425	0.7529509232877099
0.941824993359432	0.843185521517303	0.7717638509663935
0.9481348362812785	0.8145106704627642	0.7902463400786011
0.9543979451189276	0.7848572780377253	0.8082975015747917
0.9605722229743097	0.7543018526074141	0.8258202586073647
0.9666154164988288	0.7229358862318921	0.8427212415961305
0.9724854181240312	0.6908685892439972	0.8589107662019556
0.9781405864868329	0.658230318774912	0.8743028899551499
0.9835400819217256	0.625176929733355	0.888815540485213
0.9886442132025619	0.5918953410418321	0.902370706232153
0.9934147910684905	0.5586106728818897	0.9148946790076615
0.9978154834906146	0.5255953436123297	0.926318336699558
1.0018121671562603	0.4931804502481303	0.9365774537040752
1.0053732692933974	0.4617694506009601	0.9456130262893003
1.0084700937527922	0.4318533452569011	0.9533716000217612
1.0110771252294268	0.40402477665427955	0.9598055866204381
1.013172305651076	0.3789851880560864	0.9648735581354326
1.0147372770969012	0.357534340456371	0.9685405071769395
1.0157575861305619	0.34052691357597004	0.9707780630320042
1.016222845130028	0.3287824365432576	0.9715646548806018
1.016126847050881	0.32295125532363106	0.9708856149267885
1.0154676310443913	0.32337196731664664	0.9687332160524775
1.014247497432182	0.3299828264983292	0.9651066405288433
1.0124729716770684	0.34233571874699614	0.9600118783241958
1.0101547181425659	0.3597050576229885	0.9534615555639736
1.0073074055589488	0.3812346278434144	0.9454746956640738
1.0039495271701395	0.40606354973861664	0.936076417511521
1.0001031794854736	0.4334044864105351	0.9252975767515972
0.9957938043714787	0.4625772248738657	0.9131743577124294
0.9910498998661618	0.4930130256934985	0.8997478247237051
0.9859027055651794	0.5242443612767063	0.8850634425467621
0.9803858687074852	0.5558895829710869	0.8691705763257445
0.9745350971779578	0.5876374615186472	0.8521219819069078
0.9683878055545532	0.6192336351827962	0.8339732975851535
0.9619827600730008	0.6504694865017333	0.8147825483692753
0.9553597279840086	0.6811733045816312	0.7946096737723527
0.9485591362613846	0.7112033635827879	0.7735160900101359
0.9416217440120271	0.7404425196874506	0.7515642974253607
0.934588332268782	0.768793976319164	0.7288175440691048
0.9274994141425853	0.796177934721043	0.7053395568094464
0.9203949675972093	0.822528911362291	0.6811943522904881
0.9133141924116087	0.8477935575192913	0.6564461417762687
0.9062952922311761	0.8719288587435116	0.6311593467140785
0.8993752819961744	0.8949006241404704	0.6053987461967499
0.8925898204852533	0.9166821994065233	0.5792297840402012
0.885973067232346	0.9372533552783577	0.5527190728522932
0.8795575626708768	0.9565993160085602	0.5259351466089367
0.8733741300313439	0.9747099019169247	0.49894953386058116
0.8674517972654842	0.991578766913856	0.4718382536705387
0.8618177370886874	1.0072027168453586	0.4446838799269779
0.8564972231168204	1.0215810980836257	0.4175783826415244
0.8515136000176536	1.0347152483619593	0.3906270449422901
0.846888265593583	1.04660800370565	0.3639538802794458
0.8426406627539201	1.0572632566452749	0.33770914108121586
0.8387882794144584	1.0666855618644029	0.31207970592947776
0.8353466544723968	1.0748797861385553	0.2873032913949307
0.8323293881396855	1.0818507999450824	0.2636873461905293
0.829748155071851	1.0876032085211058	0.2416325990439959
0.827612718897443	1.0921411204590872	0.22165833957843453
0.8259309469314275	1.095467952185137	0.20441959579753968
0.8247088240407923	1.0975862668829461	0.19069406132946531
0.8239504648198479	1.0984976466186662	0.18130451642439652
0.8236581234242367	1.0982025965965851	0.17695340756541317
0.8238322006052441	1.0967004806357905	0.17800897953357067
0.8244712476787172	1.09398948710511	0.18436502355979262
0.8255719673551711	1.0900666246864001	0.1954813919319855
0.8271292115491599	1.0849277474522068	0.21057277180093897
0.8291359764764042	1.0785676088391578	0.22881361229133831
0.8315833955361154	1.0709799441688514	0.24946702367661597
0.8344607306629092	1.062157581408493	0.27193100525429353
0.8377553630167285	1.0520925798688527	0.29573504421465885
0.8414527840590419	1.0407763965021068	0.3205174413846231
0.8455365882373336	1.0282000793816453	0.3459998676109004
0.8499884686651231	1.014354487815336	0.3719654862486511
0.854788217338247	0.9992305383591293	0.39824199132980476
0.8599137315660439	0.9828194757563031	0.42468905254983935
0.8653410284137664	0.9651131675275735	0.4511892067825926
0.8710442690446817	0.9461044205788857	0.4776412947825439
0.876995794911057	0.9257873177794714	0.503955732984844
0.8831661777661203	0.9041575719977145	0.5300510995027293
0.8895242854475488	0.8812128945748662	0.5558516643076169
0.8960373653104337	0.8569533746787595	0.5812856043012167
0.9026711470576906	0.8313818654277977	0.6062837222259297
0.9093899665229785	0.8045043721313594	0.6307785426828868
0.9161569117009534	0.7763304374841636	0.6547036959633712
0.9229339919893548	0.7468735181148748	0.6779935261252674
0.9296823312063954	0.716151346569489	0.7005828773994156
0.9363623844772255	0.6841862726695435	0.7224070250948963
0.9429341785498851	0.6510055783100198	0.743401725397667
0.9493575745126651	0.6166417602802071	0.7635033639939994
0.9555925512531561	0.5811327768077087	0.7826491871058064
0.9615995073402216	0.5445222555939794	0.8007776008634147
0.9673395783427996	0.5068596647792947	0.8178285263643621
0.9727749659460163	0.46820045482204425	0.8337437985672222
0.9778692746101018	0.4286061913638823	0.8484675975663962
0.9825878509669972	0.3881447226893946	0.8619469009553982
0.9868981206895243	0.34689047443509335	0.8741319460441939
0.9907699172236596	0.3049250749794454	0.8849766907552268
0.994175796568392	0.2623387902534166	0.8944392621653344
0.9970913322383438	0.2192340157724928	0.902482381950387
0.9994953846649844	0.17573456979197874	0.9090737584720553
1.0013703395893478	0.13201447810441877	0.9141864359506257
1.0027023104717927	0.08841382851506842	0.9177990921068381
1.0034813005836765	0.046207869700644895	0.9198962768258577
1.0037013212350323	0.02080816467151255	0.9204685857794151
1.0033604635073174	0.052210762518690945	0.9195127645059553
1.0024609218703677	0.09483788023372737	0.917031740150032
1.0010089691323079	0.13850184293281104	0.9130345798491966
0.9990148832616226	0.18221514570643274	0.907536376571684
0.9964928276919482	0.22567902233010972	0.9005580649916193
0.9934606877335954	0.26873016640453	0.8921261716821896
0.9899398666354671	0.3112486223290411	0.8822725054580269
0.9859550456359164	0.3531337586146831	0.8710337950609865
0.9815339129865603	0.39429629864188787	0.8584512825244008
0.9767068674118413	0.434655283123989	0.8445702814483544
0.9715067017699411	0.47413681585452716	0.829439710065574
0.9659682728061029	0.5126735179527085	0.8131116093820461
0.9601281628437449	0.5502042708931298	0.7956406568617787
0.9540243390548395	0.5866740676325317	0.7770836861299553
0.9476958156072833	0.6220338888307239	0.7574992230473537
0.9411823235259694	0.6562405649932972	0.7369470483321091
0.9345239925511816	0.6892566066504309	0.7154877967618543
0.9277610486591479	0.7210499957357672	0.6931826029919633
0.9209335302513547	0.7515939373711816	0.6700928043165459
0.9140810253462961	0.7808665746743169	0.6462797114644241
0.9072424314422726	0.8088506711352268	0.6218044600150511
0.9004557390820593	0.835533266146891	0.5967279575936231
0.893757839555729	0.8609053097453812	0.5711109461750549
0.8871843566389274	0.8849612827092788	0.5450142053622193
0.8807695017890789	0.907698808005135	0.5184989325830901
0.8745459518165739	0.929118259228465	0.49162735161687
0.8685447477140172	0.9492223712375195	0.4644636246440581
0.8627952130635056	0.9680158576551079	0.4370751798608389
0.857324890246914	0.9855050393572587	0.40953462436559185
0.8521594925528402	1.001697487504174	0.3819225033364097
0.8473228702005088	1.0166016841203134	0.35433131271589424
0.8428369882792528	1.030226702713031	0.32687140858543895
0.8387219146253639	1.0425819109449828	0.29967983754352157
0.8349958157194609	1.0536766969528892	0.272933718866624
0.8316749587805475	1.0635202205391763	0.24687072696170562
0.8287737183516419	1.0721211901559335	0.22182042314623418
0.8263045858108556	1.0794876663526172	0.19825104940403124
0.8242781803963811	1.085626892168326	0.1768341887253246
0.8227032605000775	1.0905451508132034	0.1585159248602664
0.8215867341589945	1.0942476508975003	0.1445405299266232
0.8209336678547199	1.0967384394261053	0.1362986320112496
0.8207472929150211	1.098020342775778	0.13487751606603204
0.8210290089995026	1.0980949359061967	0.14049966907917552
0.8217783843400718	1.0969625401188257	0.152387761190315
0.8229931525973264	1.0946222497641855	0.16921396456623136
0.8246692063852173	1.0910719884033608	0.1896459413443679
0.8268005877082499	1.086308595049328	0.21261590598301694
0.8293794757477903	1.0803279412445228	0.23735034849830433
0.8323961726262599	1.0731250798709537	0.26330856579096995
0.8358390879694085	1.0646944267378242	0.29011275259378416
0.8396947232762276	1.0550299761511865	0.3174939739092482
0.8439476572917622	1.0441255518460637	0.3452551336157496
0.8485805337577005	1.0319750948636064	0.3732466038749962
0.8535740530861541	1.0185729902002725	0.40135031289196044
0.8589069696596358	1.0039144343669857	0.42946928313226956
0.8645560966002953	0.987995846409488	0.45752066001404373
0.8704963199685412	0.9708153255078084	0.48543099386445987
0.8767006244391206	0.952373159065557	0.5131329991330557
0.8831401325547968	0.9326723863206675	0.5405633015624399
0.8897841596667027	0.9117194241013181	0.5676608614792691
0.8966002866288925	0.8895247636143936	0.5943658718491575
0.9035544522152553	0.866103750369921	0.6206189992398828
0.9106110670630161	0.8414774639084245	0.6463608800841826
0.9177331507127375	0.8156737204665281	0.6715318131268166
0.9248824930057343	0.7887282308787213	0.6960716074581367
0.9320198407138004	0.7606859589903976	0.7199195576311525
0.9391051098134251	0.7316027442397525	0.7430145252463584
0.9460976232806537	0.7015472781026045	0.7652951114719633
0.9529563736802992	0.6706035609263057	0.7866999081528238
0.9596403091652299	0.6388740175850378	0.8071678170474283
0.9661086408027925	0.606483522895433	0.8266384277246696
0.9723211684249434	0.5735846871853166	0.8450524450356307
0.9782386214789317	0.5403648839516421	0.8623521570580871
0.9838230106620409	0.5070556629171211	0.8784819341512838
0.9890379854848534	0.4739453570487679	0.8933887493813389
0.9938491923515785	0.44139577261052815	0.9070227101863196
0.9982246273018128	0.4098636107648261	0.9193375908302884
1.002134977252175	0.3799261624397859	0.9302913550186948
1.0055539434316547	0.3523077677313719	0.9398466580710886
1.0084585407389082	0.3278969103785264	0.9479713183150794
1.0108293669742918	0.3077326832576636	0.9546387479072875
1.012650836317275	0.2929280236768871	0.9598283341170019
1.013911372025692	0.28450261029900514	0.9635257632251811
1.0146035541126897	0.2831458028690941	0.9657232805787169
1.014724218687382	0.28901008967579084	0.9664198819664385
1.0142745066954528	0.3016633122022409	0.9656214333053241
1.0132598609292758	0.32023289960176415	0.9633407175885489
1.011689971352192	0.343643725793056	0.9595974100899096
1.009578669954539	0.3708236124758353	0.9544179848766866
1.0069437774863725	0.4008199793268812	0.947835557690145
1.0038069054521712	0.43283879126827624	0.9398896721485029
1.0001932176697013	0.4662391067803161	0.9306260379573993
0.9961311564583476	0.5005100402055679	0.9200962313336631
0.9916521391093367	0.5352447653602634	0.9083573691273585
0.9867902306876898	0.5701175567326333	0.8954717691448084
0.9815817994187627	0.6048654283721244	0.8815066099238679
0.9760651609247996	0.639274109221138	0.8665336036940239
0.9702802174108528	0.6731675433476402	0.8506286964764843
0.9642680975732163	0.7064000714413019	0.8338718092525259
0.9580708025407939	0.7388505865059748	0.8163466338549898
0.9517308625878498	0.7704181205450648	0.7981404967045178
0.9452910087043452	0.8010184621025492	0.7793443026762612
0.9387938624069766	0.8305815161888285	0.7600525701556378
0.9322816464482093	0.8590492009192995	0.7403635665671467
0.9257959183580114	0.8863737350435211	0.7203795510881503
0.9193773280562241	0.9125162132607072	0.7002071275144163
0.9130654001215175	0.9374453965270114	0.6799577047913646
0.9068983407104206	0.9611366660127733	0.6597480548413246
0.900912868597619	0.9835711045375408	0.6397009460810433
0.8951440693632634	1.0047346800310974	0.6199458153528042
0.8896252713874288	1.0246175131373143	0.6006194197765247
0.8843879420259905	1.0432132164113883	0.5818663824326143
0.8794616021332404	1.0605182963094937	0.5638395118090443
0.8748737569597168	1.0765316117949524	0.5466997363550302
0.8706498413826441	1.091253885216822	0.530615457100494
0.8668131774137551	1.1046872623918995	0.5157610924843397
0.8633849419673264	1.1168349197100669	0.5023145852216521
0.8603841429522104	1.12770071670818	0.4904536811120654
0.8578276018678955	1.1372888930077925	0.48035089491914473
0.855729941229294	1.1456038088500848	0.4721672615395874
0.8541035753118088	1.1526497287324988	0.4660452230749338
0.8529587028919967	1.1584306478872914	0.462101281892544
0.8523033008555387	1.162950161564331	0.460419278663469
0.8521431177498583	1.1662113773034937	0.4610452385724027
0.8524816665711789	1.1682168706154452	0.46398459793554964
0.8533202162934247	1.1689686847391936	0.4692022744989304
0.8546577818681553	1.1684683754138414	0.4766255609013057
0.856491112650148	1.1667171018923674	0.4861493441563344
0.8588146794320421	1.163715765738022	0.497642822984454
0.861620660503379	1.159465199280154	0.5109567842889208
0.8648989273839561	1.1539664059676114	0.5259305991614687
0.8686370311177879	1.147220855246992	0.5423983332228755
0.8728201902505268	1.1392308350144065	0.5601936427022861
0.8774312818475861	1.129999865149597	0.5791533725000475
0.8824508371388837	1.1195331761493286	0.5991199472349478
0.8878570435945736	1.107838257444601	0.6199427449272882
0.8936257554383943	1.0949254806277147	0.6414786791321125
0.8997305147843688	1.0808088035461028	0.6635922095587757
0.9061425857301723	1.0655065620551343	0.6861549726527658
0.912831003847293	1.049042357171563	0.7090451864446666
0.9197626435640093	1.0314460464303452	0.7321469469598438
0.9269023059316671	1.0127548493915972	0.7553495010854453
0.9342128291871071	0.993014578396428	0.7785465545860658
0.9416552243643498	0.9722810066742338	0.8016356538815148
0.9491888379578639	0.9506213864706375	0.82451766541067
0.9567715432908801	0.9281161294926206	0.8470963658190069
0.9643599617909228	0.9048606598238844	0.8692781487720798
0.9719097148201167	0.88096744422289	0.8909718490170606
0.9793757060531625	0.8565681943378259	0.9120886806838098
0.9867124336494305	0.8318162168358335	0.9325422842112292
0.9938743306409313	0.8068888564802773	0.9522488743331239
1.0008161310743695	0.7819899281467391	0.9711274800130567
1.0074932585278844	0.7573519598774465	0.9891002659268527
1.013862232701721	0.7332379636581747	1.0060929239724048
1.019881088891429	0.7099423100731171	1.0220351223082795
1.0255098043301065	0.6877901127396229	1.0368609985901132
1.0307107246719223	0.6671343523783628	1.0505096834150742
1.0354489833214588	0.6483498432384609	1.062925839540938
1.039692905928322	0.6318231611311276	1.0740602022636605
1.0434143921948542	0.6179379405968031	1.0838701064592686
1.0465892672100852	0.6070556280661784	1.0923199862576933
1.0491975948391223	0.5994928695708466	1.0993818341398585
1.0512239462668493	0.5954980267726251	1.1050356074401648
1.0526576176086202	0.5952304049983913	1.109269571780491
1.0534927915369299	0.5987460587017407	1.1120805728249177
1.0537286390982188	0.6059931200950713	1.1134742298730373
1.053369359264166	0.6168176097574912	1.1134650471324876
1.052424155224973	0.6309783413801937	1.1120764409425616
1.050907147930811	0.6481677389603728	1.1093406836640554
1.0488372288623384	0.6680347332419394	1.1052987673040873
1.0462378554037757	0.6902063874027524	1.1000001921060945
1.0431367934488485	0.7143060557931415	1.093502687206409
1.0395658129451135	0.7399671404279964	1.0858718719505298
1.0355603429396736	0.7668424940221253	1.0771808674973282
1.0311590933048012	0.7946100953482711	1.0675098688560234
1.0264036506836653	0.8229758427560261	1.0569456874534628
1.0213380563047536	0.851674296833363	1.0455812736902987
1.0160083731809075	0.8804680712866225	1.0335152277045236
1.010462249857602	0.9091464046557058	1.0208513047287213
1.0047484873356007	0.9375232899295809	1.007697919033054
0.9989166151018884	0.9654354131011109	0.9941676475427148
0.9930164813995479	0.9927400582857915	0.9803767308889502
0.9870978619928624	1.019313072117282	0.9664445660167452
0.9812100907780307	1.0450469373627191	0.9524931806989941
0.9754017146892421	1.0698489788938401	0.9386466766272532
0.9697201744866963	1.0936397092399004	0.925030624469062
0.9642115122143655	1.116351312148214	0.911771391790991
0.9589201054016678	1.1379262582230791	0.8989953835168084
0.9538884274694162	1.1583160450121603	0.8868281751554385
0.9491568332950274	1.1774800537018626	0.8753935219423514
0.9447633684980323	1.1953845151477769	0.8648122327721619
0.9407436007226194	1.212001578871834	0.8552009066547002
0.9371304710133679	1.2273084796609572	0.8466705413640112
0.9339541632944903	1.2412867973765274	0.8393250384484926
0.9312419899606886	1.2539218064740552	0.8332596447141487
0.9290182916568462	1.2652019125224143	0.8285593859505926
0.9273043494516225	1.2751181737072383	0.8252975618225751
0.9261183077845871	1.2836639059184176	0.8235343790948467
0.9254751067768909	1.2908343705741072	0.8233158015622104
0.9253864227325013	1.2966265448389318	0.8246726878812123
0.9258606159134781	1.301038974364001	0.827620272851803
0.9269026849435004	1.304071709118185	0.8321580249491063
0.9285142274757213	1.30572632329611	0.8382698857754806
0.9306934070524642	1.3060060206753847	0.8459248691826408
0.9334349263848948	1.3049158271454866	0.8550779728523551
0.9367300075907506	1.3024628724293514	0.8656713362722638
0.9405663802473686	1.2986567632460733	0.877635568264963
0.9449282784446509	1.2935100502917172	0.8908911650376582
0.949796448355524	1.2870387914089245	0.9053499452718405
0.955148168174929	1.279263213126995	0.9209164402358792
0.9609572826047181	1.27020847231988	0.937489191964328
0.9671942543702992	1.2599055189671455	0.9549619288984037
0.9738262355315985	1.2483920598028315	0.9732246040840946
0.9808171615792904	1.2357136208537276	0.9921642947017121
0.9881278714680597	1.2219247043095487	1.0116659725750918
0.9957162568112558	1.2070900315806987	1.0316131631214998
1.0035374434240596	1.1912858594591875	1.0518885150801116
1.0115440082343778	1.174601349594129	1.0723743056602488
1.0196862342629722	1.1571399625254355	1.0929529059526144
1.0279124058914175	1.1390208357115115	1.1135072300355455
1.036169145977987	1.1203800897318144	1.1339211886297524
1.0444017955440787	1.1013719876061119	1.1540801647847583
1.052554835742216	1.0821698486714093	1.1738715252179401
1.060572350645754	1.0629665909899653	1.193185176803409
1.068398528095478	1.0439747461659408	1.2119141734992178
1.0759781944358071	1.0254257607340116	1.2299553748444239
1.0832573775204337	1.0075683743480124	1.2472101531648212
1.0901838909208672	0.9906658552203489	1.263585142895787
1.0967079308960446	0.9749918890691571	1.2789930220542587
1.1027826764462658	0.9608249726069372	1.2933533129570791
1.1083648817507308	0.9484412687628688	1.3065931868734104
1.1134154495421982	0.9381060446298631	1.3186482554911785
1.1178999735642412	0.9300640278410648	1.32946333093565
1.1217892382330998	0.924529256757646	1.3389931356480471
1.1250596640174073	0.9216752176117242	1.3472029437347919
1.1276936878647845	0.9216261968774706	1.3540691364248372
1.129680069231744	0.9244507724904637	1.3595796559815116
1.1310141138765568	0.9301581929078692	1.3637343447294197
1.1316978094953507	0.9386980640879691	1.3665451586659447
1.1317398694421559	0.9499633455667712	1.3680362482914632
1.1311556830810345	0.9637962424048003	1.3682439026509958
1.129967173670748	0.9799962618625128	1.3672163559585486
1.1282025669746056	0.9983295405579042	1.3650134593975867
1.1258960759192593	1.0185385491781263	1.3617062235905921
1.123087508505666	1.0403514142215342	1.3573762396624023
1.1198218077289281	1.0634903033469656	1.3521149886730282
1.1161485334373047	1.0876785455223645	1.3460230503938155
1.1121212968235457	1.112646356682028	1.339209222921756
1.1077971585872135	1.1381351933667374	1.3317895644977211
1.1032360017510956	1.1639008557070403	1.3238863681950737
1.098499889695295	1.189715513414605	1.3156270790056381
1.0936524192429795	1.2153688456381901	1.307143161444888
1.0887580776581738	1.2406684796936842	1.2985689243372958
1.0838816112716085	1.265439894970707	1.2900403081575371
1.0790874122105105	1.2895259341645864	1.2816936394294502
1.0744389284445957	1.3127860391439934	1.2736643564400545
1.0699981011384316	1.3350953059026969	1.2660857110850434
1.065824832174528	1.356343433358266	1.2590874531279341
1.0619764837240098	1.3764336245414752	1.2527945055315055
1.058507410920806	1.3952814857589388	1.247325642690004
1.0554685280551925	1.412813959172518	1.2427921871028336
1.052906908244559	1.4289683164234281	1.2392967439045703
1.0508654162534818	1.4436912349608575	1.2369319962182712
1.0493823740029922	1.4569379742001287	1.2357795869909771
1.0484912583058517	1.468671665190969	1.2359091142808736
1.0482204304639993	1.478862724845415	1.2373772664737954
1.0485928975395515	1.4874884037352685	1.240227121374227
1.0496261053388452	1.4945324748396454	1.244487628550493
1.051331763411948	1.4999850692516796	1.2501732879972263
1.0537157026559676	1.5038426636039441	1.2572840306482347
1.0567777664137312	1.5061082227163787	1.2658052982572923
1.0605117362791348	1.5067914995789637	1.2757083124774344
1.0649052941589043	1.5059094931169286	1.2869505163907418
1.06994002249986	1.5034870620977332	1.2994761669006465
1.0755914449703419	1.4995576908565122	1.3132170536926562
1.081829110277493	1.494164399046899	1.3280933200147904
1.0886167221934346	1.4873607831484559	1.3440143621721035
1.0959123192276305	1.479212171736164	1.3608797879911927
1.10366850768429	1.4697968692769894	1.3785804190593363
1.1118327520369102	1.4592074541921425	1.3969993266785452
1.120347726584444	1.4475520858598387	1.416012896605032
1.129151732168417	1.4349557619484288	1.4354919222459617
1.1381791812718622	1.4215614519245623	1.4553027296429886
1.1473611540394573	1.4075310149983167	1.4753083399983964
1.1566260266158448	1.3930457917963581	1.495369676536163
1.1659001716754074	1.3783067399856102	1.5153468220980255
1.175108729114219	1.3635339670830096	1.5351003321178733
1.1841764426227865	1.3489655020870077	1.5544926046465493
1.1930285553157385	1.3348551459184077	1.5733893051309458
1.201591754851395	1.321469254671736	1.5916608389557885
1.209795155648611	1.3090823456483571	1.6091838596401924
1.2175713030434656	1.2979714797481248	1.6258427953735382
1.2248571816845828	1.288409468167301	1.6415313716137867
1.2315952083112356	1.2806570745718124	1.6561541030859728
1.2377341874567798	1.2749545265701938	1.6696277250136307
1.2432302077180408	1.2715127941389863	1.6818825310526064
1.248047456145129	1.2705052116349853	1.6928635843748219
1.2521589291092148	1.2720600848502253	1.702531768791518
1.2555470197191905	1.276254910232639	1.7108646487442878
1.2582039644450316	1.2831127280162555	1.7178571103650222
1.260132134970169	1.2926009423373368	1.7235217604552666
1.2613441652868513	1.3046326977637988	1.727889065918734
1.2618629084718491	1.3190706456964387	1.731007222587082
1.2617212222086827	1.335732711286071	1.732941749154576
1.260961586717249	1.3543993176425413	1.7337748087138467
1.2596355630783822	1.374821456686931	1.7336042668125191
1.2578031037898687	1.396729012304012	1.7325425007271242
1.2555317305928737	1.4198388229786028	1.7307149795491135
1.2528955970475097	1.4438620914590974	1.7282586385638745
1.2499744549575997	1.468510881871309	1.7253200742451922
1.2468525445529894	1.493503569395862	1.7220535880521757
1.2436174283956094	1.518569211314451	1.7186191082562505
1.2403587883929055	1.5434508856447797	1.7151800194567148
1.237167204223324	1.567908095082899	1.7119009295069334
1.2341329300655464	1.5917183632680192	1.7089454035025766
1.231344684940141	1.614678162567267	1.7064736944640495
1.2288884703693834	1.6366033127498696	1.7046405004825165
1.2268464275617346	1.6573289824523034	1.703592778395183
1.2252957450196846	1.6767094135858158	1.7034676444035124
1.224307626401408	1.6946174751604814	1.7043903922433574
1.2239463276469613	1.7109441389016529	1.7064726592888528
1.2242682717844529	1.7255979553686047	1.7098107700367646
1.2253212494129289	1.7385045964370556	1.7144842845316897
1.2271437125572169	1.7496065180438605	1.7205547763138662
1.229764169346829	1.7588627858707941	1.7280648604062039
1.2332006867387277	1.7662490958865997	1.7370374868809388
1.2374605082527341	1.7717580110059126	1.7474755099944819
1.2425397934088003	1.7753994241360946	1.7593615372049067
1.248423485253374	1.7772012461077986	1.7726580570928494
1.2550853120505268	1.7772103039451812	1.7873078407621175
1.2624879288999955	1.775493420159435	1.8032346080547808
1.2705832047179457	1.7721386268254948	1.8203439480511927
1.2793126596363753	1.7672564488161402	1.8385244827983775
1.2886080573667171	1.760981168609928	1.857649263766222
1.2983921563188183	1.7534719607797555	1.8775773917346399
1.3085796221256383	1.7449137583348535	1.8981558521094195
1.3190781025397997	1.7355176869882527	1.9192215584463024
1.3297894632902796	1.7255208795932564	1.940603596661171
1.3406111802964424	1.7151854650949228	1.9621256605538526
1.3514378795688862	1.704796519392979	1.9836086655741014
1.3621630111977463	1.6946587757909537	2.0048735221177414
1.3726806381506933	1.685091927242996	2.02574404219302
1.3828873143911926	1.6764244180653431	2.0460499444037454
1.3926840204012163	1.6689857235976877	2.0656299124245003
1.4019781179580033	1.6630972522334302	2.0843346522278696
1.4106852804387144	1.659062167708064	2.102029884105565
1.4187313505000132	1.6571546037449556	2.1185991978821135
1.4260540741681682	1.6576089022047207	2.133946694484289
1.4326046595727997	1.660609618003627	2.1479993349073156
1.438349110037164	1.6662830683056273	2.160708919112534
1.4432692851139501	1.6746911386176109	2.1720536227391474
1.4473636493588942	1.6858278912431415	2.182039028653813
1.4506476769078527	1.6996192711631066	2.190698602929517
1.4531538898375418	1.715925909706831	2.1980935801966313
1.4549315192833454	1.7345487369023906	2.204312240585305
1.4560457897175068	1.7552368765009616	2.2094685786916033
1.4565768380019155	1.777697146685628	2.2137003831344484
1.4566182892188744	1.8016044370542552	2.217166762385637
1.4562755203611584	1.8266122707693226	2.2200451678744386
1.4556636503970075	1.8523629672251192	2.2225279783416836
1.4549053008637975	1.878496966178618	2.22481871975058
1.454128175010594	1.9046610312043843	2.2271280027019076
1.4534625057801995	1.930515196952602	2.229669264397232
1.4530384238766065	1.9557384475158441	2.232654405022073
1.4529832971331893	1.9800332063316985	2.2362894093056593
1.4534190916988106	2.0031287812550276	2.240770043253176
1.4544598044501404	2.024783944990875	2.24627771385999
1.456209014680194	2.0447888457915924	2.252975576127773
1.4587576015602217	2.0629664411593245	2.2610049669532
1.4621816720856606	2.079173632588393	2.2704822394635773
1.4665407420963907	2.0933022554705563	2.2814960641766646
1.4718762103884602	2.105280047465308	2.294105255102419
1.4782101628141795	2.115071682283362	2.308337169845217
1.4855445395582947	2.1226799146156394	2.3241867232821045
1.49386069449714	2.1281468360937144	2.3416160449161696
1.503119370752138	2.1315551917843143	2.3605548009216673
1.5132611112944834	2.133029652103221	2.3809011934398217
1.524207117748687	2.1327378771037964	2.402523641824022
1.5358605642877434	2.1308911508683384	2.4252631429278284
1.5481083665045614	2.127744306848297	2.448936299526869
1.5608233970724126	2.1235946162559927	2.4733389966869215
1.5738671305113057	2.118779279338249	2.4982506943755176
1.5870926881341612	2.1136711544537174	2.5234392900179694
1.6003482410789753	2.108672395107101	2.548666486499512
1.6134807143172045	2.10420575337783	2.573693579305492
1.6263397180820556	2.1007034594557803	2.5982875517125246
1.6387816160857271	2.0985938037986256	2.622227340537521
1.6506736233639416	2.098285820847118	2.6453101089122235
1.6618978120590313	2.1001527748488416	2.6673573393663665
1.6723548925317515	2.104515435419026	2.6882205429008024
1.6819676314295964	2.1116263468313154	2.707786370355522
1.6906837690246144	2.121656383517679	2.725980913429724
1.6984783060907132	2.134684802983616	2.7427729956259483
1.705355046025398	2.1506937457530566	2.7581762785798656
1.7113473003499124	2.1695677198242813	2.772250045968549
1.7165176939969962	2.1910981112327717	2.785098573615023
1.7209570392338502	2.2149922703192493	2.7968690477550617
1.7247822816618552	2.2408863200852727	2.807748050333266
1.7281335564100913	2.26836057866468	2.8179566870815944
1.731170425512912	2.2969564051796727	2.8277444876498383
1.7340673970451241	2.3261933526958707	2.837382254408496
1.7370088519056723	2.355585702719823	2.847154075721658
1.7401835247339787	2.3846577103694258	2.857348749347269
1.7437787012729427	2.4129571580233704	2.8682508818230374
1.7479743057686545	2.4400670591144635	2.880131940530969
1.7529370589844218	2.4656155482945086	2.8932415373139824
1.7588148902677936	2.4892841281660245	2.9077992169724434
1.7657317858225356	2.5108145146380134	2.9239870116924056
1.7737832497155475	2.5300143371706327	2.941943004430066
1.7830325439396972	2.5467619140069386	2.961756121424992
1.7935078588780078	2.561010244093401	2.9834623471777935
1.8052005457774103	2.5727902450174036	3.007042525088858
1.8180645185595692	2.5822131285776275	3.03242187391003
1.8320169038297525	2.589471652642366	3.0594713141557595
1.8469399856356858	2.5948398328546114	3.0880106590082437
1.8626844555423159	2.598670558359433	3.1178136797688967
1.8790739388290212	2.6013904559469996	3.1486150048453108
1.8959107237978297	2.60349131683695	3.18011875186983
1.9129825730891454	2.6055174736921134	3.212008723660601
1.9300704437989005	2.6080487244790778	3.2439599205250333
1.946956888278134	2.6116787650648687	3.2756510360595157
1.963434852276935	2.6169896098382552	3.3067775157883776
1.9793165355107183	2.624523107092121	3.3370646748935457
1.994441936954809	2.634751305897478	3.366280302108051
2.008686679062335	2.648047976563836	3.394246131728846
2.0219686973144557	2.6646638848048334	3.4208475542633154
2.034253398534827	2.684708352769416	3.446040965872747
2.045556935618621	2.7081391605822973	3.4698582312037645
2.055947317413284	2.7347620024069497	3.4924078523426014
2.0655431672541624	2.76423966114726	3.5138725924091414
2.074510056427317	2.7961100135615795	3.534503485243769
2.0830544622605816	2.8298111263394725	3.554610359223821
2.0914155266742003	2.864711193767007	3.5745491988183464
2.099854912294176	2.900140943270549	3.5947068481837703
2.1086451631983025	2.935426347762512	3.615483715460847
2.118057070965106	2.96991992222939	3.637275256391806
2.1283466200992223	3.003029413386202	3.660453097021298
2.1397421371131067	3.0342431949916433	3.6853466964174
2.1524322920022345	3.0631520697101156	3.712226452831126
2.166555597319268	3.089467401727411	3.7412891232287118
2.182192016795352	3.113035548051472	3.7726463598600866
2.1993572316353474	3.133848434081116	3.806317071220594
2.218000018627284	3.1520498667919967	3.842224190009706
2.2380030717231594	3.1679368533037184	3.880196277414666
2.259187450374616	3.1819548708278576	3.9199742094295256
2.2813206667042274	3.194685814060237	3.96122297402255
2.304128232871923	3.206827342395449	4.003548355312173
2.327308283787277	3.2191626782312603	4.046517993065436
2.3505486746440476	3.232520658240309	4.089685989587343
2.373545737356122	3.2477270304613755	4.132619907443779
2.3960236797596024	3.265549521871489	4.174928687337339
2.4177534467311155	3.286640826082792	4.216289752728616
2.438569757271669	3.311485000427206	4.256473399352104
2.4583850104646663	3.3403533920103587	4.295362535497271
2.4771988357514996	3.3732758080371457	4.332965974954807
2.4951022593714787	3.410031130280797	4.369423802910578
2.512275766297116	3.4501591967975185	4.405003826162695
2.5289809388777957	3.4929930589451916	4.440088748566849
2.5455458210092137	3.537708289035557	4.475154425983941
2.562344653314889	3.5833843629364166	4.510740285849716
2.5797731106431674	3.629072493123216	4.5474136771746725
2.598220608976268	3.6738645496820665	4.5857304880100545
2.6180415987005383	3.7169585604304136	4.626194784590546
2.6395279936727634	3.7577173210585584	4.669220461671643
2.662884974577936	3.7957175128372	4.715097934019874
2.688212331407838	3.830787193239117	4.763968741745935
2.7154932629180584	3.8630295393863103	4.815810588966285
2.744592130520017	3.8928304067679353	4.870434788004638
2.775262081121531	3.920846897798018	4.927497340399198
2.807162729250357	3.9479741238529016	4.986523953494735
2.8398872548137306	3.9752881533114826	5.046948180349914
2.872997372607818	4.003965157582646	5.1081606192897615
2.906063723714517	4.035180126633694	5.169565797128867
2.938708410136227	4.06999288691825	5.230642118394134
2.970645748769841	4.109233598510241	5.290999272681064
3.0017169802552774	4.153403058069919	5.350426961507834
3.031914748042563	4.2026035938502515	5.408928927767748
3.061393745152808	4.256513329598309	5.466737170937409
3.0904650310481827	4.3144104635275085	5.524302921374776
3.11957309056595	4.375246448963791	5.582263301637187
3.1492566036235448	4.4377596334773	5.641385369198456
3.18009591752989	4.500615752888247	5.702492076774797
3.212652124575322	4.562559418790486	5.766377244104182
3.2474041975478216	4.6225609765257385	5.833718583683165
3.2846915925433318	4.679944707321208	5.904998910242632
3.32466990001955	4.734486098544485	5.98044572016262
3.3672863835847773	4.786467135138235	6.059998255792544
3.4122805483104863	4.836679472707273	6.143308931821974
3.459212282403556	4.886367033772312	6.229782616470299
3.5075167818012747	4.937103676416244	6.318652842377632
3.5565816778740973	4.990609590693157	6.40908884681654
3.6058379567972803	5.048522203323634	6.500321931392074
3.6548529380780863	5.112151570192493	6.591774804714088
3.7034114338063655	5.182262003609523	6.683174382602259
3.75157091891666	5.25892542045206	6.774628061693406
3.7996786307852553	5.341483726507507	6.866646561340654
3.8483431544455033	5.428638016280404	6.960103227209817
3.8983599012287806	5.518656905434826	7.056129552747857
3.9505980707008694	5.609672649822377	7.155958139160308
4.005864863146596	5.700017797756035	7.26073538479871
4.06476929731885	5.788548565409568	7.371334746481199
4.1276114154816685	5.87490171966913	7.488205570984396
4.194321658797295	5.959636538455736	7.611290868909152
4.26446908795102	6.044221961016097	7.740039235592049
4.3373460427295205	6.130844771354649	7.873521437541699
4.412121910005843	6.222042912395018	8.010642101168218
4.488042137867434	6.320210767579297	8.150414155567189
4.5646338321851365	6.427072796455951	8.29224278191336
4.641870340656082	6.543258938879344	8.436152748989509
4.720248276243343	6.668116144811566	8.582894397785179
4.800744133952812	6.799842838463282	8.73388306449526
4.884643695655971	6.935947757928095	8.890963497982725
4.973271485403168	7.073941166169654	9.05603802912947
5.067681508856187	7.212095324423899	9.230643193435498
5.1683939971227435	7.350077534667909	9.415590398580278
5.27526585451374	7.489264170919275	9.610789558679667
5.38755848619126	7.632589905299247	9.815342336479159
5.504215745339014	7.783884928880527	10.027923276571752
5.6242959037757325	7.946812882629353	10.247373385186107
5.747433586690064	8.123714005058256	10.47333644329306
5.874166852021104	8.314793121193981	10.706710768187687
6.0059776060314345	8.518059557460042	10.949706819191647
6.144974425521724	8.73018201667891	11.205413720306126
6.293283594672649	8.948047629003451	11.47696663632077
6.452362540091508	9.170471525096145	11.76660905530932
6.622542163001063	9.399331094282811	12.075068104375845
6.803074393727364	9.639481813377948	12.401620169802628
6.992778251481426	9.897210385789375	12.744977197492776
7.1910809303336825	10.177690741710904	13.104719344045813
7.398964279315692	10.482679773817797	13.482603742898773
7.619234680942768	10.809966027830074	13.882947943095724
7.855787444054352	11.15537868039727	14.311634261958828
8.112118945092508	11.516634072458796	14.774081755823229
8.389971952605176	11.896804704294825	15.273397626430565
8.689208708505886	12.304782239437106	15.810208361745694
9.009407557420426	12.751528923609483	16.384861683875755
9.352377663211897	13.244102797670928	17.00091051884444
9.72363094621752	13.782447871169838	17.66718842943896
10.131119325025658	14.363216039729597	18.396137752249896
10.581813360960794	14.989018226004676	19.199164903121297
11.07950874319921	15.674676982245115	20.08367021152726
11.627329164556427	16.442089157248326	21.056555542114705
12.233775648769809	17.306805568343513	22.132701851170545
12.915509284734005	18.27375444722889	23.339059646504587
13.692068574643827	19.354231447223214	24.707670412271483
14.579963872994568	20.585572167180906	26.26782992840002
15.599961980921712	22.020235183130737	28.056633827493776
16.79257490135949	23.69944925927076	30.14139434228451
18.216722008707112	25.677646648381142	32.61937726151691
19.941225102960164	28.077873776880587	35.608184103434496
22.078409347038463	31.06883955170584	39.29648176928329
24.82743461763717	34.88133579082245	44.012759111390885
28.505399727929387	39.99646288374116	50.284905690521065
33.755343331043825	47.27530291749403	59.17015376531818
42.01689207783117	58.734891605733544	73.02568474579178
57.5786802004653	80.32158014808498	98.81702506445565
103.25580472039432	144.3970343441774	173.26794686949256
1.3298786875730236e6	2.4935240498657636e6	2.10866207840753e6
NaN	NaN	NaN
NaN	NaN	NaN
NaN	NaN	NaN
NaN	NaN	NaN
NaN	NaN	NaN
NaN	NaN	NaN
NaN	NaN	NaN
NaN	NaN	NaN
NaN	NaN	NaN
NaN	NaN	NaN
NaN	NaN	NaN
NaN	NaN	NaN
NaN	NaN	NaN
NaN	NaN	NaN
NaN	NaN	NaN
NaN	NaN	NaN
NaN	NaN	NaN
NaN	NaN	NaN
NaN	NaN	NaN
NaN	NaN	NaN
NaN	NaN	NaN
NaN	NaN	NaN
NaN	NaN	NaN
NaN	NaN	NaN
NaN	NaN	NaN
NaN	NaN	NaN
NaN	NaN	NaN
NaN	NaN	NaN
NaN	NaN	NaN
NaN	NaN	NaN
NaN	NaN	NaN
NaN	NaN	NaN
NaN	NaN	NaN
NaN	NaN	NaN
NaN	NaN	NaN
NaN	NaN	NaN
NaN	NaN	NaN
NaN	NaN	NaN
NaN	NaN	NaN
NaN	NaN	NaN
NaN	NaN	NaN
NaN	NaN	NaN
NaN	NaN	NaN
NaN	NaN	NaN
NaN	NaN	NaN
NaN	NaN	NaN
NaN	NaN	NaN
NaN	NaN	NaN
NaN	NaN	NaN
NaN	NaN	NaN
NaN	NaN	NaN
NaN	NaN	NaN
NaN	NaN	NaN
NaN	NaN	NaN
NaN	NaN	NaN
NaN	NaN	NaN
NaN	NaN	NaN
NaN	NaN	NaN
NaN	NaN	NaN
NaN	NaN	NaN
NaN	NaN	NaN
NaN	NaN	NaN
NaN	NaN	NaN
NaN	NaN	NaN
NaN	NaN	NaN
NaN	NaN	NaN
NaN	NaN	NaN
NaN	NaN	NaN
NaN	NaN	NaN
NaN	NaN	NaN
NaN	NaN	NaN
NaN	NaN	NaN
NaN	NaN	NaN
NaN	NaN	NaN
NaN	NaN	NaN
NaN	NaN	NaN
NaN	NaN	NaN
NaN	NaN	NaN
NaN	NaN	NaN
NaN	NaN	NaN
NaN	NaN	NaN
NaN	NaN	NaN
NaN	NaN	NaN
NaN	NaN	NaN
NaN	NaN	NaN
NaN	NaN	NaN
NaN	NaN	NaN
NaN	NaN	NaN
NaN	NaN	NaN
NaN	NaN	NaN
NaN	NaN	NaN
NaN	NaN	NaN
NaN	NaN	NaN
NaN	NaN	NaN
NaN	NaN	NaN
NaN	NaN	NaN
NaN	NaN	NaN
NaN	NaN	NaN
NaN	NaN	NaN
NaN	NaN	NaN
NaN	NaN	NaN
NaN	NaN	NaN
NaN	NaN	NaN
NaN	NaN	NaN
NaN	NaN	NaN
NaN	NaN	NaN
NaN	NaN	NaN
NaN	NaN	NaN
NaN	NaN	NaN
NaN	NaN	NaN
NaN	NaN	NaN
NaN	NaN	NaN
NaN	NaN	NaN
NaN	NaN	NaN
NaN	NaN	NaN
NaN	NaN	NaN
NaN	NaN	NaN
NaN	NaN	NaN
NaN	NaN	NaN
NaN	NaN	NaN
NaN	NaN	NaN
NaN	NaN	NaN
NaN	NaN	NaN
NaN	NaN	NaN
NaN	NaN	NaN
NaN	NaN	NaN
NaN	NaN	NaN
NaN	NaN	NaN
NaN	NaN	NaN
NaN	NaN	NaN
NaN	NaN	NaN
NaN	NaN	NaN
NaN	NaN	NaN
NaN	NaN	NaN
NaN	NaN	NaN
NaN	NaN	NaN
NaN	NaN	NaN
NaN	NaN	NaN
NaN	NaN	NaN
NaN	NaN	NaN
NaN	NaN	NaN
NaN	NaN	NaN
NaN	NaN	NaN
NaN	NaN	NaN
NaN	NaN	NaN
NaN	NaN	NaN
NaN	NaN	NaN
NaN	NaN	NaN
NaN	NaN	NaN
NaN	NaN	NaN
NaN	NaN	NaN
NaN	NaN	NaN
NaN	NaN	NaN
NaN	NaN	NaN
NaN	NaN	NaN
NaN	NaN	NaN
NaN	NaN	NaN
NaN	NaN	NaN
NaN	NaN	NaN
NaN	NaN	NaN
NaN	NaN	NaN
NaN	NaN	NaN
NaN	NaN	NaN
NaN	NaN	NaN
NaN	NaN	NaN
NaN	NaN	NaN
NaN	NaN	NaN
NaN	NaN	NaN
NaN	NaN	NaN
NaN	NaN	NaN
NaN	NaN	NaN
NaN	NaN	NaN
NaN	NaN	NaN
NaN	NaN	NaN
NaN	NaN	NaN
NaN	NaN	NaN
NaN	NaN	NaN
NaN	NaN	NaN
NaN	NaN	NaN
NaN	NaN	NaN
NaN	NaN	NaN
NaN	NaN	NaN
NaN	NaN	NaN
NaN	NaN	NaN
NaN	NaN	NaN
NaN	NaN	NaN
NaN	NaN	NaN
NaN	NaN	NaN
NaN	NaN	NaN
NaN	NaN	NaN
NaN	NaN	NaN
NaN	NaN	NaN
NaN	NaN	NaN
NaN	NaN	NaN
NaN	NaN	NaN
NaN	NaN	NaN
NaN	NaN	NaN
NaN	NaN	NaN
NaN	NaN	NaN
NaN	NaN	NaN
NaN	NaN	NaN
NaN	NaN	NaN
NaN	NaN	NaN
NaN	NaN	NaN
NaN	NaN	NaN
NaN	NaN	NaN
NaN	NaN	NaN
NaN	NaN	NaN
NaN	NaN	NaN
NaN	NaN	NaN
NaN	NaN	NaN
NaN	NaN	NaN
NaN	NaN	NaN
