1.0	1.0	0.9999999999999999
1.0057572973944688	0.9794075024316459	1.0144067651937667
1.0114422722708754	0.9585194346527065	1.028513910423321
1.01701595589026	0.9374693025807974	1.042234967121588
1.022439609593523	0.9164050414258605	1.0554861570722878
1.0276750260024772	0.895489406297032	1.068186748192048
1.0326848405002085	0.8749000076473094	1.0802594203918952
1.0374328495934626	0.854828853505918	1.0916306407030223
1.041884332269352	0.8354812349585308	1.102231045138592
1.0460063700306466	0.8170737731836626	1.1119958232865417
1.0497681609497957	0.7998314445338216	1.120865100416886
1.0531413228420972	0.783983426458273	1.1287843109616316
1.0561001805395314	0.769757674411869	1.1357045566010742
1.058622032263265	0.7573742584868921	1.1415829418737469
1.0606873902526797	0.7470376597648546	1.1463828802182932
1.0622801911150765	0.7389284358899801	1.1500743636458786
1.063387971810144	0.7331948780340765	1.152634189813643
1.0640020077669112	0.7299454436221245	1.1540461410971432
1.0641174103321203	0.7292428014052756	1.1543011113075725
1.0637331815470035	0.7311002243526837	1.1533971769248617
1.062852225116888	0.7354808072151153	1.1513396110704033
1.0614813133458645	0.7422996154932884	1.1481408398689923
1.0596310107246396	0.7514284765223197	1.1438203422900293
1.057315555751144	0.7627027966631317	1.13840449595564
1.0545527033998605	0.7759296010333576	1.1319263727012074
1.05136353140835	0.7908959662506576	1.1244254888192338
1.0477722141942838	0.8073771273908215	1.1159475158644674
1.043805768734694	0.8251437337710599	1.106543958606877
1.03949377711781	0.8439679451856643	1.0962718071593927
1.0348680907111212	0.8636282549844317	1.085193170456983
1.0299625209764867	0.8839130737364796	1.0733748981098363
1.0248125219102986	0.9046232009872792	1.0608881971915642
1.0194548689055756	0.925573359203466	1.0478082497565462
1.0139273385380025	0.9465929755182579	1.034213835819141
1.008268393389402	0.9675263860727218	1.0201869651880628
1.0025168755595166	0.9882326151915878	1.0058125199559411
0.9967117120033441	1.0085848548845373	0.991177907627826
0.9908916342872597	1.0284697439059667	0.9763727228750282
0.9850949148040372	1.047786522299256	0.9614884137765741
0.9793591209429843	1.0664461179545772	0.9466179462330585
0.973720888192881	1.0843702062826233	0.9318554581034991
0.9682157126759351	1.1014902722483944	0.9172958926528371
0.962877763180234	1.1177466951327317	0.9030345992695383
0.957739712384007	1.1330878698865026	0.8891668883223329
0.9528325866511512	1.1474693742635844	0.8757875267114448
0.948185633525741	1.1608531876050472	0.862990161397442
0.9438262058628113	1.173206964833706	0.850866660226178
0.9397796614005952	1.1845033676273462	0.839506362940619
0.9360692765017923	1.194719453662785	0.8289952405182786
0.9327161727623833	1.2038361241114421	0.8194149678792483
0.9297392552004229	1.2118376291124555	0.8108419233336266
0.9271551607876405	1.2187111306755332	0.80334613736002
0.924978216167145	1.2244463223206343	0.7969902226152143
0.9232204035054281	1.229035104707657	0.7918283253990457
0.9218913335504437	1.232471316521826	0.7879051449225023
0.9209982251054739	1.2347505199409914	0.7852550694738939
0.9205458902764536	1.2358698401069774	0.7839014770376499
0.9205367250057168	1.2358278581446414	0.7838562416800461
0.9209707045646384	1.2346245574117138	0.7851194763260961
0.9218453838401989	1.2322613228133283	0.787679528368847
0.9231559024140891	1.2287409931720907	0.7915132284310636
0.9248949945964674	1.2240679668015473	0.7965863764397831
0.9270530047388125	1.218248360583121	0.8028544348834629
0.9296179083097788	1.211290222988378	0.8102633882730031
0.9325753393726921	1.20320380161321	0.8187507214053896
0.9359086252510634	1.1940018658913194	0.8282464673094642
0.9395988293057064	1.1837000857217037	0.8386742783482551
0.9436248028703664	1.1723174667660425	0.8499524799660428
0.947963247496658	1.1598768431302677	0.8619950748297465
0.9525887887393395	1.1464054280148774	0.8747126744049242
0.9574740627624296	1.1319354226654985	0.8880133442484386
0.9625898170600605	1.1165046835269044	0.9018033576676203
0.9679050265565253	1.1001574468260207	0.9159878593599741
0.9733870262718632	1.0829451087762236	0.9304714459572888
0.9790016616070597	1.0649270580570787	0.9451586740290003
0.9847134571126678	1.046171554975292	0.9599545081860543
0.9904858043531444	1.0267566484751283	0.9747647226954606
0.9962811691661654	1.0067711175751781	0.989496269733484
1.0020613182429352	0.9863154173990295	1.0040576263371028
1.0077875645264474	0.9655026011822372	1.0183591304997885
1.013421030446899	0.9444591778515624	1.0323133149038388
1.0189229274973006	0.9233258493710811	1.0458352446521277
1.0242548501111797	0.9022580525890632	1.0588428631868747
1.0293790812539656	0.8814262068009449	1.0712573484599122
1.0342589065990542	0.8610155415512393	1.0830034794215064
1.0388589336490488	0.8412253517100395	1.0940100110786268
1.0431454117037229	0.8222675031929686	1.104210054780349
1.0470865481904934	0.8043640003878405	1.1135414590488906
1.0506528165817477	0.7877434361182066	1.1219471852136569
1.0538172509443144	0.7726361898553938	1.129375671339414
1.0565557221156892	0.7592683325469151	1.1357811774776376
1.0588471905899004	0.7478543440189513	1.1411241051162535
1.0606739314295464	0.7385889460125691	1.1453712838514538
1.062021726898778	0.7316385757542455	1.1484962187440075
1.0628800230290116	0.7271332252415665	1.1504792925288345
1.0632420469716384	0.72515948954873	1.151307917790398
1.0631048827417224	0.72575564703328	1.1509766353582276
1.0624695037891452	0.7289094080833586	1.1494871564708662
1.0613407617210668	0.734558638262047	1.1468483476498132
1.0597273314108249	0.742594957105139	1.1430761586620304
1.057641613631491	0.752869733297192	1.13819349537225
1.0550995972153168	0.7652017294020178	1.1322300406372672
1.052120683533703	0.779385543209349	1.1252220276194151
1.0487274767899064	0.7952000445960739	1.1172119709460446
1.0449455441969517	0.8124161722557908	1.1082483619735024
1.0408031505605064	0.83080367237498	1.0983853349925676
1.0363309720910021	0.8501365759210567	1.0876823115119143
1.0315617944282849	0.8701973864313581	1.0762036297591586
1.0265301998779512	0.8907800712193331	1.0640181662365018
1.0212722487406294	0.9116920172985796	1.0511989555591172
1.0158251593764205	0.9327551396624603	1.0378228138952894
1.0102269913044226	0.9538063271866624	1.0239699701305989
1.0045163352111957	0.9746973924831904	1.0097237074134546
0.9987320132536153	0.9952946657463776	0.9951700160319509
0.992912792512674	1.0154783450664995	0.9803972566565227
0.9870971139064391	1.0351416902946724	0.9654958309052712
0.9813228383219244	1.0541901258995192	0.9505578540097472
0.9756270111949423	1.0725403007566532	0.9356768221604566
0.9700456462683654	1.0901191391993548	0.9209472650032368
0.9646135288044925	1.106862907379826	0.906464371883172
0.9593640381252801	1.1227163114117382	0.89232357897512
0.9543289890104976	1.1376316382855918	0.8786201036225102
0.9495384912013864	1.1515679466543793	0.8654484122874762
0.9450208260365546	1.1644903118616061	0.8529016097725133
0.9408023390857065	1.1763691277045252	0.84107074007282
0.9369073475419849	1.1871794661510329	0.8300439935666233
0.9333580610803649	1.196900495381661	0.8199058213366834
0.9301745148818171	1.205514955981533	0.8107359651376325
0.9273745135550205	1.2130086947713363	0.8026084205218663
0.9249735847525633	1.2193702555788881	0.7955903602514209
0.9229849413710083	1.2245905261696877	0.789741054395789
0.9214194513381835	1.2286624405473956	0.7851108312602054
0.9202856141214706	1.2315807358813895	0.7817401282389759
0.9195895432335036	1.2333417634044568	0.7796586827141976
0.9193349541629303	1.233943352738664	0.7788849094732504
0.9195231573149728	1.2333847292430284	0.779425502652529
0.9201530557071934	1.2316664841261018	0.7812752875086182
0.9212211473285209	1.2287905972249513	0.7844173316551083
0.9227215322329474	1.2247605125130916	0.788823308586968
0.9246459246020247	1.2195812665595036	0.7944540903582635
0.9269836701710004	1.2132596703133274	0.8012605330393706
0.9297217695707859	1.2058045447288745	0.8091844094325644
0.9328449082895497	1.1972270108670522	0.8181594391583142
0.9363354941010009	1.1875408352041854	0.8281123665946533
0.9401737029378568	1.176762830938224	0.8389640415871217
0.9443375343044049	1.1649133160910305	0.8506304652574412
0.9488028774164594	1.1520166291455525	0.8630237723643233
0.9535435893248827	1.1381017027995552	0.8760531312997404
0.9585315863140886	1.1232026961233956	0.8896255519404614
0.9637369498633972	1.1073596849186829	0.903646599511454
0.9691280484105514	1.0906194093031631	0.9180210189535862
0.9746716760574198	1.0730360763736397	0.9326532788869774
0.980333209203071	1.0546722140538929	0.9474480471881255
0.9860767818753576	1.0355995696853897	0.9623106116485087
0.991865480256826	1.0159000432523289	0.9771472594154424
0.9976615565645935	0.9956666399416529	0.9918656282104142
1.0034266620491017	0.975004419512957	1.0063750409392964
1.0091220984290399	0.9540314100886087	1.0205868334818529
1.0147090865874162	0.9328794408163518	1.0344146833641206
1.0201490508281654	0.9116948308016009	1.0477749448260705
1.0254039164482867	0.890638850402112	1.0605869936125
1.0304364178342837	0.869887845657693	1.0727735827231235
1.0352104137627647	0.8496328886264323	1.0842612084221568
1.0396912060946322	0.8300787888425986	1.0949804840755142
1.0438458576216858	0.811442279699565	1.1048665178908745
1.0476435044749344	0.7939491871903459	1.113859289409206
1.0510556582556625	0.7778304091608013	1.121904018655228
1.0540564929205447	0.763316594808835	1.128951521212507
1.05662311145461	0.7506315284173107	1.1349585421528403
1.0587357875097945	0.7399843919503976	1.1398880617188907
1.060378177475587	0.7315612961463148	1.1437095659257352
1.0615374988795778	0.725516695411243	1.1463992757944186
1.062204671580442	0.7219654835510361	1.1479403297333757
1.0623744188990445	0.7209766414954618	1.1483229146082312
1.0620453266143013	0.7225692246326431	1.147544342244741
1.0612198586034138	0.7267112252398614	1.1456090694456404
1.059904328801987	0.7333214672333079	1.1425286610156538
1.0581088300668813	0.7422742735538127	1.1383216967237868
1.0558471214116774	0.7534062929439085	1.1330136245305
1.0531364759198791	0.7665246610591704	1.1266365637133944
1.0499974923970632	0.7814156297156238	1.1192290626864545
1.046453874474449	0.7978529048664228	1.1108358172780777
1.042532181405057	0.815605132669646	1.1015073559721225
1.0382615551849694	0.8344422005453577	1.0912996990930486
1.0336734288803615	0.8541402263896329	1.0802739991077712
1.0288012211441684	0.8744852661074989	1.0684961691091135
1.023680021870277	0.8952758699485147	1.0560365061323866
1.0183462737682965	0.9163246682164401	1.0429693152393795
1.0128374543630232	0.9374591795786591	1.0293725392906639
1.0071917625480895	0.9585220240119336	1.0153273980319781
1.0014478133733562	0.9793706987269019	1.000918038564287
0.9956443442417188	0.9998770472839518	0.9862311974767175
0.9898199351549746	1.0199265245362887	0.9713558729342286
0.9840127451002052	1.0394173356188288	0.9563830028755695
0.978260266126979	1.0582595069443566	0.9414051432585517
0.9725990961475153	1.076373931117592	0.9265161380777207
0.9670647310106276	1.09369141539111	0.9118107707941892
0.9616913759659776	1.1101517541337107	0.8973843850155425
0.9565117762559221	1.1257028391116952	0.8833324609441261
0.9515570662520488	1.1402998166134355	0.8697501335147895
0.9468566362947961	1.1539042970921525	0.8567316385423774
0.9424380161964887	1.1664836206784241	0.8443696748814226
0.9383267742285732	1.1780101803299963	0.8327546738296294
0.9345464303284179	1.1884608033275865	0.8219739719708201
0.9311183822250195	1.1978161911338636	0.8121108903965639
0.9280618431901776	1.206060417198864	0.8032437315957944
0.9253937901659848	1.2131804820406866	0.7954447148015462
0.9231289210948983	1.219165924801679	0.7887788804603645
0.9212796203787975	1.2240084904407644	0.7833030036720633
0.9198559315134033	1.2277018517466582	0.779064563665284
0.9188655360791304	1.230241385426878	0.7761008203356919
0.9183137384149352	1.2316240016312183	0.7744380485024409
0.9182034554548285	1.2318480263966018	0.7740909752323558
0.9185352113647676	1.2309131366458481	0.7750624554140078
0.919307136778707	1.2288203475298825	0.7773434065743704
0.9205149725951609	1.2255720520662803	0.7809130072457189
0.9221520784584448	1.2211721131918194	0.7857391459847763
0.9242094462105724	1.2156260085083073	0.7917790924902893
0.9266757187591479	1.2089410281542647	0.7989803499475262
0.9295372149620676	1.201126526375105	0.8072816399497252
0.9327779612786251	1.1921942274846002	0.8166139685600462
0.9363797310763771	1.182158587003273	0.8269017239971624
0.9403220926097268	1.171037208814348	0.8380637621816156
0.9445824667955278	1.1588513191809635	0.8500144447515421
0.9491361959978304	1.145626298398545	0.8626646038367108
0.9539566250925132	1.1313922706836577	0.8759224176821687
0.9590151961069624	1.1161847525814172	0.8896941902086302
0.9642815577139956	1.100045359642825	0.9038850351734501
0.9697236907966932	1.083022570289059	0.9183994714467709
0.9753080511863752	1.0651725445092506	0.9331419399877307
0.9809997305051802	1.0465599931465248	0.9480172555221089
0.9867626358140369	1.0272590907603611	0.9629310069190382
0.9925596884755488	1.0073544210716794	0.9777899201224804
0.9983530422893605	0.9869419383602592	0.9925021964961654
1.0041043205493243	0.9661299203447794	1.0069778378485703
1.0097748712124135	0.9450398773945606	1.0211289674364707
1.015326038868783	0.9238073687203665	1.0348701540797733
1.0207194516723095	0.9025826578751734	1.048118744294149
1.0259173208466354	0.8815311171849832	1.0607952051648692
1.0308827498408022	0.8608332640447013	1.0728234786223854
1.035580049690485	0.8406842830472694	1.0841313458939168
1.039975056666872	0.821292860381954	1.0946507992374677
1.0440354478865224	0.8028791373883688	1.104318416646909
1.0477310502334856	0.785671588520272	1.1130757340723736
1.0510341377282062	0.7699026582894782	1.1208696088459313
1.0539197123831758	0.7558030662080596	1.1276525674495113
1.0563657636252897	0.7435948192632413	1.1333831305142241
1.0583535015468089	0.7334831588074228	1.1380261079952696
1.0598675595729765	0.7256478956129331	1.1415528578134766
1.060896162600329	0.7202348128208296	1.14394150187486
1.0614312572549411	0.7173479813515504	1.1451770942453847
1.0614686016280592	0.7170438713297511	1.1452517373339068
1.0610078126453164	0.7193280124475685	1.1441646431783852
1.0600523700889626	0.7241546581407478	1.1419221382895832
1.0586095771900217	0.7314295007309306	1.1385376119277861
1.0566904786079534	0.7410150652240931	1.1340314091154542
1.054309737487285	0.7527380806366153	1.1284306710650933
1.0514854740936561	0.7663979583243914	1.1217691269717174
1.0482390692586134	0.7817755111676127	1.1140868422332648
1.044594936480374	0.7986411900850009	1.1054299290748268
1.0405802670187863	0.8167623326988738	1.0958502262265353
1.0362247526755266	0.8359091500370962	1.0854049547115512
1.031560291159531	0.8558593754973227	1.074156356918931
1.0266206790036665	0.8764016437597468	1.0621713259544558
1.02144129692829	0.8973377533724171	1.0495210317757622
1.0160587923523146	0.9184840047311619	1.036280549830103
1.0105107634483534	0.9396718090874655	1.0225284968316348
1.0048354487442563	0.9607477475785917	1.0083466769560003
0.9990714258097846	0.9815732327734302	0.9938197401136747
0.9932573220553146	1.0020238961303851	0.9790348521181176
0.9874315401308736	1.021988797342099	0.9640813745276708
0.9816319998683385	1.0413695278632515	0.9490505497618646
0.9758958981750585	1.060079261624312	0.9340351848424245
0.9702594877795088	1.0780417908598658	0.9191293248811726
0.9647578752611253	1.0951905735738696	0.9044279053578839
0.9594248383772273	1.1114678107517877	0.8900263704674408
0.9542926623364927	1.1268235653552376	0.8760202435777333
0.9493919943646805	1.141214930828349	0.8625046353806871
0.9447517156656555	1.1546052538426	0.8495736759250316
0.940398829697926	1.1669634139466682	0.8373198586860695
0.9363583655614868	1.17826316139892	0.8258332884198968
0.9326532952170171	1.1884825135433568	0.8152008299441945
0.9293044632344157	1.19760320950217	0.8055051622004402
0.9263305277842538	1.2056102225996803	0.7968237507617576
0.9237479116376934	1.2124913297328095	0.7892277618319701
0.9215707620218064	1.2182367368151314	0.7827809508797645
0.9198109182821909	1.2228387594114543	0.7775385682150814
0.9184778864280181	1.2262915577262214	0.7735463307103342
0.9175788197717873	1.2285909251956877	0.7708395121804493
0.9171185050229954	1.229734130050064	0.7694422036224533
0.917099353348979	1.2297198093496255	0.769366788071499
0.9175213960745032	1.2285479151515184	0.7706136634830808
0.9183822848527393	1.2262197126265306	0.7731712318195285
0.9196772963026408	1.2227378301125633	0.7770161550996886
0.9213993412698438	1.2181063612594372	0.7821138616586802
0.9235389790292827	1.2123310195837669	0.7884192703726763
0.9260844369061254	1.2054193459079026	0.7958776888748953
0.9290216359453127	1.1973809692988018	0.8044258349076521
0.932334223407203	1.1882279222442715	0.8139929282155751
0.9360036130037797	1.1779750108989888	0.8245018033379614
0.9400090339134354	1.1666402412889032	0.8358700002979698
0.9443275897176416	1.154245302367475	0.8480107992099293
0.9489343284847624	1.1408161067476699	0.8608341748926097
0.9538023252791064	1.1263833897599835	0.8742476575129106
0.958902778391218	1.1109833671622007	0.8881570942076603
0.9642051205617457	1.0946584512843036	0.9024673139894469
0.9696771464005536	1.0774580245347114	0.9170827037898265
0.9752851570796071	1.0594392678828812	0.9319077072292933
0.9809941231981388	1.0406680399739787	0.9468472597941313
0.986767866479027	1.021219799656767	0.9618071748059872
0.9925692606549984	1.0011805605591189	0.9766944941860405
0.9983604515435252	0.9806478604641281	0.9914178168299865
1.0041030958938686	0.9597317200507935	1.0058876156799936
1.0097586181251514	0.9385555543990505	1.020016552519279
1.0152884835702929	0.9172569858184755	1.0337197972945817
1.0206544863096862	0.8959884874411027	1.0469153565214717
1.025819049135821	0.8749177633709739	1.0595244131439465
1.030745532653865	0.8542277435210393	1.0714716781740579
1.0353985500129106	0.8341160414858632	1.0826857525813656
1.0397442832993842	0.8147936959639205	1.0930994962738563
1.0437507972294529	0.7964829974324174	1.1026503996400263
1.0473883454713888	0.7794142025983438	1.1112809520274105
1.0506296647308124	0.7638209733137965	1.1189390007305793
1.053450251657268	0.7499344587098734	1.1255780935612223
1.0558286176913745	0.7379760798057824	1.131157797876459
1.0577465171744296	0.728149273857115	1.1356439890453
1.0591891443883314	0.7206306907009525	1.1390091017253374
1.0601452956773236	0.7155615607263298	1.1412323379814988
1.060607493413308	0.7130401099340157	1.1422998271783094
1.0605720692861231	0.7131159162397045	1.1422047336788776
1.0600392052061152	0.715786942565637	1.1409473096441733
1.0590129309723952	0.7209996564061683	1.138534891594844
1.0575010787556824	0.7286522194466368	1.134981840820381
1.0555151953385062	0.7386003087714412	1.1303094291405273
1.0530704139166633	0.7506648159837219	1.1245456728850878
1.0501852880638862	0.7646405253660126	1.117725119206617
1.0468815911707132	0.7803049028869737	1.1098885899267756
1.0431840852662486	0.7974262914130561	1.1010828889972757
1.0391202636010612	0.8157710375519577	1.0913604802952575
1.0347200717004177	0.8351093091737473	1.0807791428422073
1.0300156117844879	0.855219556946057	1.0694016106162378
1.025040835498454	0.8758917093211019	1.057295203908224
1.0198312298069716	0.896929268524931	1.0445314586497951
1.0144235006972988	0.9181505062892418	1.031185759317982
1.0088552590190452	0.9393889569718314	1.0173369799071976
1.0031647123853877	0.960493385876899	1.0030671360685726
0.997390366591129	0.981327382364807	0.9884610498698633
0.9915707394887545	1.0017686975679663	0.9736060267541252
0.9857440897253684	1.0217084190856818	0.9585915422087019
0.9799481622007651	1.0410500516839045	0.9435089334486729
0.9742199515775328	1.0597085542158438	0.9284510891404357
0.9685954846730513	1.0776093684165202	0.9135121279373689
0.9631096221028308	1.0946874642919768	0.8987870545008839
0.9577958791340657	1.1108864188184258	0.8843713799075981
0.9526862653538833	1.1261575389256715	0.8703606921142427
0.9478111424619744	1.1404590356970208	0.8568501617282142
0.9431990992632647	1.153755253919368	0.8439339690092486
0.938876842761557	1.1660159592127552	0.8317046401118098
0.9348691041367267	1.1772156836963088	0.820252284340882
0.931198558321801	1.1873331303177637	0.8096637298141139
0.927885755876562	1.1963506354508988	0.8000215624103383
0.9249490658752196	1.2042536890544395	0.7914030819965631
0.922404628581383	1.2110305115221505	0.7838792001057283
0.9202663167674852	1.21667168629189	0.7775133135842288
0.9185457046428628	1.2211698472912567	0.7723601980364785
0.9172520434791406	1.22451942035849	0.7684649717791185
0.9163922431596088	1.2267164178752592	0.7658621841282907
0.9159708590266553	1.22775828597284	0.7645750801307057
0.9159900835553347	1.2276438038175574	0.7646150868376378
0.9164497425394845	1.2263730346393655	0.7659815542054579
0.9173472956376257	1.2239473283340065	0.7686617678021556
0.9186778412875937	1.220369375640414	0.7726312325086764
0.9204341261607879	1.2156433140658658	0.7778542085126324
0.9226065594871604	1.209774885898564	0.7842844652673919
0.9251832327397921	1.2027716488058602	0.7918662074834084
0.9281499453208721	1.1946432396618	0.8005351206763576
0.9314902370368916	1.1854016923739414	0.8102194825404012
0.9351854282868187	1.1750618105795836	0.8208412899089849
0.939214669009065	1.163641596145387	0.8323173582227293
0.9435549975368146	1.1511627344176159	0.8445603598786907
0.9481814105913068	1.1376511371122362	0.8574797782116655
0.9530669456936702	1.1231375435741315	0.8709827639738849
0.958182777291398	1.1076581808266377	0.884974890162991
0.963498327869826	1.091255482309628	0.899360808372226
0.9689813952459093	1.0739788643690062	0.9140448152851615
0.9745982971161519	1.055885558272333	0.9289313415380838
0.9803140337484932	1.0370414935884151	0.9439253771160098
0.986092469466431	1.0175222259122705	0.9589328480111943
0.9918965332718382	0.997413897777287	0.9738609583621842
0.9976884385922173	0.9768142157027542	0.9886185110007203
1.0034299217220348	0.9558334180890963	1.0031162175219759
1.0090824980634616	0.9345951974088598	1.0172670068739342
1.0146077347686255	0.9132375251210882	1.0309863392015783
1.0199675378559663	0.8919133083274356	1.0441925294082786
1.0251244513330808	0.8707907831068934	1.056807082703097
1.0300419653250799	0.8500535212030735	1.0687550423570746
1.034684829700946	0.8298998961896401	1.0799653480426104
1.0390193692314207	0.8105418265295724	1.09037120151383
1.0430137959216785	0.7922025932964953	1.0999104350288513
1.0466385138612133	0.7751135306250834	1.1085258768370665
1.049866411740043	0.7595094213283129	1.1161657072690492
1.05267313811049	0.7456225136203516	1.1227837984828688
1.0550373545388683	0.7336752184703015	1.1283400307389646
1.0569409619975902	0.7238717499114059	1.1328005781934438
1.0583692961968658	0.7163892114852133	1.1361381576026248
1.059311288040523	0.7113688647808067	1.138332234000849
1.0597595860014444	0.708908474653594	1.1393691783192554
1.0597106379308148	0.7090566425520695	1.1392423730192043
1.0591647306199796	0.7118098735704367	1.1379522630758263
1.0581259862963124	0.7171127858355427	1.1355063510151449
1.0566023161263813	0.7248614329623464	1.1319191361283898
1.0546053316886583	0.7349092797679142	1.1272119994027872
1.0521502162334853	0.7470750536047527	1.1214130370645865
1.0492555583404894	0.7611515519605797	1.1145568468723177
1.0459431512865416	0.7769145252220027	1.1066842723788604
1.0422377620291314	0.7941309257527434	1.0978421112554608
1.0381668741742496	0.8125660517813181	1.0880827944050089
1.0337604096237643	0.8319893527356184	1.0774640429573625
1.0290504337806357	0.8521788586341458	1.0660485103179198
1.024070849233289	0.8729243317805492	1.0539034162202265
1.018857082749647	0.8940293154479377	1.0411001792107188
1.0134457701997	0.9153122833582733	1.0277140531717999
1.0078744437088623	0.9366070907290154	1.0138237723761874
1.0021812249413853	0.9577629062740053	0.9995112081753355
0.9964045279449419	0.9786437752245758	0.9848610387766895
0.9905827744749108	0.9991279329670884	0.9699604316849243
0.9847541241808202	1.0191069610647712	0.9548987363060825
0.9789562214972262	1.0384848539177045	0.9397671819897669
0.9732259605546526	1.057177045475263	0.9246585744806147
0.9675992689278037	1.0751094309015856	0.9096669814606184
0.9621109105803934	1.0922174072488868	0.8948873957168533
0.956794307957724	1.1084449492878443	0.8804153626363246
0.9516813828257877	1.1237437310008416	0.8663465574291311
0.9468024151627298	1.138072299289959	0.8527762969793089
0.9421859191757495	1.1513953037294824	0.8397989718225756
0.9378585353429344	1.16368278435153	0.8275073857679618
0.9338449372618264	1.17490951823274	0.8159919944032135
0.9301677520207177	1.1850544248618518	0.8053400393479004
0.9268474927890408	1.1941000297775841	0.7956345826703642
0.9239025023441244	1.202031985681575	0.7869534551387299
0.9213489063068886	1.2088386500868686	0.7793681423811248
0.9192005749427565	1.2145107185163526	0.7729426436780765
0.917469092490373	1.2190409122870178	0.7677323477711131
0.9161637331049416	1.222423719986436	0.7637829773195262
0.9152914426402196	1.224655191852689	0.761129657063859
0.9148568256401712	1.2257327863994782	0.7597961592501803
0.914862137064757	1.2256552687770212	0.7597943729068459
0.9153072784321241	1.2244226605207615	0.7611240314117117
0.916189798219686	1.2220362405101242	0.7637727165633903
0.9175048965280791	1.2184985971333326	0.7677161389192628
0.9192454341732144	1.213813731828813	0.7729186757408923
0.9214019465316858	1.2079872143442187	0.779334131745471
0.9239626626221433	1.2010263902171499	0.7869066758282631
0.9269135300580725	1.1929406411323866	0.795571900096409
0.9302382466533269	1.1837416989438967	0.8052579461836877
0.9339182995980161	1.1734440142589686	0.8158866473547386
0.9379330132447602	1.1620651805575972	0.8273746422342928
0.942259606650004	1.1496264148492747	0.839634425700184
0.9468732620963809	1.1361530958324237	0.8525753131343012
0.9517472058748507	1.121675360389249	0.866104304609972
0.9568528026232203	1.1062287589780242	0.8801268448087387
0.9621596644948506	1.0898549700112232	0.8945474819614385
0.9676357763618691	1.072602572537845	0.9092704346795404
0.9732476381360168	1.0545278753465102	0.9242000792150543
0.9789604251128204	1.0356957987821063	0.9392413716607273
0.9847381670086657	1.0161808028574417	0.9543002201657863
0.9905439460640048	0.996067851286686	0.9692838217123959
0.9963401142308752	0.9754533954008139	0.9841009766776465
1.0020885290526729	0.9544463539397382	0.9986623925600271
1.0077508073850134	0.9331690537549119	1.012880986095733
1.0132885956080482	0.9117580817458969	1.0266721906990324
1.0186638544549687	0.8903649792084537	1.0399542738601657
1.0238391560438551	0.8691566858129172	1.0526486669169282
1.028777990167656	0.8483156120030653	1.0646803075500908
1.033445076390061	0.8280391873928405	1.075977993485425
1.0378066780332502	0.8085387026034317	1.0864747442521667
1.04183091374873	0.7900372398809281	1.0961081664739103
1.0454880620547398	0.7727664844782939	1.1048208170729799
1.0487508540215593	0.7569622384061757	1.1125605579659752
1.051594749205636	0.7428585364239655	1.1192808953246645
1.0539981899863171	0.7306804033208739	1.124941296274978
1.0559428296518842	0.7206354927398728	1.1295074760028685
1.0574137299164033	0.7129050920767365	1.1329516486178166
1.058399524020407	0.7076352206650962	1.1352527357727364
1.0588925421658884	0.7049287229010588	1.1363965279254826
1.0588888967429038	0.7048392931814247	1.136375794215607
1.0583885255988879	0.7073682190009243	1.1351903381778965
1.057395192456505	0.7124642979220568	1.1328469978717062
1.0559164444718174	0.7200269406499623	1.1293595904198628
1.0539635278109951	0.7299120258121353	1.1247488023661207
1.0515512629792925	0.7419397331863398	1.119042028621289
1.0486978824317308	0.7559034213206781	1.1122731640212211
1.045424833703568	0.7715786416896916	1.1044823526157095
1.0417565518989251	0.7887315503714032	1.0957157007032217
1.037720205850114	0.8071262192224925	1.0860249602853829
1.0333454225981376	0.8265305942052493	1.0754671900102715
1.0286639950406904	0.8467210528029718	1.0641044007837983
1.023709577650004	0.8674856551069946	1.0520031930429756
1.0185173750847283	0.8886262644339474	1.039234392197841
1.0131238283207695	0.9099597451341975	1.0258726879629865
1.007566302619872	0.931318443230866	1.0119962822216264
1.0018827812614741	0.9525501340757457	0.9976865487076458
0.9961115685027936	0.9735175912496298	0.9830277061715635
0.9902910047252272	0.9940978996183023	0.9681065048386056
0.984459196192946	1.0141816067868854	0.9530119239032407
0.9786537613114903	1.0336717829540725	0.9378348755797737
0.9729115947474631	1.052483039750562	0.9226679089055506
0.9672686502708252	1.0705405437001418	0.9076049041610826
0.9617597427204584	1.0877790487895271	0.8927407465523663
0.9564183690817524	1.1041419645189374	0.8781709658599443
0.951276548307717	1.1195804700272527	0.8639913273113434
0.9463646792168909	1.1340526808491853	0.8502973582419158
0.9417114155629809	1.1475228720925643	0.8371837954810137
0.9373435571916194	1.1599607599589858	0.8247439401626921
0.9332859560765073	1.1713408423016736	0.8130689101207772
0.9295614359557518	1.181641798124882	0.8022467854160071
0.9261907242647223	1.1908459454435472	0.7923616499280759
0.9231923950780522	1.1989387566423315	0.7834925411519915
0.920582821824765	1.2059084303359469	0.775712330865164
0.9183761386206858	1.2117455186921393	0.7690865703085518
0.9165842091659013	1.2164426092058507	0.7636723437337661
0.9152166022766712	1.2199940599876258	0.7595171821546708
0.91428057325674	1.222395787738239	0.7566580934253608
0.9137810504582282	1.2236451077146338	0.7551207641229456
0.9137206265347851	1.2237406251438103	0.7549189824776174
0.9140995540463325	1.2226821777052561	0.7560543198961329
0.9149157452344315	1.2204708288747572	0.7585160924912739
0.9161647759480989	1.217108912099174	0.7622816052681626
0.9178398938608527	1.2126001259493429	0.7673166625266419
0.9199320312796571	1.2069496805727808	0.7735763109771231
0.9224298230037733	1.200164495936127	0.7810057690158004
0.9253196298449169	1.1922534525047128	0.7895414878218102
0.9285855685668095	1.1832276951488614	0.7991122877985393
0.9322095491400407	1.1731009911873056	0.809640516918322
0.9361713203327686	1.1618901435694942	0.8210431846438971
0.9404485247656121	1.1496154602485862	0.8332330348503114
0.9450167646445911	1.1363012807884385	0.8461195320712542
0.9498496794440975	1.1219765611546912	0.8596097461454594
0.9549190368363536	1.1066755174230334	0.8736091299705319
0.9601948381489438	1.0904383287385209	0.8880221929830326
0.9656454395718285	1.0733118991921624	0.9027530789167462
0.9712376902243282	1.055350677220586	0.9177060603579943
0.976937088026665	1.0366175295029043	0.9327859648111017
0.9827079540966064	1.0171846638779767	0.9478985477026936
0.9885136261079724	0.9971345921960988	0.9629508273170827
0.9943166707052273	0.9765611188032886	0.9778513953821522
1.0000791146699772	0.9555703329617578	0.9925107151935569
1.005762694086788	0.9342815732449911	1.0068414170022761
1.0113291202662726	0.912828318036735	1.0207585980755896
1.0167403606641572	0.891358937959589	1.0341801325075357
1.0219589325007767	0.8700372228450347	1.0470269935993697
1.0269482062530937	0.849042567825474	1.0592235895225421
1.0316727156797139	0.8285696715679463	1.0706981110654963
1.036098470569146	0.8088275678754139	1.0813828885864851
1.040193267993474	0.7900377861171106	1.0912147538725807
1.0439269975242225	0.7724314262558223	1.1001354014599087
1.0472719356434177	0.7562449545140664	1.1080917431139334
1.0502030244772116	0.741714592138545	1.1150362486111625
1.0526981300041462	0.7290692964749942	1.120927265706601
1.0547382750535843	0.718522525465958	1.1257293122119572
1.056307842714268	0.7102632198654416	1.1294133334377543
1.0573947462149726	0.7044466921213014	1.13195691884954
1.0579905619092291	0.7011863123232879	1.1333444726287687
1.0580906226787645	0.7005469551937302	1.1335673338782144
1.057694069844292	0.7025410613010874	1.1326238434283484
1.056803862512797	0.7071278627740689	1.1305193555377278
1.0554267441681913	0.7142158851952723	1.1272661941845343
1.0535731671967494	0.7236683701634469	1.122883555063185
1.051257176899319	0.7353108854884677	1.1173973557737833
1.0484962573487717	0.7489401859628121	1.1108400379701526
1.045311142176829	0.764333379267229	1.103250326363377
1.041725593995989	0.7812566019343371	1.0946729504190031
1.0377661566621144	0.7994726492465636	1.0851583352987533
1.0334618849486783	0.8187472582937437	1.0747622690534622
1.0288440564290464	0.8388539627369452	1.063545553250044
1.0239458704480047	0.8595775955970152	1.051573644098926
1.0188021390139668	0.8807166097954962	1.0389162907328697
1.0134489742693755	0.9020844261060421	1.025647176573122
1.0079234769137544	0.9235100206056206	1.011843568710522
1.0022634295792783	0.9448379439651652	0.9975859789374572
0.9965069987131564	0.9659279349189601	0.9829578385071025
0.9906924480246884	0.9866542579708715	0.968045186889429
0.9848578660288589	1.0069048654077515	0.9529363727677854
0.9790409096822809	1.02658045811483	0.9377217633145903
0.9732785655790254	1.0455934990918239	0.9224934554562342
0.9676069296693095	1.063867217662527	0.9073449804650009
0.9620610059955909	1.081334630478794	0.8923709909122254
0.9566745245188659	1.097937596760087	0.8776669169353182
0.9514797777395475	1.1136259190427522	0.8633285771142493
0.9465074755067802	1.1283564964083364	0.8494517282763627
0.9417866171591106	1.1420925342109052	0.8361315385554766
0.9373443799473918	1.154802812341518	0.8234619693574288
0.9332060225554202	1.166461012764433	0.8115350548604305
0.9293948024513093	1.1770451062259568	0.8004400725768958
0.9259319057674849	1.1865367975246328	0.790262605458213
0.9228363884146974	1.1949210284381488	0.7810835049443906
0.9201251271786152	1.2021855372577968	0.772977774839323
0.9178127796213055	1.2083204738375912	0.7660134071479523
0.9159117517079336	1.2133180690913383	0.7602502118835656
0.9144321721963269	1.2171723579455997	0.7557386918913491
0.9133818729591644	1.2198789548656193	0.7525190193844883
0.9127663745512574	1.2214348812053086	0.7506201717737627
0.9125888764847988	1.2218384437845746	0.7500592796057769
0.9128502518308799	1.2210891642623887	0.7508412288939182
0.9135490459240931	1.219187759047781	0.7529585446344998
0.9146814791072733	1.216136169669765	0.7563915635215346
0.9162414536139845	1.2119376437077856	0.7611088840911169
0.9182205648461603	1.2065968665628752	0.7670680642141684
0.9206081174621398	1.2001201445236354	0.7742165212102666
0.9233911468444636	1.1925156397458012	0.7824925803962619
0.9265544466653559	1.18379365791641	0.7918266142368326
0.9300806034078956	1.1739669895075215	0.8021422161513068
0.9339500388295596	1.1630513056335083	0.8133573594480865
0.9381410614673636	1.1510656096001437	0.8253855013688786
0.9426299283764129	1.1380327452584118	0.8381366032760604
0.9473909183600107	1.1239799632289753	0.8515180492013669
0.9523964179846233	1.108939545911016	0.8654354552010711
0.9576170216704835	1.0929494918811358	0.879793370524496
0.9630216471027762	1.0760542597489409	0.8944958781582871
0.9685776671137354	1.0583055706558826	0.9094471068183939
0.9742510590377326	1.039763267224161	0.9245516690928451
0.9800065723361738	1.0204962246592897	0.9397150414803229
0.985807915024746	1.000583306574173	0.9548439018579838
0.9916179591121844	0.9801143535193042	0.9698464387784739
0.9973989648796547	0.95919118563424	0.9846326452365315
1.0031128233981366	0.9379285916111523	0.9991146074052559
1.0087213162052329	0.9164552635066513	1.0132067965145024
1.0141863905538486	0.8949146200462897	1.0268263696734357
1.0194704481161314	0.8734654392692568	1.0398934831320232
1.024536644493438	0.8522821944447153	1.052331619305951
1.0293491963651862	0.83155495591615	1.0640679269093882
1.033873692625822	0.8114886883881373	1.0750335717862152
1.0380774054312103	0.7923017433485113	1.0851640945298304
1.0419295967232507	0.7742233286571979	1.0943997697534311
1.0454018155448594	0.7574897447900124	1.1026859609307027
1.0484681813128152	0.7423392260061332	1.1099734640805305
1.0511056481981844	0.7290053309624799	1.1162188332223346
1.053294245881659	0.7177090005798699	1.1213846804798644
1.0550172922092254	0.7086496349432528	1.1254399439522544
1.056261573669974	0.7019958044956087	1.1283601169862179
1.057017490145659	0.6978764449431638	1.1301274332494706
1.0572791610266312	0.6963735138021994	1.1307310029906474
1.057044490532351	0.6975170407899112	1.1301668970370569
1.0563151908926918	0.701283256321193	1.1284381763821456
1.0550967629109747	0.7075960683254003	1.1255548666000106
1.0533984343112943	0.7163316743308946	1.1215338777395527
1.0512330571402793	0.7273256671564811	1.116398871742336
1.0486169663167846	0.7403817211060841	1.1101800807401871
1.0455698021742974	0.7552808756384906	1.1029140807718845
1.0421143004957587	0.7717905440560973	1.0946435264652332
1.0382760540793232	0.7896726004047226	1.0854168530234827
1.034083250282418	0.8086901614689875	1.0752879523999013
1.0295663892619382	0.8286129206568547	1.064315830818557
1.024757987758811	0.8492210720649513	1.0525642547857288
1.0196922732688871	0.8703079771651114	1.0401013924264018
1.0144048733087012	0.8916817815101545	1.0269994563718479
1.0089325042369237	0.9131662004008791	1.013334353520064
1.0033126637479042	0.9346006770328253	0.9991853457996415
0.9975833307311414	0.9558400876985538	0.9846347246012449
0.9917826757112141	0.9767541354976259	0.9697674998174322
0.9859487845663812	0.997226542289839	0.9546711024740132
0.9801193976918593	1.017154121083774	0.9394350977782059
0.9743316662431607	1.0364457886080853	0.9241509030976713
0.9686219265829703	1.0550215603374742	0.9089115029882363
0.9630254935751529	1.072811557105487	0.8938111510045693
0.9575764729326635	1.0897550428290645	0.8789450457937016
0.9523075924405406	1.105799506009727	0.8644089670703075
0.9472500515457942	1.1208997928790834	0.8502988557439122
0.9424333885355783	1.1350172967666086	0.8367103220039436
0.9378853643136826	1.148119206056269	0.82373806590449
0.933631861631308	1.1601778116435668	0.8114751972769965
0.9296967985280833	1.1711698738735588	0.8000124459535158
0.9261020546882768	1.1810760483669032	0.7894372595184874
0.9228674094104825	1.1898803698102376	0.7798327941427734
0.9200104899201323	1.1975697926198312	0.7712768142192388
0.917546728817509	1.2041337873305962	0.7638405278750859
0.9154893295435754	1.2095639915808958	0.7575873969408061
0.9138492388565937	1.213853914633583	0.7525719702146302
0.9126351254392774	1.2169986944799986	0.7488387962787468
0.911853363895056	1.2189949067061305	0.7464214751583006
0.9115080235395304	1.2198404244513632	0.745341905602898
0.9116008615464929	1.2195343289550686	0.7456097762462983
0.9121313201650895	1.2180768703606493	0.7472223348115886
0.9130965278838679	1.2154694786269065	0.7501644512777006
0.9144913045776569	1.2117148245795593	0.7544089706732287
0.9163081708329478	1.2068169313183421	0.7599173314612566
0.9185373618057707	1.200781336374176	0.7666404087646467
0.9211668461214514	1.1936153051834493	0.7745195298334904
0.9241823504761764	1.1853280966083952	0.7834876031825018
0.9275673907437921	1.1759312813802845	0.793470302769839
0.9313033105245012	1.1654391144694076	0.8043872536537021
0.9353693281914476	1.153868962485122	0.8161531743838392
0.9397425935922219	1.1412417872683913	0.8286789423606586
0.9443982556397651	1.127582686841251	0.8418725599880598
0.9493095420758879	1.1129214947939474	0.8556400104003958
0.9544478527042748	1.0972934389812103	0.8698860009870325
0.9597828673629443	1.080739860000584	0.8845146003943272
0.9652826698328301	1.06330898924631	0.899429780018372
0.9709138887543552	1.045056785237013	0.9145358743256975
0.9766418564437856	1.0260478252114906	0.9297379759214719
0.9824307862628257	1.0063562464047835	0.9449422814642782
0.9882439688977369	0.9860667275875524	0.9600564036526891
0.9940439875492717	0.9652754958876374	0.9749896629012993
0.9997929516260587	0.9440913359907485	0.9896533702532586
1.005452748077722	0.9226365677866161	1.0039611107580257
1.0109853090098848	0.9010479435526945	1.0178290341403842
1.0163528937031854	0.8794773960525714	1.0311761572185218
1.0215183826274488	0.8580925439528772	1.043924680279531
1.026445580517914	0.8370768309194828	1.0560003175481416
1.031099525081571	0.8166291411985702	1.0673326400298841
1.0354467974489887	0.7969627012572726	1.0778554274011944
1.0394558301010992	0.7783030513112489	1.0875070242770117
1.0430972077009528	0.7608848636124498	1.0962306951261738
1.04634395606603	0.7449474115796859	1.1039749713362772
1.0491718144424433	0.7307285725942947	1.1106939834588851
1.0515594862994238	0.718457391781575	1.1163477714930943
1.0534888640582347	0.7083454469286004	1.1209025661855316
1.054945223504213	0.7005775166571077	1.1243310347251805
1.0559173840998946	0.6953023172732902	1.1266124848721488
1.0563978320099	0.6926242654914304	1.1277330224530355
1.0563828033477487	0.6925972658018532	1.1276856582460488
1.055872325939623	0.6952213604658164	1.1264703615244127
1.0548702187435917	0.7004427227910013	1.124094058878117
1.0533840489368167	0.7081569950684002	1.1205705783403124
1.0514250475565485	0.7182154928717854	1.1159205402500456
1.0490079854233931	0.7304334390433327	1.110171197634404
1.0461510118580999	0.7445992286255851	1.1033562301373754
1.0428754594003473	0.7604837665120251	1.0955154966124054
1.039205618327683	0.7778491107844608	1.0866947523881734
1.0351684852387169	0.7964559179455771	1.0769453378773701
1.0307934902960405	0.8160694485328452	1.06632384559891
1.0261122079160547	0.8364641049099162	1.0548917728047544
1.0211580557468993	0.8574266180072914	1.042715166732068
1.0159659866979696	0.8787580788985577	1.0298642690335313
1.0105721785872297	0.9002750385482672	1.0164131651740924
1.005013725670388	0.9218098922320391	1.0024394435270407
0.9993283359282019	0.9432107394115516	0.988023867564672
0.9935540375335811	0.9643408765904804	0.9732500629339117
0.9877288974204246	0.9850780470692887	0.9582042193533082
0.9818907543509471	1.005313541412378	0.9429748051915513
0.976076968347029	1.024951217409166	0.9276522903270132
0.9703241878311404	1.043906488544969	0.9123288704979232
0.9646681353284221	1.062105314982469	0.8970981839140738
0.9591434121258057	1.0794832199920168	0.8820550085286198
0.9537833218759568	1.0959843468238581	0.8672949262226082
0.9486197127795142	1.1115605654340002	0.8529139384481056
0.943682837682711	1.1261706346344473	0.8390080168796752
0.9390012311898501	1.139779422648588	0.8256725726619524
0.9346016027105521	1.1523571873430571	0.8130018292724398
0.9305087442376007	1.1638789163092078	0.8010880871988881
0.9267454515782113	1.1743237262858635	0.7900208738512928
0.9233324577350549	1.183674321015965	0.7798859795337073
0.9202883771473296	1.1919165064198303	0.7707643897872319
0.9176296595508817	1.1990387618846796	0.7627311355369143
0.9153705522940127	1.2050318664722632	0.7558540943779931
0.9135230700465998	1.209888578906259	0.7501927877595975
0.9120969709593854	1.2136033703011642	0.7457972281974017
0.9110997384633496	1.2161722087224416	0.7427068763047776
0.910536568042472	1.2175923948162009	0.740949767920159
0.9104103584633232	1.217862447909739	0.7405418660299389
0.9107217071002403	1.2169820421581214	0.7414866804987716
0.9114689091524917	1.2149519924924699	0.7437751817790633
0.9126479607094661	1.2117742903104203	0.7473860146599434
0.9142525657793751	1.207452189034911	0.7522859972328058
0.9162741475557976	1.201990339851456	0.7584308712447527
0.9187018643530074	1.195394978113404	0.7657662551715779
0.9215226307938056	1.187674161076427	0.774228742182083
0.9247211449807178	1.1788380577839557	0.7837470822157786
0.9282799225198564	1.1688992920698553	0.7942433902225787
0.9321793383935815	1.1578733397682117	0.8056343300425154
0.9363976777887906	1.1457789813119788	0.8178322338490694
0.9409111970780499	1.1326388109510535	0.8307461288830729
0.9456941962151344	1.118479803803466	0.8442826549071573
0.9507191038393287	1.1033339418400636	0.8583468663179377
0.9559565763784702	1.0872388996434992	0.872842921488481
0.9613756123927711	1.0702387903038086	0.8876746683862213
0.9669436833054345	1.052384971006222	0.9027461398358482
0.9726268815165229	1.033736906574455	0.9179619741907856
0.9783900866905932	1.0143630872301619	0.9332277779687222
0.9841971507443978	0.9943419938041032	0.9484504465598131
0.9900111017380889	0.9737630991636895	0.9635384577785341
0.9957943664948089	0.9527278881510401	0.9784021511047457
1.0015090113439273	0.931350869159763	0.9929540031930071
1.0071169999102698	0.9097605377989529	1.0071089078116156
1.0125804663662263	0.8881002360271681	1.0207844659441496
1.0178620020389026	0.8665288279287945	1.0339012894455535
1.022924952736547	0.8452210856201064	1.0463833194610992
1.0277337236454671	0.8243676462429564	1.058158158836552
1.0322540881701476	0.8041743660142493	1.0691574160042676
1.0364534966659738	0.7848608650129059	1.079317056344887
1.0403013806660426	0.7666580358113126	1.0885777558149214
1.0437694479501936	0.7498042936480781	1.0968852507076832
1.046831963662677	0.7345403927340866	1.1041906767869918
1.0494660126682607	0.7211027400026292	1.1104508907022337
1.0516517384545312	0.7097153152306226	1.1156287665576359
1.0533725541446453	0.7005805496482855	1.1196934607595017
1.0546153215785425	0.6938697922547138	1.1226206387866553
1.0553704949439602	0.6897142424847403	1.1243926582984658
1.055632226078101	0.6881973683259011	1.124998703980198
1.0553984292976595	0.6893497862695926	1.1244348706888394
1.0546708044253634	0.6931473222029482	1.1227041927587953
1.0534548175377256	0.6995125378756794	1.119816618706508
1.0517596398322908	0.7083194990306205	1.1157889319825913
1.0495980458719154	0.7194011111061922	1.1106446198055884
1.0469862732795983	0.7325580658769689	1.1044136934192954
1.0439438467019062	0.7475683738452453	1.097132464296165
1.040493369508468	0.7641965787253266	1.0888432818164986
1.036660287229484	0.7822019910888292	1.0795942387485526
1.0324726271393314	0.801345555956198	1.0694388514064321
1.0279607186634938	0.821395218903872	1.0584357216464522
1.0231568994165536	0.8421298417310824	1.0466481878626595
1.0180952116743383	0.863341833813488	1.0341439718487055
1.0128110939524857	0.8848387186088307	1.0209948278035157
1.0073410721197305	0.906443863555803	1.0072761988743482
1.001722454134114	0.9279965832627712	0.9930668854591898
0.9959930320727871	0.9493517944144785	0.9784487280418055
0.9901907946516112	0.9703793657767485	0.9635063056212828
0.9843536529197237	0.9909632736366202	0.9483266488438828
0.978519181286583	1.0110006446449826	0.9329989647770918
0.9727243755127785	1.0304007451277972	0.917614367925877
0.9670054287876868	1.0490839582540508	0.9022656096416508
0.9613975265400816	1.0669807772648632	0.8870467956066804
0.9559346601932703	1.084030833408808	0.8720530787213043
0.9506494596921267	1.1001819704615186	0.8573803126590359
0.945573044300687	1.1153893730205073	0.8431246498234563
0.940734890898524	1.1296147525865061	0.8293820667393894
0.9361627187920907	1.1428255933322038	0.8162478003887671
0.9318823899019619	1.1549944580929896	0.8038156810352238
0.9279178230851831	1.166098354257895	0.7921773510260569
0.9242909212992804	1.176118158726986	0.7814213651789261
0.9210215103053483	1.1850381008205633	0.7716321767292738
0.9181272876368061	1.1928453018977851	0.762889023217514
0.9156237806214397	1.199529370416787	0.7552647385309782
0.9135243123318558	1.2050820512109097	0.7488245295495832
0.9118399744482334	1.2094969278444085	0.7436247670393276
0.9105796061420945	1.2127691770317672	0.7397118489006356
0.9097497782271043	1.2148953742481774	0.737121197919676
0.9093547819688105	1.215873349818549	0.7358764544498709
0.9093966220973224	1.2157020949439323	0.7359889163326689
0.909875013722767	1.2143817173042695	0.7374572641836292
0.9107873830116159	1.211913446061541	0.7402675912954888
0.912128871641088	1.20829968627544	0.7443937360863341
0.9138923452078095	1.2035441229312742	0.7497978939631145
0.916068405924617	1.197651874965477	0.7564314673421259
0.9186454100942497	1.1906296998538708	0.7642360994692093
0.9216094909992995	1.1824862495000235	0.7731448307938926
0.924944587991528	1.1732323783212104	0.7830833161081809
0.9286324826980134	1.1628815045739753	0.7939710456676632
0.9326528433825619	1.15145002608303	0.8057225226340894
0.9369832786045873	1.1389577916270646	0.8182483606991496
0.9415994013989601	1.1254286292778173	0.8314562780071296
0.9464749052540982	1.1108909329613001	0.8452519751220415
0.9515816531856777	1.095378308376509	0.8595398948304347
0.9568897811845076	1.0789302791119086	0.8742238695129301
0.9623678172530303	1.0615930532612452	0.8892076675033933
0.9679828171311877	1.0434203499350307	0.9043954534050274
0.9737005176442872	1.0244742836154654	0.919692179034855
0.979485508380371	1.0048263020596055	0.9350039218867677
0.9853014221211964	0.9845581700694013	0.9502381871130873
0.9911111441100223	0.9637629864498833	0.9653041873669024
0.9968770398442913	0.9425462142582365	0.9801131127097065
1.0025612006377103	0.9210266942515819	0.9945784003983918
1.008125705713049	0.8993375973973957	1.008616011892566
1.0135328990754426	0.877627253520449	1.0221447219902031
1.0187456788905904	0.8560597689098137	1.0350864226917862
1.023727796569344	0.8348153158470124	1.047366442268322
1.0284441622588434	0.8140899425763598	1.05891387810532
1.0328611529798342	0.7940947163396499	1.0696619402404972
1.036946919251419	0.7750539810577943	1.0795483011252023
1.0406716857272647	0.7572024956256155	1.088515446032549
1.0440080411503707	0.740781233752207	1.0965110177180248
1.0469312128324197	0.7260316901796842	1.1034881484159735
1.0494193208907967	0.7131886680682644	1.1094057720294512
1.051453607639055	0.702471726036638	1.1142289094360918
1.0530186378275936	0.6940757281820439	1.117928920178348
1.0541024658667728	0.6881612242316499	1.1204837144145579
1.054696766725407	0.6848456179643168	1.12187791985188
1.054796927868242	0.6841961746632303	1.1221029994297629
1.0544021003563069	0.6862258056862229	1.1211573167330915
1.0535152080587775	0.6908922384096627	1.119046147441044
1.052142914786557	0.6981006952984995	1.115781636510138
1.050295550025778	0.7077096886472445	1.1113827021946472
1.0479869947941105	0.7195391227387004	1.1058748893710149
1.0452345299345183	0.7333796773954169	1.0992901759025941
1.0420586498740374	0.7490024487454855	1.0916667369088429
1.0384828454863009	0.7661679994413201	1.0830486727457853
1.034533360188635	0.7846342400481203	1.0734857072255748
1.0302389237652754	0.8041628444400905	1.063032863073406
1.025630468631782	0.8245241378259625	1.0517501218183045
1.020740833341699	0.8455005607455158	1.0397020752265353
1.0156044580904455	0.8668889055746579	1.0269575750050517
1.0102570768033743	0.8885015576856564	1.0135893868260348
1.0047354101197672	0.9101669699943274	0.9996738537554296
0.9990768632190273	0.9317295741915634	0.9852905729150112
0.9933192319995453	0.9530492972701686	0.9705220876798702
0.9875004206344387	0.9740008162331202	0.9554535959257381
0.9816581730123182	0.994472651586818	0.9401726728135142
0.9758298200443865	1.0143661732696456	0.9247690043624279
0.9700520442991446	1.0335945713529997	0.9093341256623962
0.9643606629283902	1.0520818276677744	0.8939611550788192
0.9587904293853249	1.0697617126066004	0.878744513308289
0.9533748540177057	1.0865768228290047	0.8637796137948046
0.948146043253084	1.1024776696344847	0.8491625090099895
0.9431345567835533	1.117421823688175	0.8349894756954428
0.9383692819058996	1.131373119051594	0.8213565216817637
0.9338773239795494	1.1443009176844519	0.8083587977070394
0.9296839118266509	1.1561794344486849	0.7960899001488098
0.9258123168125797	1.1669871219531596	0.7846410551128516
0.9222837843064022	1.176706114180911	0.774100181130456
0.919117476223816	1.1853217276399513	0.764550836825742
0.9163304233941179	1.1928220187080647	0.7560710710213142
0.9139374865620432	1.1991973958556954	0.7487322051312029
0.9119513249293353	1.2044402855021843	0.7425975901684952
0.9103823712542914	1.2085448503695098	0.7377213917006823
0.9092388126561695	1.2115067593333657	0.7341474638342488
0.9085265764108049	1.2133230079256765	0.7319083761018828
0.9082493201713945	1.2139917888105796	0.7310246537186551
0.9084084262011484	1.2135124117336247	0.7315042816419612
0.9090029993608207	1.2118852726286233	0.7333425068368957
0.9100298687522408	1.2091118717549734	0.7365219528012069
0.9114835930776647	1.205194880929018	0.7410130382453655
0.9133564699330671	1.2001382601027015	0.7467746707120995
0.9156385494101954	1.1939474237296845	0.7537551685080308
0.9183176525356224	1.1866294575406802	0.7618933525517574
0.921379395223793	1.178193386523105	0.7711197445392689
0.9248072185622422	1.1686504950622807	0.7813578090326035
0.9285824263781166	1.1580147003477586	0.792525183637993
0.9326842311520775	1.146302980272242	0.8045348517419705
0.9370898094438292	1.1335358571426413	0.8172962245218712
0.941774368068753	1.1197379385664468	0.8307161114892317
0.9467112223108676	1.1049385168480164	0.8446995703664781
0.9518718874689232	1.0891722280891392	0.8591506367930983
0.9572261850033256	1.0724797718779349	0.8739729417966241
0.9627423644767393	1.05490869188024	0.8890702300906133
0.9683872423554643	1.0365142166864854	0.9043467952693377
0.9741263585584419	1.0173601587241	0.9197078491903546
0.9799241514030194	0.9975198666498382	0.9350598426600741
0.9857441513012021	0.977077223014077	0.9503107533436355
0.9915491932078382	0.956127673637439	0.9653703549455366
0.9973016474171662	0.9347792674078348	0.9801504794272446
1.002963667852708	0.9131536742912647	0.9945652815553854
1.0084974565067606	0.8913871343362516	1.0085315125664696
1.0138655421720806	0.86963127041748	1.0219688073010789
1.0190310710841708	0.848053671719055	1.0347999868781508
1.023958106574989	0.8268381234710437	1.046951376897884
1.0286119343469156	0.8061843225447056	1.0583531393139385
1.0329593695292358	0.7863068818336959	1.068939614523706
1.0369690612986362	0.7674333960626925	1.0786496689059266
1.0406117905497123	0.7498013294791007	1.087427041998668
1.0438607559094004	0.7336535082074696	1.0952206867654177
1.0466918433153263	0.7192320760990508	1.1019850959464867
1.049083874433621	0.7067709194577773	1.1076806073364833
1.0510188293835392	0.6964867881853462	1.1122736809603742
1.0524820395649577	0.6885696206435195	1.1157371415274915
1.0534623468459257	0.6831728671780537	1.1180503802061057
1.053952225950756	0.6804048239078364	1.1191995106521218
1.0539478675771916	0.6803220462415878	1.1191774753110386
1.053449220544171	0.6829257498256657	1.117984099249301
1.0524599921026407	0.6881617278081981	1.1156260901142232
1.050987606403443	0.6959237972463019	1.1121169842180787
1.0490431219778733	0.7060602679573482	1.1074770401398106
1.0466411099185344	0.7183825393112808	1.1017330825831448
1.0437994952218599	0.7326747576496447	1.0949183004718566
1.0405393644438712	0.7487035154303233	1.0870720043545619
1.0368847434055302	0.7662267843104887	1.0782393490908102
1.0328623491475977	0.7850015607457408	1.0684710284630141
1.028501320665883	0.8047899843472752	1.0578229487774298
1.0238329331517446	0.8253639148940272	1.046355888662184
1.018890300520591	0.8465081041375458	1.0341351521285704
1.0137080709392958	0.8680221776406909	1.0212302215273026
1.0083221198730332	0.8897216663174777	1.0077144163032996
1.0027692448780514	0.9114383163570552	0.9936645624338296
0.9970868659873651	0.9330198764410311	0.9791606761329755
0.9913127350904264	0.9543295245481016	0.9642856638297572
0.985484657216132	0.9752450605478443	0.9491250385924549
0.9796402261110222	0.995657959009262	0.9337666510976449
0.9738165759799112	1.0154723505971495	0.9183004309591861
0.9680501507416795	1.0346039801152123	0.9028181317861552
0.9623764916633359	1.0529791740073768	0.8874130707993018
0.9568300437827187	1.0705338390299182	0.8721798513078047
0.9514439811236226	1.0872125059351885	0.8572140539824308
0.9462500503534649	1.1029674265540828	0.8426118808650637
0.941278432236271	1.1177577289688603	0.8284697347007028
0.936557619994543	1.1315486330221411	0.8148837158027958
0.9321143135114913	1.1443107268299708	0.80194901965435
0.9279733281777307	1.156019303982833	0.7897592212098263
0.9241575171101397	1.1666537605337624	0.7784054367585348
0.9206877054400414	1.1761970505525527	0.7679753614716218
0.9175826353779547	1.1846351988793857	0.7585521903758565
0.9148589208070482	1.191956869678657	0.7502134421198561
0.9125310102312527	1.198152989435908	0.743029717720356
0.9106111570015687	1.2032164231313156	0.7370634392244133
0.9091093958601267	1.2071417024470783	0.7323676242295026
0.908033524971919	1.2099248050119944	0.7289847596075762
0.9073890927547364	1.2115629838489654	0.726945839856123
0.9071793889660519	1.2120546463649893	0.726269631053195
0.907405439658644	1.2113992824054722	0.7269622101211298
0.9080660057728855	1.2095974410825796	0.7290168118141943
0.9091575852915045	1.2066507562789595	0.7324139944348896
0.9106744190409046	1.2025620209207388	0.7371221124406663
0.9126085003807047	1.1973353103055067	0.743098062799583
