1.0	1.0	0.9999999999999999
1.005473603164065	0.9764331870584506	1.0129822108576836
1.010880617042153	0.9524487483634828	1.025712272818779
1.0161799415642365	0.9281763360355076	1.0380958190817096
1.0213307342414544	0.9037613810403915	1.0500412598064424
1.0262927217775728	0.8793661006931229	1.061460179259123
1.0310265217257928	0.8551702955134884	1.0722677324882375
1.0354939707162176	0.831371798942404	1.0823830423455376
1.0396584552670034	0.8081863969662038	1.0917295957335413
1.0434852407449062	0.7858469835731308	1.1002356362496524
1.0469417936814402	0.7646016699727549	1.1078345489548338
1.0499980924005146	0.7447105349066167	1.1144652318577908
1.0526269207905217	0.7264407120638823	1.120072447897534
1.0548041400728583	0.7100595867405369	1.1246071507403854
1.0565089335888644	0.6958260455323747	1.1280267775841781
1.05772401995135	0.6839800049801185	1.1302955023743684
1.0584358303817993	0.6747308209689382	1.131384443365594
1.0586346466695926	0.6682455853596578	1.1312718197795872
1.0583146969283768	0.6646386357539712	1.1299430533786303
1.0574742071639374	0.6639637037870233	1.1273908120469647
1.0561154075796064	0.6662099089678141	1.1236149938982518
1.0542444934977069	0.671302269311479	1.1186226519478981
1.0518715417348798	0.6791066704806334	1.1124278609452738
1.0490103842012306	0.6894385192435124	1.1050515294930543
1.045678441365246	0.7020738068937908	1.0965211620324107
1.041896519008608	0.7167611346984177	1.0868705765918982
1.0376885723621727	0.7332333930897181	1.0761395853401434
1.0330814422468653	0.7512181322699975	1.0643736459117144
1.0281045682279464	0.7704460773288057	1.0516234921652
1.0227896840216453	0.7906576149590459	1.0379447534651471
1.017170500469793	0.8116073517001371	1.023397571746395
1.0112823813276113	0.833067003468041	1.0080462255190634
1.0051620169041333	0.8548269411341058	0.9919587696085546
0.9988471002706876	0.8766967167124684	0.9752066988034792
0.9923760103302816	0.8985048577844859	0.9578646427107258
0.9857875055417155	0.9200981657000851	0.9400100979922239
0.9791204315397358	0.9413406995583836	0.9217232027761249
0.9724134453091124	0.9621125802321896	0.9030865563793021
0.9657047579776655	0.9823087096024148	0.8841850855184061
0.9590318977102815	1.0018374699631976	0.865105955878989
0.9524314936295746	1.02061944622759	0.8459385251989674
0.9459390811728229	1.0385861976318969	0.8267743308373873
0.939588928829683	1.0556790946170904	0.8077071010761313
0.9334138857983217	1.0718482291625704	0.7888327750922848
0.927445249753468	1.087051402020662	0.7702495116379778
0.9217126536400767	1.1012531872583262	0.7520576610519918
0.9162439701901419	1.114424072676867	0.7343596695191467
0.9110652327050583	1.126539673640723	0.7172598789075222
0.9062005705475467	1.1375800173193718	0.7008641807397188
0.9016721577403303	1.1475288941412205	0.6852794799121658
0.8975001730673406	1.1563732732495475	0.6706129240303944
0.8937027701110131	1.1641027788575598	0.6569708593177136
0.8902960557297129	1.1707092245722257	0.6444574856867186
0.887294075576465	1.176186202964445	0.6331732031238656
0.88470880537816	1.1805287278885983	0.6232126695221682
0.8825501468282608	1.1837329272879558	0.6146626254347295
0.8808259270912581	1.185795784458642	0.6075995806889513
0.8795419010700919	1.1867149259814436	0.6020874958265233
0.8787017557455481	1.1864884547667276	0.5981756205163125
0.8783071160569644	1.1851148268926035	0.5958966636053236
0.8783575519548251	1.1825927711503177	0.5952654592266972
0.8788505864168547	1.1789212504437068	0.5962782582593681
0.8797817043791781	1.1740994644218956	0.5989127177909744
0.8811443626924567	1.1681268929570692	0.6031285917985726
0.8829300013690393	1.1610033803135933	0.6088690561716879
0.885128056540411	1.1527292600936614	0.616062542796547
0.8877259756936774	1.143305521291893	0.6246249199332173
0.8907092359001146	1.1327340160530632	0.6344618435320719
0.8940613658861986	1.121017710011874	0.6454711148597626
0.8977639729255472	1.108160976413333	0.6575449080125025
0.9017967756460133	1.0941699355828958	0.670571768769175
0.9061376439460732	1.0790528417580878	0.6844383261805157
0.9107626472946796	1.0628205198350187	0.6990306944474974
0.9156461127442563	1.0454868552582002	0.7142355715178351
0.9207606940126978	1.0270693411327176	0.7299410611566768
0.9260774529820699	1.007589687714802	0.746037257416919
0.9315659549142749	0.9870745007994903	0.7624166358076415
0.937194378592716	0.9655560372379751	0.7789742957709377
0.9429296424600002	0.9430730479499022	0.7956080960221704
0.9487375476320131	0.9196717214063161	0.8122187193121153
0.9545829384266099	0.8954067436788166	0.8287096973065252
0.9604298807505772	0.8703424947490678	0.8449874202836243
0.9662418583433056	0.8445544046968907	0.8609611506735882
0.9719819864837416	0.8181304972564173	0.8765430543443883
0.9776132423350629	0.7911731512761587	0.8916482590690388
0.9830987106379292	0.7638011114036788	0.9061949457945179
0.9884018429794477	0.736151775319362	0.9201044751282769
0.9934867283746937	0.7083837718492519	0.9333015487998445
0.9983183724163797	0.6806798155462841	0.9457144036752209
1.002862981793184	0.6532497685969156	0.957275034139906
1.0070882505664351	0.6263337457019299	0.9679194372731129
1.0109636442465144	0.6002049436283039	0.977587874173362
1.0144606774421043	0.5751716461208254	0.98622514003741
1.0175531806832014	0.5515775391525148	0.9937808351216919
1.0202175519560144	0.5297990966531648	1.0002096285148019
1.0224329885444579	0.510238458523219	1.0054715067102051
1.0241816949545997	0.4933101277670226	1.0095319992790721
1.0254490630059494	0.4794202862856983	1.0123623744902892
1.0262238206026015	0.46893890653014897	1.0139397984903231
1.0264981462382008	0.46216718730597045	1.0142474526167409
1.0262677469268016	0.4593055887636193	1.0132746045470526
1.0255318979676256	0.46042954878901665	1.0110166302453256
1.0242934437224172	0.4654793440054873	1.0074749850242843
1.0225587593838807	0.4742670825327924	1.0026571234491375
1.0203376745153445	0.48649885977516	0.9965763692283837
1.0176433599181554	0.5018061169203445	0.9892517376244934
1.0144921801082438	0.5197789630366632	0.9807077142343589
1.010903514333436	0.5399956159393785	0.970973995201191
1.006899549618321	0.5620448182203308	0.9600851949979465
1.0025050497685342	0.5855406283029227	0.9480805288470177
0.99774710459054	0.6101306057767184	0.9350034776001284
0.9926548637814154	0.6354990600343531	0.9209014434936892
0.9872592600156549	0.6613670242136721	0.9058254056249773
0.9815927257077753	0.687490299994445	0.8898295842787172
0.9756889077697481	0.7136565314657182	0.8729711233949212
0.9695823844239687	0.7396819266961662	0.8553098005362811
0.9633083877911631	0.7654079914041553	0.8369077737203572
0.956902535565715	0.7906984670113308	0.8178293744634251
0.9504005746364403	0.8154365575550003	0.7981409563729001
0.943838139027006	0.8395224671480732	0.7779108086520264
0.9372505240341075	0.8628712361228266	0.7572091439610418
0.9306724779490607	0.8854108483147398	0.7361081702109008
0.9241380122733442	0.9070805765726432	0.7146822560152467
0.9176802308924494	0.9278295337599345	0.6930081996111612
0.9113311782642886	0.9476153993768013	0.6711656109224329
0.9051217063150415	0.966403295843098	0.6492374158119739
0.89908135942103	0.9841647925454998	0.6273104900199575
0.8932382765921869	1.000877019527515	0.6054764271434527
0.8876191097611836	1.0165218759999477	0.5838324392892662
0.8822489569209665	1.0310853216258045	0.5624823793061243
0.8771513087397094	1.0445567408125236	0.5415378578449003
0.8723480072123958	1.056928372083275	0.5211194044533103
0.8678592148781603	1.0681947960660627	0.5013575866958271
0.863703393137461	1.0783524768015573	0.4823939523769279
0.8598972882383357	1.0873993519890128	0.4643815964136642
0.8564559235616663	1.0953344685164528	0.4474850788801788
0.853392596916986	1.1021576602002658	0.4318793451725832
0.85071888165879	1.1078692651254463	0.41774724640390826
0.8484446305447603	1.112469880359081	0.4052752667590116
0.8465779813785544	1.1159601521277531	0.394647185653849
0.845125363608114	1.1183405998209988	0.38603568346406114
0.844091505183538	1.119611472419831	0.37959235093474203
0.8434794391147203	1.1197726361606604	0.3754371163317149
0.8432905093067828	1.1188234924367575	0.3736485926855157
0.843524375389905	1.1167629251159215	0.37425703933624227
0.8441790163987216	1.1135892766168534	0.37724134652989205
0.8452507332945574	1.1093003522394767	0.3825306921509763
0.8467341504609757	1.103893452386917	0.39001052196572794
0.8486222164390793	1.0973654324498947	0.39953163446858003
0.8509062043032005	1.0897127902483759	0.410920704549579
0.8535757122095031	1.0809317810419727	0.4239906359216138
0.8566186647786233	1.0710185602317839	0.4385495551001001
0.860021316097668	1.0599693539859205	0.45440781882923853
0.8637682552450549	1.0477806581346147	0.47138290522638115
0.8678424153518206	1.0344494658073962	0.48930239667600783
0.8722250873127212	1.0199735244372468	0.5080054298387885
0.876895939346784	1.004351622953272	0.5273430255098829
0.8818330436766848	0.9875839102502276	0.5471776713586993
0.887012911645689	0.9696722463961936	0.5673824576261709
0.8924105386160441	0.95062058856862	0.5878399878598288
0.8979994599894345	0.9304354144624353	0.6084412181507285
0.903751819654383	0.9091261869863787	0.6290843242094741
0.909638452093271	0.8867058655855299	0.6496736559542139
0.9156289792694499	0.8631914716796673	0.6701188118115087
0.9216919232597698	0.838604718739978	0.6903338468019308
0.9277948353977358	0.8129727217927049	0.7102366170645231
0.9339044424465573	0.7863288071335999	0.7297482566427933
0.9399868100301467	0.7587134514643687	0.7487927785231745
0.9460075232159415	0.7301753915220227	0.7672967899625139
0.9519318837704143	0.7007729619908882	0.7851893113028716
0.957725123202514	0.6705757430950963	0.8024016872530672
0.9633526302804044	0.6396666326297823	0.8188675797060498
0.968780191263126	0.6081445042552435	0.8345230313753227
0.9739742406435721	0.5761276798734131	0.8493065897726627
0.9789021197664362	0.5437585351025375	0.8631594812687208
0.983532340279762	0.5112096790943067	0.8760258251678331
0.9878348490173684	0.47869230365506843	0.887852877899829
0.9917812906075795	0.4464674634356899	0.8985912976077362
0.995345263876612	0.4148611583049197	0.9081954196193477
0.9985025679762458	0.3842839433324797	0.9166235335617224
1.0012314341263229	0.35525491793516906	0.9238381532375085
1.0035127389313565	0.32842736828878755	0.9298062708523865
1.0053301954114353	0.30460747422779666	0.9344995877794303
1.0066705181808384	0.2847470744269759	0.9378947147767791
1.0075235596088419	0.2698795803065724	0.9399733354396416
1.0078824142970924	0.2609698421334358	0.9407223276581531
1.0077434897931592	0.25868999954489963	0.9401338389530614
1.0071065421131271	0.26321225188413666	0.9382053127489276
1.005974675346792	0.2741474861597828	0.9349394638910695
1.0043543053443704	0.2906744229000583	0.9303442029855593
1.002255088209611	0.3117692906161011	0.9244325104065751
0.999689815026757	0.3364089957878702	0.9172222620375533
0.9966742749050618	0.3636872823632612	0.9087360099587775
0.9932270890137013	0.3928532235365296	0.8990007223348132
0.9893695187844646	0.42330530463898913	0.8880474876662917
0.9851252518657226	0.4545681467170825	0.8759111893343813
0.9805201697096372	0.486266539353283	0.8626301569728932
0.9755821008605485	0.5181026941702367	0.8482458016508249
0.970340564085916	0.5498381813615738	0.8328022421444166
0.9648265054561624	0.5812802213275224	0.8163459297387002
0.95907203334428	0.6122714857230969	0.7989252790490968
0.9531101550912731	0.6426825518342312	0.7805903123281374
0.9469745187829287	0.6724063022956136	0.7613923246644798
0.9406991632221918	0.7013537309112937	0.7413835774451364
0.9343182787755271	0.7294507596600994	0.7206170275036663
0.9278659813369781	0.7566357831859929	0.6991460995991265
0.9213761012055427	0.7828577387888203	0.6770245103663222
0.9148819882240098	0.8080745585955817	0.6543061527811143
0.9084163340930352	0.8322519022579421	0.6310450516728735
0.9020110123634859	0.8553620979929824	0.6072954031322195
0.8956969362313597	0.8773832406190648	0.583111714145029
0.8895039339192621	0.8982984099859148	0.5585490639165724
0.8834606411306757	0.9180949836552064	0.5336635158318066
0.8775944098104705	0.9367640251153238	0.5085127198521852
0.8719312322379468	0.9542997340945852	0.483156760881975
0.8664956793163058	0.9706989492917318	0.4576593314695753
0.8613108518029132	0.9859606965089884	0.432089340401779
0.8563983431451166	1.0000857770626956	0.4065231170082365
0.8517782125432205	1.0130763926814772	0.3810474408710851
0.8474689668516124	1.024935804041712	0.35576372653953253
0.8434875499468332	1.0356680207495699	0.33079383152990144
0.8398493382335611	1.0452775210412166	0.3062881362324729
0.8365681410220522	1.0537689997979405	0.2824367443843584
0.8336562045898586	1.0611471437042672	0.25948477483864224
0.8311242188333359	1.0674164325456377	0.2377524642830442
0.8289813255175285	1.072580965769864	0.2176594353373042
0.8272351272439871	1.0766443135387258	0.19974847137745194
0.8258916963728219	1.0796093915830083	0.18469528036512697
0.824955583256046	1.0814783592526098	0.17327698331700184
0.8244298232627394	1.0822525402269836	0.1662644745013081
0.82431594220168	1.0819323654218662	0.16423216818982786
0.8246139598731445	1.0805173376962827	0.1673594490488925
0.825322391607991	1.0780060180283046	0.17535798580630788
0.8264382477785788	1.074396032887337	0.1875841319116638
0.827957031392165	1.0696841025824253	0.20324715225811368
0.8298727340029701	1.0638660904075923	0.22158366254557563
0.8321778303036398	1.0569370724334461	0.24194520571054248
0.8348632718800243	1.0488914278062673	0.26381700055685753
0.8379184807342889	1.0397229494082203	0.2868029120782945
0.841331343299507	1.0294249747024264	0.3106006435420506
0.8450882057828776	1.0179905365315813	0.3349781204122073
0.8491738717829963	1.0054125335564101	0.3597544485364424
0.8535716032272823	0.9916839199089489	0.38478560591340466
0.8582631257664104	0.9767979134947538	0.4099540212669481
0.8632286398407394	0.960748222208165	0.4351610735532856
0.868446838696144	0.9435292871279016	0.46032170443777004
0.8738949346699586	0.9251365415406445	0.4853605372380038
0.8795486950882648	0.9055666844048056	0.5102090680128358
0.8853824891096505	0.884817966625802	0.5348036241535753
0.8913693468139555	0.8628904882828219	0.5590838783624448
0.897481031763725	0.8397865047467455	0.5829917703299394
0.9036881281576531	0.8155107394895059	0.6064707328281754
0.909960143546449	0.7900707013493327	0.6294651494556865
0.9162656278901834	0.7634770041449034	0.6519199922567186
0.922572309501355	0.7357436869135464	0.673780601895932
0.9288472481399507	0.7068885338179713	0.6949925830383997
0.9350570052075485	0.6769333941291217	0.7155017944485768
0.9411678306307125	0.6459045049790251	0.7352544180213245
0.9471458656350835	0.6138328233298105	0.7541970941380675
0.9529573601982945	0.5807543797483697	0.7722771128489003
0.958568903541688	0.5467106767421797	0.7894426517321408
0.9639476655892443	0.5117491715837866	0.8056430521028969
0.9690616469002017	0.4759239133968116	0.8208291256984074
0.9738799341839413	0.4392964580206108	0.8349534841859306
0.9783729581468826	0.4019372851072801	0.8479708839161906
0.9825127501166895	0.3639281409810433	0.8598385783586494
0.9862731936536975	0.32536614638466227	0.8705166706656661
0.9896302672065852	0.28637143541623955	0.8799684588699214
0.9925622738102314	0.24710232931191795	0.888160766361853
0.9950500538669249	0.2077879778692354	0.895064250549766
0.9970771772027414	0.16880597804147454	0.9006536829941956
0.9986301108499287	0.13089181711966258	0.9049081948400963
0.999698359370416	0.09579330417922628	0.9078114820468992
1.0002745749973716	0.0684744068327943	0.9093519657301494
1.0003546354192026	0.06086434708934647	0.9095229038642874
0.9999376876477489	0.07893083840357638	0.9083224516320461
0.9990261570806235	0.11065226940737491	0.9057536688140805
0.9976257215653567	0.14729728229622238	0.9018244737607336
0.9957452509772998	0.18577162330101202	0.8965475446414862
0.9933967135110684	0.22491115640470277	0.8899401697912098
0.9905950505342386	0.2641798646809429	0.8820240500313006
0.9873580224415412	0.30328032449814685	0.8728250568064518
0.983706028460151	0.34202066130493664	0.8623729508167827
0.9796619037775978	0.38026224743385906	0.8507010665184263
0.9752506976831986	0.4178966475793025	0.8378459683980467
0.9704994366258594	0.4548344948880918	0.8238470852896109
0.9654368761942751	0.4909997177453397	0.8087463291937107
0.9600932460227413	0.526326351487398	0.79258770508617
0.9544999915235969	0.5607566722065869	0.7754169180753069
0.9486895161555575	0.5942400355842493	0.7572809840031751
0.9426949276682539	0.6267321021187283	0.7382278492070714
0.9365497914312718	0.6581942768407442	0.7183060246888598
0.9302878935759706	0.6885932676888185	0.6975642394092105
0.9239430162657472	0.7179007080159628	0.6760511168618216
0.9175487269800832	0.7460928120114935	0.6538148785211549
0.9111381832636051	0.7731500454154737	0.6309030772305712
0.904743953966003	0.7990568020311074	0.607362363144327
0.8983978575926602	0.8238010814801487	0.5832382845017572
0.8921308180080662	0.8473741666640012	0.5585751253524139
0.8859727373912083	0.869770301217436	0.5334157824459536
0.8799523860389153	0.8909863683069494	0.5078016839671908
0.874097308352453	0.9110215726989547	0.48177275381901424
0.868433744125684	0.9298771282744116	0.4553674270365242
0.8629865640795302	0.9475559532076261	0.42862272517199884
0.8577792184558299	0.9640623749330905	0.40157440603566336
0.8528336973914777	0.979401846847344	0.3742572116802523
0.8481705017378627	0.9935806784693783	0.34670525513610606
0.843808622967465	1.006605780539003	0.31895261635609057
0.8397655308151812	1.018484426286106	0.29103427391831727
0.8360571673326553	1.0292240298677142	0.2629876089998535
0.8326979460857441	1.038831942752866	0.2348549457393298
0.8297007552946715	1.0473152686430496	0.20668809434923002
0.827076963800145	1.0546806973514735	0.1785570593680034
0.8248364288337054	1.0609343579289825	0.15056819700847743
0.822987504674392	1.0660816912177578	0.1229062093636755
0.8215370513841914	1.0701273419348107	0.09594469032971817
0.8204904429299783	1.0730750703335508	0.07058657590706666
0.8198515741183113	1.0749276834606012	0.049464687078153234
0.8196228658904581	1.0756869860134375	0.040052540917344524
0.8198052686475688	1.07535375080877	0.049570454776061895
0.820398263399441	1.073927708888282	0.07074415408876124
0.8213998606543885	1.07140755931353	0.09613586058644819
0.8228065970920956	1.067790998731803	0.12313047418947538
0.8246135301856726	1.0630747708257267	0.15083040494005331
0.8268142310632342	1.0572547357878952	0.17886399060471336
0.8294007760227711	1.0503259599844388	0.20704745366661545
0.832363737236415	1.0422828259852683	0.2352750275310322
0.8356921733006192	1.0331191631413068	0.2634771801877591
0.8393736204064141	1.022828398878623	0.29160253666756847
0.8433940850173	1.011403730855263	0.3196092020619502
0.8477380390499976	0.9988383200893916	0.34746023030969314
0.8523884186530328	0.9851255051194845	0.3751210870558121
0.8573266277675974	0.9702590372037974	0.40255814455238237
0.8625325477314265	0.954233336515413	0.4297377463912039
0.8679845542463678	0.9370437692538771	0.4566256064645882
0.8736595430702586	0.9186869455940209	0.4831864160789909
0.8795329658099631	0.8991610384551789	0.509383589037055
0.8855788771808865	0.878466123240115	0.5351791043671237
0.8917699950550574	0.8566045390205942	0.5605334229615999
0.89807777454116	0.8335812722192657	0.5854054638789914
0.9044724972222091	0.8094043647763602	0.6097526316145184
0.9109233765171121	0.7840853502721172	0.633530888912633
0.9173986799291726	0.7576397237655123	0.656694871591362
0.9238658686967882	0.7300874546051778	0.6791980428876149
0.9302917550697597	0.701453556782391	0.7009928853153333
0.9366426771009289	0.6717687394903786	0.7220311281370196
0.9428846904713298	0.6410701729692948	0.7422640083993594
0.9489837764637364	0.6094024239729149	0.761642563153074
0.9549060647724911	0.5768186455104275	0.7801179500219283
0.9606180693970184	0.5433821541224992	0.797641792750183
0.9660869354244828	0.5091686075286487	0.8141665477792995
0.9712806940773869	0.4742691288449933	0.8296458873174796
0.9761685229994527	0.43879495276535174	0.844035093801793
0.9807210083935053	0.40288457344271117	0.857291460142773
0.9849104053239781	0.36671510578025607	0.8693746897144723
0.9887108922690758	0.3305209270104704	0.880247289735752
0.9920988158670362	0.29462520675753706	0.8898749515046699
0.9950529217585877	0.2594946419033306	0.8982269109166485
0.9975545674917536	0.22583575024276728	0.9052762828330422
0.9995879136300968	0.19476069751088051	0.9110003631779249
1.0011400894916658	0.1680404125257158	0.9153808931289903
1.0022013303390487	0.14833588307074294	0.9184042804276454
1.0027650833323924	0.13887568581177123	0.9200617736508552
1.0028280801338825	0.14182745112964595	0.9203495862433843
1.0023903746970275	0.15649056177349654	0.9192689681780483
1.0014553454670372	0.17994630357561295	0.9168262242628243
1.0000296619370665	0.20912273849003676	0.9130326793132325
0.9981232162255852	0.24178499175008322	0.9079045916206501
0.9957490210386505	0.2765017057101288	0.9014630173369168
0.9929230760348053	0.3123729329129688	0.8937336295295583
0.9896642051989628	0.3488167181915793	0.8847464967112442
0.9859938683373951	0.38543939979815295	0.8745358265884955
0.9819359502150325	0.42196151772548335	0.8631396815921729
0.9775165311591685	0.45817554811957584	0.8505996734384081
0.9727636431453917	0.49392129460740314	0.8369606445251286
0.9677070154617239	0.5290711498338425	0.8222703444078528
0.962377814019322	0.563520992911282	0.8065791099410295
0.9568083782504202	0.5971843870320713	0.789939557950582
0.9510319593172253	0.6299887583332504	0.7724062995633809
0.9450824630625128	0.6618727918037792	0.7540356856158689
0.9389942007786208	0.6927845901306717	0.7348855929658217
0.9328016504721157	0.7226803193616168	0.715015262122098
0.926539230872406	0.7515231700980339	0.6944851974888838
0.9202410899892616	0.7792825262194102	0.6733571428168688
0.9139409095805704	0.8059332722132412	0.6516941463143026
0.9076717264601869	0.8314551947945555	0.629560732478847
0.9014657711670258	0.8558324502631395	0.6070232012871459
0.8953543241390752	0.8790530792808365	0.5841500801833489
0.889367589196208	0.901108557457716	0.5610127606325602
0.8835345838379205	0.9219933745507961	0.5376863591447013
0.8778830456088706	0.9417046379820332	0.5142508528486746
0.8724393535771338	0.9602416982757558	0.49079255188178106
0.8672284638067116	0.9776057952292289	0.46740598443589615
0.862273857585185	0.9937997243841674	0.4441962833692847
0.8575975010867061	1.0088275238115267	0.4212821713850733
0.853219815106297	1.0226941814601098	0.3987996355781245
0.8491596534898979	1.0354053634232365	0.37690634370293363
0.8454342889016477	1.0469671634974131	0.35578675160822365
0.8420594046115059	1.0573858743779019	0.3356576310084932
0.8390490910486003	1.06666778078306	0.31677333328587026
0.8364158459449272	1.0748189747394274	0.29942941653356847
0.8341705769869945	1.081845193204069	0.2839622798167753
0.832322605996671	1.087751678157235	0.27074137547367594
0.8308796737744807	1.09254305927122	0.26015008873475237
0.8298479448567382	1.0962232592526415	0.2525527658804824
0.8292320115605937	1.0987954219658786	0.24824993289770347
0.8290348968170255	1.1002618634745625	0.2474309995303417
0.8292580554200315	1.100624046184628	0.25013964781874665
0.8299013734501799	1.099882576334844	0.25626572286791305
0.8309631657616922	1.0980372251570545	0.26556712321164194
0.8324401715540971	1.0950869741168976	0.27771237636334484
0.8343275481819242	1.091030084744857	0.29232824753243514
0.8366188634885912	1.0858641936763334	0.30903947938358706
0.8393060870832082	1.079586433637674	0.3274950207817624
0.8423795811109209	1.0721935812438241	0.3473813079611098
0.8458280911978304	1.0636822326149402	0.3684260903181773
0.8496387383793474	1.0540490079786355	0.3903966016788042
0.8537970129445596	1.0432907866088668	0.41309499584865633
0.858286771246933	1.0314049736731628	0.4363528932003992
0.863090236641021	1.0183898008328447	0.4600260414697407
0.8681880058030437	1.0042446627889428	0.48398954863496324
0.873559061776868	0.9889704924206497	0.5081338365226159
0.8791807951524011	0.9725701777660166	0.532361308034836
0.885029034826556	0.9550490249034521	0.5565836538510018
0.8910780898134196	0.9364152718844458	0.580719704130905
0.897300803555533	0.9166806603456084	0.6046937326877225
0.9036686221377467	0.8958610734283685	0.6284341321238452
0.910151677714753	0.8739772513387066	0.6518723919155703
0.9167188883292378	0.8510555995261826	0.6749423243614968
0.9233380751166579	0.8271291093641974	0.6975794944899443
0.9299760976628991	0.8022384177773244	0.7197208191650422
0.9365990080018267	0.7764330410020637	0.741304307849267
0.9431722234120034	0.7497728292197381	0.7622689230306289
0.9496607177984674	0.7223297039036337	0.7825545424950899
0.9560292310315267	0.6941897591423901	0.8021020086899925
0.9622424951672653	0.665455832512973	0.8208532526171926
0.9682654760036004	0.6362506801552017	0.8387514812121579
0.97406362794321	0.6067209226266597	0.8557414181703779
0.9796031596544509	0.5770419569471342	0.8717695888097956
0.9848513075593136	0.5474240416907828	0.8867846399196314
0.9897766137504428	0.5181197255687893	0.9007376857359394
0.9943492045648474	0.4894326458881574	0.9135826712820622
0.9985410657374657	0.4617273640208823	0.9252767443850113
1.0023263098395132	0.4354391587642596	0.935780627783201
1.005681431588781	0.41108134467823354	0.9450589829233459
1.0085855466132385	0.38924557815366106	0.9530807573412353
1.0110206093630678	0.37058806833170305	0.9598195079592831
1.0129716061030078	0.35579307828091417	0.9652536932299586
1.0144267192750203	0.34550771947296416	0.9693669278151117
1.0153774599941898	0.34025232623973495	0.9721481944137632
1.015818766016682	0.34032764562598605	0.9735920084225919
1.0157490631810993	0.34575299459143183	0.973698532313312
1.0151702890531418	0.3562633504119134	0.972473637911207
1.0140878782744336	0.3713665925578738	0.9699289161256586
1.0125107099038837	0.39043446022147715	0.9660816350792207
1.010451017817479	0.4127928588141967	0.9609546489677167
1.0079242659737433	0.4377890488758291	0.9545762613215838
1.004948991032941	0.46483028465598175	0.9469800475924383
1.0015466154169141	0.4933993166203509	0.9382046431271372
0.9977412343956753	0.5230552563112281	0.9282935035887765
0.9935593811734648	0.5534269866892131	0.9172946457212132
0.989029774212984	0.5842037997644732	0.9052603770189314
0.9841830511790465	0.6151258126516214	0.8922470233523531
0.9790514939041272	0.6459753198789667	0.8783146639107146
0.9736687486849297	0.6765694616248581	0.8635268829649699
0.9680695460217895	0.7067542072675184	0.8479505479278202
0.9622894236252623	0.7363994970960678	0.8316556230003844
0.9563644561525846	0.7653953417006412	0.8147150273418713
0.950330994718267	0.7936486863924732	0.7972045461632696
0.9442254187655564	0.8210808750654803	0.7792028023915017
0.9380839024063644	0.8476255790598766	0.7607912955093825
0.9319421968527665	0.8732270854008913	0.7420545127403209
0.9258354300880812	0.8978388630809527	0.7230801157508882
0.91979792447242	0.9214223455682167	0.7039592032548752
0.9138630325569386	0.9439458829604501	0.6847866460002416
0.9080629910007381	0.9653838288901441	0.66566148519189
0.9024287921501346	0.9857157361464964	0.6466873779436093
0.8969900725552272	1.0049256416410965	0.6279730632955672
0.8917750174647366	1.0230014263209581	0.6096328091310544
0.8868102801565372	1.039934239331932	0.5917867836074692
0.8821209148263666	1.0557179784733899	0.5745612745691352
0.8777303216678134	1.0703488210040046	0.5580886578124995
0.8736602027290377	1.0838248003432729	0.5425069924887089
0.8699305271214134	1.0961454253044725	0.5279591039656383
0.8665595041776522	1.1073113392981624	0.514591008399155
0.863563563207302	1.117324017540965	0.5025495488896248
0.8609573385712286	1.1261855007523416	0.491979161350596
0.8587536588894553	1.1338981641670711	0.48301777774033855
0.8569635393047382	1.140464520966447	0.47579200600099003
0.855596175844085	1.1458870594610755	0.4704118868049462
0.8546589410492059	1.1501681135603599	0.4669656861004207
0.8541573801824066	1.153309766250766	0.46551529383441526
0.8540952074547876	1.1553137859856526	0.4660928156693858
0.854474301867583	1.1561815960698056	0.46869883710215393
0.855294702404102	1.1559142773058062	0.47330261624414466
0.8565546024584068	1.1545126043597709	0.4798441721891126
0.8582503435371983	1.1519771165025736	0.48823795569511147
0.8603764084230456	1.1483082235910829	0.4983775894060734
0.8629254141397195	1.14350634837377	0.5101410864420824
0.8658881052134693	1.137572106438531	0.5233959972456877
0.869253347876823	1.1305065253707536	0.5380040601031423
0.8730081260126648	1.1223113049609925	0.553825092393197
0.8771375397843187	1.1129891206002764	0.5707200146559602
0.8816248080398787	1.1025439723353887	0.5885530214709942
0.8864512757131963	1.0909815824372853	0.6071929925543602
0.8915964275663193	1.0783098447768686	0.6265142775919541
0.8970379097245594	1.0645393298200871	0.6463969985604421
0.9027515605410847	1.049683849667896	0.6667270043832733
0.9087114523877209	1.0337610882962796	0.6873955938983536
0.914889945996899	1.0167933030168352	0.7082991008376418
0.9212577589706273	0.9988081041933431	0.7293384128642486
0.9277840500202148	0.9798393214151879	0.750418477735435
0.9344365203997879	0.9599279656193699	0.7714478340963354
0.9411815338426206	0.939123297996745	0.7923381922236595
0.947984256098105	0.9174840177622966	0.8130040808143622
0.954808814896385	0.8950795817283665	0.8333625690992883
0.961618480836553	0.8719916685981576	0.8533330686061454
0.9683758693043789	0.8483157991732138	0.8728372153176763
0.9750431630806673	0.8241631189344067	0.8917988303782771
0.9815823548082303	0.7996623396998371	0.910143955595414
0.9879555079537409	0.7749618193112766	0.9278009585416361
0.9941250343428796	0.7502317283614715	0.9447007009365676
1.0000539857785975	0.7256662053176958	0.9607767630766649
1.0057063566908833	0.7014853294557247	0.9759657163254086
1.0110473942319502	0.6779366384517339	0.990207435049586
1.0160439117445124	0.6552957812556386	1.0034454388818035
1.0206646011143332	0.633865733256546	1.0156272558131725
1.0248803391924914	0.6139738349218329	1.0267047963896614
1.0286644832571157	0.5959658030676649	1.0366347292213698
1.0319931503949258	0.5801959007753333	1.045378848136072
1.034845475732214	0.5670127626358583	1.052904421633633
1.0372038446401353	0.5567410655775786	1.0591845158369497
1.039054094381936	0.5496603136275008	1.0641982828905978
1.0403856811552639	0.5459832543432278	1.0679312077235734
1.0411918090999355	0.5458374046386042	1.070375307250804
1.041469518573053	0.5492532766518899	1.071529277412865
1.0412197318164782	0.556161838341574	1.0713985849090217
1.0404472550289363	0.5664017390182896	1.06999550202202
1.039160736775849	0.5797346232524047	1.0673390845148742
1.0373725835920289	0.5958653108109091	1.063455094147527
1.0350988345232133	0.6144632146169376	1.058375868860769
1.0323589971811828	0.6351819975256014	1.0521401450534822
1.0291758486261846	0.6576756370378913	1.0447928375874953
1.025575205016232	0.6816102458744911	1.0363847841478455
1.021585664457787	0.7066718616782716	1.0269724613266142
1.0172383278446626	0.7325708889519907	1.0166176802546127
1.012566502676472	0.759044023192338	1.0053872697523742
1.0076053949057349	0.785854434283035	0.9933527547919605
1.0023917937808557	0.8127908423483907	0.9805900375407045
0.9969637544427131	0.8396659561097916	0.9671790873877718
0.9913602827120069	0.8663145983119793	0.9532036451271136
0.9856210260920526	0.8925917283627123	0.9387509448804363
0.9797859745288243	0.9183704894170879	0.9239114553870957
0.9738951739386191	0.9435403506745192	0.9087786399634304
0.9679884549555584	0.968005379217669	0.893448731748274
0.9621051787865873	0.991682653445901	0.8780205178248199
0.9562840015091822	1.0145008173907137	0.8625951224875824
0.9505626576224994	1.0363987685451783	0.8472757763937547
0.9449777631791622	1.0573244689374635	0.8321675547482674
0.9395646383922516	1.0772338684656777	0.8173770642523349
0.934357149237139	1.0960899299862388	0.8030120556336373
0.9293875672546382	1.1138617466933958	0.7891809366328688
0.9246864465117651	1.130523743578915	0.7759921599308025
0.9202825164882847	1.1460549560157172	0.7635534623444643
0.9162025895282544	1.1604383796652404	0.7519709364111182
0.9124714814215872	1.173660386923727	0.7413479238305004
0.9091119436558233	1.1857102059899867	0.7317837324904916
0.9061446058967431	1.1965794593674344	0.723372194805337
0.903587927311796	1.2062617592253995	0.7162001039812365
0.901458155436351	1.2147523575608417	0.7103455848664364
0.8997692913934429	1.2220478495425782	0.7058764746795686
0.8985330604077648	1.2281459288047352	0.7028488030055089
0.8977588866994126	1.2330451937999518	0.7013054668279043
0.8974538719985744	1.2367450046382307	0.701275192551498
0.8976227770860181	1.2392453901335336	0.7027718619241856
0.8982680059337167	1.2405470050637752	0.7057942534433668
0.8993895921938494	1.2406511379248306	0.7103262182140005
0.9009851879618791	1.239559769727647	0.7163372738621427
0.9030500549198514	1.2372756846497797	0.7237835671440586
0.9055770581492423	1.233802633607568	0.732609129936071
0.9085566630879434	1.2291455520601218	0.7427473374457856
0.9119769362926262	1.2233108335874958	0.7541224728287993
0.9158235508541984	1.216306660997463	0.7666513080210408
0.9200797974981971	1.208143396900761	0.7802446241211825
0.9247266025805206	1.198834035843542	0.7948086129600805
0.929742554357686	1.1883947201837473	0.8102461214515606
0.9351039390644018	1.1768453219250192	0.8264577193463029
0.9407847884633712	1.1642100926483652	0.8433425873383937
0.9467569406354478	1.1505183834652069	0.8607992351806236
0.9529901158445743	1.1358054364937058	0.8787260683421992
0.9594520093326966	1.12011324864288	0.8970218270855469
0.9661084028664696	1.1034915073464262	0.9155859242256909
0.9729232967616522	1.085998596136348	0.93431870794914
0.9798590639451126	1.0677026653287265	0.953121674571587
0.9868766273721717	1.0486827592595498	0.9718976535758286
0.9939356617943464	1.0290299859906074	0.9905509841435525
1.0009948204677672	1.008848707603758	1.008987699006664
1.0080119869070376	0.9882577183805307	1.0271157280203291
1.0149445512281234	0.9673913634827778	1.044845130542976
1.021749709996006	0.9464005313596212	1.0620883625807052
1.0283847878116292	0.925453428350385	1.0787605817582882
1.0348075781555637	0.9047360137386261	1.094779990536852
1.040976700274444	0.8844519388987776	1.1100682157189488
1.0468519681756923	0.8648217982255048	1.124550720171598
1.052394767114244	0.8460814683474623	1.1381572408650424
1.0575684323414218	0.8284792958146264	1.1508222457806523
1.0623386243707567	0.8122719064702331	1.1624854010003103
1.066673694626973	0.7977184696285212	1.1730920383679349
1.070545035108349	0.7850733736521056	1.1825936135272217
1.073927405630357	0.7745774649392487	1.1909481439003813
1.0767992323448468	0.7664482597924728	1.1981206162863305
1.0791428715514477	0.7608698210614133	1.204083354220261
1.080944833335267	0.7579832332295076	1.2088163360352522
1.082195960267159	0.7578787294572001	1.2123074556739064
1.0828915572707123	0.7605904531910562	1.2145527196739543
1.0830314697660233	0.7660945530946307	1.2155563753443863
1.0826201083096194	0.7743108593309216	1.215330966894874
1.081666419122194	0.7851078784331298	1.2138973181094281
1.080183801087434	0.798310402618105	1.2112844419885422
1.0781899709714178	0.8137087595411479	1.2075293795432602
1.0757067797093727	0.8310686696869992	1.2026769715326209
1.0727599835953323	0.850140803782255	1.1967795683208091
1.0693789750564964	0.8706693718090901	1.1898966841291045
1.0655964783713603	0.8923993492305782	1.182094602719078
1.0614482161810825	0.9150821928890145	1.1734459419302048
1.056972552938344	0.9384800848453897	1.1640291844856805
1.052210121537511	0.9623688591619571	1.1539281820702099
1.0472034392833018	0.9865398231344511	1.1432316388860473
1.0419965190987701	1.010800696941517	1.1320325797398065
1.0366344814700408	1.034975880758327	1.1204278062524697
1.0311631721019348	1.0589062296428342	1.108517343087559
1.0256287896453433	1.0824484833622012	1.0964038742465365
1.020077527184863	1.1054744664326275	1.0841921675955863
1.014555230474155	1.127870145818826	1.0719884839945588
1.0091070752050861	1.1495346109486557	1.0598999658476782
1.0037772649202437	1.1703790228493056	1.048033998755062
0.9986087505481362	1.1903255656934093	1.0364975393934777
0.9936429719732582	1.2093064240697717	1.0253964029739384
0.9889196215612565	1.2272628020875322	1.0148345047751888
0.9844764291502659	1.2441439953057758	1.0049130524575773
0.9803489676961633	1.2599065229004474	0.995729689172274
0.9765704785212416	1.274513325008516	0.9873775918442137
0.9731717149585134	1.2879330285051436	0.9799445342379759
0.9701808031007995	1.3001392833395735	0.9735119301751831
0.9676231183464082	1.3111101708131876	0.9681538780669425
0.9655211764719075	1.3208276847118738	0.9639362331356114
0.9638945380473104	1.3292772859233861	0.9609157376402739
0.9627597251302716	1.3364475310225146	0.9591392414278361
0.962130149324892	1.3423297752528836	0.9586430446801271
0.9620160504600398	1.346917950345381	0.9594523915369196
0.9624244453257685	1.3502084176670441	0.9615811373969437
0.9633590861002561	1.3521998972720652	0.965031604551331
0.964820428300946	1.352893473510635	0.9697946311376303
0.9668056083007436	1.3522926779239903	0.9758498082030633
0.9693084306626307	1.3504036501956516	0.9831658900038692
0.9723193657634939	1.3472353779174226	0.9917013545320021
0.975825558399819	1.3428000158382285	1.0014050854083962
0.9798108482926446	1.3371132850630543	1.0122171431395135
0.9842558036339952	1.330194952320221	1.024069593362724
0.9891377690372715	1.322069388870913	1.0368873618365446
0.994430929462918	1.3127662078369986	1.0505890900463342
1.0001063918791673	1.3023209775983853	1.0650879707381535
1.0061322865745617	1.290776007367524	1.0802925487775685
1.012473890151326	1.2781811989710397	1.0961074788311214
1.0190937722821585	1.2645949561138121	1.1124342369817424
1.0259519682926392	1.250085138794654	1.1291717881594237
1.0330061795224776	1.2347300458774122	1.1462172149870649
1.040212003207702	1.2186194028599482	1.163466316230643
1.0475231933013802	1.2018553243732149	1.1808141845254196
1.054891953204719	1.1845532116440562	1.1981557735188917
1.062269260810238	1.1668425338968365	1.2153864641614072
1.069605225566332	1.1488674294373111	1.2324026387416367
1.0768494764667287	1.130787047240451	1.2491022695653056
1.0839515789648664	1.1127755340249235	1.2653855270652719
1.0908614778350159	1.095021556547339	1.28115540975261
1.097529961979426	1.077727236695372	1.2963183959034097
1.1039091461504213	1.0611063716216709	1.3107851143447609
1.1099529635605303	1.0453818176095941	1.3244710292653996
1.115617662438064	1.0307819404708465	1.3372971317313465
1.120862298797498	1.0175360828741498	1.3491906286241155
1.1256492170798151	1.0058690741625806	1.360085618117212
1.1299445099200116	0.9959949108196878	1.3699237396312216
1.1337184481528295	0.9881098588530244	1.3786547855089
1.1369458722993706	0.9823853574067415	1.3862372614613165
1.1396065372004653	0.978961212129154	1.3926388831651946
1.1416854021776797	0.9779396291585819	1.3978369972287663
1.1431728600948785	0.9793806311480705	1.4018189160530776
1.14406489993294	0.9832993028585912	1.4045821578393132
1.1443631989343435	0.9896651422055097	1.4061345850503488
1.1440751419680393	0.9984035706114628	1.4064944369283843
1.1432137674447642	1.0093994258394154	1.405690254089521
1.1417976408101418	1.0225020651855596	1.4037606956425503
1.1398506582879058	1.0375315803615717	1.4007542515952456
1.1374017850720928	1.0542855817701122	1.396728855405995
1.134484733515672	1.0725460430544345	1.391751403314548
1.1311375879851608	1.0920857858531705	1.3858971884657232
1.1274023839105445	1.112674302577139	1.3792492587720313
1.123324649136318	1.134082736668498	1.3718977079219488
1.1189529159669354	1.1560879470930812	1.3639389089378098
1.1143382123073617	1.1784756670805814	1.3554746992600262
1.10953354004911	1.2010428239805706	1.3466115255522353
1.1045933483774892	1.223599120077015	1.3374595553818436
1.0995730090185147	1.2459679882965409	1.3281317617522095
1.0945282996511263	1.267987037531131	1.318742985282791
1.0895149008311114	1.2895080947799966	1.3094089777969131
1.08458791085572	1.310396939423845	1.3002454303268693
1.0798013820873171	1.330532811443193	1.2913669882130616
1.0752078813895105	1.3498077620359283	1.2828862561613483
1.070858076542012	1.368125902860017	1.274912796893535
1.0668003498145644	1.3854025994703967	1.26755212838792
1.0630804393105946	1.4015636455407818	1.260904726601958
1.0597411082444048	1.4165444470741255	1.2550650428661214
1.0568218419905824	1.4302892398285063	1.2501205476331387
1.0543585725334208	1.442750358404424	1.2461508146944331
1.0523834298349686	1.4538875716432622	1.2432266620300612
1.0509245196172636	1.4636674959827178	1.241409366826823
1.0500057271002636	1.4720630960361911	1.2407499726025315
1.0496465463351425	1.479053279767284	1.241288705610853
1.0498619349079366	1.4846225940972708	1.2430545156852633
1.050662193948639	1.4887610255091017	1.2460647534692741
1.0520528735569035	1.4914639091048898	1.2503249917782493
1.0540347039419333	1.4927319485511683	1.255828993982306
1.0566035527685134	1.492571348327181	1.2625588272181374
1.0597504094027852	1.4909940585955865	1.2704851133941955
1.0634613969606055	1.4880181317582761	1.2795674067859577
1.0677178132773784	1.4836681882521683	1.2897546838789302
1.072496202138257	1.4779759872815852	1.3009859292315604
1.077768456324906	1.4709810958646188	1.3131908005741935
1.0835019542384352	1.4627316466679594	1.3262903570612399
1.0896597320315118	1.4532851714821176	1.3401978363539369
1.0962006933049318	1.4427094927009307	1.354819468742917
1.1030798584700792	1.4310836496651487	1.3700553194890897
1.1102486558210114	1.4184988300675352	1.3858001536285285
1.1176552561699937	1.4050592686842096	1.4019443203421984
1.1252449525515185	1.390883066448023	1.4183746563788346
1.1329605859697187	1.376102872389721	1.4349754097520788
1.1407430174371689	1.3608663595158188	1.451629185897108
1.1485316456233596	1.3453364138458594	1.4682179186239297
1.1562649683044506	1.3296909446029257	1.4846238675638603
1.1638811845014099	1.3141222145098932	1.500730642444882
1.1713188327449324	1.2988355845326083	1.5164242525654998
1.1785174593606842	1.284047570171726	1.5315941774121364
1.1854183090889647	1.269983120040343	1.5461344516505857
1.1919650288115424	1.2568720556327555	1.5599447548991627
1.1981043737361128	1.2449446569426768	1.5729314939453385
1.2037869041698523	1.234426443236671	1.585008862579645
1.2089676600807864	1.225532280013804	1.5960998621580085
1.213606800074469	1.2184600357562247	1.6061372645121978
1.2176701912659087	1.2133841042335642	1.6150644980234208
1.221129936846073	1.2104491842710967	1.6228364376349023
1.2239648289485048	1.2097647515884808	1.6294200803410182
1.2261607157078953	1.2114006514296873	1.6347950892423004
1.227710773134349	1.215384178247877	1.6389541915393038
1.2286156745426966	1.2216988926741106	1.641903418751052
1.228883652689861	1.230285271400041	1.6436621808441045
1.2285304523799834	1.2410431167703202	1.6442631696748966
1.227579173979366	1.2538354975536425	1.6437520909917602
1.2260600109196589	1.2684938746165468	1.6421872280201981
1.2240098867398557	1.2848239997566178	1.639638843181561
1.2214719994195684	1.302612165625885	1.6361884276107554
1.2184952826001656	1.3216314217392713	1.6319278107176938
1.215133794713616	1.3416474414783968	1.6269581439996843
1.2114460480057083	1.3624238111206302	1.6213887746277298
1.2074942899438377	1.38372659941228	1.6153360250209583
1.2033437495603316	1.40532814434155	1.6089218947613537
1.199061860945338	1.4270100565555988	1.602272700898945
1.1947174754327743	1.4485654844286415	1.5955176720999673
1.1903800730964846	1.469800715157569	1.588787511358028
1.1861189830757595	1.4905362021028759	1.5822129412817363
1.182002621064268	1.5106071141572468	1.5759232454343306
1.1780977511024728	1.5298635013531208	1.5700448189388694
1.1744687776781433	1.5481701648706327	1.5646997416335275
1.1711770731149498	1.5654063111203114	1.560004387460922
1.1682803443507743	1.5814650600961329	1.5560680844331058
1.1658320424931445	1.5962528686663333	1.55299184029734
1.1638808179906268	1.6096889204471698	1.5508671497550195
1.162470023863692	1.6217045256666962	1.549774899546994
1.1616372691740469	1.6322425670629317	1.5497843877035935
1.161414024749275	1.6412570213454425	1.550952472590577
1.1618252830900404	1.6487125799812266	1.5533228659510505
1.1628892743427979	1.654584387902913	1.5569255819255647
1.1646172402003727	1.6588579140143944	1.5617765511071475
1.1670132675814207	1.6615289629078418	1.5678774052334676
1.1700741839308968	1.6626038328199024	1.5752154343929563
1.173789515975995	1.6620996203512197	1.5837637149307586
1.1781415137676352	1.6600446676547482	1.5934814028933508
1.1831052418376324	1.6564791424641647	1.604314185117763
1.1886487393027527	1.651455735284105	1.6161948781449844
1.194733250737155	1.645040451107494	1.6290441641060955
1.2013135295919573	1.6373134649920018	1.642771452568922
1.2083382158307525	1.6283700015914826	1.6572758579100475
1.2157502892285696	1.6183211882505344	1.6724472828724954
1.223487599397165	1.6072948196090233	1.6881676003079893
1.2314834729971085	1.5954359591012859	1.704311926387698
1.2396673977259673	1.582907289826973	1.720749979514037
1.2479657814912726	1.5698891149599183	1.7373475195392725
1.2563027836635723	1.5565788975892476	1.7539678615220806
1.2646012134589566	1.5431902236849655	1.7704734570402045
1.272783488350814	1.5299510724017302	1.7867275340233797
1.280772643017595	1.51710128836079	1.8025957832601567
1.2884933767891265	1.5048891742946178	1.8179480763290896
1.2958731249802116	1.4935671625727474	1.8326601959392133
1.3028431370421343	1.4833865824919066	1.8466155558162909
1.3093395422809733	1.4745916162788044	1.8597068836477426
1.3153043821511374	1.4674126264371592	1.8718378375137206
1.3206865869894366	1.4620591319077039	1.8829245239791426
1.325442874643382	1.458712797700476	1.8928968848540249
1.3295385488657219	1.45752086646174	1.9016999197359006
1.3329481766477058	1.4585904850821934	1.9092947129359856
1.3356561258435444	1.4619843531408556	1.9156592362746703
1.3376569474374955	1.467718038898982	1.9207889034293801
1.3389555905054864	1.475759179427734	1.924696856853077
1.3395674421579966	1.4860286213154563	1.9274139744982208
1.3395181893145147	1.4984033912982284	1.9289885903618178
1.3388435038242787	1.5127212375462695	1.9294859298610372
1.3375885569804633	1.528786373075456	1.9289872678998956
1.3358073736569023	1.5463759946753444	1.9275888238658612
1.333562039940479	1.5652471451312466	1.9254004134245564
1.3309217810963656	1.5851435255167785	1.9225438816600569
1.3279619289002353	1.6058019343887688	1.9191513457261915
1.3247627987730224	1.6269580965542854	1.9153632777123752
1.3214084977885225	1.6483517320142012	1.9113264599551405
1.3179856845711628	1.6697307955896346	1.9071918456840748
1.3145823014780311	1.6908548836164108	1.9031123578670204
1.311286298407647	1.7114978536557433	1.8992406586219108
1.3081843662483457	1.7314497368483064	1.8957269207885497
1.3053606965147917	1.7505180424075635	1.8927166323611022
1.3028957822458302	1.768528562599384	1.8903484635687693
1.3008652738438862	1.7853257872444632	1.8887522254835813
1.2993389022842112	1.8007730318406243	1.8880469480835451
1.2983794810340963	1.8147523748698642	1.8883391046009455
1.29804199708902	1.8271644892379362	1.8897210075989754
1.2983728007222601	1.8379284411208228	1.8922694004032092
1.299408902811085	1.8469815173934063	1.896044265159081
1.3011773878981256	1.854279130612632	1.9010878658483727
1.3036949504302604	1.859794838312671	1.9074240411172345
1.3069675608620026	1.8635205010724805	1.9150577578750694
1.3109902675051224	1.8654665912574304	1.9239749325224484
1.3157471391533602	1.8656626512733059	1.9341425226066107
1.3212113526201066	1.8641578863370927	1.9455088879374707
1.3273454284049884	1.8610218619184598	1.9580044169348747
1.334101616746933	1.856345259962117	1.9715424113451312
1.3414224353008446	1.8502406307201702	1.9860202204767519
1.3492413585412584	1.8428430586745692	2.001320614657041
1.3574836576741254	1.8343106420978934	2.0173133864891013
1.3660673882344976	1.82482466720941	2.033857167400315
1.3749045205655266	1.8145893411287146	2.0508014455898533
1.3839022059265478	1.8038309351031059	2.067988769489344
1.3929641680084681	1.7927961837485582	2.0852571179965964
1.401992206134598	1.7817497909857318	2.1024424148824794
1.4108877924481271	1.7709709131451565	2.119381159898625
1.4195537410590957	1.7607485284808853	2.1359131433747356
1.4278959226423038	1.7513756632380058	2.1518842047868225
1.4358249936075114	1.743142528427219	2.1671489893334464
1.4432581050182316	1.736328725871375	2.1815736505070484
1.4501205532546144	1.7311947992665855	2.19503844157576
1.4563473323328806	1.7279735228129804	2.207440135378673
1.461884547102743	1.7268614185961395	2.2186942104031195
1.4666906474663581	1.7280110544167848	2.2287367421558315
1.470737446416841	1.7315246784117093	2.237525942593196
1.4740108890776304	1.7374496850303727	2.245043296871416
1.476511545901363	1.7457762796381004	2.251294255733129
1.4782548104972633	1.756437530281667	2.2563084530760054
1.4792707908315634	1.7693117902499989	2.2601394310904834
1.479603891342866	1.7842272750399863	2.262863869125008
1.4793120923562837	1.8009684117553333	2.2645803263978106
1.478465941599676	1.8192834692130846	2.2654075220974406
1.4771472802098486	1.8388929323483363	2.265482188655406
1.4754477320445232	1.8594981016695544	2.264956544526174
1.4734669901814623	1.8807894647010037	2.2639954413405996
1.4713109381101188	1.9024544836970083	2.262773246665281
1.469089645345547	1.9241845541228006	2.2614705278364835
1.466915278162934	1.9456809961147696	2.2602706046219447
1.4648999660791306	1.966660035670552	2.259356039071475
1.4631536638444083	1.986856807856845	2.25890513016159
1.4617820472996395	2.0060284691124526	2.259088479019651
1.4608844797114247	2.023956540855803	2.26006568787079
1.4605520832715486	2.040448624769686	2.261982252546897
1.4608659484195023	2.0553396346225252	2.2649667045080992
1.4618955115337708	2.068492683509899	2.2691280538665977
1.4636971293047212	2.0797997517188547	2.2745535798540404
1.4663128756878603	2.0891822411738223	2.2813070095318855
1.4697695846778382	2.0965914991415397	2.289427119351411
1.4740781591978493	2.102009367542922	2.2989267875349095
1.4792331631548779	2.105448785426826	2.3097925183444206
1.4852127101891581	2.1069544412372117	2.321984452337635
1.4919786588857173	2.1066034387027366	2.3354368698815056
1.4994771202539636	2.1045059058521596	2.350059188637473
1.5076392791286106	2.100805441476484	2.3657374494716317
1.5163825267672872	2.0956792585235355	2.3823362791616995
1.5256118972302328	2.089337851404581	2.399701312115191
1.5352217949959277	2.082023987001009	2.4176620467211136
1.5450979955471826	2.0740108014308647	2.4360351045349993
1.5551198942327382	2.0655987816843524	2.4546278518969764
1.5651629715184778	2.057111429265438	2.4732423335999445
1.5751014348561043	2.048889448364227	2.491679456880405
1.5848109890341344	2.041283379132918	2.50974335160313
1.5941716784232578	2.0346447097382647	2.5272458196643344
1.6030707365314345	2.0293156462883326	2.544010774242256
1.6114053714121557	2.025617887552814	2.559878558691508
1.6190854104505672	2.023840923361958	2.574710026829162
1.6260357255947964	2.0242305259297457	2.5883902622878447
1.6321983608003037	2.0269782023925433	2.6008318155275334
1.6375342877128274	2.0322123971440185	2.6119773436947193
1.6420247235624945	2.039992156604654	2.6218015510536943
1.6456719567034397	2.0503037961628903	2.6303123459478153
1.648499639725784	2.0630608582797336	2.6375511534321143
1.6505525268358474	2.078107358617755	2.6435923496600062
1.6518956502963589	2.0952240293787185	2.6485418132856933
1.6526129490996118	2.1141370300243554	2.652534618872543
1.6528053806931433	2.1345284374844535	2.655731925900627
1.652588562600939	2.1560477649242937	2.65831714295265
1.652090004510934	2.178323785467433	2.6604914688566303
1.6514460024257893	2.200976035791174	2.6624689302127016
1.6507982746654577	2.2236255175211643	2.6644710474932443
1.650290424971684	2.245904274527343	2.66672126983089
1.6500643209703336	2.267463678714136	2.6694393220473676
1.6502564771543378	2.2879813898363968	2.672835606961997
1.6509945307110458	2.3071670576126966	2.6771058021564698
1.6523938962133304	2.3247669042808674	2.682425783741329
1.6545546815936953	2.3405673642021445	2.6889470007663356
1.657558942983008	2.3543979679242635	2.6967924131386813
1.6614683498984215	2.3661336458864537	2.706053093573876
1.6663223248591146	2.375696596263208	2.7167855804677603
1.6721367127709341	2.3830578163693517	2.7290100538869932
1.6789030253944972	2.388238341080756	2.742709391358222
1.6865882950119981	2.391310167982006	2.757829143984945
1.6951355592018011	2.392396780564721	2.774278456743881
1.7044649855840477	2.3916731114131853	2.791931939578253
1.7144756316296554	2.389364721640299	2.810632477907289
1.7250478201554829	2.3857459171715236	2.8301949520344674
1.7360460958989061	2.381136485037162	2.8504108141878883
1.7473227124759518	2.375896723741531	2.871053449122657
1.7587215820320237	2.3704204723867104	2.891884219126497
1.7700826021173004	2.3651259245610423	2.9126590670678913
1.7812462561678244	2.360444153072885	2.9331355225507183
1.7920583662179914	2.356805471739522	2.953079927690385
1.802374860256882	2.3546240111539536	2.972274672549273
1.8120664034265663	2.3542811631122085	2.990525208413843
1.8210227336662583	2.3561088149771754	3.0076665926530928
1.8291565400053487	2.360373501641066	3.0235693145435487
1.8364067267834288	2.3672626982132634	3.0381441593395673
1.8427409203853322	2.376874421962377	3.051345889277076
1.848157096683612	2.38921109345933	3.0631755552177373
1.8526842365595835	2.4041782443714443	3.0736813000565575
1.856381952164017	2.4215882063101977	3.082957572369474
1.8593390659295208	2.441168446739184	3.0911427326042884
1.86167116536828	2.4625738123038636	3.0984151003483467
1.8635171969480575	2.4854016583355243	3.1049875556429787
1.865035199647182	2.5092087166578576	3.111100866116214
1.8663973114250174	2.5335285794444724	3.117015961780704
1.8677842086746328	2.5578888246377245	3.123005418601324
1.869379159200818	2.5818270329372566	3.129344439355003
1.8713618833165242	2.6049051996598673	3.1363016358368094
1.8739024254980632	2.626722286050452	3.144129920819055
1.8771552410128887	2.6469248551902242	3.1530578125300432
1.881253698316513	2.665215881644865	3.1632814401801848
1.8863051889757954	2.681361906362615	3.1749575176144234
1.8923870224909165	2.6951987316645227	3.1881975247588783
1.8995432637334073	2.7066358227105662	3.203063304194645
1.9077826459802225	2.7156595112987363	3.219564243732354
1.917077663082381	2.7223349963350487	3.237656175818488
1.9273649107368143	2.726807015051401	3.2572420812333305
1.9385467098323135	2.7292989339798126	3.278174637789574
1.9504940051228914	2.730109895250493	3.300260604273952
1.963050490660367	2.7296095715576767	3.3232669751871478
1.9760378699981054	2.7282300547737046	3.3469287824970486
1.9892621146602125	2.7264544528252497	3.370958356635081
2.002520539471375	2.724801919025761	3.395055791224747
2.015609469272514	2.7238091012039476	3.418920286723651
2.02833223025185	2.724008371839698	3.442261981033769
2.040507163378358	2.7259036574384714	3.464813815482781
2.0519753307231317	2.7299451681733022	3.486342938864173
2.0626075716200876	2.736504752710955	3.5066611273342074
2.072310568239318	2.7458538694944497	3.5256337001887
2.08103160189948	2.758146186171029	3.5431864454357607
2.0887617234688265	2.7734065442932345	3.559310136441801
2.0955371226819905	2.7915274706118605	3.5740623201378825
2.101438559265017	2.812273661831543	3.5875661831599435
2.106588808769681	2.835294050976036	3.6000064466054926
2.1111481721372223	2.86014033051201	3.61162239249353
2.1153081940003577	2.8862902840955997	3.6226982744631893
2.1192838247268493	2.913174032078946	3.6335515013859414
2.123304340331546	2.940201325290755	3.644519096935895
2.127603399061507	2.966788270542563	3.655943024958508
2.132408661401752	2.992382251613871	3.6681550267735634
2.137931430190425	3.016484227840937	3.681461642023612
2.144356778858039	3.0386679706177913	3.696130080997879
2.1518346282546488	3.058596083165077	3.7123755863994994
2.160472206073164	3.076032814728788	3.7303508696273093
2.1703282778064037	3.090853723909017	3.7501381340362796
2.181409475298806	3.103052181655972	3.7717441080183707
2.193668969772997	3.1127425600648655	3.7950984060520234
2.2070076429407366	3.1201597658974416	3.8200554172403582
2.2212778052051885	3.125654593827274	3.846399788770425
2.2362893970681568	3.1296842473853803	3.8738554263915965
2.251818491820739	3.1327973640115943	3.902097776102576
2.26761779775552	3.1356130415089756	3.930768982901497
2.2834287404114892	3.1387937401572357	3.9594953484819646
2.2989945948324206	3.143012540600514	3.9879063385853373
2.314074041228935	3.1489160347872156	4.015654234868666
