1.0	1.0	1.0
1.005668809385263	0.9829042518371922	1.0133258809010808
1.0113377883589247	0.9654102229566627	1.0265508585261898
1.0169771987513365	0.9475906303910677	1.0396100454664505
1.0225570600418754	0.9295262732602716	1.0524396673176977
1.0280473141328172	0.9113064961851245	1.0649772676420677
1.0334179991986332	0.8930295821899049	1.0771619179547671
1.0386394315624734	0.8748030390791133	1.0889344339921594
1.0436823942971845	0.856743733604948	1.1002375986916548
1.0485183309975115	0.8389778170000253	1.1110163915280333
1.0531195429309026	0.82164037443408	1.1212182231231824
1.0574593875546623	0.8048747211093431	1.1307931733919845
1.0615124761953116	0.7888312613154671	1.139694230918913
1.0652548685299636	0.7736658270296751	1.147877530788236
1.068664261396734	0.7595374235920012	1.1553025877240604
1.0717201693982685	0.7466053359445748	1.1619325211411236
1.0744040947546571	0.7350255935165275	1.16773426856741
1.0766996839130158	0.7249468563603783	1.1726787838769819
1.0785928685326944	0.7165058666317725	1.1767412168648317
1.080071988637231	0.7098226990469338	1.179901070901098
1.081127895954427	0.7049961263182946	1.1821423357126317
1.0817540357497462	0.7020994711202374	1.1834535927455845
1.0819465057890163	0.7011773254989618	1.1838280910504424
1.0817040914356981	0.7022434692483447	1.1832637921851845
1.0810282762856758	0.7052802109382169	1.1817633832351602
1.079923228157473	0.7102392247459063	1.1793342576804702
1.0783957606760357	0.7170437911984898	1.1759884644826262
1.0764552711015878	0.7255922029953277	1.1717426263913184
1.0741136554497415	0.7357619953704729	1.1666178290689357
1.0713852023138801	0.7474146180220109	1.1606394831758513
1.0682864671260308	0.7604001811219953	1.1538371620359762
1.0648361288697128	0.7745619676457486	1.1462444178945408
1.0610548314812729	0.7897404884937157	1.1378985800760153
1.056965012340718	0.8057769462786938	1.1288405385400193
1.0525907203569576	0.822516053636832	1.1191145164105003
1.04795742619575	0.839808214302503	1.108767835014984
1.043091827183583	0.8575111175730554	1.0978506748157326
1.038021649351159	0.8754908208400062	1.0864158353453306
1.0327754489615464	0.8936224043565298	1.0745184968800534
1.027382415707075	0.9117902816962729	1.0622159861020912
1.0218721795632857	0.9298882423880569	1.0495675474249495
1.0162746230657072	0.9478192930940887	1.0366341209958299
1.0106197005341835	0.9654953526160747	1.023478127657286
1.0049372655179536	0.9828368453285538	1.0101632603632504
0.9992569074803306	0.9997722280901425	0.9967542807201092
0.9936077984915982	1.0162374775767757	0.9833168184844184
0.9880185504587361	1.032175558350983	0.9699171710228182
0.9825170831959801	1.047535886711704	0.9566220989609161
0.977130503435103	1.0622738012747892	0.9434986135581116
0.9718849946917558	1.0763500481114014	0.9306137507946808
0.9668057177462575	1.0897302859260412	0.9180343268045332
0.9619167213649281	1.1023846150176198	0.905826669197779
0.9572408627816233	1.1142871324938295	0.8940563190618428
0.9527997373779518	1.12541551528689	0.8827876990777059
0.9486136169435121	1.1357506318583297	0.8720837442995326
0.9447013958626397	1.1452761830135232	0.8620054937626408
0.941080544559467	1.1539783719219665	0.8526116432154598
0.9377670695362162	1.1618456032187254	0.8439580618787599
0.9347754793580536	1.1688682109183524	0.8360972791244808
0.9321187559690406	1.1750382147846383	0.8290779501746438
0.9298083307652959	1.1803491047532826	0.8229443131184916
0.9278540649011776	1.1847956529894736	0.8177356524467863
0.9262642333601162	1.1883737531708067	0.8134857865864359
0.9250455123819201	1.1910802866124144	0.8102225982696276
0.9242029699015397	1.1929130148913976	0.8079676267211888
0.9237400587192908	1.193870498678443	0.8067357394240775
0.9236586121886017	1.1939520425431982	0.8065348985909969
0.923958842273924	1.1931576655643874	0.8073660335566695
0.9246393398981965	1.1914880976437778	0.8092230253973345
0.9256970775660436	1.1889448014931268	0.8120928046007643
0.927127414315601	1.1855300203334118	0.8159555570498459
0.9289241031184741	1.1812468514142056	0.820785028454642
0.9310793009136873	1.1760993455262365	0.8265489131212159
0.9335835815273297	1.1700926327400647	0.833209309911225
0.9364259517944683	1.1632330746563138	0.8407232266001946
0.9395938712630895	1.1555284434955841	0.8490431135964267
0.9430732759203163	1.1469881283860568	0.8581174090019105
0.9468486064376581	1.1376233692201239	0.8678910790368651
0.9509028414829377	1.127447518443099	0.8783061406031161
0.9552175366899434	1.1164763311004264	0.889302155905039
0.9597728699106005	1.104728283395424	0.900816692280652
0.9645476933962451	1.0922249198845047	0.9127857434712204
0.9695195935619643	1.0789912292429973	0.9251441112925975
0.9746649589785044	1.0650560482472224	0.9378257489506397
0.9799590572075761	1.0504524932032895	0.9507640690132209
0.9853761210463835	1.035218417463912	0.963892220309523
0.990889444674038	1.0193968928496226	0.9771433388066731
0.9964714900949001	1.0030367116489152	0.9904507778707331
1.0020940041510404	0.9861929043085058	1.0037483233215483
1.0077281462279533	0.96892726580898	1.016970398409903
1.0133446266051853	0.9513088808935144	1.0300522633486267
1.0189138552084176	0.9334146345940225	1.0429302133778688
1.0244061003044767	0.9153296896811611	1.0555417785914991
1.029791656449526	0.8971479065616437	1.0678259279407274
1.0350410207580438	0.8789721736184106	1.0797232789988425
1.0401250763118757	0.8609146070171874	1.091176314246838
1.045015281281225	0.8430965687940246	1.1021296038474246
1.0496838620902045	0.8256484411726429	1.1125300341338247
1.0541040087362739	0.808709084672529	1.1223270403657057
1.0582500701735287	0.7924248995401323	1.1314728417107258
1.062097747502321	0.7769484071370281	1.1399226759074097
1.0656242825795874	0.7624362738008083	1.1476350306622563
1.0688086395823206	0.7490467185741189	1.154571868538084
1.0716316770265357	0.7369362820809086	1.1606988419064512
1.0740763077700863	0.7262559891670917	1.165985494467089
1.0761276446123922	0.7171470117947629	1.1704054458816773
1.0777731292481298	0.7097360249443279	1.1739365562252346
1.079002642533849	0.704130534533765	1.1765610672202513
1.079808594282732	0.700414524761581	1.178265717577834
1.0801859911077147	0.6986448029754284	1.1790418302151116
1.0801324811794584	0.6988483971494319	1.1788853696347674
1.0796483751439816	0.7010212786342492	1.1777969683243439
1.07873664284471	0.705128549983764	1.1757819216416117
1.0774028859038804	0.711106077484954	1.1728501512782088
1.0756552866268578	0.7188633918378737	1.169016138016787
1.0735045340882792	0.7282875583531634	1.1642988250970345
1.0709637286298255	0.7392476500570285	1.1587214940638657
1.0680482663357052	0.7515994484051681	1.1523116154690427
1.0647757053448212	0.7651900381394303	1.1451006772196555
1.0611656161010947	0.7798620375856667	1.1371239936999005
1.0572394178304299	0.7954572935513782	1.1284204990258653
1.0530202036613732	0.8118199542010534	1.1190325279188469
1.0485325568757549	0.8287989030063672	1.1090055876964129
1.043802360786678	0.8462495873742807	1.0983881247800806
1.0388566046971701	0.8640353069425765	1.0872312889049842
1.0337231882982894	0.8820280417947832	1.0755886978934899
1.028430726726497	0.9001089041538832	1.0635162054268459
1.0230083583236336	0.9181682926037881	1.0510716737241388
1.0174855569365664	0.9361058190134651	1.0383147524253469
1.0118919503654382	0.9538300676494761	1.0253066642865607
1.006257146327409	0.971258235141772	1.0121099975440084
1.000610567054495	0.9883156899958813	0.9987885040057602
0.9949812933966778	1.004935481694705	0.985406901105847
0.9893979190612298	1.0210578222440199	0.9720306753295088
0.9838884153916577	1.0366295572295847	0.9587258836207626
0.9784800068793099	1.051603638912134	0.9455589486517773
0.9731990574109864	1.065938610393225	0.9325964432131149
0.9680709670893048	1.0795981072425416	0.9199048585287133
0.9631200793206118	1.0925503810067638	0.9075503510716226
0.9583695977484653	1.1047678475688498	0.8955984625242323
0.953841512518954	1.1162266622698418	0.8841138079604053
0.9495565352964708	1.126906322944341	0.8731597281927622
0.9455340424035563	1.1367893014793915	0.8627979035788876
0.9417920254341959	1.1458607041267925	0.8530879284428353
0.9383470486842903	1.154107960537777	0.8440868476315381
0.9352142127535586	1.1615205413147989	0.8358486595259388
0.9324071236974372	1.1680897037647593	0.8284237929371304
0.9299378671431949	1.173808265474649	0.8218585685437264
0.9278169868292481	1.1786704053022494	0.8161946586097067
0.9260534670784139	1.1826714913725331	0.811468561356653
0.9246547187728027	1.1858079356883724	0.8077111082280032
0.923626568458644	1.1880770749974665	0.8049470230772097
0.9229732502723561	1.1894770776024028	0.8031945518095873
0.9226974004436493	1.190006875854724	0.8024651790996783
0.9228000541967325	1.189666124134381	0.8027634455337355
0.9232806449363502	1.1884551821810494	0.8040868740959775
0.9241370056711451	1.1863751237115996	0.806426009683056
0.9253653726926137	1.1834277703268483	0.8097645697579817
0.9269603915935942	1.1796157507788598	0.8140796988539495
0.9289151257757157	1.1749425857358349	0.8193423148975327
0.9312210676603287	1.1694127982432538	0.8255175316367257
0.9338681528817804	1.1630320501354867	0.832565139090322
0.9368447778049137	1.1558073046994048	0.8404401229766456
0.9401378207695223	1.1477470159280296	0.849093204469085
0.9437326675220639	1.1388613447247011	0.8584713831702036
0.9476132413478036	1.1291624024225022	0.8685184686149349
0.9517620384630208	1.1186645219640656	0.879175588586571
0.956160169265017	1.1073845570357836	0.8903816657416267
0.9607874060652244	1.0953422093571878	0.902073857214638
0.9656222379454257	1.0825603841760965	0.9141879547945961
0.9706419333765812	1.0690655737925816	0.9266587457820387
0.9758226112216765	1.0548882686017376	0.9394203366664368
0.9811393207061454	1.0400633946681954	0.952406443280419
0.9865661308798798	1.0246307761726083	0.9655506521068751
0.9920762300120246	1.0086356201333269	0.9787866579830813
0.9976420352526858	0.9921290195157433	0.9920484836257981
1.003235312763915	0.9751684690835596	1.005270686262918
1.0088273083662553	0.9578183859796732	1.0183885562704713
1.0143888885679317	0.9401506238818648	1.0313383121431834
1.0198906916435821	0.9222449654710887	1.0440572954292298
1.0253032882113706	0.9041895726824639	1.056484168483652
1.0305973505254789	0.8860813676090147	1.0685591170799302
1.0357438294604406	0.8680263088991352	1.080224059097988
1.0407141379205034	0.8501395190921918	1.0914228597054787
1.0454803391678902	0.8325452079126889	1.102101552688799
1.050015338335846	0.8153763258703647	1.11220856688796
1.0542930751833453	0.798773872994849	1.121694956059435
1.0582887159660976	0.7828857813745139	1.1305146299450102
1.0619788421506262	0.7678652904689197	1.138624583872147
1.0653416335917096	0.7538687448005758	1.1459851238601484
1.0683570437345762	0.7410527687818317	1.1525600839622503
1.0710069643968831	0.7295708165834928	1.1583170324403396
1.0732753777351713	0.7195691573632509	1.1632274633476958
1.0751484931078705	0.7111824350116142	1.1672669701847964
1.0766148667118685	0.7045290283132926	1.170415398489918
1.0776655020898447	0.6997065174495171	1.1726569745232518
1.0782939298767669	0.6967876171937001	1.1739804075909568
1.0784962654698784	0.6958169472559842	1.1743789640216433
1.0782712436591653	0.6968089637113081	1.173850511337455
1.0776202296352178	0.6997472722748203	1.1723975317383253
1.0765472061879584	0.7045853991716462	1.170027104622727
1.075058737311656	0.7112489354010887	1.166750858481931
1.073163908827435	0.719638826756418	1.1625848931077707
1.0708742470129058	0.7296354814853794	1.1575496736269042
1.0682036165790223	0.741103324035067	1.1516698983992861
1.0651680996474424	0.7538954361654796	1.1449743432783732
1.0617858576496286	0.7678579830455365	1.1374956851110005
1.0580769782855497	0.7828342028733625	1.1292703076438129
1.054063309841003	0.7986678253160902	1.1203380931914193
1.049768285266126	0.815205862304678	1.1107422035025867
1.0452167384635782	0.8323007762266621	1.1005288532312907
1.040434715224938	0.8498120727551226	1.0897470792784134
1.0354492811917064	0.8676073898585744	1.0784485090189762
1.0302883291079734	0.8855631645168761	1.0666871300729508
1.0249803874815093	0.9035649585118529	1.0545190638208486
1.019554432585908	0.9215075182208464	1.0420023443162956
1.0140397055260006	0.9392946336756602	1.0291967036163474
1.0084655358598538	0.956838851422585	1.0161633638480807
1.0028611730309602	0.9740610852997978	1.0029648355710563
0.9972556266209494	0.9908901598885314	0.989664721196642
0.9916775161929962	1.0072623134160572	0.9763275214078251
0.9861549312649759	1.0231206803420554	0.9630184417129282
0.9807153017342705	1.0384147686424245	0.9498031954956753
0.9753852788770507	1.0530999427410224	0.936747799231859
0.9701906268668347	1.0671369199339016	0.9239183549772535
0.965156124602249	1.0804912858136608	0.9113808148488067
0.9603054775033282	1.093133032466751	0.8992007220855953
0.9556612388296892	1.105036121944174	0.8874429234567909
0.9512447399920677	1.116178076583208	0.8761712483506544
0.9470760292699528	1.126539597096028	0.8654481508941547
0.943173818310831	1.1361042088725846	0.8553343129630813
0.939555435768908	1.1448579366186051	0.8458882079639786
0.936236787440941	1.1527890072272238	0.8371656277753645
0.9332323222716218	1.159887580636627	0.8292191781439747
0.9305550036284813	1.1661455083360397	0.8220977509943923
0.9282162852841932	1.1715561191337438	0.8158459853118778
0.9262260915903489	1.1761140317831174	0.8105037312233889
0.9245928013792493	1.179814994068296	0.8061055343167338
0.9233232351873858	1.1826557479744064	0.8026801587834904
0.9224226454546094	1.1846339206043184	0.8002501683675749
0.9218947094154242	1.1857479405512266	0.7988315831546786
0.921741524462552	1.1859969794916352	0.7984336278843764
0.9219636058272899	1.1853809188242834	0.7990585838002512
0.9225598864858903	1.1839003412453424	0.8007017513297394
0.9235277192659765	1.1815565472171188	0.8033515254996537
0.9248628811917747	1.1783515963548394	0.8069895804312248
0.9265595801715772	1.1742883738222563	0.8115911540303493
0.9286104641952199	1.1693706818901415	0.8171254195585844
0.9310066332732033	1.1636033568704716	0.8235559274941978
0.9337376544119796	1.1569924116913226	0.8308410991768246
0.9367915799812194	1.1495452044210135	0.8389347532168987
0.9401549698876661	1.1412706330821296	0.8477866464338148
0.9438129180252699	1.1321793571134233	0.8573430129390279
0.9477490835212261	1.122284045835695	0.8675470876043522
0.9519457273405638	1.1115996542506936	0.8783396032295392
0.9563837548460747	1.1001437264414928	0.8896592539416491
0.9610427649334837	1.0879367267372946	0.9014431204634626
0.9659011063715661	1.0750023986392547	0.9136270556844182
0.9709359419711039	1.0613681512546986	0.9261460313285047
0.9761233211829207	1.0470654726247641	0.9389344483754889
0.9814382616816627	1.0321303688140218	0.9519264152433987
0.9868548404267443	1.016603826904872	0.9650559986086499
0.9923462946035864	1.0005322990318235	0.9782574521782988
0.9978851327361179	0.9839682032069976	0.9914654288028002
1.0034432561253253	0.9669704348094844	1.0046151810978343
1.0089920906089906	0.9496048800917772	1.0176427552984724
1.0145027284561046	0.9319449197252723	1.0304851824602064
1.0199460800081224	0.9140719060745296	1.0430806704030435
1.0252930344615647	0.8960755923672441	1.0553687990121359
1.0305146289567082	0.878054485058456	1.0672907206983748
1.0355822249004658	0.8601160824105617	1.0787893670149402
1.0404676902140424	0.8423769527449658	1.0898096616450021
1.045143585964293	0.8249625953975032	1.1002987392410462
1.049583355619162	0.808007017035037	1.1102061689233347
1.0537615149696664	0.791651947233301	1.1194841806468283
1.057653840591162	0.7760456124661347	1.12808789213311
1.061237554582366	0.7613409901759561	1.135975533645281
1.0644915032284377	0.7476934783298818	1.143108667566279
1.0673963271901	0.7352579448575961	1.149452399529628
1.0699346208287617	0.7241851686456139	1.1549755777491926
1.072091078340833	0.7146177497257468	1.159650977201675
1.073852624494133	0.7066856468772577	1.1634554654305247
1.075208527934734	0.700501586164692	1.166370146958037
1.0761504952610779	0.6961566583016693	1.1683804836063993
1.076672744339079	0.6937164671635337	1.1694763884282253
1.0767720556506473	0.693218188836801	1.16965229142005
1.076447800820463	0.6946688407053504	1.1689071757234055
1.07570194784236	0.6980449466906912	1.1672445835905805
1.074539042916843	0.7032936357442127	1.1646725919878085
1.0729661692039618	0.7103350543369253	1.1612037583084103
1.0709928831798408	0.7190658405368759	1.1568550372532138
1.0686311296497861	0.7293633208975678	1.1516476704867915
1.0658951368060254	0.7410900621923031	1.1456070511782088
1.06280129301496	0.7540984341029123	1.138762565968295
1.0593680072700067	0.7682349017751307	1.1311474172583198
1.0556155554461677	0.7833438496687797	1.1227984289762234
1.0515659146377396	0.7992708226492089	1.1137558391377997
1.0472425879495209	0.8158651440308347	1.104063082575781
1.0426704221447796	0.8329819265842224	1.0937665671567078
1.0378754205323204	0.8504835298728007	1.0829154466434014
1.0328845534040363	0.8682405377164728	1.071561393091858
1.0277255682185475	0.886132336832819	1.0597583712995429
1.0224268015721738	0.9040473758839431	1.047562417353544
1.0170169948125787	0.9218831768924292	1.0350314227696709
1.011525114940432	0.9395461610933036	1.022224925077105
1.0059801822179035	0.9569513407023912	1.0092039049993176
1.0004111056671416	0.974021918001666	0.9960305896247797
0.9948465274040824	0.9906888242018996	0.9827682601677675
0.9893146765193147	1.0068902229895882	0.9694810621115567
0.9838432329938982	1.0225709975078459	0.9562338147299498
0.9784592019286422	1.0376822346382109	0.943091816231256
0.9731887981741799	1.0521807166625698	0.9301206401019827
0.9680573412789731	1.0660284274986824	0.9173859176944925
0.963089160525006	1.0791920785374403	0.9049531017611322
0.9583075096973377	1.091642657506415	0.8928872055516892
0.9537344911340472	1.1033550026106957	0.8812525123309717
0.9493909885268846	1.114307403352711	0.8701122508077899
0.9452966078890075	1.1244812288251995	0.859528233056458
0.9414696260729792	1.13386058384257	0.8495604530992166
0.9379269462077603	1.1424319929782039	0.8402666464134725
0.9346840594256148	1.1501841123737002	0.8317018131971657
0.9317550122663943	1.1571074690549126	0.8239177111770066
0.9291523791752642	1.1631942274102658	0.8169623269197891
0.9268872395484049	1.1684379824458018	0.8108793377814557
0.9249691588274844	1.1728335794189924	0.8057075795199143
0.9234061731959151	1.1763769594625764	0.8014805368892994
0.9222047774864797	1.1790650308353567	0.7982258759101692
0.9213699159695077	1.1808955654752302	0.7959650367029457
0.9209049757523627	1.181867120577693	0.7947129046054449
0.9208117825837717	1.1819789849783016	0.7944775747292855
0.9210905989199529	1.1812311501780297	0.7952602212636248
0.9217401241732258	1.1796243059143678	0.7970550779874146
0.9227574971275985	1.1771598602466709	0.7998495310154414
0.9241383005696067	1.1738399841901284	0.803624319272016
0.925876568246299	1.1696676809971907	0.8083538330658396
0.9279647943255562	1.1646468802467325	0.8140064968799972
0.9303939455966119	1.1587825569579875	0.8205452194258525
0.9331534767102506	1.152080875996391	0.8279278923193556
0.9362313488180121	1.1445493620797904	0.8361079184404104
0.9396140520268914	1.1361970957232932	0.8450347520012855
0.9432866321393039	1.1270349354759475	0.8546544343388636
0.9472327221959975	1.1170757667979572	0.8649101121539049
0.9514345793804116	1.106334777897118	0.8757425280273997
0.9558731278747739	1.0948297627791743	0.8870904762508953
0.9605280082788497	1.082581451657135	0.8988912200661119
0.965377634209538	1.0696138686929968	0.9110808691357267
0.970399256691171	1.0559547167893157	0.923594718346077
0.9755690369203075	1.0416357887768402	0.9363675508194
0.9808621279430322	1.0266934038161695	0.9493339092838585
0.9862527657156132	1.011168867090182	0.9624283407462533
0.9917143699296012	0.9951089498361461	0.9755856197904624
0.9972196548693385	0.9785663853569304	0.9887409558515308
1.0027407504333345	0.9616003747398297	1.0018301895612243
1.008249333291733	0.9442770934532195	1.0147899827929971
1.0137167679716534	0.9266701866149524	1.0275580064132266
1.019114257462954	0.9088612363451831	1.0400731290234324
1.0244130027222818	0.8909401790457836	1.0522756091986005
1.0295843702274023	0.8730056435425871	1.0641072929251485
1.034600066501914	0.8551651727375721	1.075511817147132
1.0394323182984777	0.8375352818881826	1.0864348195638585
1.0440540569032857	0.8202412963226462	1.0968241541045534
1.0484391048127029	0.8034169012604231	1.1066301108510346
1.052562362842223	0.7872033280490314	1.1158056385997392
1.0563999955654035	0.7717480969824597	1.1243065677599695
1.0599296128533022	0.7572032402120887	1.1320918308841152
1.0631304451995172	0.743722943012635	1.1391236778242457
1.065983510477711	0.731460571753805	1.1453678823124367
1.0684717697916573	0.7205651051638619	1.150793936672033
1.0705802701451295	0.7111770519233589	1.1553752313840435
1.0722962717813156	0.7034240178377728	1.1590892163549085
1.0736093582180577	0.6974161695660565	1.1619175409541889
1.0745115272332035	0.6932419133473238	1.1638461702059433
1.0749972613290903	0.6909641476280938	1.1648654749155487
1.0750635765200784	0.6906174412341167	1.1649702939820028
1.0747100486340757	0.6922064252308496	1.1641599676695145
1.0739388166887587	0.6957055714206174	1.162438341174954
1.0727545632853963	0.701060382082273	1.1598137384116138
1.0711644723470515	0.7081898623527069	1.156298906516244
1.0691781649025502	0.7169900183363591	1.1519109321568153
1.066807613972536	0.7273380429597397	1.1466711312549067
1.064067039939426	0.73909682690523	1.1406049142220502
1.060972788070704	0.7521194589016684	1.1337416292285898
1.057543190107655	0.7662534434329422	1.1261143863634613
1.0537984120241863	0.7813444458017156	1.1177598657930905
1.049760290199297	0.7972394573120809	1.1087181131792347
1.0454521583307048	0.8137893449749561	1.0990323256636765
1.0408986674464693	0.8308508043785653	1.088748631669425
1.0361256013484317	0.8482877700215155	1.0779158676032345
1.0311596897496833	0.8659723566168869	1.0665853542747699
1.0260284212531876	0.8837854113740832	1.0548106754777327
1.0207598581662594	0.9016167550680173	1.0426474607135636
1.0153824549627002	0.9193651823394783	1.0301531734866505
1.0099248819982674	0.9369382818457812	1.01738690597069
1.0044158558631622	0.9542521264594511	1.0044091801503379
0.998883977524579	0.9712308738351028	0.9912817547943681
0.9933575791797944	0.9878063089282253	0.9780674368330621
0.9878645805119777	1.003917352682137	0.964829894914409
0.9824323548222752	1.0195095551012734	0.9516334721269736
0.9770876053072652	1.0345345861767905	0.9385429941344671
0.971856251564258	1.0489497344464458	0.9256235683082625
0.9667633262407688	1.062717420165421	0.9129403689178361
0.9618328816006385	1.075804727960597	0.9005584031025005
0.9570879056586095	1.088182962283083	0.8885422522653876
0.9525502474378574	1.0998272278341985	0.8769557837716541
0.9482405508304955	1.1107160363157143	0.8658618284661909
0.9441781964883326	1.120830940265702	0.8553218206124326
0.940381251138619	1.1301561943254603	0.8453953984354139
0.9368664237053015	1.1386784439945927	0.8361399655400614
0.9336490276183329	1.1463864417362892	0.8276102160360245
0.9307429487096356	1.1532707901682324	0.8198576291419649
0.9281606181221903	1.1593237119981823	0.8129299422080034
0.9259129896962773	1.1645388463241257	0.8068706142609416
0.9240095213421243	1.1689110709074824	0.8017182950618007
0.9224581599593334	1.172436350037444	0.7975063169535304
0.9212653295188976	1.1751116076300643	0.7942622281538275
0.9204359219820935	1.1769346252435187	0.7920073863450152
0.9199732907910237	1.1779039647380978	0.7907566302543919
0.9198792467272879	1.1780189153636806	0.7905180443633548
0.9201540559976757	1.1772794651166711	0.7912928280501778
0.9207964404685111	1.1756862962709655	0.7930752756376169
0.9218035800331188	1.1732408050518048	0.7958528683933574
0.9231711171597096	1.1699451454858527	0.799606474010605
0.9248931637296137	1.1658022975239748	0.8043106439834222
0.9269623103381049	1.1608161595934348	0.8099339950358074
0.9293696382916935	1.1549916657919006	0.8164396576984975
0.9321047345963287	1.1483349279849333	0.8237857734338326
0.9351557102897089	1.1408534031094015	0.8319260214047889
0.9385092225269822	1.1325560860149264	0.8408101569410832
0.942150500881335	1.1234537281907004	0.8503845457341922
0.9460633783678801	1.1135590827215027	0.8605926804912072
0.950230327739206	1.1028871757884957	0.871375669874331
0.9546325036320239	1.0914556049692765	0.88267269275061
0.9592497911645261	1.0792848644863133	0.8944214138272796
0.9640608615911734	1.0663986973875847	0.9065583594688248
0.9690432356135299	1.052824474396143	0.9190192547667801
0.9741733549203434	1.0385935988066055	0.9317393247082383
0.9794266624854508	1.0237419362956752	0.9446535635597101
0.9847776920866286	1.0083102677964761	0.9576969773815581
0.9902001674210095	0.9923447625912909	0.9708048049700271
0.9956671110824343	0.9758974674118893	0.9839127225559989
1.001150963533028	0.9590268054847371	0.996957037342076
1.0066237120460388	0.941798076977763	1.009874874499432
1.0120570294209925	0.9242839490297026	1.022604361633389
1.017422422077821	0.9065649192891534	1.0350848140137856
1.0226913869270708	0.8887297314764412	1.0472569230962052
1.0278355761926519	0.8708757147602855	1.059062950068243
1.0328269691369012	0.8531090106583737	1.0704469253695061
1.037638049410735	0.8355446418519321	1.0813548543775213
1.0422419865307615	0.8183063671798478	1.0917349287422409
1.0466128197773377	0.8015262570430909	1.101537742204027
1.050725642619791	0.7853439150425735	1.110716509155731
1.0545567856145455	0.7699052672243848	1.1192272837186368
1.0580839955955443	0.7553608429837764	1.1270291767025007
1.0612866088904098	0.741863485298243	1.1340845675180016
1.0641457162555779	0.7295654564084589	1.1403593079099814
1.0666443172334017	0.7186149512283039	1.145822914284502
1.0687674616966383	0.709152094962446	1.1504487454122507
1.070502376461895	0.7013045796434105	1.154214162403281
1.0718385750228212	0.6951831769543708	1.1571006680589264
1.0727679486734254	0.6908774366410807	1.159094023008931
1.0732848375574715	0.6884519227114044	1.160184336425732
1.073386080485229	0.6879433366895567	1.160366129561337
1.0730710426961452	0.6893588192108121	1.159638370861154
1.0723416211062764	0.6926756115281728	1.1580044819574242
1.071202226952566	0.6978421142192929	1.1554723144153307
1.0696597461218185	0.7047802287699335	1.1520540976793476
1.0677234778198863	0.7133887382222664	1.1477663592278553
1.065405052585934	0.7235473985803552	1.1426298184727621
1.0627183309780843	0.7351213833873622	1.1366692564212848
1.0596792845419867	0.74796574627771	1.129913363534063
1.0563058609158082	0.7619296265075534	1.1223945685544658
1.0526178351186122	0.7768600021772947	1.1141488513375306
1.0486366492105186	0.7926048779212943	1.105215542865347
1.0443852426008593	0.8090158657933477	1.0956371156932476
1.0398878753149776	0.8259501732752578	1.0854589680249038
1.0351699465133306	0.8432720492035746	1.074729204463742
1.0302578104917046	0.8608537588027093	1.0634984162346157
1.0251785922834311	0.8785761665041621	1.05181946331706
1.0199600048394102	0.8963290037805776	1.0397472604851192
1.0146301695861042	0.9140108923637914	1.0273385687158643
1.009217441962468	0.9315291836978431	1.0146517928181158
1.0037502433212353	0.9487996652140739	1.0017467854552922
0.9982569003550948	0.9657461741939283	0.9886846570047432
0.9927654929806976	0.9823001512420266	0.975527589926362
0.9873037113892694	0.998400157983787	0.9623386555255139
0.9818987227571545	1.0139913775479816	0.9491816302141812
0.9765770479074735	1.029025111583611	0.9361208076307281
0.9713644480288481	1.0434582838214141	0.9232208023112636
0.9662858213915908	1.057252957336941	0.9105463400610797
0.961365109857717	1.0703758705278643	0.8981620298084383
0.9566252148596354	1.082797995228203	0.88613211159834
0.952087922423677	1.094494119217124	0.8745201755693088
0.9477738367382903	1.1054424545360277	0.8633888473208843
0.9437023217118151	1.1156242724232632	0.8527994360860579
0.9398914499297985	1.1250235652486813	0.8428115436173916
0.9363579584050598	1.1336267355333336	0.8334826336953103
0.9331172105131607	1.141422311938135	0.8248675646468467
0.9301831635194531	1.14840069197363	0.8170180901423841
0.9275683411293127	1.1545539111026306	0.8099823366713776
0.9252838105284374	1.1598754378649954	0.8038042692730176
0.9233391634232095	1.1643599946395418	0.7985231600422047
0.9217425006403345	1.1680034036651075	0.7941730763338308
0.9205004198987025	1.170802457965931	0.7907824071322191
0.919618006423378	1.1727548168621027	0.7883734464585159
0.9190988261307625	1.1738589257908618	0.7869620517630788
0.9189449211744795	1.174113960216701	0.786557392926952
0.9191568077028526	1.1735197934656176	0.7871618038671516
0.9197334757405602	1.1720769883797204	0.7887707440567555
0.9206723911689404	1.1697868127511815	0.7913728719236658
0.9219694998412908	1.1666512785577325	0.7949502265631709
0.9236192339312362	1.1626732050840578	0.7994785089962902
0.9256145206736274	1.1578563060730322	0.8049274497902908
0.9279467937182057	1.1522053011062274	0.8112612465848894
0.9306060073760049	1.1457260514626857	0.8184390531444922
0.9335806540965009	1.1384257207466832	0.8264155010277551
0.9368577855690553	1.1303129606066098	0.835141235724743
0.9404230378940704	1.1213981218851552	0.8445634509358282
0.9442606613161807	1.111693491541637	0.854626407260126
0.9483535550521142	1.101213555665113	0.8652719246050252
0.9526833077777913	1.089975288844352	0.8764398408191005
0.9572302443608042	1.0779984700673546	0.8880684321316245
0.9619734794335874	1.065306025174485	0.9000947937593298
0.9668909783972249	1.0519243956652553	0.9124551813888825
0.9719596264239196	1.0378839333319538	0.9250853160983045
0.9771553059857861	1.023219319726099	0.9379206566309128
0.9824529833771826	1.0079700088059231	0.950896643808342
0.9878268046160295	0.9921806901983166	0.963948922317171
0.9932502010056875	0.9759017692507798	0.9770135451922721
0.99869600451279	0.9591898583387922	0.9900271661191002
1.0041365729684557	0.9421082715973893	1.0029272242543326
1.0095439249317923	0.9247275122038332	1.0156521256808617
1.0148898838676483	0.9071257373736832	1.0281414249222245
1.0201462310881382	0.8893891811641536	1.0403360091875071
1.0252848666934062	0.8716125088507404	1.0521782872367966
1.0302779775260997	0.8538990689759606	1.0636123839783607
1.0350982109315459	0.8363610002378636	1.0745843411550653
1.03971885289782	0.8191191405349302	1.08504232376745
1.0441140089433523	0.8023026754755952	1.0949368312292242
1.0482587859313852	0.7860484548485333	1.1042209116696935
1.0521294728274222	0.7704999000382272	1.11285037729665
1.0557037182845626	0.7558054260895787	1.1207840183205608
1.0589607028485295	0.7421163127100994	1.1279838126227795
1.0618813035247168	0.7295839828241316	1.1344151281316286
1.0644482484480382	0.7183566885416808	1.140046914753336
1.0666462594457589	0.7085756636293679	1.1448518826906833
1.0684621803852559	0.7003708759826286	1.1488066640694328
1.0698850893524487	0.6938565951108873	1.1518919549772255
1.07090639291042	0.6891270645645894	1.154092635295356
1.0715199009374903	0.6862526199653353	1.155397864061761
1.0717218808341553	0.6852766024841473	1.1558011485324853
1.0715110902115343	0.6862133738729291	1.155300385595381
1.0708887875218545	0.6890476424739816	1.1538978747186452
1.0698587204544623	0.693735173702565	1.151600302171439
1.0684270922887944	0.7002048082425832	1.1484186968167869
1.0666025067583476	0.7083615758319439	1.144368358330579
1.064395892326819	0.7180905968088264	1.139468759227354
1.0618204070998232	0.7292614209807428	1.133743422557186
1.058891325884373	0.7417324635931329	1.1272197775633255
1.0556259111565556	0.7553552496582038	1.1199289959440228
1.0520432698998676	0.7699782532236193	1.111905811633186
1.0481641984286931	0.7854501997528345	1.1031883271944891
1.0440110174113435	0.8016227740450901	1.0938178100061937
1.0396073993546642	0.8183527350616877	1.0838384813955888
1.034978190809001	0.835503479946211	1.0732973017613452
1.0301492315012655	0.8529461235463022	1.062243754500176
1.0251471725094057	0.8705601700772903	1.050729631233939
1.0199992954591877	0.8882338540990203	1.038808820419427
1.0147333345601237	0.9058642223371522	1.0265371009219866
1.0093773031083713	0.9233570189883494	1.0139719415537944
1.0039593258774624	0.9406264270966868	1.0011723069279133
0.9985074785997026	0.9575947087182795	0.9881984692720125
0.9930496355185834	0.974191777655951	0.9751118250955102
0.9876133257717166	0.99035473088318	0.9619747148289626
0.9822255991500098	1.00602735845735	0.9488502427775147
0.976912901576753	1.02115964666394	0.9358020939796705
0.9717009604637522	1.0357072851785551	0.9228943438741471
0.9666146799335895	1.049631186000668	0.9101912560948427
0.9616780457495363	1.0628970196239798	0.8977570632893574
0.9569140396688689	1.0754747722045834	0.8856557256506459
0.9523445628317697	1.0873383262355674	0.8739506619312055
0.9479903677164653	1.0984650663263122	0.8627044481441648
0.9438709981309399	1.1088355110306274	0.8519784800113426
0.940004736671234	1.1184329712037266	0.8418325965475028
0.9364085590543361	1.1272432350437758	0.8323246640008194
0.9330980947281572	1.1352542797519465	0.8235101216923563
0.9300875931699784	1.1424560095981184	0.8154414940512744
0.9273898953060049	1.14884002008759	0.8081678762044828
0.9250164095162077	1.1543993878728454	0.8017344036592523
0.9229770917284841	1.1591284860332536	0.7961817196613185
0.9212804291525932	1.1630228243469405	0.7915454564185028
0.9199334272556708	1.1660789141975818	0.7878557482321239
0.9189415996361046	1.1682941577904318	0.7851367953793875
0.918308960510011	1.1696667613935015	0.7834064971131904
0.918038019583655	1.1701956723689786	0.7826761702801016
0.9181297791452547	1.1698805398148016	0.7829503668404816
0.9185837332702558	1.168721698694979	0.7842267992068422
0.9193978690950632	1.1667201773983062	0.7864963771465584
0.9205686701751685	1.1638777287270206	0.7897433544807492
0.9220911220044579	1.1601968843783175	0.7939455784581275
0.9239587198330487	1.1556810330410037	0.7990748299741358
0.9261634789810327	1.1503345222854517	0.8050972391365652
0.9286959479046165	1.1441627844757818	0.811973758306847
0.931545224328789	1.1371724869770086	0.8196606737683247
0.9346989748160462	1.1293717069645592	0.8281101375293596
0.9381434581928674	1.120770131166339	0.8372707022708805
0.9418635533033138	1.1113792808748704	0.8470878448185931
0.9458427916008549	1.1012127625541175	0.857504466443628
0.9500633951236013	1.0902865443259213	0.8684613614602684
0.9545063204227063	1.0786192585453833	0.8798976487219293
0.9591513090267894	1.066232530550435	0.8917511635021147
0.9639769450247929	1.0531513334806701	0.9039588097381581
0.9689607203337308	1.039404368780193	0.916456874629626
0.9740791081843921	1.02502447159578	0.9291813090936029
0.9793076453055944	1.0100490397106627	0.9420679786018439
0.9846210232146481	0.9945204838567039	0.9550528895054142
0.9899931889274163	0.97848669614655	0.9680723961533114
0.9953974552853073	0.962001531864021	0.9810633940018478
1.0008066209589899	0.9451252978228635	0.9939635035599158
1.0061931000305249	0.927925237803761	1.0067112494850974
1.011529060878725	0.9104760020385575	1.019246238492496
1.0167865738994544	0.892860083149956	1.0315093390091155
1.0219377673867314	0.8751681952076465	1.0434428647400351
1.0269549906861495	0.8574995655138848	1.0549907635394746
1.0318109835143718	0.8399621003878389	1.0660988122246469
1.036479050122999	0.8226723768003599	1.0767148172526215
1.0409332367782826	0.8057554017917018	1.0867888205157434
1.045148510836584	0.7893440722702719	1.0962733089120786
1.0491009395259616	0.7735782608078691	1.105123425824054
1.0527678664035065	0.7586034509807482	1.1132971821992943
1.0561280833523168	0.7445688519894509	1.1207556645792494
1.0591619959169167	0.7316249405188328	1.127463237168627
1.0618517797561824	0.7199204116052987	1.1333877348851817
1.0641815260218361	0.7095985717089868	1.138500644276512
1.0661373735503268	0.7007932751911826	1.1427772692375604
1.0677076258867986	0.6936245842053421	1.146196878606545
1.0688828513404651	0.6881944102834119	1.1487428329528624
1.0696559644979475	0.684582457530055	1.1504026881903044
1.0700222878901222	0.6828428145661385	1.1511682740427145
1.0699795928122964	0.6830015209531513	1.151035745844618
1.0695281186292855	0.6850553587854015	1.1500056086623192
1.0686705702472736	0.6889719994815557	1.1480827132556655
1.0674120937935394	0.6946914901661946	1.145276223950526
1.0657602309032046	0.7021289214000429	1.141599559039729
1.0637248523591505	0.7111780054913363	1.137070304858676
1.061318072157608	0.7217152305083507	1.13171010517458
1.05855414336897	0.7336042446235818	1.1255445279699556
1.0554493374235552	0.7467001612299172	1.1186029120779348
1.0520218086692785	0.760853541918797	1.1109181964274732
1.0482914462179356	0.7759138940956922	1.1025267348711372
1.0442797152163843	0.791732597417208	1.0934680996898587
1.040009489747299	0.8081652381710135	1.083784876893208
1.0355048795821478	0.8250733784983866	1.0735224563581098
1.0307910529789053	0.8423258177111095	1.0627288196734748
1.0258940576425293	0.8597994183639797	1.0514543282848983
1.0208406418522649	0.8773795738889425	1.039751514166188
1.0156580776121984	0.8949603912270939	1.0276748747884323
1.010373987506572	0.9124446542040809	1.0152806736196447
1.0050161767458974	0.9297436237820347	1.0026267467773164
0.999612471680654	0.9467767214032169	0.9897723157830526
0.9941905658429246	0.963471132383756	0.9767778056456953
0.9887778743588407	0.9797613582076754	0.9637046667429535
0.9834013973618263	0.9955887397787048	0.9506151982015709
0.9780875928331856	1.0109009681828895	0.9375723697176873
0.9728622591066878	1.0256515951687428	0.9246396380440249
0.967750427100701	1.0397995521909735	0.9118807537382017
0.9627762621875	1.0533086843098338	0.8993595532647257
0.9579629754762115	1.0661473033256383	0.8871397312284977
0.9533327441742449	1.0782877631142591	0.8752845874539354
0.9489066406020846	1.089706059096626	0.8638567438797915
0.9447045693675029	1.1003814530293123	0.8529178268836346
0.9407452121565412	1.1102961237709341	0.8425281117420222
0.9370459795686099	1.1194348443044388	0.8327461275142969
0.933622969410038	1.1277846850364277	0.8236282227202807
0.9304909308624473	1.135334743220467	0.8152280947308226
0.9276632339574483	1.142075898239144	0.8075962887138253
0.9251518438152968	1.1480005924129835	0.8007796751201613
0.9229672991403981	1.1531026369713782	0.7948209178304263
0.9211186945090484	1.1573770428128378	0.7897579479348606
0.9196136660329398	1.1608198756929864	0.7856234603713507
0.9184583800342766	1.1634281355042575	0.7824444519881235
0.917657524423679	1.1651996593478309	0.7802418197628637
0.9172143025294225	1.1661330481433403	0.779030036726411
0.9171304291852345	1.166227616573236	0.7788169205691148
0.9174061289433169	1.1654833662145518	0.7796035060721289
0.9180401363391275	1.1639009817696908	0.7813840276837685
0.9190296981944622	1.1614818503682378	0.7841460131630802
0.9203705780053631	1.158228103972323	0.7878704837288735
0.9220570625211723	1.154142684977338	0.7925322510845455
0.9240819706804104	1.1492294351564265	0.7981002974813999
0.9264366651277945	1.1434932081496159	0.8045382219641116
0.9291110665941307	1.1369400057450811	0.8118047342874036
0.9320936714763902	1.129577138238885	0.8198541777171229
0.9353715730081194	1.1214134091882475	0.8286370629010682
0.9389304864593557	1.1124593248889652	0.8381005969757174
0.942754778849097	1.1027273289059705	0.8481891947625079
0.9468275036905487	1.0922320619617991	0.8588449619836084
0.9511304413181294	1.0809906474333306	0.8700081435973963
0.9556441453636685	1.069023002612189	0.8816175333737267
0.9603479959554314	1.0563521757340684	0.8936108435187107
0.9652202602055739	1.0430047085569314	0.9059250354052503
0.9702381605274765	1.0290110239399501	0.9184966142169362
0.9753779512823771	1.014405837406889	0.9312618915662451
0.9806150041933648	0.9992285910192712	0.9441572209362484
0.9859239028829632	0.9835239069702346	0.957119211173709
0.9912785467876156	0.9673420570541352	0.9700849232973441
0.9966522645782749	0.9507394424620427	0.9829920556476234
1.0020179370715894	0.9337790760672926	0.9957791219599218
1.0073481294521764	0.9165310563429692	1.008385626350522
1.0126152324452724	0.8990730181222397	1.0207522385157444
1.0177916118835852	0.881490540398858	1.0328209717006
1.0228497659061857	0.8638774851226827	1.0445353652289489
1.0277624888153087	0.8463362334058268	1.0558406726294316
1.0325030404042506	0.828977776807803	1.0666840556618782
1.0370453193619977	0.8119216117703232	1.0770147838645696
1.0413640391641568	0.7952953755963411	1.0867844386171939
1.0454349046816864	0.7792341539662303	1.0959471201585875
1.0492347875855215	0.7638793849400938	1.1044596555213586
1.0527418985027222	0.7493772855865855	1.1122818049544245
1.0559359537942017	0.7358767383426809	1.1193764641050532
1.0587983347803867	0.723526598673098	1.1257098590281982
1.061312237243421	0.71247242655323	1.131251730985103
1.063462809085436	0.7028527026018008	1.135975507985725
1.0652372741232141	0.6947946624099968	1.1398584601188515
1.0666250401498734	0.688409961680756	1.1428818358959096
1.0676177895918912	0.6837904567661808	1.1450309771031708
1.068209551331026	0.6810044330201273	1.1462954100037213
1.0683967525400684	0.6800936204455038	1.1466689111444008
1.0681782496919372	0.6810712917803218	1.1461495464910494
1.0675553382353	0.683921642878103	1.1447396831233476
1.0665317407776223	0.6886005226257554	1.1424459732524952
1.0651135739687099	0.6950374339847406	1.139279310864361
1.0633092946246316	0.703138597208918	1.1352547618208018
1.0611296259638299	0.7127907745612694	1.1303914687560546
1.0585874651352625	0.7238655155906579	1.1247125325678486
1.0556977734945683	0.7362234927263465	1.1182448727098515
1.0524774513217074	0.7497186473146437	1.1110190688306805
1.0489451988670244	0.7642019394075226	1.1030691865644866
1.0451213657585314	0.7795245737078496	1.0944325904507697
1.0410277908994714	0.7955406460001735	1.0851497470407503
1.0366876350316563	0.8121092114862947	1.075264021230659
1.0321252081380377	0.8290958161121567	1.0648214687474453
1.0273657938103413	0.8463735552950998	1.0538706275003002
1.022435472618495	0.8638237345345393	1.0424623102046457
1.0173609463931244	0.8813362069611137	1.0306494002881061
1.0121693651765602	0.8988094574545022	1.0184866526062526
1.0068881584178946	0.9161504943620564	1.0060304999369376
1.0015448717903188	0.9332746001065848	0.9933388655948077
0.9961670108007602	0.9501049823868557	0.9804709818230994
0.9907818921490109	0.9665723589843466	0.9674872128916793
0.9854165035819179	0.982614501726971	0.9544488810754459
0.9800973727829413	0.9981757589979978	0.9414180929270888
0.9748504456429901	1.013206571239346	0.9284575625198913
0.9697009740785394	1.0276629900325693	0.9156304276537681
0.9646734134004955	1.0415062083728066	0.9030000544330959
0.959791329094105	1.0547021075088474	0.8906298251888071
0.9550773127476558	1.0672208240521694	0.8785829044887394
0.9505529067663013	1.0790363398288572	0.8669219780252525
0.9462385374269198	1.0901260960545285	0.8557089595566373
0.9421534557698202	1.10047063276981	0.845004661875222
0.938315685782175	1.1100532540177075	0.8348684290351767
0.9347419793048072	1.1188597189252885	0.8253577288291081
0.9314477770866434	1.126877958633745	0.8165277067510658
0.9284471754178519	1.134097818876144	0.8084307053716987
0.9257528977914729	1.1405108279113096	0.8011157560655723
0.9233762710722575	1.14610998947107	0.7946280531907369
0.9213272056886169	1.1508896003562705	0.7890084238820714
0.9196141794073187	1.1548450923171651	0.7842928092882653
0.9182442242993446	1.1579728978706099	0.7805117750405344
0.9172229165578145	1.1602703397360354	0.7776900696888782
0.9165543688840102	1.1617355436114194	0.7758462495415229
0.9162412252144311	1.1623673740571323	0.7749923866668613
0.9162846576198459	1.1621653933076552	0.775133873781398
0.9166843652659726	1.1611298428871362	0.7762693355299417
0.9174385753844331	1.1592616479630917	0.7783906505953129
0.9185440462617255	1.1565624444319096	0.7814830835989152
0.9199960723129741	1.1530346287887867	0.7855255203719387
0.9217884913659486	1.1486814308920534	0.7904907953778759
0.9239136943390392	1.1435070097860685	0.7963460962584363
0.9263626375541573	1.1375165727965093	0.8030534279332486
0.9291248579813833	1.1307165181552732	0.8105701175267296
0.9321884917658834	1.1231146014473012	0.818849341582885
0.9355402964382346	1.1147201261959754	0.8278406583867005
0.9391656772556939	1.1055441589140813	0.8374905304726079
0.9430487181627358	1.0955997689393393	0.8477428252542388
0.9471722178928059	1.084902293341265	0.8585392848424116
0.9515177317579568	1.0734696271214241	0.8698199592514255
0.9560656196869983	1.0613225388205618	0.8815236001054894
0.9607951010740776	1.0484850114778188	0.8935880144921919
0.9656843169863326	1.0349846086373897	0.9059503806785194
0.9707104002496176	1.0208528647367556	0.9185475289741724
0.9758495538836777	1.0061256986976255	0.9313161921083867
0.9810771382912415	0.9908438488222502	0.9441932301224937
0.9863677675183468	0.9750533261034033	0.9571158350316591
0.9916954147953971	0.9588058816956818	0.9700217204440575
0.9970335274400772	0.9421594824557064	0.9828493010128204
1.0023551510551285	0.9251787860022931	0.9955378660992493
1.0076330627876502	0.9079356035159782	1.0080277514012108
1.0128399132343315	0.8905093343184882	1.0202605115958383
1.0179483763819575	0.8729873509803375	1.0321790962996307
1.0229313067685784	0.8554653071721044	1.0437280308929933
1.0277619028425333	0.8380473326723521	1.054853603014965
1.0324138752893977	0.8208460710261555	1.0655040548267731
1.0368616188967557	0.8039825057697144	1.0756297804853738
1.0410803863397315	0.7875855118098091	1.0851835276725548
1.0450464621028475	0.7717910610005346	1.09412060150144
1.0487373346124456	0.756741007470517	1.1023990686783933
1.0521318645446034	0.7425813818642722	1.1099799594408204
1.0552104472017791	0.7294601379664384	1.1168274645251346
1.0579551668218992	0.7175243237428506	1.1229091242475706
1.0603499406998826	0.7069166941455987	1.1281960067052044
1.0623806510658713	0.697771845024205	1.1326628721252558
1.064035262777466	0.6902120219379378	1.1362883205051852
1.0653039250441736	0.6843428350902402	1.1390549198897115
1.0661790556085022	0.6802491775208592	1.14094931291691
1.066655406055527	0.6779916809739663	1.1419622996249281
1.0667301072055126	0.6776040372691373	1.1420888949324477
1.0664026938553204	0.6790914547264228	1.1413283596768196
1.0656751084655385	0.6824304132621521	1.1396842045992124
1.064551683732673	0.687569744926763	1.1371641671905637
1.0630391043298069	0.6944329245954572	1.133780161839289
1.0611463484354084	0.7029213355026271	1.129548204235282
1.058884609989256	0.7129181971075155	1.1244883114688504
1.0562672029082054	0.7242928173114699	1.1186243797029078
1.0533094487552814	0.7369048535502338	1.1119840416784867
1.0500285495770472	0.7506083246373694	1.1045985066257027
1.0464434478016884	0.7652551903822582	1.0965023853849467
1.0425746752205747	0.7806983930640554	1.0877335036888993
1.038444193157764	0.7967943223184621	1.0783327066096606
1.0340752259651984	0.8134047167708235	1.0683436571339997
1.0294920899678808	0.8303980503879284	1.057812631692508
1.024720019926267	0.8476504707510748	1.0467883152364634
1.0197849949867317	0.865046363593265	1.0353215981322688
1.0147135659604671	0.8824786166763706	1.0234653767318695
1.0095326856124838	0.8998486497059113	1.0112743589844837
1.0042695434617521	0.9170662680656646	0.9988048758877042
0.9989514063974158	0.934049388500526	0.9861146989436395
0.9936054662107162	0.9507236756080821	0.973262863099439
0.9882586949338487	0.9670221197251385	0.960309493925147
0.9829377086709029	0.9828845797655819	0.9473156370328403
0.9776686404072724	0.9982573088067739	0.934343086991529
0.9724770220965591	1.0130924756339938	0.9214542122704202
0.9673876761515172	1.027347691878956	0.9087117720840782
0.9624246163104885	1.0409855516557747	0.8961787204602036
0.9576109577149348	1.0539731885403618	0.8839179924563388
0.9529688359181016	1.0662818532110836	0.8719922672761303
0.9485193344498988	1.0778865139471887	0.8604637031454793
0.9442824204885433	1.088765481368187	0.8493936392728616
0.9402768881345802	1.0989000582142816	0.8388422611010543
0.9365203087464165	1.1082742145554219	0.8288682264108176
0.9330289877769468	1.1168742885294063	0.8195282516871242
0.9298179275465014	1.124688712514166	0.8108766604932767
0.9269007953963311	1.1317077645112132	0.8029648983540811
0.9242898966872669	1.137923344438315	0.7958410217002628
0.9219961521381745	1.1433287749867478	0.7895491715796623
0.9200290790365818	1.1479186266827044	0.7841290458412793
0.9183967758977736	1.1516885667967898	0.7796153860452415
0.9171059101972625	1.1546352317652195	0.7760374971287745
0.9161617088536356	1.1567561228176486	0.7734188185740403
0.915567951193305	1.1580495245468196	0.7717765652592763
0.9153269641848886	1.1585144462022285	0.7711214542280186
0.9154396197881626	1.1581505855419965	0.7714575303300178
0.9159053343203701	1.1569583151325413	0.7727820992807659
0.9167220698007793	1.1549386910431003	0.7750857715096929
0.91788633729259	1.1520934839402817	0.7783526146801845
0.9193932023193377	1.1484252326454019	0.782560407470951
0.9212362924906772	1.1439373202730179	0.7876809825843618
0.9234078075295258	1.138634073121492	0.7936806433778466
0.9258985319486337	1.132520882534097	0.8005206362452584
0.9286978506791427	1.1256043499904342	0.8081576599917334
0.9317937680058871	1.1178924557207441	0.8165443938789259
0.9351729302130941	1.1093947511575355	0.8256300275721606
0.9388206523886116	1.1001225755464985	0.8353607786182635
0.9427209498734533	1.0900892970274811	0.8456803860077727
0.9468565748747431	1.0793105784602042	0.856530571520081
0.9512090587823364	1.0678046681999374	0.8678514636467269
0.955758760740725	1.0555927159136604	0.8795819817281156
0.9604849230263648	1.0426991133509438	0.8916601803808565
0.9653657337645528	1.0291518597232876	0.9040235562592805
0.9703783974876377	1.0149829509701693	0.9166093206627015
0.9754992139862086	1.0002287916580164	0.9293546424883946
0.980703665835727	0.9849306275146129	0.9421968665859854
0.9859665148920248	0.9691349955739905	0.9550737127547158
0.9912619079398647	0.9528941875035554	0.9679234605097641
0.9965634915495718	0.9362667197912958	0.9806851243952194
1.0018445360485033	0.9193178019482815	0.9932986241017048
1.007078068348452	0.9021197905716594	1.0057049530102709
1.0122370131893432	0.8847526128463911	1.0178463480765758
1.0172943421669685	0.8673041376796247	1.0296664632276065
1.0222232297119116	0.8498704660452812	1.0411105476968694
1.026997214982916	0.8325561042589497	1.0521256299963744
1.0315903684360068	0.8154739749899949	1.0626607075331767
1.0359774616364674	0.7987452113514243	1.072666941239122
1.0401341387004415	0.7824986703592648	1.0820978540062927
1.0440370875927105	0.7668700950194346	1.0909095312167103
1.047664209373302	0.7520008516239234	1.0990608212306403
1.0509947833838253	0.7380361736009171	1.1065135333592655
1.0540096263000622	0.7251228590351543	1.1132326305990987
1.0566912429547648	0.7134063991858461	1.1191864142501577
1.0590239668570844	0.7030275621817492	1.1243466974789826
1.060994088404605	0.694118519053521	1.128688964920386
1.062589968901037	0.686798673595746	1.1321925155358479
1.0638021386562184	0.6811704332375786	1.134840586156911
1.064623377652438	0.6773152204110889	1.1366204534318713
1.0650487775079744	0.675290055976237	1.1375235122543788
1.065075783749371	0.6751250337293022	1.1375453291721394
1.0647042177112889	0.6768219414606467	1.1366856697398264
1.0639362777087045	0.6803541749508153	1.1349484992782424
1.062776519461913	0.68566795449096	1.1323419570163709
1.061231816091066	0.692684714828047	1.1288783041083534
1.0593112983245443	0.7013044252759485	1.1245738465176944
1.0570262758754847	0.7114095263484563	1.1194488342307893
1.0543901412250287	0.7228691499437327	1.1135273386867113
1.0514182573021382	0.7355433168764599	1.1068371106771007
1.0481278307622488	0.7492868648161288	1.0994094212677064
1.0445377727360798	0.763952934602055	1.0912788885123825
1.0406685490427534	0.7793959182250422	1.0824832928640484
1.0365420219366932	0.7954738367637695	1.073063384230399
1.032181285485919	0.8120501657772426	1.0630626835722663
1.0276104966621216	0.8289951580732411	1.0525272817987883
1.0228547041634541	0.8461867313254471	1.0415056384770698
1.0179396768935498	0.8635109940427375	1.0300483825477036
1.0128917338900554	0.880862481507325	1.0182081168256436
1.007737577338697	0.8981441666698509	1.006039227574294
1.002504130130742	0.9152673020713223	0.9935976998765356
0.9972183792289362	0.9321511393507147	0.980940938898633
0.9919072259057168	0.9487225638417587	0.9681275964625712
0.9865973437135666	0.9649156737205439	0.9552174016230326
0.9813150448461152	0.9806713263577892	0.9422709932043024
0.9760861553547198	0.9959366689669552	0.9293497515119186
0.9709358995027918	1.0106646662169307	0.9165156257218978
0.9658887933723365	1.0248136340385046	0.9038309528021399
0.9609685476864763	1.0383467862268245	0.8913582632796349
0.956197979679895	1.0512317984662267	0.8791600687856209
0.9515989337370937	1.0634403929375704	0.8672986261492537
0.9471922104264628	1.0749479455932427	0.8558356729352719
0.9429975034861423	1.0857331174059677	0.8448321298012691
0.9390333442647087	1.0957775103396323	0.8343477659498139
0.9353170530847558	1.1050653483960908	0.8244408253203884
0.9318646969788887	1.1135831838179566	0.8151676130311294
0.9286910532439159	1.1213196283415188	0.8065820439270533
0.9258095782682259	1.1282651092724472	0.7987351578542672
0.9232323811076741	1.1344116500826322	0.7916746093305785
0.920970201314933	1.1397526751869538	0.7854441424270985
0.9190323905644667	1.1442828385449828	0.7800830646561702
0.9174268976585114	1.1479978757381806	0.7756257361770464
0.9161602565472416	1.1508944791933602	0.7721010923664957
0.9152375770475317	1.1529701962545598	0.769532218468243
0.9146625379983508	1.1542233498454073	0.7679359944179799
0.9144373826461069	1.1546529815104567	0.7673228259430944
0.914562916109565	1.1542588166751135	0.7676964747120364
0.9150385048309018	1.153041252018191	0.7690539958721239
0.9158620779766705	1.1510013649074362	0.7713857861262616
0.9170301308097544	1.1481409449053281	0.774675740020694
0.9185377301105274	1.1444625474087669	0.778901506850183
0.9203785217822467	1.1399695695407344	0.7840348360069361
0.922544740831826	1.1346663484632464	0.7900419950843869
0.9250272239722286	1.128558282327529	0.7968842428358482
0.9278154251461689	1.1216519741176636	0.8045183382599989
0.9308974343219201	1.1139553986760173	0.8128970675654046
0.9342599999598182	1.1054780932200816	0.8219697723555608
0.9378885555914235	1.0962313716676877	0.831682864793723
0.9417672509908643	1.0862285630765116	0.8419803184384133
0.9458789884481658	1.0754852744683379	0.8528041265798583
0.9502054646756423	1.0640196782403257	0.8640947229894409
0.9547272188889961	1.051852824252882	0.8757913628132588
0.9594236876027659	1.0390089765105617	0.8878324637586988
0.9642732666634591	1.0255159740964588	0.9001559096649041
0.969253381011434	1.0114056156515328	0.9126993199933776
0.9743405626128656	0.9967140661673864	0.9254002897440167
0.9795105369348229	0.9814822841299948	0.9381966048422918
0.9847383182487582	0.9657564660419661	0.9510264382181685
0.9899983139402966	0.9495885039716476	0.9638285316754878
0.9952644378763368	0.9330364499161102	0.9765423682993197
1.000510232735042	0.9161649782861007	0.9891083396300226
1.0057090010418817	0.8990458345687349	1.0014679112000497
1.010833944477847	0.881758254031346	1.0135637893278764
1.0158583108373431	0.864389329039681	1.0253400913292647
1.0207555478169492	0.8470342970621847	1.0367425205684697
1.0254994626167089	0.8297967137086153	1.0477185470537187
1.0300643861380483	0.812788466384501	1.0582175936002054
1.034425340372423	0.7961295748208648	1.06819122695393
1.0385582073983428	0.779947715805873	1.0775933527021422
1.042439898247601	0.76437740245855	1.086380412299788
1.0460485197703775	0.7495587456308973	1.0945115801234764
1.0493635375290562	0.7356357295168764	1.1019489581307211
1.0523659326872365	0.7227539487857317	1.1086577654568872
1.0550383508377716	0.7110577839262459	1.1146065201281592
1.0573652407350036	0.7006870371965785	1.119767210007168
1.0593329809635776	0.6917731132070997	1.1241154501180213
1.0609299926898828	0.6844349011610897	1.1276306236168812
1.0621468368012188	0.6787745904700846	1.1302960038782617
1.0629762939397016	0.6748737134918303	1.1320988554491371
1.0634134261784842	0.6727897419500661	1.1330305119739261
1.0634556193615914	0.6725535529138851	1.1330864296026208
1.063102605428655	0.6741680193815954	1.1322662148492342
1.0623564643642776	0.6776078744968448	1.130573626354417
1.0612216057400452	0.6828208643004576	1.1280165505096078
1.059704730146407	0.6897300668955098	1.124606951404958
1.0578147711327377	0.6982371420471153	1.120360796054049
1.0555628185781933	0.708226203865902	1.115297956310012
1.0529620246954974	0.7195679880233243	1.1094420893059984
