1.0	1.0	1.0
1.0057877825645452	0.9808670481061483	1.0143063510282415
1.011537844343496	0.9613706097039011	1.0284023242415903
1.017214105358524	0.9416183576778392	1.0422075372829098
1.0227804438674533	0.92172992873037	1.0556436152629225
1.0282009464536792	0.901837433188138	1.0686344914187287
1.0334401693929947	0.8820857593894607	1.0811067167423094
1.0384634089745455	0.8626325844629117	1.0929897791611227
1.0432369780263921	0.8436479832404762	1.1042164313989071
1.0477284854996887	0.8253135082140008	1.1147230253334777
1.0519071156152513	0.8078206000802437	1.1244498495275879
1.0557439027885756	0.7913681868163006	1.133341465660829
1.0592119983394424	0.7761593475619518	1.1413470388520948
1.0622869248737141	0.7623969648631416	1.1484206563457025
1.0649468142086385	0.7502783724873111	1.1545216287472486
1.0671726248065443	0.7399891280861637	1.1596147679398998
1.0689483348887918	0.731696192460284	1.1636706359843165
1.0702611077213673	0.7255409584714261	1.1666657596958279
1.0711014259900635	0.7216327077795144	1.1685828061841907
1.0714631927065619	0.7200431408067259	1.1694107154111948
1.0713437966923967	0.7208025892675888	1.1691447867401832
1.0707441413573608	0.7238983679345937	1.167786717484575
1.0696686362010372	0.7292754725053652	1.1653445925706598
1.068125151197357	0.7368395342696696	1.1618328255713493
1.0661249349480793	0.7464616664275865	1.1572720524989273
1.063682498187701	0.7579846409990555	1.1516889808231683
1.0608154648668833	0.7712297522718872	1.1451161971655668
1.0575443936137607	0.786003751732901	1.1375919379733477
1.0538925728556632	0.8021053520903396	1.129159828165772
1.0498857932650483	0.8193309533133277	1.1198685932431058
1.0455521014645912	0.8374794027585931	1.1097717506348972
1.0409215390838444	0.8563557371674302	1.0989272861250017
1.0360258713047783	0.8757739534556226	1.087397321018642
1.0308983089711514	0.8955589163476769	1.0752477753104852
1.0255732281762107	0.9155475398079336	1.0625480314767586
1.020085890996799	0.9355893846200383	1.0493706026585883
1.0144721707240618	0.955546805044603	1.0357908079428864
1.0087682845674335	0.975294760330328	1.0218864562011831
1.0030105363959865	0.9947203869958373	1.007737538541612
0.9972350716459072	1.0137224083752292	0.9934259278978118
0.991477646080305	1.0322104406034822	0.9790350826631972
0.9857734096519868	1.050104239682217	0.9646497496346593
0.9801567063034978	1.0673329225764574	0.9503556599270175
0.9746608901519641	1.0838341861896121	0.9362392100489784
0.9693181581570153	1.0995535411508457	0.9223871191064378
0.9641593990640988	1.1144435722048298	0.9088860522576376
0.9592140581563203	1.1284632332298248	0.8958222002475874
0.9545100171370919	1.1415771821953575	0.8832808052726173
0.9500734883030251	1.1537551594380833	0.8713456247478549
0.9459289220498786	1.164971411275705	0.8600983269275047
0.9420989266808975	1.1752041600365108	0.8496178158636503
0.9386041994526458	1.1844351209396156	0.8399794878952398
0.9354634677938992	1.1926490658335427	0.8312544276123663
0.9326934396634693	1.1998334335275365	0.8235085577496607
0.930308762068129	1.205977986287819	0.8168017642461244
0.9283219868373656	1.2110745119894393	0.8111870241099699
0.9267435428432013	1.2151165713919307	0.8067095689640967
0.9255817139569328	1.2180992900284247	0.8034061204093308
0.9248426221471114	1.2200191942520908	0.8013042339185692
0.9245302152417756	1.2208740910624933	0.8004217854019617
0.9246462590007914	1.2206629914312068	0.8007666287707499
0.9251903332696655	1.2193860769554503	0.8023364441305232
0.9261598321132342	1.217044709785919	0.8051187854448034
0.9275499679554406	1.2136414858960742	0.8090913247540195
0.929353779879267	1.2091803318807277	0.8142222785997855
0.931562146368114	1.20366664558754	0.8204709924232515
0.9341638028955789	1.1971074809915565	0.8277886513585039
0.9371453648934316	1.1895117778150044	0.8361190816107064
0.9404913567458617	1.1808906364663267	0.8453996056249596
0.9441842475694826	1.1712576389163363	0.8555619162282575
0.9482044946401887	1.1606292161356608	0.866532939260946
0.9525305954162259	1.1490250626730587	0.878235660128372
0.9571391491776483	1.136468598840195	0.8905898963870386
0.9620049293510994	1.1229874807590663	0.9035130052032897
0.9671009676106823	1.1086141581864573	0.9169205207127303
0.9723986508355604	1.093386479503511	0.9307267215782156
0.9778678319579518	1.0773483424745658	0.9448451331881036
0.9834769556468766	1.060550388236662	0.959188971902604
0.9891931996395887	1.0430507343415325	0.9736715406058526
0.9949826323513138	1.024915740350934	0.9882065856883836
1.000810387163313	1.0062207962430962	1.0027086256387745
1.0066408535096054	0.9870511194186374	1.0170932608430947
1.0124378845560733	0.9675025400302927	1.0312774731455605
1.0181650208964115	0.9476822462838969	1.0451799223628397
1.0237857292840349	0.9277094508395891	1.0587212453931234
1.02926365498652	0.9077159261262715	1.071824361920868
1.0345628859005889	0.8878463401342027	1.0844147890691156
1.039648226114289	0.8682583053948344	1.0964209657559203
1.044485476163846	0.8491220335230258	1.1077745860181023
1.0490417168219315	0.8306194682633395	1.1184109392121544
1.0532855928886575	0.8129427555551823	1.1282692538185322
1.0571875931533312	0.7962919058890733	1.1372930405853918
1.0607203224697939	0.7808715203258006	1.145430429969562
1.0638587617552342	0.7668864961620959	1.1526344982796732
1.0665805116932705	0.7545367092439661	1.158863576607482
1.0688660160051129	0.7440107901863273	1.1640815365515573
1.070698760351843	0.7354792643332425	1.1682580468897577
1.0720654432459522	0.7290874896280907	1.1713687957338117
1.0729561157760652	0.7249489681852579	1.173395673284681
1.0733642874752263	0.723139683921211	1.1743269110781085
1.0732869962757285	0.7236940927740476	1.1741571745364385
1.0727248411736334	0.7266032475585441	1.1728876066902347
1.0716819769521508	0.7318152929696943	1.1705258220616674
1.070166071060913	0.7392382669352998	1.1670858508681918
1.0681882234928974	0.7487448598037908	1.162588034865196
1.0657628512174067	0.7601785750108006	1.157058877255811
1.0629075393925913	0.773360640343127	1.150530850112574
1.0596428621734355	0.7880970396299208	1.1430421636402799
1.0559921764332618	0.804185143620426	1.1346365023281686
1.0519813921151853	0.8214195746360745	1.1253627335644314
1.0476387232157296	0.8395971021362928	1.1152745945953924
1.042994423571987	0.8585205067272099	1.1044303637908481
1.0380805116771026	0.8780014538973212	1.0928925220180397
1.032930488691681	0.8978624836502692	1.0807274095280823
1.0275790536601437	0.917938253718468	1.0680048831249067
1.0220618196934497	0.9380761809681886	1.05479797752789
1.0164150345577065	0.9581366168615019	1.0411825737706455
1.0106753087283282	0.9779926757842105	1.0272370762204601
1.004879353548552	0.9975298149510289	1.0130420983820867
0.9990637316861234	1.0166452447755934	0.9986801560998536
0.9932646216289022	1.0352472308336644	0.9842353651364791
0.9875175975136223	1.0532543335937496	0.9697931384412346
0.9818574251548724	1.0705946200366308	0.955439876795681
0.9763178747441852	1.0872048718844043	0.9412626450334626
0.9709315503302622	1.1030298080122005	0.9273488247857605
0.965729735876782	1.1180213332921507	0.9137857338447382
0.9607422574276765	1.1321378222207878	0.90066020192497
0.9559973606927857	1.1453434428674547	0.8880580930145249
0.9515216031991731	1.157607524676758	0.8760637658216823
0.9473397600332438	1.1689039722477166	0.8647594661975777
0.9434747421230426	1.179210726233154	0.854224648953562
0.9399475259746656	1.1885092718344377	0.8445352312064874
0.9367770937769179	1.1967841949210867	0.835762785153026
0.9339803828191854	1.2040227855190955	0.8279736847029279
0.9315722432239378	1.2102146882413238	0.8212282272095174
0.9295654030724615	1.2153515991464607	0.8155797579650819
0.9279704400958843	1.2194270084875936	0.8110738303949587
0.9267957592093309	1.2224359888314869	0.8077474381728091
0.9260475752817887	1.2243750280837853	0.8056283560776033
0.9257299006552666	1.2252419070349359	0.8047346238534947
0.9258445370519854	1.2250356211399267	0.8050742015239528
0.9263910716361368	1.2237563463564107	0.8066448159049799
0.9273668771260616	1.2214054489855861	0.8094340072505181
0.9287671159827557	1.2179855395838197	0.8134193731752316
0.9305847488307563	1.2135005711361175	0.818568995526095
0.9328105473969854	1.2079559818007126	0.8248420259526472
0.9354331123811541	1.2013588826425923	0.8321893985407969
0.9384388967965691	1.193718290867436	0.8405546336142921
0.9418122354408918	1.1850454091400087	0.8498746958056416
0.9455353812702029	1.1753539516147873	0.8600808714683232
0.9495885495536333	1.164660517311421	0.8710996348416854
0.9539499707761832	1.1529850114197655	0.8828534783097131
0.9585959533299241	1.1403511149996597	0.8952616888009518
0.9635009570838386	1.126786803322369	0.9082410591267164
0.968637678945036	1.112324912745617	0.9217065292713488
0.9739771515138061	1.0970037554685554	0.9355717579419519
0.9794888558869015	1.0808677807014808	0.9497496288483979
0.9851408495729068	1.0639682796032173	0.9641526991642517
0.9908999103466896	1.0463641296445931	0.9786935994763719
0.9967316966838633	1.0281225716592097	0.9932853953989096
1.0026009251794876	1.0093200094949213	1.007841921076516
1.0084715650681453	0.9900428175683571	1.022278094211154
1.0143070496272846	0.9703881353726957	1.036510221187115
1.020070503866787	0.9504646196681287	1.0504562994899496
1.0257249874919006	0.9303931142599265	1.0640363230434695
1.0312337516831918	0.9103071835856502	1.0771725944272663
1.03656050777759	0.8903534396715421	1.089790046266433
1.0416697054726023	0.870691572743611	1.1018165724688194
1.046526817726845	0.8514939750999113	1.1131833684725756
1.0510986291109263	0.8329448282772381	1.123825278296752
1.0553535239908471	0.8152385093758678	1.1336811449910493
1.0592617706187177	0.7985771700619322	1.1426941600818463
1.062795796979118	0.7831673596598219	1.1508122068294306
1.0659304541083043	0.7692156112198902	1.1579881915599204
1.0686432625795144	0.7569229943403626	1.1641803570234668
1.0709146379390673	0.7464787632248657	1.1693525716609987
1.072728091088853	0.7380533850934957	1.1734745888318647
1.0740703999404781	0.7317914006838377	1.1765222704542229
1.0749317491091375	0.7278047092303045	1.178477770121935
1.0753058349606317	0.7261669417274845	1.179329671561972
1.0751899339575515	0.7269095514338345	1.179073079254246
1.074584932951188	0.7300200950473684	1.1777096591148624
1.073495320811589	0.735442921364786	1.1752476283028421
1.071929141554576	0.7430821787891189	1.1717016944051153
1.0698979098856747	0.7528067678851914	1.1670929454392047
1.067416490811229	0.7644566623100393	1.161448693242088
1.0645029456424218	0.7778499353071215	1.154802273843912
1.0611783473170853	0.7927898587273106	1.147192809316982
1.0574665684692355	0.8090715578788128	1.1386649363092987
1.0533940460737596	0.8264878658671526	1.1292685069896569
1.0489895267749771	0.8448341852226728	1.1190582684264596
1.0442837971692456	0.863912304345312	1.1080935264806309
1.0393094033547041	0.8835332181210024	1.0964378001069808
1.0341003639914235	0.9035190646060267	1.0841584715274064
1.0286918809425152	0.9237043190074793	1.0713264370688844
1.0231200513041228	0.9439363913804564	1.0580157625605149
1.0174215842951457	0.9640757644988668	1.0443033460734792
1.0116335260828822	0.9839957905419267	1.0302685894878083
1.0057929951860602	1.0035822447353393	1.0159930789086469
0.999936930639261	1.022732714099577	1.0015602723682153
0.9941018546388848	1.0413558816846697	0.9870551915838317
0.9883236509354459	1.0593707517833753	0.9725641128559596
0.9826373598030128	1.076705849663184	0.9581742505587532
0.9770769900146906	1.0932984200650362	0.9439734251946833
0.9716753478914453	1.109093641669656	0.930049706773649
0.9664638831761049	1.1240438694947674	0.9164910234789695
0.9614725512185842	1.1381079133578718	0.9033847253632333
0.9567296907435987	1.1512503577802582	0.8908170933554127
0.9522619163078488	1.1634409267449586	0.8788727853346173
0.94809402443774	1.1746538953420214	0.8676342135869787
0.9442489123677773	1.1848675493783458	0.8571808517026713
0.9407475082695219	1.1940636933778472	0.8475884738825942
0.9376087118665215	1.202227206964826	0.8389283355602004
0.9348493443667387	1.2093456493474606	0.83126631087954
0.9324841067055021	1.2154089114556041	0.8246620093920934
0.9305255451739347	1.2204089152066981	0.8191679006563412
0.928984023605641	1.2243393593538188	0.814828480445784
0.9278677014041512	1.2271955113951043	0.8116795151830011
0.9271825168119251	1.2289740450827569	0.8097474013337753
0.9269321749459016	1.2296729231539087	0.8090486734008688
0.9271181402526343	1.229291325008193	0.8095896878275215
0.9277396331664879	1.2278296191722016	0.8113665009848455
0.9287936308861763	1.2252893805142329	0.8143649483327678
0.9302748723173332	1.2216734522991735	0.818560919983155
0.9321758673612185	1.2169860532985504	0.8239208165570786
0.9344869108613736	1.211232930290082	0.8304021596294715
0.9371961016501028	1.2044215563895333	0.8379543241248992
0.9402893672637496	1.1965613757497444	0.8465193562855889
0.943750495017939	1.1876640952307214	0.8560328403397175
0.9475611702487926	1.177744023682306	0.8664247794077824
0.9517010226303645	1.1668184594762063	0.8776204608543973
0.9561476815683578	1.15490812686211	0.8895412824253077
0.9608768417410833	1.1420376615823482	0.9021055222943203
0.9658623399056702	1.1282361459316914	0.9152290428680375
0.971076244105463	1.1135376930516643	0.9288259243077313
0.9764889563980034	1.0979820796434532	0.9428090288664256
0.9820693301668078	1.0816154253879033	0.9570905011241646
0.9877848029796561	1.064490916061707	0.9715822120030259
0.9936015458074107	1.046669565481552	0.986196156130996
0.9994846292177898	1.0282210087875656	1.0008448128424354
1.0053982069068186	1.0092243159280332	1.015441481026506
1.011305716627464	0.989768809196168	1.0299005973433062
1.0171700982229679	0.9699548618991983	1.0441380461888026
1.022954028076622	0.9498946462682719	1.0580714683515084
1.028620168857699	0.9297127871098118	1.0716205736895983
1.0341314329849127	0.9095468631295824	1.0847074614665742
1.039451257756505	0.8895476802917089	1.097256950295669
1.0445438896243215	0.8698792215331219	1.1091969180197396
1.0493746746343298	0.8507181561230757	1.1204586503428804
1.0539103516353507	0.832252772861741	1.1309771956706496
1.0581193444893449	0.8146811889988664	1.1406917224380144
1.0619720492180444	0.7982086882627528	1.1495458742321658
1.0654411118085847	0.7830440656453681	1.157488117270006
1.0685016922894564	0.7693949130340086	1.1644720742809285
1.0711317106889982	0.7574618755238444	1.1704568385825507
1.0733120706093282	0.7474320437295163	1.1754072621222935
1.0750268563922563	0.7394718115147926	1.1792942114865141
1.0762635002184169	0.7337196953390387	1.1820947863394993
1.0770129159596962	0.730279741595485	1.1837924954279968
1.0772695971858837	0.729216197862489	1.184377386146708
1.077031677392632	0.7305500592228688	1.1838461246733551
1.076300951248439	0.7342579147111946	1.1822020248097445
1.0750828564295767	0.7402732402453478	1.1794550248644098
1.0733864163978069	0.7484899724757125	1.175621613136839
1.0712241452496825	0.7587679237947278	1.1707247037657613
1.0686119165022532	0.7709394200942468	1.1647934658381138
1.0655687983538313	0.7848164860540406	1.157863109677415
1.0621168585489524	0.800197958604501	1.1499746351008409
1.0582809424665354	0.8168760428623594	1.1411745471195334
1.0540884284268686	0.8346419922171283	1.1315145450292652
1.0495689644688957	0.8532907568186132	1.1210511910785428
1.0447541909819484	0.8726245775815661	1.1098455648957897
1.039677453588182	0.8924555957683177	1.0979629096009331
1.0343735105706973	0.9126076022591134	1.0854722750207813
1.0288782389387203	0.9329170731352726	1.0724461626795538
1.0232283429294975	0.953233638635785	1.058960176259158
1.017461068383058	0.9734201197090345	1.0450926800371925
1.0116139260084485	0.9933522471474195	1.0309244664389963
1.0057244261064493	1.0129181573618706	1.0165384323147977
0.9998298268417752	1.0320177390339484	1.002019261914008
0.9939668976838297	1.0505618875800349	0.9874531128266806
0.9881716991739659	1.0684717100543923	0.9729272994619359
0.9824793797415609	1.0856777117426788	0.9585299670174191
0.9769239898912828	1.102118986919741	0.9443497474667153
0.971538313727493	1.1177424296293852	0.9304753879811772
0.9663537174740289	1.1325019754510575	0.9169953415609304
0.9614000143915905	1.1463578816569902	0.9039973096490045
0.9567053452913652	1.1592760506063566	0.8915677273242365
0.9522960736912753	1.1712273994099085	0.8797911834857176
0.9481966945576853	1.1821872776289855	0.868749771390689
0.94442975551672	1.1921349338963396	0.8585223690530815
0.9410157894008482	1.2010530317524446	0.8491838543015215
0.937973257012857	1.208927214600028	0.8408042655293777
0.9353184990354277	1.2157457194344778	0.8334479259576539
0.933065696084862	1.2214990388681863	0.8271725559976871
0.931226835997146	1.2261796309043627	0.8220284043098249
0.9298116875389246	1.2297816759101945	0.8180574325872547
0.9288277798512357	1.232300880276021	0.81529259116284
0.9282803870567868	1.2337343263157357	0.8137572216267873
0.92817251758966	1.234080368055845	0.8134646184553009
0.9285049079377041	1.2333385726699102	0.8144177743073167
0.9292760206212365	1.231509707435947	0.8166093237268385
0.9304820463660912	1.2285957722217566	0.8200216884735414
0.9321169105638814	1.2246000776323736	0.8246274158356423
0.9341722842469731	1.2195273690801582	0.8303896903569123
0.9366375999393737	1.213383997156656	0.8372629905778612
0.9395000728764542	1.2061781347908942	0.8451938564579505
0.9427447282146492	1.1979200417651807	0.8541217304806752
0.9463544349748564	1.1886223772193654	0.8639798359653796
0.9503099475774224	1.1783005607984498	0.8746960593585459
0.9545899559287994	1.166973183073897	0.8861938085405467
0.9591711451060247	1.1546624657787197	0.8983928256428984
0.9640282657503034	1.1413947722162472	0.9112099397338994
0.9691342163199176	1.1272011678982499	0.9245597513290812
0.9744601383599654	1.1121180309915164	0.9383552465262794
0.9799755259165229	1.0961877114350924	0.952508343352486
0.9856483501505455	1.0794592365385547	0.9669303765120209
0.9914452000875533	1.0619890593549723	0.9815325291503672
0.9973314402692869	1.0438418439652328	0.996226221596995
1.0032713858507367	1.0250912787820072	1.0109234674801721
1.0092284954096276	1.0058209047854978	1.025537207296143
1.0151655814069158	0.9861249398741934	1.039981628642357
1.0210450378597609	0.9661090728262487	1.0541724810526945
1.0268290843688193	0.9458911902650455	1.0680273918425311
1.032480025188241	0.9256019870903079	1.0814661876993885
1.0379605215505716	0.9053853948293525	1.0944112250343594
1.0432338749734835	0.8853987434269546	1.1067877304143823
1.048264318796507	0.8658125509905671	1.1185241507837733
1.0530173147409825	0.8468098149649094	1.129552511700908
1.057459850873567	0.8285846608226427	1.1398087804989374
1.0615607370013076	0.8113401964353769	1.1492332301569748
1.0652908932523688	0.7952854298491436	1.1577707987633972
1.0686236274172993	0.7806311447756581	1.1653714387833567
1.0715348965549365	0.767584700837929	1.1719904499204146
1.0740035484150663	0.756343839597729	1.1775887891935464
1.0760115384028004	0.7470897289318018	1.1821333519352843
1.077544118108622	0.7399796502031967	1.1855972177470318
1.0785899918491488	0.7351398924180121	1.1879598560086266
1.0791414381976174	0.7326595216945856	1.1892072863085494
1.0791943941154603	0.7325857002398098	1.1893321901088618
1.0787485000080919	0.7349211116056775	1.1883339710485916
1.077807104796319	0.739623815650363	1.1862187624789133
1.0763772308940347	0.7466095509914115	1.182999382067169
1.0744694997859132	0.7557561931249388	1.178695234556433
1.0720980196783867	0.7669098324838581	1.1733321649744861
1.069280237427068	0.7798918056259136	1.1669422657039417
1.0660367576002374	0.7945060058128707	1.159563641810548
1.0623911321008273	0.8105458943660062	1.1512401398410723
1.0583696242226819	0.8278007897978824	1.1420210459137001
1.0540009513499817	0.8460611838018105	1.1319607593076868
1.0493160107160822	0.8651229877761126	1.1211184478978462
1.0443475927194532	0.8847907318403837	1.1095576916636223
1.039130086254724	0.9048798152980259	1.0973461201296348
1.0336991803652549	0.9252179476118767	1.0845550489691207
1.0280915662731147	0.9456459310450016	1.0712591201343284
1.0223446435085646	0.9660179297715482	1.0575359487852447
1.0164962334617036	0.9862013536966753	1.0434657789924509
1.0105843032323338	1.0060764644791482	1.029131148720174
1.004646702178797	1.025535790223886	1.0146165629879689
0.9987209130802651	1.044483416181338	1.0000081724098056
0.9928438193458954	1.0628342025214312	0.9853934525759164
0.9870514892426985	1.080512967047991	0.9708608780498282
0.9813789776837669	1.0974536603722058	0.9564995831944728
0.975860145729074	1.1135985531681243	0.9423990007339831
0.9705274976091627	1.1288974492356845	0.9286484680429571
0.9654120347919327	1.1433069337680486	0.915336790796444
0.9605431263763604	1.1567896630892298	0.9025517539911806
0.9559483949141478	1.1693136998928895	0.89037957164258
0.9516536166290648	1.1808518964369195	0.8789042688320761
0.9476826349207504	1.1913813270511542	0.868206993331395
0.9440572860005405	1.2008827705636587	0.858365258776744
0.9407973355063373	1.2093402427471827	0.8494521271839802
0.9379204249761457	1.2167405785616567	0.8415353451911216
0.9354420271200767	1.2230730637713323	0.8346764553020196
0.9333754089130301	1.2283291154112608	0.8289299099201924
0.9317316016299624	1.2325020105424676	0.8243422213127494
0.9305193770582906	1.2355866627507546	0.8209511840075928
0.9297452292439085	1.2375794458977483	0.8187852067798372
0.929413361255574	1.2384780647150047	0.8178627888502428
0.9295256765848261	1.2382814719351458	0.81819216910026
0.9300817749335285	1.236989831771969	0.8197711683566918
0.9310789522775097	1.2346045296887462	0.8225872339084966
0.9325122052318529	1.2311282285255638	0.8266176835259023
0.9343742398805871	1.226564971187638	0.831830134660271
0.9366554853702445	1.22092033022217	0.8381830944645484
0.939344112702104	1.214201604726218	0.8456266787873135
0.9424260592906836	1.2064180651264345	0.8541034239578549
0.9458850599843217	1.197581246446402	0.8635491541369491
0.9497026853650102	1.1877052907201475	0.8738938689742485
0.9538583882557357	1.1768073392100156	0.8850626206826377
0.9583295594605059	1.1649079750282314	0.8969763556263407
0.9630915938403043	1.1520317166231437	0.9095527022997848
0.9681179678822474	1.1382075623435706	0.9227066944054803
0.9733803299436121	1.1234695858958887	0.9363514240351596
0.9788486043414663	1.107857581899223	0.9503986253216292
0.9844911104067731	1.0914177598413368	0.9647591931464172
0.9902746975239686	1.0742034834267713	0.9793436445038634
0.9961648970288338	1.0562760504332376	0.9940625319953718
1.002126091635907	1.0377055055437743	1.0088268197921197
1.0081217028101712	1.0185714749298835	1.0235482324324137
1.0141143961866683	0.9989640062843987	1.0381395861928524
1.0200663047786056	0.9789843911340437	1.0525151116633964
1.0259392693044749	0.958745937144053	1.0665907747186798
1.031695094515338	0.9383746463071005	1.0802846014410372
1.0372958199250315	0.9180097400383348	1.0935170108203869
1.0427040028514956	0.8978039542157862	1.106211157316658
1.047883011181881	0.8779235066190775	1.1182932836883606
1.0527973227946623	0.8585476175101766	1.1296930829186844
1.0574128281270756	0.8398674442233786	1.14034406664982
1.0616971319848876	0.8220842775252073	1.1501839363004507
1.065619850372557	0.8054068483846634	1.159154952017331
1.06915289789293	0.7900476178670458	1.1672042938204452
1.0722707611421287	0.7762179799526367	1.1742844087578337
1.0749507535195795	0.7641224047042157	1.1803533376000883
1.0771732469934783	0.7539516880953783	1.185375014578728
1.0789218766119144	0.745875643791586	1.1893195339029228
1.0801837139277066	0.7400357446938217	1.1921633772635176
1.0809494060034945	0.7365383575608735	1.1938895972323014
1.0812132772701915	0.7354492667874155	1.194487952360491
1.0809733922088716	0.7367901181698191	1.1939549908387903
1.0802315775915676	0.7405372225218767	1.1922940807612292
1.0789934038250122	0.7466228717472388	1.1895153862906078
1.0772681257656027	0.7549389979022276	1.1856357903059267
1.0750685841856096	0.7653427225395582	1.1806787653717732
1.0724110698422649	0.777663159255678	1.174674196057124
1.0693151528072151	0.7917087741585574	1.1676581567002067
1.0658034803314893	0.8072746672774158	1.1596726496252383
1.0619015470323685	0.8241492764470925	1.1507653095304193
1.0576374415801162	0.8421201781631769	1.1409890802559557
1.0530415743265638	0.860978827458111	1.130401870385303
1.0481463904516874	0.8805242153717314	1.1190661941193443
1.0429860732115437	0.9005655177168028	1.1070488035866255
1.0375962417590319	0.9209238638144119	1.0944203182152086
1.0320136477898405	0.9414333764294672	1.0812548560019335
1.0262758749548393	0.96194163409622	1.0676296704879982
1.0204210445945459	0.9823096934828967	1.0536247960068068
1.0144875309099477	1.002411789473617	1.0393227023383056
1.0085136882060317	1.0221348090482008	1.0248079583180085
1.0025375923484972	1.0413776146688	1.0101669022519435
0.9965967980776208	1.0600502751481118	0.9954873152356324
0.9907281133416378	1.0780732473441623	0.9808580917354871
0.9849673913584401	1.0953765404185796	0.9663689001526775
0.979349340699525	1.111898885453203	0.9521098246625643
0.973907353321904	1.1275869264899576	0.9381709785413157
0.9686733501574005	1.1423944440882718	0.9246420786131221
0.9636776436072421	1.1562816188801313	0.9116119705529139
0.958948816083641	1.1692143400101231	0.8991680957440271
0.9545136135877372	1.1811635615107323	0.8873958923882246
0.950396853211843	1.192104708377512	0.8763781267249504
0.9466213433991362	1.2020171332218377	0.8661941545858992
0.9432078157806836	1.2108836237787353	0.8569191190161466
0.9401748674323466	1.2186899611529196	0.8486230960988651
0.9375389124469447	1.225424528440063	0.8413702080039633
0.9353141417944199	1.2310779692216263	0.8352177290308715
0.9335124905393549	1.2356428953715597	0.8302152162709937
0.9321436115963825	1.2391136436113714	0.826403700646706
0.9312148553257458	1.2414860802917418	0.8238149757157934
0.9307312544002795	1.2427574539531343	0.8224710201872045
0.9306955135088573	1.2429262953163058	0.8223835853391628
0.9311080035980879	1.2419923644694209	0.8235539706629023
0.9319667604924821	1.23995664514579	0.8259730007308611
0.933267487872651	1.2368213861197408	0.8296212045503647
0.9350035647307533	1.2325901898827498	0.8344691867876738
0.9371660575618158	1.22726814889262	0.8404781695307576
0.9397437376879895	1.2208620298099044	0.8476006748091451
0.9427231042491634	1.2133805062421072	0.8557813126517274
0.9460884135259787	1.2048344406007254	0.8649576373340955
0.9498217153878511	1.1952372157306625	0.8750610354944508
0.9539028977760359	1.1846051169854148	0.8860176134661362
0.9583097402362241	1.1729577653804877	0.8977490567398899
0.9630179776020307	1.1603186023422474	0.9101734411011534
0.9680013749948586	1.146715426352411	0.9232059819038937
0.973231815341305	1.1321809814309047	0.9367597144957104
0.9786794006106375	1.1167535968471107	0.9507461045360082
0.9843125679360678	1.1004778766247594	0.9650755915763506
0.9900982216991033	1.0834054362021284	0.9796580726947297
0.9960018825214473	1.0655956818807737	0.9944033352189641
1.0019878539200817	1.0471166262465774	1.0092214487527371
1.0080194071362036	1.0280457293194438	1.0240231269942988
1.0140589843472712	1.0084707504560078	1.0387200693943666
1.0200684201155157	0.9884905895957857	1.053225291714542
1.0260091805202336	0.968216087850467	1.0674534531822006
1.0318426189720638	0.9477707462178983	1.0813211863309442
1.0375302472250578	0.9272913069585199	1.0947474338817813
1.0430340195991707	0.9069281247366322	1.1076537952513246
1.048316627916766	0.8868452343270082	1.119964883542484
1.0533418041589766	0.8672199997137184	1.1316086922381976
1.0580746273799144	0.8482422083177216	1.142516969325625
1.062481830998308	0.830112458330876	1.1526255952637985
1.0665321062367088	0.8130396834387372	1.1618749601016696
1.0701963972165398	0.7972376765097535	1.170210334179322
1.0734481830595772	0.782920522176165	1.1775822262205347
1.0762637423066619	0.7702969362906784	1.1839467222615696
1.0786223950522436	0.7595636410603024	1.1892657987641155
1.0805067184138033	0.7508980704451496	1.1935076034276249
1.081902731308025	0.7444508782604566	1.1966466976379841
1.0828000449848247	0.7403388731336302	1.1986642551474656
1.0831919763644902	0.7386390834951867	1.1995482124491337
1.0830756219152966	0.7393846217635814	1.199293367353508
1.0824518905774951	0.7425628535066796	1.1979014234557661
1.0813254950592268	0.7481161049768433	1.1953809794522174
1.0797049016728635	0.7559448169299692	1.1917474635755738
1.0776022397175051	0.7659127484523862	1.1870230147183767
1.075033172216187	0.7778536185056487	1.1812363130519319
1.0720167305577168	0.7915784820799059	1.1744223640757372
1.0685751162489903	0.8068831710583441	1.1666222410055564
1.0647334735342422	0.8235552552198555	1.1578827911887795
1.0605196370680783	0.8413801503148363	1.1482563127924157
1.0559638591298768	0.8601461747024484	1.1378002083187966
1.0510985210345662	0.8796485037323085	1.1265766215518
1.0459578334306756	0.8996920778633388	1.114652064315186
1.0405775300879436	0.9200935853812883	1.102097038935232
1.0349945595750183	0.9406826702899137	1.0889856615500864
1.0292467789279363	0.9613025203426808	1.0753952904125836
1.0233726530296754	0.9818099788588616	1.0614061621123179
1.0174109629793309	1.0020753046604796	1.0471010372235883
1.0114005262460621	1.0219816825815933	1.032564855302502
1.0053799308972846	1.0414245658536712	1.0178843974518141
0.9993872856808099	1.060310912983037	1.0031479528997496
0.993459987243171	1.0785583661608498	0.9884449842670787
0.9876345052952747	1.0960944057948967	0.9738657845109361
0.9819461861032932	1.1128555061063672	0.9595011170415594
0.9764290742960576	1.12878630944255	0.9454418293404968
0.9711157526461359	1.1438388315510106	0.9317784297210793
0.9660371992036149	1.157971706118479	0.9186006168390443
0.9612226609403381	1.171149474041943	0.905996752367407
0.956699542896851	1.1833419208848832	0.8940532690699363
0.9524933117117325	1.1945234645577945	0.8828540094796697
0.9486274123491443	1.2046725942834147	0.8724794945768202
0.9451231968201652	1.2137713612414889	0.8630061272125714
0.9419998637110569	1.2218049208472195	0.85450534133356
0.9392744073810811	1.228761126338724	0.8470427149325895
0.9369615757679868	1.2346301731872165	0.8406770714997397
0.935073835835288	1.2394042937677006	0.8354596008301561
0.9336213458070014	1.2430775017153453	0.8314330345313964
0.9326119334583479	1.2456453854273821	0.8286309136674627
0.9320510798615591	1.2471049502404272	0.8270769850581815
0.9319419081216811	1.2474545089095856	0.8267847585205415
0.9322851767761674	1.246693620131195	0.8277572499181993
0.9330792776727956	1.2448230749794487	0.8299869248633714
0.934320238282138	1.2418449312627846	0.833455846284745
0.9360017285429272	1.2377625959435923	0.8381360170912827
0.9381150724806421	1.2325809558991905	0.8439898981389878
0.9406492649808471	1.2263065574277614	0.8509710728010865
0.9435909942382263	1.218947835014018	0.859025023467512
0.946924670538284	1.210515389959068	0.8680899826291233
0.9506324621590966	1.2010223195389664	0.8780978217524433
0.9546943393022562	1.1904845973763087	0.888974944455566
0.9590881270714178	1.1789215056749647	0.9006431558341407
0.9637895686090355	1.1663561198604782	0.9130204863297937
0.968772399571669	1.1528158459609166	0.9260219554807498
0.974008435165863	1.138333010717111	0.9395602675697694
0.9794676709739842	1.1229455038737073	0.953546437091089
0.9851183987664663	1.1066974712978854	0.967890346791089
0.9909273384179277	1.0896400563962638	0.9825012446661622
0.9968597869145529	1.0718321856086	0.9972881887328441
1.0028797852550246	1.0533413913559828	1.0121604497224175
1.0089503038046788	1.034244662456792	1.0270278822532597
1.0150334463618838	1.014629307371179	1.0418012746805163
1.021090672838508	0.9945938092968307	1.0563926868951121
1.0270830400469455	0.974248643656864	1.070715784008522
1.03297145963137	0.9537170174139449	1.084686172259676
1.0387169716904474	0.9331354754939397	1.0982217417352305
1.0442810321251357	0.9126543022044981	1.1112430187007565
1.0496258112236005	0.8924376251550816	1.1236735285751203
1.0547145004830283	0.8726631069346409	1.135440168904538
1.0595116241842826	0.8535210881264402	1.146473590155175
1.063983351799995	0.835213028463077	1.1567085807828854
1.0680978069499656	0.8179490876824616	1.166084451887406
1.0718253683389807	0.8019447028531622	1.1745454158412105
1.0751389579387591	0.7874160648248785	1.1820409526194986
1.0780143116221288	0.774574482131581	1.1885261571603736
1.080430227534214	0.7636197499538058	1.193962060959408
1.0823687876980839	0.7547328078661935	1.1983159212492518
1.0838155487011998	0.7480681511284007	1.2015614715234975
1.0847596977885792	0.7437466184510154	1.203679127817007
1.085194171287466	0.7418492672795883	1.2046561460262553
1.0851157329895118	0.7424130233573002	1.2044867266088934
1.0845250108982092	0.7454286354454589	1.203172064200524
1.0834264915857743	0.7508411962059788	1.2007203409817828
1.0818284722663603	0.7585531609756571	1.1971466639694102
1.079742971551571	0.7684294827636219	1.1924729477383356
1.077185600680066	0.7803042539189791	1.1867277453554015
1.074175397777626	0.7939881430110224	1.1799460314690728
1.0707346283824033	0.8092759410799878	1.1721689425075628
1.0668885560414074	0.8259536537403276	1.1634434797505222
1.0626651872329287	0.8438047482355768	1.153822181624352
1.0580949951854732	0.862615342869008	1.1433627719040402
1.0532106273427582	0.8821782787270547	1.1321277905693472
1.0480466012679777	0.9022961249691546	1.1201842138527662
1.04263899369579	0.9227832374055132	1.1076030695315446
1.037025127238892	0.9434670221945095	1.094459052764158
1.0312432589528888	0.9641885622092194	1.0808301467678099
1.0253322745765039	0.9848027528137703	1.0667972513991448
1.0193313918136484	1.005178074466052	1.0524438212632028
1.013279875529851	1.0251961073663383	1.037855513370882
1.0072167672179675	1.0447508717856284	1.0231198426366344
1.0011806305657658	1.0637480585621937	1.0083258417107688
0.9952093144478742	1.0821041982602124	0.9935637198438191
0.9893397341812268	1.0997458046776665	0.978924513771085
0.9836076714385026	1.1166085184579075	0.9644997220922875
0.9780475928171166	1.1326362690441527	0.9503809134368407
0.9726924867183621	1.1477804676419494	0.9366592980060324
0.9675737179057687	1.1619992397870456	0.9234252520455604
0.9627208988846929	1.1752567031887673	0.9107677856106225
0.9581617770754249	1.1875222944383335	0.8987739458165817
0.9539221366367696	1.1987701467104637	0.8875281507588308
0.9500257137317878	1.2089785195744014	0.8771114534990647
0.9464941240068544	1.2181292813414222	0.8676007408982125
0.9433468010734715	1.2262074439189756	0.8590678784178788
0.940600944833211	1.2332007498518547	0.8515788189146799
0.9382714785636853	1.2390993110621047	0.8451927003262627
0.9363710137818553	1.2438952987192435	0.8399609632451936
0.9349098220151681	1.2475826836576818	0.8359265238644327
0.9338958127365886	1.250157026792434	0.8331230398567809
0.9333345168529669	1.2516153190550434	0.831574305800194
0.9332290752746322	1.2519558704697407	0.8312938104830926
0.9335802322356344	1.2511782481076643	0.8322844809491597
0.9343863331773498	1.2492832627880668	0.83453862806326
0.9356433271523888	1.2462730045340178	0.8380380966993944
0.9373447738503545	1.2421509269307114	0.8427546116299617
0.9394818554915253	1.2369219806716645	0.8486502991516084
0.942043393978326	1.2305927967061767	0.8556783555736452
0.9450158738365068	1.2231719195142732	0.8637838277351522
0.9483834716166605	1.214670091125881	0.8729044680752424
0.9521280925597991	1.2051005865606579	0.882971627369428
0.9562294154550267	1.194479601382761	0.8939111515921355
0.9606649467289727	1.1828266920263975	0.9056442547452662
0.9654100849007838	1.1701652694332985	0.9180883460733048
0.9704381966076735	1.1565231463243664	0.9311577970630635
0.9757207054482897	1.1419331380652704	0.9447646403233902
0.9812271948982111	1.126433716524003	0.9588191983600012
0.9869255265174326	1.110069715479157	0.973230645098679
0.9927819745878556	1.0928930849121163	0.9879075066364751
0.9987613781843334	1.0749636897554231	1.0027581101233989
1.004827311491736	1.0563501461726705	1.0176909910001928
1.0109422729302493	1.0371306849490147	1.032615269200507
1.0170678933412127	1.0173940267403487	1.0474410045504083
1.0231651631179626	0.9972402473539491	1.0620795406464025
1.0291946777447976	0.9767816024438127	1.0764438451317173
1.0351169007395278	0.9561432695109685	1.0904488526638536
1.0408924424912598	0.9354639504849547	1.1040118150945852
1.0464823529581442	0.9148962602447056	1.1170526615640937
1.051848425655471	0.8946068055345294	1.1294943694216448
1.0569535098407654	0.8747758360566354	1.1412633451881933
1.061761827309106	0.8555963276928557	1.1522898132211568
1.0662392897694704	0.837272341402682	1.162508208368493
1.0703538124022702	0.8200164973153656	1.1718575677405312
1.0740756189191558	0.8040464211266242	1.1802819158096955
1.0773775332764344	0.7895800695748177	1.1877306363899338
1.080235253147667	0.7768299325265277	1.1941588246625177
1.082627600349679	0.7659962442537156	1.1995276123090244
1.0845367436447986	0.7572595077713552	1.2038044589840922
1.0859483897104496	0.7507728198212662	1.2069634037999777
1.0868519385690514	0.7466546405071639	1.2089852711832425
1.0872406003943296	0.7449827323431192	1.209857826373648
1.087111471336668	0.7457899567962617	1.2095758769308178
1.0864655668171812	0.7490624457365531	1.2081413178525948
1.0853078116008459	0.7547403822778371	1.2055631192415668
1.083646986843799	0.7627212889008866	1.2018572568304502
1.0814956351879559	0.7728654078872091	1.1970465870384894
1.0788699258170396	0.7850025389301163	1.1911606695259085
1.0757894821633103	0.7989396087997748	1.1842355413904917
1.0722771756384442	0.8144682858359649	1.1763134481630668
1.0683588893342189	0.8313720839356646	1.1674425375669193
1.0640632560833878	0.8494325787235981	1.157676522577556
1.0594213755786863	0.8684345382993158	1.1470743206298188
1.0544665154147044	0.8881699219286613	1.1356996758540072
1.049233800945721	0.9084408083787697	1.1236207709748993
1.043759898750245	0.9290613806725581	1.1109098349791937
1.0380826982723896	0.9498591231635861	1.0976427518572647
1.0322409958874952	0.9706753902736126	1.0838986746707246
1.0262741852334443	0.9913654938967918	1.0697596479112073
1.0202219571803426	1.0117984362528964	1.0553102396279763
1.0141240123005832	1.0318563923432873	1.0406371831499768
1.0080197881692514	1.051434024451728	1.0258290264585004
1.0019482032905138	1.0704376920390641	1.0109757854381902
0.995947418926174	1.0887846045263225	0.996168595420012
0.9900546196126649	1.1064019518244896	0.9814993537220497
0.9843058127041695	1.1232260377041028	0.9670603444065218
0.9787356468812276	1.139201433731115	0.9529438353424342
0.9733772492220565	1.1542801660446067	0.9392416370544393
0.9682620801510551	1.1684209432823247	0.9260446129296421
0.9634198053562624	1.1815884311081926	0.9134421313313078
0.9588781836033714	1.1937525767720678	0.9015214522034296
0.9546629692649733	1.2048879857130717	0.8903670439703769
0.9507978283253208	1.2149733512366234	0.8800598309864599
0.9473042666074307	1.2239909376291391	0.8706763773912019
0.944201568994593	1.231926116634611	0.8622880197326296
0.9415067484759281	1.2387669569407107	0.8549599676976798
0.9392345039293376	1.2445038661639303	0.8487503991110756
0.9373971856592038	1.2491292847519182	0.843709581257079
0.9360047678253652	1.2526374312141297	0.8398790547022279
0.9350648270298639	1.2550240981329648	0.8372909173707448
0.934582526465181	1.2562864984846571	0.8359672450739203
0.934560605169531	1.2564231619030075	0.835919679793649
0.934999372079352	1.2554338806420358	0.837149208984421
0.9358967047152353	1.2533197051292653	0.8396461486653712
0.9372480524844092	1.2500829891436818	0.843390331190016
0.9390464447300806	1.245727484795821	0.8483514865999396
0.9412825038049721	1.240258487626218	0.8544897956999131
0.9439444635926215	1.2336830322666739	0.861756584546112
0.9470181940443262	1.2260101392199578	0.8700951246573101
0.9504872324402949	1.217251113400048	0.8794415012254118
0.9543328222181099	1.207419895127625	0.8897255127498147
0.958533960336645	1.1965334642823333	0.9008715693188434
0.9630674542548961	1.18461229825842	0.9127995624512883
0.9679079896976928	1.171680884231761	0.9254256861522987
0.9730282104482045	1.1577682859932226	0.9386631958403786
0.9783988114442711	1.1429087651922616	0.9524230984160874
0.9839886464553357	1.127142456204256	0.966614772504419
0.9897648515727117	1.1105160928991777	0.9811465225400341
0.9956929856520536	1.0930837842284529	0.9959260737752574
1.00173718869806	1.074907833598163	1.0108610175038648
1.0078603589737265	1.0560595942417719	1.025859216926366
1.0140243493476686	1.0366203489593568	1.040829184301185
1.0201901830630586	1.0166821972930535	1.0556804395154131
1.0263182887229219	0.9963489260261624	1.070323859149518
1.032368753844028	0.9757368293371165	1.0846720236665246
1.0383015958435167	0.9549754325178498	1.0986395686688657
1.044077048799768	0.9342080574927916	1.112143544352279
1.0496558637860032	0.9135921493590684	1.125103785440522
1.0549996200283802	0.8932992613180902	1.1374432920831783
1.0600710436089762	0.873514572221953	1.1490886205020074
1.064834329938652	0.8544357896283674	1.159970280628051
1.069255465786779	0.8362712769901487	1.170023136621587
1.0733025462954533	0.819237244113719	1.1791868050421508
1.0769460821451362	0.8035538651996776	1.1874060445616659
1.0801592918942475	0.7894402492340153	1.1946311305092379
1.0829183745012676	0.7771082913981417	1.2008182072135125
1.08520275716394	0.7667555823601385	1.2059296110723008
1.0869953138804807	0.758557732751887	1.2099341575258584
1.0882825505505411	0.7526606540920459	1.2128073856273898
1.0890547529810923	0.7491734810098595	1.2145317546705028
1.0893060948302373	0.7481628735526495	1.2150967883180872
1.0890347032903636	0.7496493650389006	1.2144991628416797
1.088242681156235	0.7536062130358149	1.2127427373789708
1.0869360848150662	0.7599609016705835	1.2098385254983801
1.0851248586033542	0.7685990999172083	1.2058046087687353
1.0828227268675208	0.779370582123052	1.200665994412985
1.0800470459112448	0.7920964272636138	1.1944544204226184
1.0768186187830568	0.8065767594526647	1.1872081126724783
1.0731614765284263	0.8225983615077955	1.1789714995577436
1.069102630081111	0.8399416454495823	1.1697948904369533
1.0646717973846294	0.8583866493095926	1.159734124676095
1.0599011106081853	0.8777179065039737	1.1488501983271076
1.054824808450304	0.8977281760595316	1.1372088754267966
1.049478918511896	0.9182211192800216	1.1248802905652069
1.0439009345779942	0.9390130632433434	1.111938548750415
1.0381294933879956	0.9599340125797811	1.0984613277016362
1.0322040551155647	0.9808280689235366	1.0845294865538435
1.0261645913414077	1.0015534018678593	1.0702266835809897
1.0200512838062692	1.0219818935283342	1.0556390039748411
1.0139042366992366	1.0419985558289273	1.0408545969940042
1.007763204688547	1.0615007982181417	1.0259633199746336
1.0016673383576933	1.0803976050561366	1.0110563848351168
0.9956549481856378	1.0986086667871684	0.9962260008924376
0.9897632877205604	1.1160634970785284	0.9815650061386435
0.984028356152981	1.1327005589589016	0.9671664777254884
0.978484720104529	1.1484664161319358	0.9531233114219019
0.9731653541181997	1.1633149205935802	0.9395277594126399
0.9681014990670728	1.1772064440223415	0.9264709161822197
0.9633225374910271	1.1901071577927085	0.9140421435607285
0.958855884722751	1.2019883646101555	0.9023284284578761
0.9547268945713485	1.212825883472771	0.891413670481881
0.9509587782888692	1.2225994887744802	0.8813779015356644
0.9475725355460379	1.231292403764822	0.8722964454687921
0.9445868961818384	1.2388908481888161	0.8642390326271185
0.942018271560823	1.2453836396897915	0.8572688911758258
0.939880714465769	1.2507618484270773	0.8514418436872173
0.9381858865658121	1.255018504310297	0.8468054428685067
0.936943032626389	1.2581483562619065	0.8433981836182795
0.9361589607630513	1.2601476829745435	0.8412488291159865
0.9358380281831377	1.2610141547183622	0.8403758859002631
0.9359821320050312	1.2607467458668968	0.8407872568024576
0.9365907048926218	1.2593456979407462	0.8424800915565502
0.9376607153916512	1.256812533109967	0.8454408437387617
0.9391866730042376	1.2531501182425282	0.8496455305734577
0.9411606381876729	1.2483627797316328	0.8550601804071167
0.9435722376130875	1.2424564694732227	0.861641442566381
0.9464086851680211	1.2354389824902037	0.8693373268777985
0.9496548093330149	1.2273202268047607	0.8780880359212584
0.9532930877040314	1.2181125462362057	0.8878268522345443
0.9573036895669513	1.2078310968386494	0.898481044871503
0.9616645275537984	1.1964942776768142	0.9099727643085984
0.9663513195180347	1.1841242165509942	0.9222199008857456
0.9713376618527236	1.1707473110979265	0.9351368889185353
0.9765951155344075	1.1563948253770335	0.9486354455786583
0.9820933062005707	1.1411035415501782	0.9626252400183345
0.9878000395528083	1.1249164655059254	0.9770144936167483
0.9936814333147284	1.1078835841659658	0.991710516443255
0.9997020668572705	1.0900626706034808	1.0066201880124366
1.0058251494295836	1.0715201308131412	1.021650392215328
1.0120127076974812	1.0523318827512114	1.036708417088812
1.0182257929922374	1.0325842537908732	1.0517023300081125
1.024424708310955	1.0123748766137388	1.0665413381417665
1.0305692546893763	0.9918135553143701	1.0811361427714283
1.0366189960953185	0.971023062622048	1.0953992945077111
1.0425335414753911	0.9501398151694959	1.1092455546615647
1.048272842042021	0.9293143563646786	1.1225922661682977
1.0537975013276664	0.9087115557677543	1.1353597355970246
1.059069094976749	0.8885104108393524	1.1474716259832276
1.064050496713593	0.8689033136833334	1.1588553585534935
1.0687062064382595	0.8500946259885922	1.1694425199157332
1.073002675983732	0.83229839618145	1.1791692700030347
1.076908627738966	0.8157350627375045	1.187976745015325
1.0803953611226091	0.8006270273412301	1.195811448824001
1.0834370417985388	0.7871930613720156	1.2026256258076495
1.0860109685694734	0.7756416348383529	1.2083776078815047
1.0880978130764587	0.7661634242237169	1.2130321285709615
1.0896818277718254	0.758923445325618	1.2165605973528986
1.0907510181167726	0.7540534324061728	1.2189413281312238
1.091297275571035	0.7516451969421563	1.220159716598864
1.0913164686740127	0.7517457004963766	1.2202083623323423
1.0908084903414097	0.7543544399195402	1.2190871327239161
1.0897772603915226	0.7594234795333328	1.2168031672301172
1.0882306832401205	0.7668601251622448	1.2133708218497192
1.0861805616299136	0.7765318964109674	1.2088115551813856
1.083642468157347	0.7882731934727831	1.2031537587939947
1.0806355771948202	0.8018929228020013	1.1964325359156447
1.0771824605524618	0.8171823511243284	1.188689433559783
1.0733088508567525	0.8339225717312553	1.1799721341144034
1.0690433771255239	0.8518911430574	1.1703341130863545
1.0644172773782574	0.8708676485784561	1.159834270089965
1.0594640933317683	0.8906380930121133	1.1485365402793195
1.0542193522952008	0.9109981738104967	1.1365094932378905
1.0487202413017245	0.9317555452573908	1.123825925858144
1.043005278309512	0.9527312311317225	1.1105624549758568
1.0371139849878435	0.9737603511568219	1.0967991144856144
1.03108656519503	0.9946923169344088	1.082618960378922
1.0249635927746972	1.0153906335702885	1.0681076856453782
1.0187857117680352	1.0357324200401195	1.0533532452990595
1.0125933515838337	1.0556077384728526	1.0384454899844369
1.006426459106141	1.07491880206795	1.0234758047381218
1.0003242491699147	1.0935791141764823	1.008536747608422
0.9943249743141153	1.1115125772673715	0.9937216810561891
0.988465714242518	1.1286525997648076	0.9791243874915996
0.9827821849950371	1.1449412206071512	0.9648386590800853
0.977308567463455	1.1603282653357867	0.9509578512382143
0.9720773545789559	1.1747705431091213	0.9375743892173991
0.9671192162558931	1.1882310908578744	0.9247792180281461
0.9624628809954691	1.2006784685358993	0.9126611878664485
0.9581350329312063	1.2120861078304832	0.9013063703021247
0.954160223030389	1.2224317155925992	0.8907973048329577
0.9505607931461567	1.231696732494815	0.8812121809333793
0.9473568116370449	1.2398658469239654	0.8726239672048385
0.9445660193276837	1.2469265637968487	0.8650995062491262
0.9422037846693737	1.2528688278002096	0.8586986008250596
0.9402830670661148	1.2576847004658036	0.8534731229446192
0.9388143874547538	1.2613680904723894	0.8494661819708903
0.9378058053625057	1.2639145366009434	0.8467113896954608
0.937262901807351	1.2653210428439405	0.8452322591878534
0.9371887675538451	1.2655859652738461	0.8450417696506259
0.9375839963866736	1.264708950401755	0.8461421217466889
0.9384466832155668	1.2626909248972178	0.8485246975240683
0.939772426977243	1.2595341366883421	0.8521702271855305
0.9415543384524371	1.2552422476110663	0.8570491528252441
0.9437830532684656	1.2498204779220348	0.8631221682121923
0.946446750509587	1.2432758031243842	0.8703409048918321
0.9495311775076579	1.2356172036730277	0.878648729098
0.9530196815325475	1.226855968217741	0.8879816115551108
0.9568932492429718	1.2170060510987522	0.8982690330853617
0.9611305548903925	1.2060844848182377	0.9094348925157014
0.9657080183869853	1.1941118481555486	0.9213983889564396
0.9705998744481367	1.1811127904514012	0.934074857252321
0.9757782540943424	1.1671166123248125	0.9473765424794611
0.981213279840132	1.1521579026613036	0.9612133061029389
0.9868731759017394	1.1362772310584057	0.9754932623299999
0.9927243947137593	1.1195218939458134	0.9901233479974366
0.9987317609515065	1.1019467111891275	1.0050098328980088
1.0048586341045862	1.0836148679692474	1.020058779796002
1.0110670904340235	1.0645987938778885	1.0351764646164705
1.0173181248676668	1.0449810671878739	1.0502697675805375
1.0235718730461878	1.0248553267713254	1.0652465455860367
1.0297878533272176	1.0043271666989844	1.0800159950829156
1.0359252280932176	0.9835149786517446	1.0944890132347607
1.0419430831980765	0.9625506944011619	1.1085785634375869
1.0478007238397886	0.9415803643702152	1.1222000494066353
1.0534579845767842	0.9207644885810997	1.1352717001407582
1.058875550631237	0.900277993674602	1.1477149662122077
1.0640152870641628	0.8803097257706732	1.1594549260718205
1.068840571886201	0.8610613070111782	1.1704206994579986
1.0733166287074034	0.8427451891966733	1.1805458635952017
1.0774108541517475	0.8255817390889805	1.189768866698659
1.0810931349886606	0.809795217037661	1.1980334323943587
1.0843361497833348	0.7956085746046283	1.2052889480378657
1.0871156498549712	0.783237106116363	1.2114908295854967
1.0894107144674303	0.7728811440301783	1.2166008556421386
1.0912039754644813	0.7647181754572668	1.2205874635779257
1.092481806999907	0.7588949464702703	1.2234260011580083
1.0932344765924784	0.7555202657586273	1.2250989279428832
1.0934562544419921	0.7546592686725699	1.2255959617587804
1.0931454787538515	0.7563298188853407	1.2249141667670862
1.0923045757095189	0.7605015024275461	1.2230579810299023
1.0909400336581083	0.7670973445622732	1.2200391829209019
1.0890623320574653	0.7759980253980214	1.2158767972083966
1.0866858266275745	0.7870480675850813	1.2105969430815737
1.0838285930622558	0.8000632827679629	1.2042326277431115
1.080512232446686	0.8148387179402002	1.1968234903975647
1.0767616422222015	0.8311564226960858	1.1884155024767094
1.0726047571053383	0.8487925201550065	1.1790606307197709
1.0680722647904692	0.8675232567907214	1.168816470236462
1.063197301536712	0.8871298869769761	1.1577458549019166
1.0580151328586191	0.9074023910059109	1.1459164523526848
1.0525628245115661	0.9281421217004466	1.1334003504691985
1.0468789087973527	0.9491635276948966	1.1202736415487202
1.0410030509288335	0.9702951204584424	1.1066160094082307
1.0349757198034377	0.9913798482274393	1.092510323431064
1.0288378670657896	1.012275022987523	1.0780422421138558
1.0226306178120457	1.0328519238697784	1.0632998270187712
1.0163949757258228	1.0529951766407484	1.0483731662360527
1.0101715448595783	1.0726019871371315	1.0333540045705334
1.0040002697060013	1.0915812877987308	1.0183353757534703
0.9979201946589464	1.1098528412192952	1.0034112301354983
0.9919692434572238	1.1273463326678752	0.9886760496461565
0.9861840187485649	1.1440004743908336	0.9742244404422025
0.9805996215133855	1.1597621376715257	0.9601506927669035
0.975249489753523	1.1745855236071057	0.9465482972826946
0.970165255581917	1.1884313799312964	0.9335094077087456
0.9653766196446362	1.201266268618105	0.9211242411764234
0.9609112416639054	1.2130618871701482	0.90948041046086
0.9567946458053289	1.2237944452183251	0.8986621862399694
0.9530501395384839	1.2334440971826621	0.8887496927479773
0.9496987446708488	1.241994431155019	0.8798180464515509
0.9467591392835955	1.2494320137824417	0.871936454320562
0.9442476093771272	1.2557459906980133	0.8651672953334202
0.942178009137723	1.2609277419237122	0.8595652153165897
0.9405617288582692	1.264970591628284	0.8551762702311336
0.9394076696806214	1.2678695716419486	0.8520371557529213
0.9387222244704437	1.2696212381938052	0.8501745607631617
0.9385092642841566	1.2702235414356144	0.8496046787856448
0.938770130039604	1.2696757474380667	0.8503329045072806
0.9395036291557514	1.2679784124850375	0.8523537328010178
0.9407060370812824	1.26513340964081	0.8556508660711587
0.9423711037869723	1.2611440077184313	0.8601975235015498
0.944490065451843	1.2560150029279311	0.8659569342544281
0.9470516617279529	1.2497529036246253	0.8728829870719549
0.9500421591223795	1.2423661687031184	0.880921001990452
0.9534453811860629	1.2338655002840517	0.8900085864674624
0.9572427463453927	1.224264191408592	0.9000765381521852
0.9614133143504954	1.2135785294782166	0.9110497593962925
0.9659338424398604	1.2018282561387825	0.922848153709684
0.9707788524290295	1.1890370841867244	0.9353874808784328
0.9759207100154521	1.1752332718416028	0.9485801545451594
0.9813297176455635	1.1604502543410362	0.9623359729808438
0.9869742223064875	1.1447273322117928	0.9765627800022757
0.992820739576313	1.1281104146709517	0.9911670581579982
0.9988340951867466	1.1106528152971222	1.0060544602484256
1.0049775852140035	1.0924160952240094	1.021130287943256
1.0112131558132	1.0734709464317338	1.0362999277989073
1.0175016031451112	1.0538981039619681	1.0514692555133853
1.0238027938109986	1.0337892706997314	1.0665450189689114
1.0300759057129458	1.0132480313059664	1.081435209691327
1.0362796887983856	0.9923907224434593	1.0960494309750335
1.0423727446360973	0.9713472140873342	1.1102992692371847
1.0483138232180973	0.9502615410032271	1.1240986733052376
1.0540621348020018	0.9292923042252764	1.1373643444147203
1.0595776740192198	0.9086127399423344	1.1500161377858769
1.0648215528959077	0.8884103289634313	1.16197747482868
1.0697563388882245	0.8688857967923964	1.1731757633523532
1.0743463935443527	0.850251337364502	1.1835428216744135
1.0785582069964947	0.832727890346483	1.1930153012733367
1.08236072317889	0.8165413226944745	1.2015351016387983
1.0857256504828805	0.8019174211979431	1.2090497702674885
1.088627752513608	0.7890757034746665	1.2155128803465978
1.0910451137166768	0.7782222030351056	1.2208843785689176
1.0929593749030155	0.7695415695875084	1.2251308957317044
1.0943559341156495	0.7631890213251661	1.2282260132749434
1.0952241088457166	0.7592828472044386	1.2301504796921936
1.095557256302578	0.7578982317851901	1.2308923717676012
1.0953528492535565	0.7590631199254786	1.230447196815299
1.094612505846415	0.7627566398470705	1.228817933473517
1.0933419727814373	0.7689102895059622	1.2260150100800973
1.0915510621763864	0.7774117300498371	1.2220562211693164
1.0892535434318869	0.7881107055714455	1.216966584120826
1.086466992322842	0.8008263914336755	1.2107781393998351
1.0832126003815568	0.8153553986288682	1.2035296990965498
1.0795149483724722	0.8314797205138893	1.195266549551237
1.075401748264282	0.8489740605593835	1.1860401146956745
1.0709035585663418	0.8676121732167411	1.1759075873177673
1.0660534782031212	0.8871720385777757	1.1649315357392511
1.0608868242503673	0.9074398453840924	1.153179493372377
1.0554407988536203	0.9282128640008375	1.1407235382858587
1.0497541505038004	0.9493013525442194	1.1276398692682605
1.0438668345708846	0.970529664297144	1.1140083839421087
1.0378196776143507	0.9917367240991525	1.0999122632761127
1.0316540495199182	1.012776025912889	1.0854375653953678
1.0254115469795095	1.0335152812480797	1.0706728299376118
1.0191336912588647	1.0538358239517813	1.055708692393556
1.012861642607623	1.0736318542098253	1.0406375059577808
1.0066359330809227	1.0928095849795985	1.0255529664737248
1.0004962189781776	1.1112863379640316	1.0105497341687424
0.9944810535791698	1.1289896235115755	0.9957230441502577
0.9886276803822075	1.145856229064862	0.9811682962021065
0.9829718466326666	1.16183133346076	0.9669806134359337
0.9775476365783211	1.1768676589953633	0.9532543589921679
0.9723873236029336	1.1909246692592494	0.9400826004379005
0.9675212401713397	1.2039678179506126	0.9275565129610673
0.9629776643650876	1.2159678518946337	0.9157647150692891
0.958782721693099	1.226900170114241	0.9047925343618237
0.9549603008208944	1.2367442398446833	0.8947212060436431
