1.0	1.0	1.0
1.0053671262163424	0.9760742202328628	1.0123831194988733
1.0106811655804058	0.9516820668387292	1.0245625580779067
1.0159017863630375	0.9269415855320345	1.0364450755111372
1.0209888413570642	0.9019856372673573	1.0479399513895813
1.0259026593085712	0.8769630348099751	1.0589593725438633
1.0306043463443781	0.8520395649789247	1.0694188161507472
1.035056094362307	0.8273987913744126	1.0792374301784788
1.0392214928706414	0.8032424893280666	1.0883384110297172
1.0430658403347677	0.7797905126724901	1.0966493766054952
1.046556450732999	0.7572798346102728	1.104102731594839
1.0496629507594917	0.7359624517943952	1.1106360206332202
1.0523575629573656	0.7161018087949761	1.1161922640972342
1.0546153700337941	0.6979674155308534	1.1207202707299602
1.0564145557108473	0.6818274260514541	1.1241749210284302
1.0577366177061798	0.6679391548746587	1.126517415368718
1.0585665488154665	0.6565378403294597	1.127715481183216
1.058892982577122	0.6478243955800559	1.1277435341173816
1.0587083006265983	0.6419533309357631	1.126582788949695
1.058008699574242	0.6390223451147206	1.1242213171211775
1.0567942160442512	0.6390651155588005	1.120654048945413
1.0550687093658093	0.642048477214845	1.115882719907714
1.0528398022816716	0.6478745029573937	1.1099157618609432
1.050118780903867	0.6563871647863202	1.102768141333065
1.0469204559708571	0.6673825130195314	1.0944611485267086
1.043262988217497	0.6806208699640508	1.0850221418666648
1.0391676813338429	0.6958394752750201	1.07448425409572
1.0346587465411108	0.7127642813574738	1.062886066898273
1.029763043238113	0.7311200327687986	1.050271261818821
1.0245098004602247	0.7506382207604644	1.0366882558214678
1.0189303240423777	0.7710628773244241	1.0221898301985828
1.0130576943904137	0.7921544190367332	1.0068327616809716
1.0069264596493668	0.8136918746203852	0.9906774645341029
1.0005723288253174	0.8354738613643576	0.9737876521551981
0.9940318690854162	0.8573186495310157	0.9562300262262808
0.9873422110470172	0.8790636001549439	0.9380740008393672
0.9805407653915417	0.9005642003527344	0.9193914681980367
0.9736649536220582	0.9216928629455949	0.9002566115124679
0.9667519552454069	0.9423376090371346	0.8807457695280522
0.9598384731184494	0.9624007144598927	0.8609373557296427
0.9529605181701897	0.9817973729197088	0.8409118335923181
0.9461532142111274	1.0004544085944167	0.8207517472286685
0.9394506230796562	1.018309057091497	0.8005418043086419
0.9328855899612142	1.035307824421151	0.7803690050707837
0.9264896083550809	1.0514054276754792	0.7603228074515876
0.9202927038595156	1.066563817406979	0.7404953136726088
0.9143233356993423	1.0807512795258154	0.7209814579008026
0.9086083147301238	1.093941613356807	0.7018791677571917
0.9031727365171216	1.106113381949503	0.6832894645474533
0.8980399280014578	1.117249230573426	0.6653164584165377
0.8932314062254766	1.1273352693954188	0.6480671858482604
0.8887668475889525	1.1363605165253252	0.6316512292203702
0.8846640661418739	1.1443163978673592	0.6161800533202372
0.8809389994824652	1.1511963004905899	0.6017659943626564
0.8776057009155003	1.1569951765125694	0.5885208462256261
0.874676336630794	1.1617091947648348	0.5765540095258805
0.8721611867805618	1.1653354377735123	0.5659702041983397
0.8700686494631581	1.1678716418413653	0.5568667957419212
0.8684052467563212	1.1693159782599025	0.549330846023178
0.8671756320827724	1.1696668739127134	0.5434360636585632
0.8663825983328217	1.1689228697552327	0.5392398842278683
0.8660270863110348	1.1670825158726792	0.5367809421832952
0.8661081932159743	1.164144302027752	0.5360771911870101
0.8666231810028898	1.1601066228134231	0.5371248811896405
0.8675674846185881	1.1549677767243247	0.5398985127781227
0.868934720235287	1.1487259986536256	0.5443517771833188
0.8707166937457883	1.1413795255119616	0.5504193762906545
0.8729034099153942	1.1329266948529	0.5580195241258816
0.8754830827160783	1.1233660765785467	0.5670568762320025
0.878442147494547	1.1126966379939334	0.5774256219516036
0.8817652757467095	1.1009179426865303	0.5890125018082993
0.885435393384918	1.0880303839374346	0.6016995654413896
0.8894337034888891	1.0740354536370322	0.6153665499589847
0.893739714623736	1.058936047998904	0.629892821111297
0.8983312758857683	1.0427368117664282	0.6451588716543429
0.9031846198950644	1.0254445231203733	0.6610474087368935
0.9082744149892916	1.0070685221666889	0.6774440849822987
0.913573827881737	0.9876211867692417	0.6942379383881782
0.9190545980237746	0.9671184606670181	0.7113216074486641
0.9246871248540455	0.9455804403754791	0.7285913832393714
0.9304405690197509	0.9230320294401422	0.7459471522897
0.9362829685166084	0.899503671342362	0.7632922748810117
0.9421813705109906	0.8750321759460564	0.7805334342475845
0.9481019793795002	0.8496616590551368	0.7975804837598793
0.9540103212280518	0.823444620700653	0.814346311877446
0.9598714248364054	0.7964431954970814	0.8307467385543728
0.9656500186188283	0.7687306180883902	0.8467004517976682
0.9713107428029664	0.7403929585299545	0.8621289890806394
0.976818375614908	0.7115311963043898	0.8769567651391165
0.9821380718287417	0.6822637167441244	0.8911111451741893
0.987235611605408	0.652729327712859	0.9045225605174455
0.9920776571217682	0.6230909025251372	0.917124662275867
0.99663201409121	0.5935397472623933	0.9288545072818231
1.0008678949172098	0.564300748090287	0.9396527697704726
1.004756179916575	0.5356382438147367	0.9494639715528439
1.0082696728145006	0.5078623368456496	0.9582367230230827
1.0113833465626496	0.48133492390832455	0.9659239671181299
1.0140745754755423	0.45647400614068584	0.9724832183291279
1.0163233497281532	0.4337537793302142	0.9778767890405577
1.0181124684136522	0.41369674401861234	0.9820719958400148
1.0194277076256124	0.39685317310823665	0.9850413389908484
1.020257960400269	0.3837639387914772	0.9867626489801157
1.020595345823606	0.3749065237826697	0.9872191949291191
1.0204352851629808	0.3706316058664433	0.9863997506618309
1.0197765435075858	0.37110623535933623	0.9842986153414179
1.0186212360769382	0.376283013111566	0.9809155867764504
1.0169747990601354	0.3859075415642393	0.9762558867326119
1.0148459255577347	0.3995612624635128	0.9703300388277684
1.0122464678894472	0.41672355083554224	0.9631537008029974
1.0091913081819448	0.4368337149744751	0.9547474541164213
1.0056981997413015	0.4593396457940926	0.9451365548706837
1.0017875822261983	0.4837287647927936	0.9343506510339847
0.9974823740568416	0.5095433135899327	0.9224234717305098
0.9928077458104932	0.5363845862862134	0.9093924950479703
0.9877908785619955	0.5639106219979606	0.8952986013351281
0.9824607112254315	0.5918307166983959	0.8801857193463836
0.9768476809441655	0.6198988646640705	0.8641004728482077
0.9709834604677716	0.6479072831330179	0.8470918354564286
0.9649006962558393	0.6756805560037038	0.8292108015555518
0.9586327507729387	0.703070578077786	0.8105100812012236
0.9522134521004456	0.7299522992282039	0.7910438269728401
0.9456768536047578	0.7562201868566516	0.7708674008823803
0.9390570059831944	0.7817852984743019	0.7500371897249833
0.9323877435735961	0.8065728565199883	0.7286104777556226
0.9257024863753589	0.8305202293271474	0.7066453863878461
0.9190340588008933	0.8535752375538401	0.6842008918465052
0.9124145257680314	0.8756947206235332	0.6613369335004506
0.9058750463645132	0.8968433112115409	0.6381146281142309
0.8994457449720521	0.9169923770834372	0.6145966086811548
0.893155599434334	0.9361190986945044	0.5908475110545875
0.8870323455934508	0.9542056581511164	0.5669346375194557
0.8811023973037792	0.971238520733145	0.5429288339652607
0.8753907808608394	0.9872077944884092	0.5189056265626549
0.869921082653574	1.002106656705744	0.4949466746670104
0.8647154087591992	1.0159308385775354	0.471141608323318
0.8597943551470555	1.0286781612575928	0.44759032921373726
0.8551769871379487	1.0403481179504643	0.42440585870716
0.8508808267743707	1.0509414977469038	0.4017178068613735
0.8469218467906703	1.0604600477348223	0.37967649498328415
0.8433144699267513	1.068906170533208	0.3584576623252029
0.8400715724005027	1.0762826548696776	0.3382674778312358
0.8372044904394602	1.0825924371894657	0.3193471957572002
0.834723028868124	1.0878383925740907	0.3019761740106511
0.8326354708512598	1.092023153483274	0.28647111152889754
0.8309485880031482	1.0951489550298192	0.27317845086966297
0.8296676501863024	1.0972175056653137	0.26245653338321007
0.8287964344391945	1.0982298823026118	0.2546453725760797
0.8283372325899421	1.0981864490341517	0.2500258921575049
0.8282908572309036	1.0970867987264565	0.24877674068368516
0.8286566458471891	1.0949297168821381	0.2509419873676578
0.8294324630098424	1.0917131672618552	0.25642212450949287
0.830614700661691	1.0874342988493912	0.26499219381582484
0.8321982766403913	1.0820894738223286	0.2763395923701608
0.8341766316988711	1.0756743162570757	0.2901078884787645
0.836541725397911	1.0681837813486024	0.30593464294846084
0.8392840313586445	1.0596122449601975	0.32347736458218024
0.8423925324737015	1.0499536133352374	0.3424274547825493
0.8458547167837223	1.039201452799794	0.3625150002105343
0.8496565748299235	1.0273491392609395	0.38350784924237336
0.8537825993918127	1.0143900272605653	0.40520775346846
0.8582157886102153	1.0003176382792245	0.4274454106391089
0.8629376535772908	0.9851258679011569	0.4500754517688267
0.8679282315446193	0.968809211354576	0.4729718785415025
0.8731661059548251	0.9513630068373594	0.49602414045645193
0.8786284345383792	0.932783695938163	0.5191338743207353
0.8842909867317675	0.9130691003821761	0.5422122518429989
0.8901281916625854	0.8922187142916829	0.5651778534494414
0.896113197907773	0.8702340111862036	0.5879549833828812
0.9022179461597857	0.847118765100754	0.6104723489179562
0.9084132558289234	0.8228793855387537	0.6326620379736874
0.9146689264658453	0.7975252665926478	0.6544587410830888
0.9209538547047591	0.7710691515985953	0.6757991741178025
0.9272361672041072	0.7435275163484589	0.6966216668885863
0.9334833697983295	0.7149209764778806	0.7168658897411047
0.9396625127733433	0.6852747286746842	0.7364726957257525
0.9457403718433122	0.6546190415905381	0.7553840600846949
0.951683644042354	0.6229898220709656	0.7735431019122114
0.9574591573591889	0.5904292976903565	0.7908941751234676
0.9630340925442291	0.5569868812841755	0.8073830174976335
0.9683762151178446	0.5227203237531841	0.8229569476986094
0.9734541152175415	0.4876973298165835	0.8375651009485235
0.9782374525536739	0.4519979301267674	0.8511586945414861
0.9826972034118789	0.41571811617355253	0.8636913147255869
0.9868059063595851	0.37897564072299417	0.8751192167227655
0.9905379030970596	0.3419196536416763	0.8854016298594338
0.9938695707527229	0.3047473913214225	0.8945010599951843
0.9967795418681559	0.26773439709476793	0.9023835817023297
0.9992489083581019	0.23129185859379914	0.9090191129957536
1.0012614058694307	0.19608032136396877	0.9143816658620416
1.0028035752015294	0.1632410912062962	0.9184495664017499
1.0038648977860472	0.13484609327117233	0.921205639083014
1.004437902649541	0.11452766762695926	0.922637350404527
1.00451824278765	0.10715578943268016	0.9227369081696751
1.0041047394497957	0.11527945265954617	0.9215013135631115
1.0031993934518848	0.13608519966284674	0.9189323642725727
1.0018073632817304	0.16470221380466066	0.9150366079843664
0.9999369104171562	0.19758851539183875	0.9098252466701432
0.9975993129189072	0.23273664727038845	0.9033139931437243
0.9948087489690571	0.2690399829187638	0.8955228823689202
0.9915821525815899	0.3058562629890508	0.8864760409137178
0.9879390441987397	0.3427845592920213	0.8762014187477656
0.9839013392909924	0.37955565260243046	0.8647304882483295
0.9794931383906071	0.41597664159999015	0.8520979158000508
0.9747405022021418	0.45190167156944233	0.8383412117371603
0.9696712155468683	0.48721572466757584	0.823500364580846
0.9643145439130112	0.5218252344411839	0.8076174655727842
0.9587009863058759	0.5556524188402839	0.7907363294075962
0.9528620279295871	0.5886317167622092	0.772902116836102
0.9468298959961643	0.6207074533533226	0.7541609644656294
0.9406373216606179	0.6518322425066383	0.7345596266441057
0.9343173107362996	0.6819658413591392	0.7141451338039789
0.9279029254668537	0.7110742868167416	0.6929644710839973
0.921427079233581	0.7391292106095761	0.671064280465608
0.9149223456727844	0.7661072688645666	0.6484905890801517
0.9084207832784856	0.7919896462385906	0.6252885657867382
0.9019537761820231	0.8167616096291607	0.6015023076124284
0.8955518914399462	0.8404120959591096	0.5771746572110665
0.889244752832014	0.8629333246046496	0.5523470521632812
0.8830609308768161	0.8843204289493991	0.52705940674376
0.8770278485167263	0.9045711040645219	0.5013500267735214
0.8711717017080671	0.9236852691165728	0.47525555843224077
0.8655173939766926	0.94166474409795	0.44881097255606284
0.8600884838626222	0.9585129410621133	0.422049587208401
0.8549071440779342	0.9742345703621679	0.39500313357506
0.8499941311371546	0.9888353625291243	0.3677018742215424
0.8453687641857012	1.002321806448624	0.3401747898422049
0.8410489117460942	1.0147009044464557	0.3124498635910275
0.8370509851200502	1.0259799448047295	0.2845545167004148
0.8333899372237096	1.0361662921237016	0.25651629817558175
0.8300792656896966	1.0452671958338726	0.22836403511846542
0.8271310191403436	1.0532896170590633	0.20012988565196377
0.8245558056183828	1.0602400739401634	0.17185331844103638
0.8223628022521956	1.0661245054548893	0.143589644215591
0.8205597653302023	1.0709481537129455	0.11543077821203179
0.8191530400613605	1.0747154646688186	0.08756504836855428
0.8181475694046143	1.0774300071752696	0.060496129622765675
0.8175469014583562	1.0790944102978695	0.036179940349932306
0.8173531950107326	1.0797103188226105	0.024905670296628855
0.8175672229623231	1.0792783669121382	0.0399443716980021
0.8181883734439878	1.0777981698988535	0.0650651763240512
0.8192146485642398	1.0752683342420408	0.09235582418789486
0.820642660832211	1.0716864857184296	0.12031707150536125
0.8224676274139975	1.0670493159582393	0.1485334271686928
0.824683362491774	1.061352647479004	0.1768414310572859
0.8272822681062852	1.0545915174047469	0.2051582539115042
0.8302553239738447	1.0467602800861124	0.2334325639651794
0.8335920768782044	1.03785272885605	0.2616268955504451
0.8372806303448708	1.0278622371644803	0.2897102245471454
0.8413076354095222	1.0167819193338	0.3176544371113878
0.8456582833918107	1.0046048111661556	0.3454324775937572
0.8503163016792341	0.991324070615865	0.3730172952430928
0.855263953610896	0.9769331987212432	0.4003812039294762
0.8604820436253464	0.9614262809776227	0.4274954724415215
0.8659499288975294	0.9447982493401021	0.4543300537217335
0.8716455387339993	0.9270451650889175	0.4808534048321013
0.8775454030196236	0.9081645228989975	0.5070323714292045
0.8836246910093848	0.8881555766662579	0.5328321221979677
0.8898572617319671	0.8670196880107967	0.5582161251236346
0.8962157272140039	0.8447606989787527	0.5831461611171974
0.9026715296418226	0.8213853314115032	0.6075823725826168
0.9091950334483647	0.7969036169044206	0.6314833456711262
0.9157556331444474	0.7713293634744419	0.654806225560287
0.9223218775043235	0.7446806683489731	0.6775068643211021
0.9288616104653793	0.7169804912116676	0.6995400009109835
0.9353421288119509	0.6882573096145141	0.7208594726244967
0.941730356386357	0.6585458893769357	0.7414184569938425
0.9479930342108146	0.6278882196951989	0.7611697426901932
0.9540969255182332	0.5963346887223449	0.7800660274618028
0.960009034286177	0.5639456160991361	0.7980602405789421
0.965696835456517	0.5307933237149808	0.8151058866620041
0.9711285146151383	0.4969650310713755	0.8311574071707271
0.9762732145144832	0.4625670355119488	0.8461705552531077
0.9811012854606201	0.42773093111905564	0.8601027791165238
0.9855845362702917	0.3926231246849528	0.8729136086150876
0.9896964822461403	0.3574597860834945	0.8845650393699208
0.993412586433302	0.3225309030262992	0.8950219084747448
0.9967104903195129	0.2882397117581253	0.9042522557071633
0.9995702301330972	0.2551677636002888	0.9122276641817826
1.001974434985218	0.22417998809757747	0.9189235745556664
1.0039085032974246	0.19657913864626592	0.9243195672348712
1.005360754251944	0.17426929674329486	0.9283996075321307
1.0063225513952447	0.15971787987585	0.931152249382985
1.0067883960060713	0.15527677516573157	0.9325707940272377
1.0067559883944175	0.16184381267354564	0.932653400985147
1.006226255911465	0.17818653113370472	0.9314031496786263
1.0052033471033601	0.2018604258268858	0.9288280511383876
1.0036945921129556	0.23048610910483008	0.9249410103671701
1.0017104301015902	0.26228219989481844	0.9197597410647719
0.9992643051060047	0.29604062608557374	0.9133066355309913
0.9963725323431889	0.3309577552666989	0.9056085936186465
0.993054137509951	0.3664893207995333	0.8966968155854864
0.9893306720788766	0.4022542134779216	0.8866065645713948
0.985226007956192	0.4379753151856679	0.8753769051928901
0.9807661151318932	0.4734436526285181	0.8630504253952344
0.9759788261145025	0.5084964784340796	0.8496729492364072
0.9708935910022102	0.5430036056720691	0.8352932487083482
0.9655412270029813	0.5768586823976378	0.8199627630494138
0.9599536660858907	0.6099734731322813	0.803735334296823
0.9541637042346963	0.6422740052910737	0.7866669681061262
0.9482047554948001	0.6736978937978455	0.7688156291717144
0.9421106136700235	0.7041924228947509	0.7502410809709242
0.9359152241504252	0.7337131222475071	0.7310047800842938
0.929652467951169	0.7622226704131426	0.7111698360818526
0.9233559596290215	0.7896900181696583	0.6908010489798572
0.9170588603302066	0.8160896617185965	0.6699650376340637
0.9107937068223455	0.8414010198579936	0.6487304742067881
0.9045922569836687	0.865607884921509	0.6271684420659738
0.8984853518722901	0.8886979276357282	0.6053529371371654
0.8925027941829174	0.9106622429404512	0.5833615357304527
0.8866732426218775	0.9314949284277793	0.5612762549249796
0.8810241214959988	0.9511926901422898	0.5391846341231156
0.8755815446174181	0.969754472540963	0.5171810672625025
0.8703702524741169	0.9871811107663048	0.49536841239706997
0.8654135615032547	1.0034750042611742	0.47385989553743824
0.8607333242285681	1.0186398113012831	0.4527813032983754
0.8563498989811215	1.032680164346811	0.432273415665822
0.8522821279109557	1.0456014062921417	0.4124945542335944
0.8485473220119852	1.057409347774695	0.3936229978292464
0.8451612519200618	1.0681100457272439	0.3758588325135174
0.8421381433008682	1.0777096033491405	0.35942455313986765
0.8394906757167873	1.086213991648854	0.344563446673114
0.8372299839470608	1.093628892685773	0.33153455350671374
0.8353656608306774	1.0999595646217866	0.3206030049729262
0.8339057608041673	1.1052107286881125	0.3120250372635509
0.8328568034149506	1.1093864781832783	0.3060282101409941
0.8322237762035088	1.1124902096456282	0.3027892409970072
0.8320101364633076	1.114524576388531	0.3024137620917126
0.8322178115052125	1.1154914646482057	0.3049230914084422
0.8328471971725787	1.115391992671858	0.31025184518580745
0.8338971544738719	1.1142265331665302	0.318257105601259
0.8353650043214205	1.1119947596356103	0.32873637780026443
0.8372465204875442	1.1086957172494647	0.34144948689922255
0.8395359210127445	1.1043279190287552	0.3561396174879308
0.8422258584246475	1.0988894682639607	0.3725502984908441
0.8453074092506252	1.0923782082537623	0.39043712437683414
0.8487700634308788	1.0847919006209097	0.4095745140821605
0.8526017143613998	1.0761284336613826	0.4297585737929721
0.8567886504163885	1.0663860624078678	0.4508072948155321
0.8613155489157964	1.055563682351515	0.47255915234046514
0.8661654736136055	1.0436611390802213	0.49487089326597483
0.8713198768837208	1.0306795764758012	0.5176150341657969
0.8767586078699744	1.0166218265909535	0.540677381624195
0.8824599279412518	1.0014928449322975	0.5639547423276955
0.8884005348483306	0.9853001956497991	0.5873528982366717
0.8945555970115	0.9680545921290719	0.610784867954189
0.9008987993730101	0.9497704997686284	0.634169446099479
0.9074024022214099	0.9304668093823019	0.6574299985046976
0.9140373143315258	0.9101675917982218	0.6804934859366607
0.9207731816601206	0.8889029469473182	0.7032896887170108
0.9275784926896827	0.8667099641765275	0.7257506066136938
0.9344207013186645	0.8436338148158941	0.7478100112875357
0.9412663679542387	0.8197290032809209	0.769403131627927
0.9480813191732053	0.7950608092314202	0.7904664551117282
0.9548308259795469	0.7697069603908663	0.8109376307002361
0.9614798003068848	0.7437595830597052	0.8307554607030654
0.9679930089962957	0.7173274839746394	0.8498599705022668
0.9743353040325963	0.6905388206289504	0.8681925460939448
0.9804718673553553	0.6635442130873019	0.8856961301309321
0.9863684680869821	0.6365203309436797	0.9023154676058168
0.9919917295534211	0.6096739413765828	0.9179973925653796
0.997309403029095	0.5832463077343993	0.9326911473587873
1.0022906447335125	0.5575176529938164	0.9463487259520481
1.0069062922594978	0.5328111113409265	0.9589252328446173
1.0111291363389403	0.5094951497385928	0.9703792491495145
1.0149341836666144	0.48798284928771035	0.980673197488491
1.0182989064191457	0.4687257899465441	0.9897736975444531
1.0212034741346458	0.4521998679533148	0.9976519044326323
1.0236309637652448	0.43888073608417016	1.0042838225197392
1.0255675439815584	0.42920838007344203	1.0096505879475708
1.0270026301921118	0.4235439691849202	1.0137387139061405
1.0279290072339935	0.42212671664886214	1.0165402936442118
1.0283429172807739	0.42504165331878235	1.0180531572862854
1.0282441111828164	0.43220811765902833	1.0182809797208723
1.0276358621825954	0.4433926873937899	1.0172333381049712
1.0265249417097984	0.45824212565855216	1.0149257188584249
1.0249215577323771	0.4763262735592867	1.0113794753603946
1.022839256894434	0.4971802278399276	1.006621738868076
1.02029479238476	0.5203385480193251	1.0006852864148958
1.017307960127881	0.5453587644335685	0.9936083705738029
1.013901406452562	0.5718348734379287	0.9854345169564109
1.0101004108548208	0.5994031442181058	0.9762122961307874
1.0059326478220734	0.6277428248177634	0.9659950772547509
1.001427931915579	0.6565738974411529	0.954840771117841
0.996617950418264	0.6856534026050322	0.9428115704481167
0.9915359878475221	0.7147712869578816	0.9299736952571049
0.9862166465152483	0.7437463130851316	0.9163971506561733
0.9806955671013696	0.772422296616479	0.9021555039676438
0.9750091529065275	0.800664772375509	0.8873256870575306
0.9691943010804452	0.8283581014113979	0.8719878286104781
0.9632881437019994	0.8554029865008158	0.856225119518705
0.957327801132556	0.8817143458866851	0.840123712621873
0.9513501495926233	0.9072194914765351	0.823772655659033
0.9453916044390408	0.9318565612120232	0.8072638534138394
0.9394879201598353	0.9555731617412865	0.7906920515851028
0.9336740076685215	0.9783251846825843	0.7741548308432368
0.927983769078751	1.000075766575019	0.7577525948199106
0.9224499497812042	1.0207943686030254	0.741588530471598
0.9171040073325191	1.0404559572189693	0.7257685135208093
0.9119759964037751	1.0590402709007822	0.7104009258495148
0.9070944688244676	1.0765311615705893	0.6955963463784123
0.902486387596233	1.0929160017917665	0.6814670729999834
0.8981770536366038	1.1081851508815705	0.6681264317688659
0.8941900439434339	1.1223314746385962	0.6556878323217278
0.8905471598412522	1.1353499145872914	0.644263537088188
0.8872683839770285	1.1472371035675966	0.6339631277953539
0.884371844769822	1.1579910252134271	0.6248916769405366
0.8818737870816937	1.1676107154226218	0.6171476639043272
0.8797885479614436	1.1760960043654418	0.610820712884801
0.8781285364139306	1.1834472979414628	0.6059892682699403
0.8769042162621838	1.189665397900951	0.6027183558004036
0.8761240912940126	1.1947513601154363	0.6010575972784883
0.8757946920168307	1.1987063907272388	0.6010396458643352
0.8759205634819244	1.2015317801391736	0.6026791844390706
0.8765042537811046	1.2032288750306488	0.6059725822380958
0.877546302963636	1.203799088809487	0.6108982414846739
0.8790452322691239	1.2032439511329365	0.6174175967713612
0.8809975337224036	1.2015651973580377	0.6254766675870471
0.8833976602893435	1.1987648990113078	0.6350080190154399
0.8862380169476901	1.1948456366005247	0.6459329632103783
0.8895089531843148	1.189810716326537	0.6581638353740331
0.8931987575887486	1.1836644324895016	0.6716061985344881
0.8972936553714719	1.1764123776202196	0.6861608645441275
0.9017778097922279	1.1680618026012417	0.701725656887687
0.9066333286360088	1.158622029270856	0.7181968777184288
0.911840277018967	1.1481049182209586	0.7354704727226623
0.917376697939078	1.1365253946988085	0.7534429108522791
0.9232186421019365	1.1239020356893044	0.77201181138981
0.9293402086448688	1.1102577213667046	0.791076359147758
0.935713598446234	1.0956203541275846	0.8105375513689655
0.9423091817346704	1.0800236482952015	0.8302983187236939
0.9490955816981425	1.063507993234514	0.8502635591593051
0.9560397757282201	1.0461213919087633	0.8703401184141295
0.9631072158147006	1.027920475652903	0.8904367455929684
0.9702619694240425	1.0089715938607347	0.9104640468586007
0.9774668819479396	0.9893519739902458	0.930334455330737
0.9846837614933303	0.9691509422442516	0.9499622308440535
0.9918735864019961	0.9484711877557307	0.9692634993347853
0.9989967354391015	0.9274300421658523	0.9881563382720826
1.0060132400809625	0.9061607309939763	1.0065609116664263
1.012883057771716	0.8848135319044135	1.024399655704238
1.0195663644184545	0.8635567466943498	1.0415975139110465
1.0260238637702612	0.8425773578736448	1.0580822188822971
1.0322171106970486	0.8220811976146293	1.073784616002787
1.0381088447703972	0.8022924095031472	1.0886390231792755
1.0436633299740832	0.783451938667658	1.102583619426045
1.0488466958610045	0.7658147557315569	1.1155608541709654
1.0536272750502047	0.7496455233233484	1.1275178683987603
1.057975931645776	0.7352124747146552	1.138406918232001
1.0618663749791677	0.7227794171386612	1.1481857912833442
1.0652754530444626	0.712596012202742	1.156818206107085
1.068183420124013	0.7048868124582541	1.1642741853415877
1.0705741733947371	0.6998398975105868	1.1705303936665654
1.0724354537617247	0.6975962638373457	1.1755704324911802
1.0737590067766463	0.698241265588936	1.1793850843207836
1.0745407002475829	0.701799285354666	1.1819725009913125
1.074780596011348	0.7082324124402902	1.1833383313700732
1.0744829742904023	0.717443300741752	1.1834957856498225
1.0736563100608632	0.7292817295034728	1.182465634952484
1.0723132018798838	0.7435538761078412	1.1802761465473182
1.0704702546228932	0.7600330518501884	1.1769629565116495
1.0681479185279157	0.7784706726693402	1.1725688830569476
1.0653702878023248	0.7986064717455693	1.1671436849495103
1.0621648627884253	0.8201773009287759	1.1607437704200099
1.058562280285467	0.8429242099486122	1.1534318626353584
1.0545960170713204	0.866597768693306	1.1452766281661322
1.0503020719485832	0.8909617821730371	1.1363522749016566
1.0457186317563456	0.9157956446755378	1.126738125534714
1.040885726746263	0.9408956095219101	1.11651817206449
1.035844880532288	0.9660752377755281	1.1057806157704557
1.0306387595050108	0.9911652538251228	1.0946173958273249
1.0253108261756503	1.0160129925506363	1.083123708214331
1.0199050004054795	1.0404815806095795	1.0713975148905985
1.0144653319093808	1.0644489576592582	1.05953904145104
1.0090356868226111	1.087806813573182	1.047650259752883
1.0036594505119039	1.1104594947944864	1.035834350441575
0.9983792482176534	1.1323229159954005	1.0241951390564505
0.9932366845521201	1.153323501029722	1.0128364986280138
0.9882721023648358	1.173397168655839	1.0018617115656483
0.9835243610325128	1.1924883727086892	0.9913727843485346
0.9790306338446716	1.2105492025403484	0.9814697102205626
0.974826223842235	1.227538547045002	0.9722496778481553
0.9709443972254006	1.2434213240054313	0.9638062277411774
0.9674162332771515	1.258167775539376	0.9562283630584197
0.964270489645333	1.2717528298735892	0.9495996269734073
0.9615334817829716	1.2841555293878693	0.943997164658508
0.9592289753558707	1.295358524756158	0.9394907936023591
0.9573780904802711	1.3053476350054896	0.9361421107469802
0.9559992167432227	1.3141114733770716	0.9340036681234809
0.9551079380764653	1.321641138982098	0.933118249656084
0.954716966694087	1.3279299743819193	0.9335182801562968
0.9548360854592339	1.3329733893764641	0.9352253930962744
0.9554720982112938	1.3367687514472544	0.9382501767445732
0.9566287877591932	1.3393153434631924	0.9425921092453499
0.9583068814270566	1.3406143894089877	0.948239683102076
0.960504024224706	1.3406691490263987	0.9551707093431491
0.9632147599074106	1.339485082353576	0.9633527824651739
0.9664305203870587	1.3370700851908386	0.9727438799815438
0.970139624160581	1.3334347964911106	0.9832930656739809
0.974327284630154	1.3285929785441208	0.9949412637192591
0.9789756294014594	1.3225619705628942	1.0076220716482664
0.9840637318574498	1.3153632158487436	1.0212625831948212
0.9895676565101051	1.3070228620563333	1.0357841969109471
0.9954605198240196	1.2975724331399536	1.051103392279879
1.0017125683737393	1.287049570256121	1.0671324612801727
1.0082912763301926	1.2754988371261713	1.0837801893695254
1.0151614643574758	1.2629725830017084	1.1009524852289048
1.02228544202593	1.2495318532740307	1.1185529630513524
1.0296231757968624	1.235247333744918	1.1364834845314238
1.037132484495089	1.2202003094217733	1.1546446699825734
1.0447692639457236	1.2044836121878768	1.1729363892373192
1.0524877421019894	1.1882025236040743	1.1912582432792465
1.0602407655252826	1.1714755892404787	1.2095100470555602
1.067980117495871	1.1544352892467518	1.2275923227717715
1.075656867336324	1.1372284964973949	1.245406811320637
1.0832217497300045	1.1200166391167001	1.2628570074801049
1.0906255719302174	1.1029754695915683	1.2798487222516821
1.0978196458051157	1.0862943299175782	1.2962906733111852
1.1047562406789075	1.0701747942102384	1.312095102107734
1.111389051946766	1.0548285709876026	1.3271784137651967
1.1176736794993547	1.0404745619018794	1.3414618336973565
1.1235681091361451	1.0273350074504983	1.354872072822107
1.1290331894189438	1.0156307076737094	1.3673419915226521
1.1340330958609384	1.0055753888646826	1.3788112511188175
1.1385357740006796	0.9973693926729105	1.3892269406328197
1.1425133528065994	0.9911929814058473	1.3985441661018057
1.145942520018398	0.9871996648360655	1.40672658962899
1.1488048514680282	0.9855100355923919	1.41374690578248
1.1510870871331398	0.9862066277101198	1.4195872438316852
1.152781347644099	0.9893302683637528	1.4242394856199445
1.1538852861627893	0.994878272691824	1.4277054905521784
1.1544021719354924	1.0028046507750012	1.4299972211523537
1.1543409033409733	1.0130222854390587	1.4311367648261102
1.1537159498482663	1.0254068390216682	1.4311562497466457
1.152547223902342	1.0398019927612479	1.430097655059213
1.1508598853048575	1.056025537012508	1.4280125177646614
1.1486840820900703	1.0738758190604365	1.424961540596312
1.146054633158105	1.0931381065372228	1.4210141068620266
1.1430106589745594	1.1135905169003248	1.416247709519225
1.139595167444694	1.135009273202069	1.4107473026438109
1.1358546026037566	1.1571731532218412	1.404604583930918
1.131838364028263	1.1798670895198646	1.3979172169419203
1.1275983048758091	1.2028849458705126	1.3907880015330116
1.1231882162252962	1.2260315403262698	1.383324000338081
1.1186633049475365	1.249124009910609	1.3756356284281457
1.114079671728021	1.271992621288944	1.367835712444794
1.109493795133915	1.2944811305307757	1.3600385247299023
1.1049620268125835	1.3164467874081085	1.3523587973735263
1.1005401020746461	1.337760068754496	1.3449107207919582
1.0962826692925565	1.3583042134336853	1.3378069315225678
1.0922428407722697	1.3779746198080631	1.3311574944414242
1.0884717670596715	1.3966781560048844	1.3250688855882677
1.0850182360459792	1.4143324240777788	1.3196429831805732
1.081928297749682	1.4308650114111994	1.3149760761132825
1.079244915280953	1.4462127563258742	1.3111579011128898
1.0770076422347203	1.460321049651722	1.3082707215333347
1.0752523266014837	1.4731431898554024	1.3063884623034703
1.074010841216865	1.4846398059603183	1.305575916512531
1.0733108407755905	1.4947783598110187	1.3058880393281225
1.0731755454961238	1.503532737065336	1.3073693442184484
1.0736235516226655	1.5108829345191919	1.3100534147254668
1.0746686690781957	1.5168148498699492	1.313962542348901
1.0763197867257075	1.5213201787053798	1.3191074976103871
1.0785807658484918	1.5243964222751498	1.325487437335724
1.081450362621744	1.526047008371912	1.333089946960402
1.084922180516966	1.5262815263308296	1.3418912126020173
1.0889846537592707	1.5251160756572615	1.3518563141104805
1.0936210631470846	1.5225737260133463	1.3629396275993986
1.09880958574321	1.5186850841277004	1.3750853242783034
1.1045233801513326	1.5134889605205035	1.3882279518261398
1.1107307092933054	1.507033125630723	1.4022930850310942
1.1173951027844762	1.4993751408562812	1.4171980338227537
1.1244755611453878	1.4905832450310013	1.4328525989107064
1.1319268041613926	1.480737270829517	1.4491598677413131
1.139699565675908	1.4699295584010945	1.4660170460989792
1.1477409369449796	1.4582658251238703	1.4833163231322481
1.1559947603578131	1.4458659407724093	1.5009457696390556
1.1644020748107713	1.4328645467846646	1.5187902709137615
1.1729016132885721	1.419411447111034	1.5367324962164455
1.1814303522434098	1.4056716870692687	1.5546539069103245
1.1899241111705985	1.3918252268951279	1.5724358045234184
1.198318199373292	1.3780661099913833	1.5899604184762832
1.2065481053205884	1.364601024555071	1.607112031075272
1.2145502222818418	1.3516471641715806	1.6237781347341935
1.222262602130582	1.3394293112937439	1.6398506134193471
1.2296257274338003	1.328176100303766	1.655226937196887
1.2365832902672165	1.3181154661674275	1.6698113556916159
1.24308296472131	1.309469350610352	1.6835160734386838
1.249077158883506	1.3024478171963965	1.696262387711789
1.2545237312895967	1.2972428125435684	1.7079817676122422
1.2593866565094523	1.2940218918689932	1.7186168521423877
1.263636624725289	1.2929222887394258	1.7281223447658194
1.2672515609062105	1.2940457364557403	1.7364657826306358
1.2702170504810344	1.2974544302865212	1.7436281602041819
1.27252666023088	1.3031684512664834	1.749604389488267
1.2741821453996929	1.3111648587049713	1.7544035821508674
1.2751935366620029	1.3213785149424293	1.7580491426762461
1.275579103476183	1.3337045541785295	1.7605786658165712
1.2753651933560448	1.3480022710116717	1.762043636018298
1.274585949574771	1.3641001032997215	1.7625089308820279
1.2732829126372258	1.3818013293955316	1.7620521348908889
1.2715045133967946	1.4008900931762076	1.7607626734301283
1.2693054678498183	1.4211374044361553	1.758740780378899
1.2667460853412542	1.442306824652064	1.7560963151925197
1.2638915031186118	1.4641596247647197	1.7529474473729865
1.2608108608704252	1.4864592799003167	1.7494192275657345
1.2575764291055906	1.50897523668058	1.7456420652903097
1.2542627050240678	1.5314859466321002	1.7417501336204955
1.2509454889727771	1.5537812023100446	1.737879721109771
1.2477009537621928	1.5756638416901712	1.7341675510526369
1.2446047181340585	1.5969509032011	1.7307490879120617
1.2417309346110375	1.617474321106816	1.7277568505292105
1.239151400907038	1.637081251446897	1.725318751620385
1.236934703098359	1.6556341146986115	1.7235564830600576
1.2351453978966032	1.6730104345605934	1.7225839664938634
1.2338432406487518	1.6891025441018004	1.7225058888169686
1.233082465121496	1.703817221870506	1.7234163418520074
1.2329111206917913	1.7170753119685425	1.7253975850149814
1.2333704722369834	1.7288113738586794	1.7285189487305999
1.2344944677623533	1.7389733998944237	1.7328358947568745
1.236309278587793	1.7475226312195584	1.7383892473755262
1.2388329167097722	1.7544334956706056	1.7452046066535631
1.242074933740019	1.7596936844620827	1.7532919518182677
1.246036205589038	1.7633043775365342	1.7626454394173574
1.25070880681088	1.7652806202887423	1.7732433976056754
1.2560759782615947	1.7656518466826863	1.7850485148636848
1.262112191454324	1.764462535325749	1.7980082189338864
1.268783312720179	1.7617729756166585	1.8120552399145826
1.2760468699954337	1.7576601104476008	1.8271083503388061
1.283852424725484	1.7522184099926728	1.8430732746475085
1.2921420509596233	1.7455607178468278	1.8598437605962568
1.3008509231459406	1.737818996365697	1.8773028055857983
1.3099080133480228	1.7291448829367904	1.8953240313952688
1.3192368975151216	1.7197099538946596	1.9137732010186206
1.3287566689707269	1.709705579165972	1.9325098709725945
1.3383829553833622	1.6993422403711835	1.9513891713215028
1.3480290331185616	1.688848180542191	1.970263703592783
1.3576070300515148	1.6784672579800575	1.9889855436795028
1.367029204701463	1.668455893627014	2.0074083327939327
1.376209286037499	1.6590790341822852	2.0253894347135706
1.3850638546566763	1.6506051047870982	2.0427921322142786
1.393513742448622	1.6432999963451733	2.0594878300671238
1.401485424568028	1.637420221294592	2.0753582266992288
1.4089123747855352	1.6332054716492537	2.09029741202664
1.4157363533230332	1.630870913520456	2.1042138454938897
1.4219085953197712	1.630599638259661	2.11703216639053
1.4273908682915115	1.632535745074109	2.1286947883681138
1.4321563684391514	1.6367785382695579	2.1391632319473928
1.4361904284562992	1.643378274724236	2.1484191527452348
1.4394910135076957	1.6523337936964388	2.1564650290770717
1.4420689871433425	1.6635922124588391	2.1633244802729483
1.4439481348389327	1.6770506979510875	2.169042196125481
1.4451649393131925	1.6925601523758602	2.1736834679113257
1.445768108433367	1.7099305045594957	2.1773333218826516
1.4458178630419658	1.7289371978522845	2.180095266489706
1.4453849981059477	1.7493284184502167	2.1820896743843448
1.444549735940608	1.7708326139573394	2.1834518290594263
1.4434003947042926	1.7931659011041474	2.1843296735008675
1.4420318987919256	1.81603903940028	2.1848813042936532
1.440544160158711	1.8391637388372817	2.1852722591817586
1.4390403610438645	1.862258161336405	2.1856726491966962
1.4376251691655888	1.8850515579050107	2.1862541882847903
1.4364029163910241	1.907288050901383	2.187187174069775
1.435475771331548	1.9287296213819032	2.188637473183111
1.4349419354462691	1.9491583957103367	2.1907635636514398
1.4348938911939066	1.9683783454389636	2.1937136852707932
1.4354167296475888	1.986216522558528	2.1976231467839438
1.4365865838185639	2.002523951227462	2.2026118360220868
1.4384691927160331	2.0171762893771708	2.208781975956074
1.4411186198592383	2.0300743610099814	2.2162161658066375
1.4445761484957453	2.041144643902474	2.2249757419998124
1.448869374110407	2.050339778670569	2.2350994888911573
1.4540115128947766	2.057639144229513	2.2466027239535116
1.4600009426759508	2.0630495217962728	2.2594767767161112
1.4668209903918539	2.066605844770017	2.273688875371705
1.4744399775770771	2.0683720050785137	2.2891824498282833
1.482811532517132	2.068441657973611	2.3058778552011496
1.4918751747439376	2.066938937121447	2.3236735153367487
1.5015571743456573	2.064018960910739	2.3424474818124845
1.5117716850646956	2.059867980570529	2.362059399709569
1.522422146228741	2.054702993159028	2.382352866940838
1.5334029440442614	2.048770620990261	2.4031581686077
1.5446013175271256	2.042345047951319	2.4242953613511546
1.555899488242328	2.035724807796012	2.44557767464048
1.5671769860517302	2.0292282458593367	2.466815186276239
1.5783131353264461	2.023187529462171	2.487818718178481
1.5891896578190507	2.017941167694332	2.5084038861715974
1.5996933400158364	2.013825118940458	2.5283952246311086
1.6097187048471364	2.0111627096078837	2.5476302944403266
1.6191706207725853	2.0102537480374854	2.5659636718090946
1.6279667761692729	2.011363373957452	2.5832707073006036
1.6360399442944105	2.0147113105783543	2.599450940013934
1.6433399644193405	2.020462256285221	2.614431052216098
1.649835368401437	2.028718143185759	2.6281672554405726
1.6555145890923302	2.0395128893336607	2.6406470104020747
1.6603866974153028	2.0528100857209854	2.6518899997988954
1.6644816282455732	2.0685038113390766	2.661948294509427
1.6678498707189113	2.0864224966529306	2.6709056787647762
1.670561615429956	2.1063354999546773	2.6788761272266512
1.6727053682357855	2.12796185981864	2.686001454998511
1.6743860571479758	2.1509805648816758	2.692448188931669
1.675722674288738	2.175041647054233	2.698403733792699
1.6768455085034901	2.199777447630853	2.704071928841759
1.677893035591962	2.224813507914804	2.709668108385038
1.6790085421014702	2.249778672234843	2.7154137935229254
1.6803365652730542	2.2743141377619303	2.7215311515633442
1.6820192362288513	2.2980813231777906	2.7282373646106226
1.6841926160768588	2.320768544198528	2.7357390500456136
1.6869831155069095	2.3420965715744626	2.744226873431504
1.690504087805913	2.3618232047303227	2.753870489267697
1.6948526830812876	2.379747023194207	2.7648139373925766
1.7001070478143558	2.3957104816462937	2.777171613080471
1.7063239485901291	2.4096024966625724	2.7910249173272166
1.7135368918939227	2.4213606378178554	2.806419680786869
1.7217548032115875	2.430972986173031	2.8233644405991316
1.7309613183817705	2.4384796624268437	2.841829634173586
1.741114728359383	2.443973958280857	2.8617477580142667
1.7521486054232618	2.4476029314338987	2.8830145228574153
1.763973124532362	2.4495672517214455	2.9054910185264937
1.7764770780550578	2.4501200195196184	2.9290068825300652
1.7895305654096045	2.4495642260406325	2.953364444917763
1.8029883211236568	2.4482484992479776	2.978343797599594
1.8166936253104562	2.446560791375723	3.00370870870093
1.8304827195584268	2.4449197275313566	3.029213271420596
1.8441896290003439	2.4437634606557275	3.054609142733097
1.8576512685272137	2.4435360714490906	3.0796531913507494
1.8707126888712566	2.4446718075724108	3.1041153386998666
1.8832322981908927	2.4475777546517072	3.1277863440989124
1.8950868787824293	2.452615835805305	3.150485259229457
1.9061762086881253	2.4600852956862655	3.1720662609106998
1.9164270961961856	2.4702069823322867	3.1924245683795496
1.925796643018492	2.4831107457729003	3.2115011642058486
1.9342745700556019	2.498827099712843	3.229286067871416
1.9418844679877014	2.517283950273198	3.2458199576189912
1.948683872386502	2.5383087306083163	3.2611939975188133
1.9547631076931768	2.5616357684747184	3.2755477994176596
1.960242893693143	2.5869182422415773	3.2890655290316553
1.965270759178928	2.613743724321575	3.3019702468455194
1.970016357512367	2.641652114988741	3.3145166526287375
1.9746658253099343	2.6701547425670054	3.326982472784021
1.979415366556242	2.6987535235230897	3.339658788901408
1.9844642787760074	2.7269592922720247	3.3528396515045498
1.9900076646604612	2.7543086725320203	3.366811353964329
1.9962290912999727	2.780379121562137	3.3818417578955953
2.003293469633517	2.8048019990688626	3.398170063807599
2.0113404286225625	2.8272736714632876	3.4159974105901263
2.020478451705812	2.8475647497406795	3.4354786660267895
2.030780027045453	2.8655275756935024	3.4567157393476498
2.042278037855758	2.881102023558288	3.4797527070758596
2.0549635849226724	2.8943195844611997	3.5045729959572745
2.068785390831417	2.9053055649673163	3.5310988120051574
2.083650885254344	2.914279078445425	3.559192942538038
2.099429013886791	2.9215503633406703	3.5886629879285192
2.115954751211877	2.927514855638382	3.619268000681045
2.133035230109656	2.9326434084753568	3.6507274205534865
2.150457330334318	2.937468126745598	3.68273209555146
2.1679964943679484	2.942563501314986	3.7149570710237687
2.1854264652404276	2.9485229047345376	3.7470757162413286
2.2025295699419942	2.9559310400181764	3.7787746459413527
2.2191071088599674	2.9653335691940965	3.8097687923345553
2.234989362352528	2.9772057975148045	3.8398159021804985
2.25004469693818	2.991922823960708	3.868729685857629
2.264187252152843	3.009733848340158	3.8963908421556472
2.277382719957755	3.030743236572758	3.9227552321552475
2.2896517941250947	3.054900445200727	3.9478585816107206
2.301070966375113	3.082000047653425	3.9718172512716827
2.3117704747177528	3.1116920360216493	3.9948248198465706
2.321929359875917	3.143501496887564	4.017144460665837
2.3317677481115044	3.176855878723397	4.039097342778138
2.3415366426279447	3.2111175219844452	4.061047531232065
2.351505660679873	3.2456189589052067	4.083384081932404
2.361949290435859	3.2796986636386594	4.106501209228269
2.3731323529006514	3.312735335827521	4.130777539212009
2.385295433694979	3.3441792978714173	4.156555543133208
2.3986410923765096	3.3735800541978973	4.184122271948348
2.413321659565814	3.4006094089533017	4.213692486331103
2.4294293919635095	3.425079718214032	4.2453951995389785
2.446989671534754	3.4469568576343117	4.279264526776919
2.4659578087488194	3.466367347430404	4.3152355668911655
2.4862198438982612	3.483598857149497	4.353145832009845
2.5075975401259796	3.4990931037671036	4.392742488788739
2.52985753324875	3.513430070483376	4.433695381920666
2.5527243544190217	3.5273026314275424	4.475615479215772
2.5758967813508082	3.5414811773228934	4.51807801530052
2.599066714082409	3.5567687589027526	4.560649233017228
2.621939527741463	3.573948567327712	4.602915253176744
2.644254647797967	3.5937270948454048	4.644511280070314
2.665804947086947	3.6166777696485277	4.685149115563637
2.6864535041249926	3.643190851362307	4.724640854141348
2.706146311714084	3.6734355382855854	4.762916703952302
2.7249196982627732	3.7073393599106668	4.80003514802026
2.742901523820483	3.7445880632474546	4.836184125314204
2.7603056256171157	3.7846466966443715	4.871672546442596
2.777419486388056	3.8267999929744	4.906912211543799
2.7945856439508114	3.870208009603647	4.94239099899126
2.812177906829224	3.913971675208303	4.978638966317029
2.830573941188975	3.9572025233188852	5.016189677062523
2.8501262046301097	3.9990912909683094	5.055539580135218
2.871133483614627	4.038970893243526	5.097108580755748
2.8938154119760675	4.076370185215579	5.1412050314810855
2.9182922856668196	4.111055610633157	5.187998230117072
2.9445722323657635	4.1430581856362485	5.237501140329728
2.9725473454598434	4.172683328515513	5.2895654574063995
3.0019997657631965	4.200501044247113	5.343890336319273
3.0326179203139723	4.22731425274961	5.400045098371511
3.06402224789764	4.25410400899852	5.457505066094267
3.0957988112509427	4.281952323153773	5.5156983984915255
3.127538287308419	4.311946332247145	5.574060501864368
3.1588770278559335	4.3450713808764085	5.632091410308177
3.1895362976372814	4.382104337837275	5.689410637173741
3.219355535515941	4.4235210532800116	5.745803581930351
3.248315644505587	4.469432099973568	5.801253800256745
3.276548959349748	4.519558213799286	5.855956404155004
3.3043336671575454	4.573251442310051	5.910309541114748
3.3320719958392444	4.629561151671464	5.96488316981745
3.3602532941115926	4.687337444620688	6.02036695591315
3.3894050081953577	4.745359704458055	6.077501735580575
3.4200362869710625	4.802475618169672	6.13700130221201
3.4525802903134455	4.857735929762379	6.199472965157515
3.487342029424238	4.9105114792934925	6.265346183397389
3.5244585749000756	4.9605808290348214	6.33481844918106
3.5638776370139498	5.0081783857724735	6.407826422713861
3.6053588462190604	5.053994490708896	6.484048102497896
3.6484996275169395	5.099121238464603	6.562938630254004
3.692784555704117	5.144941958776975	6.643798341541816
3.737653784313486	5.192969293552048	6.725867189139992
3.782582942209605	5.244646583223088	6.80843517733168
3.827164259410047	5.301138146621259	6.8909546397746455
3.8711771397417865	5.363142630411259	6.973137891707855
3.9146364331787433	5.430765915594848	7.055023778340704
3.957808610680146	5.5034834062274225	7.1369994500262335
4.00118995566584	5.580206325245663	7.219769351310995
4.045446424569274	5.659446799742299	7.30427132459161
4.091321271120613	5.739557683908287	7.391548735455518
4.139522850284865	5.8190098955348795	7.482596102759599
4.1906100506983215	5.896664239076064	7.578202283613723
4.244895434538986	5.9719950920931755	7.6788184694100625
4.302385530432574	6.045227731326052	7.7844771542839215
4.362773404024742	6.117358426489576	7.894782409840917
4.425490776523558	6.190038026720962	8.008981389252327
4.489816392240687	6.265318466808325	8.126112855395254
4.55502555795711	6.34528908981275	8.245212465219172
4.620554927652059	6.431662725330301	8.365539387721215
4.686149254620465	6.525400016122106	8.486778308386732
4.751955532967025	6.626470225183429	8.609168851036802
4.81853651932792	6.733826820621336	8.733523681598781
4.886790309799476	6.8456275012321495	8.861117289780697
4.957783515351509	6.959665580118719	8.993456576434665
5.032528487248444	7.073923305398388	9.13197573734074
5.111754307172029	7.187122909240633	9.27772364939594
5.195730907627709	7.299142356325864	9.431124352210457
5.28420104023481	7.411177956399091	9.591884594056767
5.3764539947951935	7.525575344900686	9.759094518965217
5.471540142726512	7.645318761001212	9.931520836188968
5.568583300038863	7.773266868961026	10.108034558716762
5.667109626494072	7.911332115495969	10.288062341536655
5.767290851208907	8.059873071903661	10.471920804849498
5.870008319662454	8.217550820397145	10.660904944518016
5.976688235909272	8.381769858947765	10.857062739511543
6.088931163808236	8.549620213140706	11.062688586852406
6.208040283590729	8.719040806062285	11.279679338885778
6.334613146983656	8.889807374590015	11.508977605101471
6.468370359512977	9.063948727440588	11.75033796561116
6.608333442162791	9.24532859819525	12.002569322820495
6.7533386636557555	9.438404267417662	12.264237199528042
6.902720060407689	9.646549607700756	12.534599964988631
7.05687656947781	9.870661545399393	12.814388840635473
7.217426891895182	10.10881810137021	13.106024184909087
7.386795678459879	10.35736945058359	13.41305302731184
7.56734237539107	10.613135693901121	13.738960783897447
7.760430077771801	10.875709033516205	14.085900338713866
7.965970454435745	11.148583424272914	14.454069857728578
8.182831617054418	11.438195087135252	14.842269556491848
8.410046557113125	11.75100014160355	15.24955807974989
8.648199169342957	12.09011239769542	15.677160499744867
8.900055167068437	12.453861047979442	16.129348208975518
9.169797374870406	12.837861258115659	16.612407335223246
9.46114901148479	13.239803136033133	17.132079951879547
9.775708197526933	13.663666221177401	17.691287614186542
10.113071372655988	14.119559586208162	18.290301909418567
10.473169172217787	14.618173364889781	18.92996028288562
10.859158297203985	15.163949540180303	19.615672435046633
11.278015249259811	15.75413542759328	20.35829252721806
11.737573632250793	16.386764104145737	21.170103499612733
12.242704551755045	17.070727820979542	22.05960219133933
12.795651119190564	17.825702630720382	23.031988921381654
13.401800832617862	18.66899573854367	24.097197397906303
14.074454191848934	19.60557886924253	25.276643018216976
14.831036400098224	20.64017929508486	26.598217871209933
15.685493678238116	21.79941996453729	28.0859833454922
16.652128190906854	23.126754782528725	29.765714197982323
17.760130448383492	24.653754858810128	31.68556270009306
19.053769362831666	26.411944525920887	33.91721871190721
20.579795671191356	28.482550738314558	36.539478018786255
22.406870009570987	30.97808923334813	39.667000685452756
24.65683944719071	34.021270629163446	43.4974706872307
27.500742278870696	37.86251491094674	48.311868949954004
31.238026600955102	42.90250546989321	54.59703701318275
36.43794729700198	49.87178016018162	63.27106404807084
44.311696283571706	60.38789893718053	76.27590915952723
58.188893921997334	78.84413376565276	98.89913103790607
93.00704822721161	125.22758452127826	154.58466975482827
1317.2544523440379	2198.072352703542	2057.1752927545845
NaN	NaN	NaN
NaN	NaN	NaN
NaN	NaN	NaN
NaN	NaN	NaN
NaN	NaN	NaN
NaN	NaN	NaN
NaN	NaN	NaN
NaN	NaN	NaN
NaN	NaN	NaN
NaN	NaN	NaN
NaN	NaN	NaN
NaN	NaN	NaN
NaN	NaN	NaN
NaN	NaN	NaN
NaN	NaN	NaN
NaN	NaN	NaN
NaN	NaN	NaN
NaN	NaN	NaN
NaN	NaN	NaN
NaN	NaN	NaN
NaN	NaN	NaN
NaN	NaN	NaN
NaN	NaN	NaN
NaN	NaN	NaN
NaN	NaN	NaN
NaN	NaN	NaN
NaN	NaN	NaN
NaN	NaN	NaN
NaN	NaN	NaN
NaN	NaN	NaN
NaN	NaN	NaN
NaN	NaN	NaN
NaN	NaN	NaN
NaN	NaN	NaN
NaN	NaN	NaN
NaN	NaN	NaN
NaN	NaN	NaN
NaN	NaN	NaN
NaN	NaN	NaN
NaN	NaN	NaN
NaN	NaN	NaN
NaN	NaN	NaN
NaN	NaN	NaN
NaN	NaN	NaN
NaN	NaN	NaN
NaN	NaN	NaN
NaN	NaN	NaN
NaN	NaN	NaN
NaN	NaN	NaN
NaN	NaN	NaN
NaN	NaN	NaN
NaN	NaN	NaN
NaN	NaN	NaN
NaN	NaN	NaN
NaN	NaN	NaN
NaN	NaN	NaN
NaN	NaN	NaN
NaN	NaN	NaN
NaN	NaN	NaN
NaN	NaN	NaN
NaN	NaN	NaN
NaN	NaN	NaN
NaN	NaN	NaN
NaN	NaN	NaN
NaN	NaN	NaN
NaN	NaN	NaN
NaN	NaN	NaN
NaN	NaN	NaN
NaN	NaN	NaN
NaN	NaN	NaN
NaN	NaN	NaN
NaN	NaN	NaN
NaN	NaN	NaN
NaN	NaN	NaN
NaN	NaN	NaN
NaN	NaN	NaN
NaN	NaN	NaN
NaN	NaN	NaN
NaN	NaN	NaN
NaN	NaN	NaN
NaN	NaN	NaN
NaN	NaN	NaN
NaN	NaN	NaN
NaN	NaN	NaN
NaN	NaN	NaN
NaN	NaN	NaN
NaN	NaN	NaN
NaN	NaN	NaN
NaN	NaN	NaN
NaN	NaN	NaN
NaN	NaN	NaN
NaN	NaN	NaN
NaN	NaN	NaN
NaN	NaN	NaN
NaN	NaN	NaN
NaN	NaN	NaN
NaN	NaN	NaN
NaN	NaN	NaN
NaN	NaN	NaN
