1.0	1.0	1.0
1.0057843685585253	0.9807580730233216	1.0142616478429285
1.0115303242980755	0.9611526448400582	1.0283110480323152
1.0172017192659357	0.9412916942799734	1.0420676550844667
1.0227623777198818	0.9212951826275323	1.055452962787563
1.0281763470431657	0.901295564039089	1.0683908055615987
1.0334081597704872	0.881438090498548	1.080807668492736
1.0384231043730479	0.8618808229163991	1.0926330065978207
1.0431875020261683	0.8427942397443424	1.1037995724171201
1.047668986189348	0.8243603154303183	1.1142437497214386
1.0518367814825451	0.8067709274355677	1.1239058899815817
1.0556619780600598	0.7902254487121275	1.1327306473055423
1.0591177974799526	0.7749274007569562	1.140667306818499
1.0621798459557552	0.7610800897399118	1.147670100954721
1.0648263508690003	0.7488812323155783	1.1536985078556456
1.067038376523115	0.7385167007022897	1.1587175260263467
1.0688000153346524	0.7301536704421966	1.1626979195889187
1.0700985509855034	0.7239336171466334	1.1656164288753221
1.0709245904936844	0.7199657450950525	1.167455941706646
1.0712721626900001	0.7183214984906013	1.1682056214867977
1.0711387811984727	0.7190307695994885	1.1678609891664622
1.0705254706912677	0.7220802634228216	1.1664239571725943
1.0694367559024014	0.727414225773924	1.163902814510439
1.0678806136152401	0.7349374422271836	1.160312163386955
1.0658683885623728	0.7445201370111129	1.155672808833337
1.0634146748688649	0.7560042038698543	1.1500116038773145
1.0605371653086622	0.7692101183842616	1.1433612537924518
1.0572564712090944	0.7839439119461374	1.1357600837948563
1.053595916313509	0.800003702527588	1.1272517752354445
1.0495813082846637	0.8171854349003803	1.1178850758219936
1.045240691793789	0.8352876437584598	1.1077134896797607
1.0406040872890185	0.8541151898557308	1.0967949531091836
1.0357032195736304	0.8734820187120341	1.0851915017172682
1.0305712402548812	0.893213052407629	1.0729689341849398
1.0252424479574982	0.9131453534689699	1.0601964772906955
1.0197520099444835	0.9331287047393195	1.0469464559512458
1.0141356884662804	0.9530257392188096	1.0332939709771358
1.0084295747834926	0.9727117362945397	1.0193165859951976
1.0026698333946535	0.9920741806098317	1.0050940235851458
0.9968924585653117	1.011012160175282	0.9907078691467642
0.9911330448132423	1.0294356628610024	0.9762412793979478
0.9854265725709379	1.0472648157850681	0.9617786907556471
0.979807209832783	1.0644291003755584	0.9474055212404199
0.9743081302105119	1.0808665667597617	0.933207858059525
0.9689613474745323	1.0965230642179744	0.9192721217750838
0.9637975663559862	1.111351499302172	0.9056846970894484
0.9588460491284153	1.12531112946828	0.8925315199398246
0.9541344972799959	1.1383668973709224	0.8798976109656687
0.9496889474270954	1.150488809052274	0.8678665466761616
0.9455336805055399	1.1616513579128283	0.8565198619630213
0.9416911432043741	1.1718329954234445	0.8459363810872982
0.9381818805741409	1.1810156489080919	0.8361914789389701
0.9350244787432479	1.1891842863103672	0.827356280113915
0.9322355167070668	1.1963265275933246	0.8194968098931256
0.9298295262101536	1.2024323022682795	0.8126731180719722
0.9278189588177663	1.2074935524737076	0.8069384031190504
0.9262141593643781	1.2115039810087005	0.8023381695579391
0.9250233450703623	1.2144588437515111	0.7989094549353618
0.924252589730228	1.2163547859515207	0.7966801635323512
0.9239058124940762	1.217189721964298	0.7956685415976333
0.923984770886301	1.2169627580979316	0.7958828232129265
0.9244890578304118	1.2156741583492447	0.7973210672673171
0.925416102575124	1.21332535292632	0.7999711951989756
0.9267611755436855	1.2099189895747655	0.8038112272848366
0.9285173972550931	1.2054590278453596	0.8088097036256867
0.9306757515916575	1.1999508765560438	0.8149262658477721
0.9332251038113905	1.1934015748074156	0.8221123679373061
0.9361522238246337	1.1858200170031559	0.8303120801587183
0.9394418153705347	1.1772172223995925	0.8394629488391365
0.9430765518381269	1.1676066497549091	0.8494968766585215
0.9470371195760607	1.1570045576592107	0.8603409923678053
0.9513022696210068	1.1454304110893827	0.8719184847817211
0.9558488788434447	1.1329073346301102	0.8841493826336885
0.9606520215565286	1.1194626126100422	0.896951268690848
0.9656850526542667	1.10512823608511	0.9102399228180584
0.9709197033345278	1.0899414961100815	0.9239298940498795
0.9763261904156979	1.073945622005191	0.9379350059646401
0.9818733401688479	1.0571904622508053	0.9521688026974142
0.987528727456398	1.0397332040977436	0.9665449448387509
0.9932588307908776	1.0216391257872577	0.980977565377707
0.9990292037021098	1.0029823722011548	0.9953815959333343
1.0048046625282983	0.9838467405149836	1.009673072959991
1.010549490428143	0.9643264566472032	1.0237694325809943
1.0162276570514581	0.9445269155736085	1.0375898013542866
1.0218030529111866	0.9245653484803917	1.0510552887304636
1.0272397370788142	0.9045713668910947	1.0640892853306911
1.0325021963888261	0.8846873181488676	1.0766177695306693
1.0375556138987925	0.8650683682132628	1.0885696232495443
1.0423661439244418	0.8458822076380758	1.09987695635782
1.0469011905693522	0.8273082570134703	1.1104754377731743
1.0511296863130142	0.8095362329215238	1.1203046301367958
1.0550223669252436	0.792763930442222	1.1293083239781485
1.0585520387546639	0.7771940913472343	1.1374348665005336
1.061693834307977	0.763030267413714	1.1446374795661174
1.064425452006238	0.7504716639599825	1.1508745611351296
1.0667273760823348	0.7397070634396092	1.1561099643222361
1.0685830727744765	0.7309080773032429	1.1603132483705552
1.0699791592734154	0.7242221377064845	1.1634598962009994
1.0709055422915092	0.7197657862634794	1.1655314937557626
1.0713555236300234	0.7176189032121632	1.1665158670974354
1.0713258707133637	0.7178205084706443	1.1664071741209616
1.0708168507174576	0.7203666365917298	1.1652059487503994
1.069832227623312	0.7252105528047234	1.1629190965879037
1.0683792222528643	0.7322652827403021	1.1595598421170132
1.06646843606841	0.7414081400656881	1.155147628693269
1.064113740215145	0.7524867179442987	1.1497079736396012
1.0613321319358568	0.7653257020921959	1.1432722817607657
1.058143561067102	0.77973387122669	1.1358776214627442
1.0545707298200633	0.795510750772411	1.1275664683763058
1.0506388694434552	0.8124525375011846	1.1183864219114528
1.0463754976515027	0.8303570755294885	1.1083899004899607
1.041810160873027	0.84902780739674	1.0976338213019872
1.0369741654384397	0.8682767317348307	1.0861792703014763
1.0319003017747488	0.887926467878844	1.0740911677916714
1.0266225655330434	0.9078115624881574	1.0614379343599676
1.0211758793400445	0.9277791824149316	1.0482911611091754
1.0155958185592264	0.9476893306570242	1.0347252871134707
1.0099183440833335	0.9674147058254561	1.0208172858200482
1.0041795447751256	0.9868403056360345	1.0066463607453366
0.998415391743199	1.0058628550087119	0.9922936493075722
0.9926615062002337	1.0243901213587379	0.977841932034255
0.9869529422163088	1.0423401644239363	0.9633753427335278
0.9813239852624734	1.0596405556425659	0.948979073587965
0.9758079670500652	1.0762275924532532	0.9347390676017036
0.9704370968175919	1.0920455255434098	0.9207416895140718
0.9652423089053627	1.1070458115954012	0.9070733653166689
0.9602531261923226	1.1211864000668335	0.8938201800325485
0.9554975387515177	1.1344310596452682	0.8810674236115121
0.9510018969102846	1.1467487479558292	0.8688990758477819
0.9467908177771013	1.1581130266512638	0.8573972233057703
0.9428871042162149	1.1685015230100273	0.8466414044738282
0.9393116752099877	1.1778954384840294	0.8367078838010263
0.936083506542952	1.1862791041828737	0.8276688608305115
0.9332195807661521	1.1936395829903859	0.8195916270830381
0.9307348454506376	1.1999663178355728	0.8125376902340568
0.9286421788102883	1.2052508255511833	0.806561891846214
0.9269523618621585	1.2094864357257051	0.8017115506958453
0.9256740563933006	1.212668073972659	0.7980256677321098
0.924813788113271	1.2147920890927104	0.7955342301569779
0.9243759344884234	1.2158561236807524	0.7942576504488912
0.9243627168755414	1.2158590278250512	0.7942063711574806
0.9247741966966537	1.2148008156533898	0.7953806582003838
0.9256082755228376	1.2126826645972382	0.7977705948860264
0.9268606990615225	1.2095069573651371	0.801356277041961
0.9285250651685194	1.2052773667366845	0.8061081977418655
0.9305928361319945	1.1999989834047786	0.8119877994975239
0.9330533555999719	1.1936784872018946	0.8189481635084179
0.9358938706445157	1.1863243621415784	0.8269348003586185
0.9390995595728757	1.1779471557836552	0.8358865046772282
0.9426535662064577	1.1685597834843295	0.8457362375455661
0.9465370414497744	1.1581778781118208	0.8564120042952483
0.9507291930602544	1.1468201857829408	0.8678377010311326
0.9552073446020815	1.1345090080900346	0.8799339098964429
0.9599470046187789	1.121270691118302	0.892618629996662
0.9649219470854246	1.1071361612685147	0.9058079373817551
0.9701043041973575	1.0921415074538383	0.9194165731087703
0.9754646725133351	1.0763286085674666	0.9333584629156677
0.9809722333929168	1.059745804130391	0.9475471753454856
0.9865948885466357	1.0424486046026415	0.961896327307564
0.9922994113504405	1.0245004358107443	0.9763199471732437
0.9980516143613286	1.0059734090902044	0.9907328057459831
1.0038165332089637	0.9869491047846058	1.005050725003505
1.009558626730097	0.9675193513379494	1.0191908735591702
1.0152419928624832	0.9477869749626266	1.0330720564891966
1.0208305994286162	0.927866485332615	1.0466150056550878
1.0262885285250993	0.9078846505481566	1.0597426750250512
1.0315802328011343	0.887980899512225	1.0723805438497558
1.036670801471818	0.8683074719813316	1.0844569289426453
1.04152623348276	0.8490292167032208	1.0959033058040448
1.0461137148373918	0.8303229181113683	1.1066546369506585
1.050401896733401	0.8123760154468681	1.1166497045981452
1.054361170846234	0.7953845703295124	1.1258314438180237
1.0579639378611683	0.7795503471812153	1.1341472714695375
1.0611848652051166	0.7650769044604635	1.1415494056058049
1.0640011298768934	0.7521646620215507	1.14799516968032
1.0663926423288506	0.74100501610671	1.1534472757382328
1.068342247518509	0.7317737154785816	1.1578740808648609
1.0698358995267965	0.7246238744889542	1.161249811473495
1.070862806525865	0.7196791516145286	1.163554750531297
1.0714155433657049	0.7170277246441513	1.1647753835250285
1.07149012962197	0.7167177057198177	1.1649044998303524
1.0710860715906372	0.7187545358250802	1.1639412471367352
1.070206367408164	0.7231006837840466	1.1618911376572325
1.0688574751961086	0.7296776882836176	1.1587660059778702
1.067049244852822	0.7383702860969439	1.1545839195324146
1.0647948148178377	0.7490321318711087	1.149369043782253
1.0621104757938433	0.7614924811600627	1.1431514651965056
1.059015504005731	0.7755631923666046	1.1359669760260345
1.0555319670882248	0.7910454863833354	1.1278568256126231
1.0516845061089068	0.8077360468343177	1.1188674435426098
1.0475000975423068	0.8254322070944458	1.1090501403201243
1.0430077992079512	0.8439361195110694	1.0984607913825966
1.038238484270306	0.8630579183076242	1.0871595102007194
1.0332245673752198	0.8826179646651577	1.0752103158929698
1.0279997268734804	0.9024483038951416	1.0626808002432644
1.0225986268684535	0.9223934785213231	1.0496417982467117
1.0170566425349685	0.9423108365718351	1.0361670653348212
1.011409591805921	0.9620704593975259	1.0223329632648543
1.0056934761275937	0.9815548138264473	1.0082181553202014
0.999944232560726	1.0006582133445214	0.9939033099879777
0.9941974990675442	1.0192861544893115	0.9794708106926608
0.9884883943898389	1.0373545787894245	0.9650044675176082
0.9828513135025568	1.0547890976439245	0.9505892252010157
0.977319739232206	1.0715242073511557	0.9363108601288681
0.9719260702683636	1.08750251369862	0.9222556576664277
0.9667014654762279	1.102673979686758	0.9085100600984837
0.9616757041427997	1.1169952056669628	0.8951602748389252
0.9568770615611313	1.1304287480672313	0.8822918325956632
0.9523321991765633	1.14294248066103	0.8699890860221097
0.9480660683847641	1.1545090007724477	0.8583346412286522
0.9441018269811704	1.1651050817248585	0.8474087175088288
0.940460767211587	1.1747111720978767	0.8372884348249023
0.9371622543600187	1.1833109418608663	0.8280470339507805
0.934223674827625	1.1908908751305014	0.8197530404840894
0.9316603927012562	1.197439909104839	0.8124693908231027
0.9294857138766218	1.2029491186218955	0.8062525450731554
0.9277108568853891	1.2074114457519454	0.8011516179520223
0.9263449296733839	1.2108214738422032	0.7972075632668228
0.9253949116851469	1.2131752454776956	0.7944524496287659
0.9248656407254884	1.2144701238937488	0.7929088641261635
0.9247598041890874	1.214704697466672	0.7925894763842944
0.9250779343728325	1.2138787270142415	0.7934967879298418
0.9258184077111923	1.2119931357517977	0.7956230816446871
0.9269774479014435	1.2090500418688765	0.7989505743488106
0.9285491330122989	1.2050528338113202	0.8034517634703603
0.9305254067956145	1.2000062884707952	0.8090899476745964
0.9328960945455577	1.1939167325934985	0.8158198923984047
0.9356489239717375	1.1867922478180755	0.8235886052901674
0.9387695516708366	1.1786429198343333	0.8323361839490192
0.9422415958931913	1.169481132212942	0.841996698993418
0.9460466764039656	1.159321905484006	0.8524990788812624
0.9501644623299098	1.1481832820284301	0.8637679683142805
0.9545727289584252	1.1360867572755338	0.8757245386481868
0.959247424511613	1.123057757552476	0.8882872356912782
0.964162747949585	1.1091261646759578	0.9013724569340356
0.9692912388598163	1.0943268869720952	0.9148951561218314
0.9746038804580253	1.0787004757966328	0.9287693778680572
0.9800702166565133	1.0622937857213481	0.9429087285867342
0.9856584840442192	1.0451606752386493	0.9572267924196564
0.9913357594659059	1.0273627429593322	0.9716375021544696
0.9970681236840239	1.0089700916320827	0.9860554755407044
1.0028208413554716	0.9900621086318343	1.000396327094687
1.0085585572580096	0.9707282465173074	1.0145769646224025
1.0142455083607407	0.9510687804556893	1.0285158784454285
1.0198457509552508	0.9311955103274128	1.0421334298286329
1.0253234016563124	0.9112323637481988	1.055352143493469
1.0306428906533003	0.8913158417974317	1.0680970074476184
1.0357692251575352	0.8715952319497688	1.0802957817404089
1.040668260560333	0.8522324931903845	1.091879316217491
1.0453069764066976	0.8334016981539452	1.102781875938915
1.0496537539163202	0.8152878994133859	1.112941471673796
1.0536786514630627	0.7980852767014334	1.1223001918169841
1.057353674172088	0.7819944259139805	1.1308045312077208
1.060653033624694	0.7672186779402276	1.1384057116814508
1.0635533935869455	0.7539593946060448	1.145059988763354
1.0660340977087852	0.7424102864825438	1.1507289387203181
1.068077375281214	0.7327509321556128	1.1553797202261653
1.0696685213919859	0.7251398383067258	1.158985305156177
1.070796048182236	0.7197075378676869	1.1615246734982778
1.0714518043700663	0.7165503407623303	1.1629829680301373
1.0716310607604136	0.7157253865838487	1.1633516052381547
1.071332560087504	0.717247571200972	1.1626283399143649
1.070558530217386	0.7210887270895223	1.1608172819244011
1.0693146604514097	0.7271791618484499	1.1579288647538386
1.0676100413935412	0.7354113602734031	1.1539797665694325
1.0654570695510126	0.7456454001868248	1.1489927856332227
1.0628713185058736	0.757715473459358	1.1429966729396344
1.059871379103027	0.7714368624909349	1.1360259258695302
1.0564786716297987	0.7866127865941759	1.1281205474357558
1.0527172333980717	0.8030406670361706	1.119325776302208
1.0486134854717895	0.8205175216992392	1.1096917931689532
1.0441959825040383	0.8388443546512164	1.0992734093118863
1.0394951497574112	0.8578295300377751	1.088129743035658
1.0345430113817575	0.8772912051441579	1.0763238895381733
1.029372913921627	0.897058946037291	1.0639225891946416
1.0240192488319493	0.9169746683152593	1.0509958985550008
1.0185171775077422	0.9368930442600585	1.0376168674214035
1.01290236199673	0.9566815044186009	1.0238612242479117
1.0072107041786245	0.9762199427321463	1.0098070708030904
1.0014780957776674	0.9954002141226814	0.9955345855842255
0.9957401811416328	1.0141254944813225	0.9811257339034208
0.9900321342856045	1.0323095565412919	0.9666639809249425
0.984388451275638	1.0498760015582311	0.952234002277588
0.9788427586272257	1.0667574759715521	0.9379213852706665
0.9734276380254966	1.0828948939459957	0.9238123123040669
0.9681744673452535	1.0982366804696957	0.9099932169032536
0.9631132776640933	1.1127380450936455	0.8965504020761446
0.9582726257236358	1.1263602930640813	0.8835696105511042
0.9536794811031192	1.139070178213332	0.8711355370986652
0.9493591272254502	1.1508393002893536	0.8593312747469609
0.9453350752159962	1.1616435482296663	0.8482376894269928
0.941628989575689	1.171462590079511	0.8379327215200902
0.9382606246083224	1.1802794097123277	0.8284906179115626
0.9352477705527217	1.1880798901576408	0.8199811043175076
0.9326062084090315	1.1948524431233438	0.8124685144975965
0.9303496725099939	1.2005876841781953	0.8060108999491458
0.9284898199683185	1.2052781530092962	0.800659150073952
0.9270362062260115	1.208918078169627	0.7964561577851114
0.925996266037271	1.2115031857689034	0.7934360682420127
0.92537529933026	1.2130305516273456	0.7916236481776859
0.9251764615123164	1.2134984964990345	0.7910338097191915
0.9254007579060725	1.2129065240735641	0.7916713157224698
0.9260470421290959	1.2112553015767977	0.7935306839460556
0.9271120183559997	1.2085466829094331	0.7965962958099767
0.9285902475286333	1.2047837743817196	0.8008427032717641
0.9304741577062309	1.1999710432201864	0.8062351158523106
0.9327540588723725	1.194114469133582	0.8127300402919948
0.9354181626382712	1.1872217393260633	0.8202760386255727
0.9384526074007589	1.179302487431147	0.8288145671028319
0.941841489626511	1.170368576904081	0.838280858347507
0.9455669020390572	1.1604344294456725	0.8486048120234942
0.9496089795789422	1.1495173990271943	0.8597118643618129
0.9539459540864461	1.1376381920300576	0.8715238133557827
0.9585542187164519	1.1248213338861341	0.8839595834251678
0.9634084031318987	1.111095682377466	0.8969359201686098
0.9684814605311095	1.0964949873885235	0.9103680119327604
0.9737447675403956	1.0810584963449235	0.9241700399892598
0.9791682379422673	1.0648316037420922	0.9382556629730342
0.9847204511072978	1.0478665419586712	0.9525384438902806
0.9903687958510086	1.030223108816832	0.9669322295483012
0.9960796302439264	1.0119694249011195	0.9813514928495917
1.0018184576624898	0.9931827102272726	0.9957116482130665
1.0075501190816583	0.9739500651470094	1.0099293496206243
1.0132390012797392	0.954369234006138	1.0239227796067847
1.0188492602569994	0.9345493216194699	1.0376119360587144
1.0243450587691827	0.9146114216676038	1.0509189220935893
1.0296908164543954	0.8946891023353205	1.0637682426251986
1.0348514705983551	0.8749286778378391	1.0760871095960223
1.0397927451519788	0.8554891753773927	1.087805756291385
1.0444814252014731	0.8365418868813363	1.0988577597121345
1.0488856337102175	0.8182693762785541	1.1091803686949246
1.0529751070199649	0.80086380056323	1.1187148343605289
1.0567214653319998	0.7845244030499354	1.1274067385606534
1.0600984742015664	0.769454058465441	1.135206315297575
1.0630822929838641	0.7558548009158029	1.1420687596189676
1.0656517061771902	0.7439223544232257	1.1479545182480229
1.067788333724997	0.7338398127701705	1.1528295561967137
1.0694768165662571	0.7257707712776191	1.1566655938221928
1.0707049740607792	0.7198523743377857	1.1594403092112568
1.071463930356535	0.716188872367976	1.1611375013973908
1.0717482072987279	0.7148463381427159	1.1617472107048352
1.0715557820901545	0.7158491413737706	1.1612657934441997
1.0708881085807034	0.7191786122647403	1.159695949219186
1.0697501017691753	0.7247740636896813	1.1570467002049059
1.0681500858197888	0.7325360421725045	1.1533333228834903
1.0660997066048952	0.7423314078139284	1.1485772338296973
1.0636138104611559	0.7539996603349035	1.1428058321861916
1.0607102914669921	0.7673598612798419	1.136052302415636
1.0574099100952734	0.7822175457419248	1.1283553817288143
1.05373608655131	0.7983711393163996	1.1197590972338418
1.0497146724605775	0.8156175553527315	1.110312478305856
1.0453737048160985	0.8337568059407428	1.1000692499204991
1.0407431462294567	0.8525955919144538	1.0890875127153692
1.0358546155538915	0.8719499311758869	1.077429415335048
1.0307411128687947	0.8916469407749104	1.0651608241767456
1.0254367426417124	0.9115259129945157	1.0523509949897478
1.0199764386289727	0.9314388281736067	1.0390722499023555
1.0143956937537628	0.9512504357644342	1.0253996623690746
1.0087302978264916	0.9708380170297302	1.0114107512675774
1.0030160855627628	0.9900909226016986	0.9971851839540229
0.9972886969250645	1.008909958756326	0.9828044865385884
0.9915833513803246	1.0272066791992736	0.9683517580117967
0.9859346372402947	1.0449026249681885	0.9539113831906135
0.980376316847009	1.0619285437221606	0.939568737832102
0.9749411479909704	1.0782236109135666	0.9254098777732863
0.9696607216126943	1.0937346687073783	0.9115212027148277
0.9645653155440248	1.1084154936025703	0.8979890844153223
0.959683763797417	1.1222261001338507	0.884899448769309
0.9550433407103304	1.1351320854648472	0.8723373016896386
0.9506696590975333	1.1471040178657985	0.8603861900907863
0.946586581454575	1.1581168707982976	0.8491275917398811
0.942816143187864	1.168149503454924	0.8386402314177347
0.9393784868168599	1.1771841880108411	0.8289993257275414
0.9362918060973987	1.1852061834564909	0.8202757648777604
0.9335722990474702	1.192203355637474	0.8125352465421728
0.9312341289131549	1.1981658429884945	0.8058373839590613
0.9292893921884094	1.2030857673840727	0.8002348170804829
0.9277480928938074	1.206956989519237	0.7957723609974489
0.926618122422555	1.2097749082642062	0.792486229193506
0.925905244373949	1.2115363034977622	0.7904033696741296
0.9256130839124138	1.2122392220067901	0.7895409492038816
0.9257431213123106	1.2118829061382612	0.7899060146778938
0.9262946894733399	1.2104677649997555	0.7914953514532842
0.9272649753174204	1.2079953881210876	0.7942955471239185
0.9286490251045082	1.2044686016086952	0.7982832569411349
0.9304397538311663	1.1998915669422758	0.8034256552235902
0.9326279590009314	1.1942699226757711	0.8096810469502546
0.9352023391786592	1.18761096940799	0.816999606298593
0.9381495178606641	1.1799238984772196	0.8253242047537289
0.9414540733068159	1.171220064903495	0.8345912906723688
0.9450985750874604	1.1615133051447295	0.844731784499054
0.9490636281942164	1.1508203002393698	0.8556719585421716
0.9533279256458832	1.1391609848658801	0.867334276493461
0.957868310584938	1.1265590027403147	0.8796381748670988
0.9626598489020248	1.1130422085721792	0.8925007754904266
0.9676759134408169	1.0986432164696023	0.9058375245169994
0.9728882808189968	1.083399994176442	0.9195627587722501
0.978267241848307	1.0673565017644782	0.9335902043910327
0.9837817264436031	1.0505633722936185	0.9478334156302031
0.989399443774208	1.0330786303559925	0.9622061635175007
0.9950870382282698	1.0149684421536982	0.9766227847797366
1.0008102615312142	0.9963078875869192	0.9909985014611542
1.0065341610833143	0.9771817404482039	1.0052497209844988
1.012223284261264	0.957685236865301	1.0192943252976725
1.0178418980688773	0.9379248041943375	1.033051956340076
1.0233542231292228	0.9180187122113759	1.0464443034809736
1.0287246805934531	0.8980975953281657	1.0593953969281638
1.0339181501111905	0.8783047785286215	1.0718319094572395
1.0389002365763904	0.8587963210995176	1.083683467229838
1.0436375429455487	0.8397406721185863	1.094882968999263
1.0480979460374023	0.8213178124055774	1.1053669116787983
1.0522508718809824	0.8037177432844446	1.1150757190989797
1.0560675668978017	0.7871381791479343	1.1239540698259707
1.0595213609990637	0.7717813165269035	1.1319512191699213
1.0625879185631824	0.7578495962320916	1.1390213099909081
1.0652454732432366	0.7455404550024917	1.1451236666172688
1.0674750426455992	0.7350401818283901	1.1502230661281245
1.0692606191233234	0.7265171449461656	1.1542899814143701
1.0705893332401202	0.720114818148255	1.1573007908100172
1.071451586877491	0.7159451754221583	1.159237949661895
1.071841153468921	0.7140830990687366	1.1600901199573683
1.0717552434368098	0.7145624212735489	1.1598522550281343
1.071194533562191	0.7173740763738455	1.1585256373592383
1.070163159713461	0.7224665971071619	1.1561178686180644
1.0686686730755253	0.7297488917206014	1.1526428121372145
1.0667219607312763	0.7390949567666015	1.1481204891956671
1.0643371321296704	0.7503499745112465	1.1425769315024616
1.0615313736067482	0.7633371503292452	1.1360439932564337
1.0583247736880128	0.7778646661749172	1.128559126997598
1.0547401223761577	0.7937322343839996	1.1201651281486982
1.050802688004716	0.8107368906598552	1.110909853642706
1.046539975507618	0.8286778262594476	1.1008459203233592
1.0419814701133112	0.8473601984752895	1.0900303888770801
1.0371583705209204	0.8665979611838914	1.078524438898052
1.032103315559927	0.8862158213241282	1.0663930403018262
1.0268501081827677	0.9060504581695009	1.0537046256900824
1.021433440403288	0.9259511489071746	1.0405307674383417
1.015888622487071	0.9457799351888507	1.0269458622425602
1.010251319337664	0.9654114482770825	1.01302682463723
1.0045572966216754	0.9847324903970363	0.9988527896099682
0.9988421787514498	1.0036414501983255	0.9845048229152709
0.9931412204117394	1.0220476126011409	0.9700656360718717
0.9874890928902331	1.0398704084719277	0.9556193013646818
0.9819196860630979	1.057038637635344	0.9412509605301778
0.9764659265059082	1.073489689428699	0.9270465192699866
0.9711596118554084	1.0891687779437884	0.9130923184218336
0.9660312612441935	1.1040282038504645	0.8994747716568556
0.9611099813722417	1.118026650859305	0.8862799591300787
0.956423347567901	1.1311285221186487	0.8735931667692745
0.9519972990263359	1.1433033198797875	0.8614983620363291
0.9478560472939859	1.1545250703896477	0.8500775992100027
0.9440219969904841	1.1647717950209617	0.8394103506484465
0.940515677721061	1.1740250280059563	0.8295727651361064
0.9373556861284256	1.1822693807137736	0.8206368602127634
0.9345586370588855	1.1894921521417592	0.8126696620593461
0.9321391228683512	1.1956829851321358	0.805732313613585
0.9301096799653454	1.200833567747235	0.7998791784507322
0.928480761775993	1.2049373792165137	0.7951569737820814
0.927260717416429	1.2079894798915092	0.7916039698305328
0.9264557754679036	1.209986344699578	0.7892492940479982
0.926070032366393	1.2109257396654525	0.7881123765862648
0.9261054450396246	1.2108066411649974	0.7882025679393445
0.926561827548455	1.2096291976828872	0.7895189510282764
0.9274368516152612	1.2073947339607727	0.7920503589624732
0.9287260510484662	1.2041057975408642	0.7957755974341517
0.9304228301986978	1.1997662478278057	0.8006638585407028
0.9325184767075507	1.1943813879053764	0.8066753021210565
0.9350021789334771	1.1879581394498517	0.8137617725313436
0.9378610485596938	1.1805052611742075	0.8218676138601582
0.9410801490044367	1.172033611311464	0.8309305450999925
0.9446425303622058	1.1625564546946765	0.8408825584960569
0.9485292717030561	1.1520898150067636	0.8516508085792421
0.9527195316421836	1.1406528727436558	0.8631584654429395
0.9571906081601773	1.1282684093427378	0.8753255127785918
0.9619180087011199	1.1149632977517956	0.8880694782537225
0.9668755315966394	1.1007690394184437	0.9013060903716467
0.9720353598544181	1.0857223472190345	0.9149498615659029
0.9773681683049799	1.0698657731527967	0.9289146017229027
0.9828432450166518	1.0532483786088283	0.9431138695287455
0.988428627761897	1.035926443543551	0.9574613710603554
0.9940912561461659	1.017964208813556	0.9718713160265344
0.9997971397916762	0.999434642968994	0.9862587421910515
1.0055115427033035	0.9804202207395883	1.0005398179676093
1.0111991836340104	0.9610136948885197	1.0146321321455545
1.016824451916931	0.941318835663242	1.0284549783441255
1.0223516378464497	0.9214511023083433	1.041929640234374
1.0277451762796554	0.9015381986425791	1.054979681918039
1.0329699017027902	0.8817204493357055	1.0675312461945865
1.037991312577142	0.8621509154358132	1.0795133618450283
1.0427758423592361	0.8429951477858253	1.0908582595623462
1.0472911341964057	0.8244304572467178	1.1015016948003336
1.0515063159467386	0.8066445647360443	1.1113832746237753
1.0553922718778974	0.7898334876126903	1.1204467846450088
1.0589219071774643	0.7741985295551266	1.128640511341748
1.0620704012718531	0.7599422777854483	1.1359175544805882
1.0648154459125967	0.7472635826809232	1.1422361240271777
1.0671374640560731	0.7363516048660708	1.1475598158100002
1.0690198057398028	0.727379159597297	1.1518578603169392
1.0704489174454719	0.7204957506180819	1.155105339333275
1.0714144818314457	0.7158208344523345	1.157283365661265
1.0719095252068847	0.713437950267303	1.1583792218734497
1.0719304906924503	0.7133903504550828	1.1583864549168807
1.071477275652038	0.7156786507317124	1.157304924370706
1.0705532326658507	0.7202607943299435	1.1551408032278352
1.0691651340251433	0.7270543349936129	1.1519065311824068
1.0673231004396475	0.7359407525252619	1.1476207215166265
1.065040495336522	0.7467712875342404	1.1423080237512613
1.0623337867722646	0.7593736619690052	1.1359989452133117
1.059222379556125	0.7735590485876316	1.1287296355448313
1.055728420677955	0.7891287443037146	1.1205416388954978
1.0518765815317546	0.8058801501113219	1.111481619080738
1.0476938207192914	0.8236118228238629	1.1016010633251827
1.0432091314014562	0.8421275095120829	1.0909559703325866
1.0384532772383974	0.8612391868192075	1.0796065283187442
1.0334585209270333	0.8807691997239112	1.0676167883100984
1.0282583492141786	0.9005516319961951	1.0550543374497126
1.0228871980462595	0.9204330518800588	1.0419899762711493
1.0173801812258556	0.9402727704566832	1.0284974029112683
1.0117728255961322	0.9599427344167867	1.0146529060513088
1.006100815382449	0.9793271552888494	1.0005350670233126
1.0003997479019522	0.9983219572115332	0.9862244700237333
0.9947049024220549	1.0168341071657103	0.9718034177741108
0.9890510235214547	1.0347808761140678	0.9573556483074246
0.983472119895194	1.0520890669360328	0.9429660469006584
0.9780012791587627	1.0686942351964976	0.9287203456009355
0.9726704988537239	1.0845399212701161	0.9147048014093746
0.9675105335450804	1.099576906730187	0.9010058431248809
0.9625507576326184	1.1137625037951637	0.8877096762672854
0.9578190432768792	1.1270598836538854	0.8749018355757388
0.953341652665496	1.1394374473743685	0.8626666755055385
0.9491431437161342	1.1508682416139764	0.8510867911076742
0.9452462882256902	1.1613294203185598	0.840242364815183
0.941672001428264	1.1708017528964256	0.8302104390464975
0.9384392819125889	1.1792691788860872	0.8210641201135782
0.9355651608685689	1.1867184088374099	0.8128717254710389
0.9330646596776888	1.1931385709461364	0.8056958934438547
0.9309507549287788	1.1985209028882269	0.7995926816059397
0.9292343500246666	1.2028584882692772	0.7946106861631129
0.9279242526427565	1.2061460371188133	0.7907902191503087
0.927027157420221	1.2083797099075735	0.7881625821554488
0.9265476333494378	1.209556984639206	0.7867494740000763
0.9264881154893279	1.2096765666594678	0.7865625650580497
0.926848900721587	1.2087383409306525	0.7876032628552864
0.9276281474061259	1.2067433666320346	0.7898626829311289
0.9288218789163099	1.203693914064522	0.7933218267399118
0.9304239911609784	1.1995935439555985	0.797951955970667
0.9324262643258676	1.194447229375126	0.8037151414381496
0.9348183791910143	1.1882615205797293	0.8105649558268994
0.93758793850174	1.181044753198853	0.8184472738478438
0.9407204939872894	1.1728073002541113	0.8273011411108094
0.9441995797310087	1.1635618685589948	0.8370596740666353
0.9480067526964879	1.153323840070254	0.8476509571830932
0.952121641302123	1.1421116587444131	0.8589989093003844
0.9565220030084072	1.1299472633776582	0.8710240979904474
0.9611837919337555	1.1168565667532504	0.88364448789828
0.966081237541338	1.1028699811569742	0.8967761158001468
0.9711869354366299	1.0880229899043186	0.9103336909967604
0.9764719512786226	1.0723567638916063	0.9242311243948782
0.9819059387326371	1.05591882125111	0.9383819931205964
0.9874572722757804	1.0387637268391094	0.9526999497896002
0.9930931955045051	1.0209538263559201	0.9670990867611655
0.9987799853858514	1.002560007176919	0.9814942659996418
1.0044831326396262	0.9836624741920013	0.9958014247511694
1.0101675381395598	0.9643515237717899	1.009937866299488
1.0157977248808834	0.9447282920076677	1.0238225437578796
1.021338064685387	0.9249054441817711	1.0373763433236263
1.026753018410615	0.9050077606117981	1.0505223717792187
1.0320073880073166	0.885172559323882	1.0631862513589077
1.0370665783405029	0.8655498785073316	1.0752964234775613
1.0418968662680752	0.8463023220943598	1.0867844612924318
1.046465674071901	0.8276044518053837	1.097585389676307
1.0507418439751408	0.8096415918197523	1.1076380099523875
1.0546959101724354	0.7926079030122503	1.1168852257000461
1.0583003645614812	0.7767035896584896	1.1252743651038715
1.0615299122094644	0.7621311314620935	1.1327574946988956
1.064361712527473	0.7490904964648617	1.139291718970813
1.06677560216917	0.7377733915260175	1.1448394601046803
1.0687542958218532	0.7283567447681737	1.1493687122370915
1.0702835613196695	0.7209957748576058	1.1528532648473895
1.0713523658768511	0.7158171570952147	1.1552728904093106
1.071952990705575	0.7129129064971568	1.156613492095447
1.0720811118362326	0.7123356221997715	1.1568672081569846
1.071735845581422	0.7140956481176673	1.1560324705587497
1.0709197577594691	0.7181605026054271	1.1541140164985269
1.0696388364969407	0.7244566499664326	1.151122852540356
1.0679024291392702	0.7328733901494248	1.1470761722025808
1.065723144490773	0.7432683967977817	1.1419972289209397
1.0631167222573752	0.7554742875707429	1.1359151673142587
1.0601018721565836	0.7693055817996509	1.1288648165773927
1.0567000856717224	0.7845654737895146	1.120886450578995
1.0529354238469941	0.8010519888293814	1.112025519821652
1.0488342848364467	0.818563251258109	1.1023323608058269
1.044425155127785	0.8369017453083064	1.0918618885100175
1.0397383484600577	0.8558775691990917	1.0806732776468635
1.034805736445727	0.8753107639189506	1.0688296380738662
1.029660474799518	0.895032842962549	1.0563976892287
1.024336728879063	0.9148876657048665	1.043447437728531
1.0188694019685771	0.934731794192904	1.030051861330803
1.0132938694012488	0.9544344590212794	1.0162866013145262
1.0076457212344	0.9738772407937324	1.0022296640261383
1.0019605157795697	0.9929535535616402	0.9879611308683818
0.9962735458629297	1.0115679979565453	0.97356287442808
0.9906196192641847	1.0296356356327028	0.9591182767835273
0.9850328543671151	1.0470812234391602	0.9447119443629651
0.9795464916631557	1.0638384353198975	0.930429412119207
0.9741927213896971	1.0798490919437747	0.9163568283414821
0.9690025272638488	1.0950624120682813	0.902580610269543
0.9640055459947641	1.1094342952266103	0.8891870599597953
0.959229942025824	1.1229266421300914	0.876261929755536
0.9547022967727012	1.1355067168947106	0.8638899274252241
0.9504475114836699	1.1471465535916496	0.8521541527432231
0.94648872275229	1.157822408503818	0.8411354601555167
0.9428472296565142	1.1675142587059308	0.8309117462896644
0.9395424314783873	1.176205347074193	0.8215571664124672
0.9365917749704064	1.183881773500561	0.8131412903314595
0.934010710173695	1.190532131884238	0.8057282153049576
0.9318126538548381	1.1961471923630993	0.7993756606915443
0.9300089597082246	1.2007196282045365	0.7941340755737869
0.9286088945650947	1.2042437867807965	0.7900457955633053
0.9276196199557336	1.2067155040953994	0.7871442875750466
0.9270461784844704	1.208131962395362	0.7854535208498628
0.926891484595958	1.2084915904916809	0.7849874985281041
0.927156319433754	1.2077940065122568	0.7857499766985112
0.9278393296170673	1.2060400029225156	0.7877343876268108
0.9289370298875864	1.203231573765257	0.7909239718163054
0.9304438097046379	1.1993719841888726	0.7952921109811062
0.9323519439927238	1.1944658824482037	0.8008028423222361
0.9346516083697812	1.1885194546710638	0.807411524939658
0.9373308993061393	1.181540622781552	0.8150656226914891
0.94037585978158	1.1735392860539038	0.8237055647566266
0.9437705111191359	1.1645276068318395	0.8332656455096464
0.9474968917767883	1.1545203409806228	0.8436749286011869
0.9515351039689723	1.1435352136321975	0.85485812559696
0.9558633690651988	1.1315933407237582	0.866736426287676
0.9604580927690984	1.1187196966971056	0.8792282649899898
0.9652939411134105	1.1049436284918785	0.8922500140977611
0.9703439283102944	1.0902994155900687	0.9057166022882259
0.975579517467301	1.0748268752952095	0.9195420598197094
0.9809707351130733	1.0585720115776422	0.9336399971426744
0.9864863003696029	1.0415877045772777	0.9479240255970343
0.9920937694566515	1.023934436077876	0.9623081303988567
0.9977596960168938	1.0056810437535406	0.9767070065990915
1.0034498075069556	0.9869054934819168	0.9910363684180592
1.0091291976109795	0.9676956541984547	1.0052132415115773
1.0147625343027067	0.9481500532497122	1.0191562464790864
1.0203142828144094	0.9283785815674703	1.0327858804267924
1.0257489423736117	0.9085031068150143	1.0460248017682547
1.0310312951507683	0.8886579386465279	1.0587981217743392
1.0361266654343622	0.8689900733445104	1.0710337047456868
1.0410011866274071	0.8496591258802753	1.082662477128213
1.045622073255724	0.8308368373229897	1.0936187444668137
1.0499578948090793	0.8127060273307526	1.103840513825772
1.0539788479171612	0.795458849859593	1.113269818220312
1.0576570231087754	0.7792942119762002	1.1218530387207868
1.0609666622287564	0.7644142392889476	1.129541219222614
1.063884402505121	0.7510197260081388	1.1362903684303698
1.066389503278369	0.7393045997240559	1.142061743387682
1.068464051531576	0.7294495609530772	1.1468221088949166
1.0700931425960916	0.7216152145970611	1.1505439673876308
1.071265032750893	0.71593516982996	1.1532057542879461
1.0719712608772303	0.7125097090510173	1.1547919944696883
1.0722067368629007	0.7114006734702978	1.1552934162716848
1.071969795057166	0.7126281505810349	1.154707020421714
1.0712622117393336	0.7161693705991609	1.1530361022611737
1.0700891862601503	0.7219599523051574	1.1502902267489186
1.068459286222583	0.7298973402054874	1.1464851568308398
1.0663843577638434	0.7398460122127342	1.1416427368479636
1.0638794026609255	0.7516438653837337	1.1357907336791502
1.0609624245862503	0.7651091320015371	1.1289626392364067
1.0576542473698078	0.7800472309459102	1.1211974387165018
1.053978308564358	0.7962570867720519	1.1125393496320795
1.0499604319498144	0.8135366091522399	1.1030375370743686
1.045628582845236	0.8316871814025402	1.0927458108796426
1.0410126102197694	0.8505171347132543	1.0817223103706146
1.0361439796095857	0.8698442744507949	1.070029182115822
1.0310555007625066	0.889497577320901	1.0577322556941557
1.0257810537551566	0.9093182002361505	1.0449007217725208
1.0203553170713855	0.9291599424415734	1.031606815911346
1.0148135008096357	0.9488892902739654	1.0179255104189362
1.009191087816254	0.9683851554952663	1.003934215299941
1.0035235851372653	0.9875383979959088	0.9897124879095376
0.9978462877583493	1.0062512045421217	0.9753417493647676
0.9921940561761805	1.0244363785185073	0.9609050041191569
0.9866011089270932	1.0420165817732014	0.9464865574309831
0.9811008308025226	1.0589235586583994	0.9321717238216116
0.9757255971141697	1.0750973638573542	0.9180465181222776
0.9705066140425037	1.0904856091826398	0.9041973194653021
0.9654737748150899	1.1050427397970761	0.8907104977362379
0.960655531219286	1.1187293468689854	0.8776719917398135
0.9560787797581891	1.131511521210013	0.8651668288359304
0.951768761608816	1.1433602507032252	0.8532785772660901
0.947748975435437	1.1542508631161343	0.842088724986468
0.9440411020457621	1.1641625150608381	0.8316759826640079
0.9406649398495065	1.1730777273035515	0.8221155135868116
0.9376383500834389	1.1809819662602918	0.8134780994514804
0.9349772107997913	1.187863271288598	0.8058292579912789
0.9326953786713276	1.1937119272574925	0.7992283356654394
0.9308046577420737	1.1985201818217956	0.7937276054138006
0.9293147743436692	1.202282006822871	0.7893714049319688
0.9282333574999586	1.204992903272186	0.7861953541572032
0.9275659242537587	1.2066497494366941	0.7842256909167804
0.9273158694672096	1.2072506916285726	0.7834787605084509
0.9274844597687683	1.2067950774004763	0.7839606883107995
0.9280708314441942	1.2052834309563265	0.7856672548102035
0.9290719921946222	1.2027174707026287	0.7885839806043604
0.9304828268110781	1.1991001689824412	0.7926864162719016
0.9322961069406788	1.1944358541496787	0.7979406198981154
0.9345025052443654	1.1887303552515556	0.8043037948361024
0.9370906143682045	1.181991189687542	0.8117250529655144
0.9400469712686086	1.1742277942995751	0.8201462648354136
0.9433560875443804	1.165451800414837	0.8295029576918521
0.9470004865328915	1.1556773534020937	0.8397252250979028
0.9509607480210179	1.1449214773060137	0.8507386169401134
0.9552155615002412	1.1332044850780043	0.8624649852094847
0.9597417889556344	1.1205504348087114	0.8748232681720741
0.9645145382160057	1.106987632160395	0.8877302026440369
0.9695072479027472	1.0925491788599049	0.9011009604833787
0.9746917849934006	1.077273566592436	0.914849710739308
0.9800385559582385	1.0612053148589216	0.9288901129874441
0.9855166323304069	1.0443956502235965	0.9431357502103839
0.9910938914292096	1.0269032227435755	0.957500511254631
0.996737172769832	1.0087948530529967	0.9718989335695047
1.0024124504603855	0.9901463003277317	0.9862465168031341
1.0080850216093993	0.9710430368769479	1.0004600170883293
1.013719710446396	0.9515810090258968	1.0144577306744915
1.0192810874995897	0.9318673558532651	1.0281597741034245
1.0247337027847767	0.9120210468032398	1.0414883665121133
1.0300423315470277	0.8921733858642212	1.0543681179731212
1.0351722306727607	0.872468313782747	1.0667263261294226
1.0400894034669421	0.8530624210286214	1.0784932818029993
1.0447608700827606	0.8341245641375815	1.089602582799005
1.0491549405144562	0.8158349590951116	1.099991453822749
1.05324148673373	0.7983836117953723	1.1096010693004335
1.0569922102818075	0.781967943581356	1.118376874965746
1.0603809014371832	0.7667894876350074	1.1262689033574562
1.0633836859760113	0.7530495786026699	1.1332320778779057
1.0659792555380743	0.7409440408650925	1.1392264997939625
1.0681490777130909	0.7306570024852962	1.1442177125208652
1.069877582172739	0.7223541142601441	1.1481769377101492
1.0711523194919197	0.7161756149449453	1.1510812780544568
1.0719640897226657	0.7122298195688391	1.1529138823072316
1.072307038295647	0.7105876758127679	1.1536640687708035
1.0721787174130963	0.7112789979456337	1.1533274044032333
1.0715801117454582	0.714290835213508	1.1519057376985602
1.0705156279314911	0.719568181301394	1.149407184568974
1.068993048085512	0.7270169345927425	1.1458460675604758
1.0670234482127021	0.7365087425821475	1.1412428098242993
1.0646210831009977	0.7478871679438889	1.1356237863036636
1.0618032398745398	0.7609745314959455	1.1290211355403186
1.058590062939889	0.7755788174722811	1.1214725363221432
1.0550043535163698	0.7915001404015285	1.1130209540507487
1.051071347304091	0.8085364291075636	1.1037143621809609
1.0468184740997402	0.8264881428736296	1.0936054443525154
1.0422751033180446	0.8451619703914739	1.0827512828847579
1.0374722794169713	0.8643735607503592	1.0712130391299628
1.032442451162607	0.8839493961594976	1.0590556307781802
1.027219198513932	0.9037279442923696	1.0463474105794246
1.0218369606700421	0.9235602329284888	1.0331598501054782
1.0163307685165666	0.9433099796807048	1.0195672311259503
1.010735984349175	0.9628533921282946	1.0056463459385137
1.0050880513558482	0.9820787336374867	0.991476206593795
0.9994222549215545	1.0008857306483019	0.9771377614204922
0.9937734973938462	1.0191848798822059	0.9627136156244047
0.9881760875291129	1.0368966994264175	0.948287751057309
0.9826635454385271	1.0539509560224003	0.9339452385956296
0.977268423479854	1.0702858918547853	0.9197719350234123
0.9720221432038963	1.0858474672978744	0.905854154993018
0.9669548481679391	1.100588631003202	0.8922783076816979
0.9620952721765696	1.1144686250119855	0.8791304873411813
0.9574706223042209	1.1274523299187826	0.8664960072400115
0.9531064758935512	1.1395096532297202	0.8544588677213963
0.949026690607756	1.1506149627425417	0.8431011514239575
0.9452533265403378	1.160746565869399	0.8325023422709176
0.9418065793491713	1.169886235210819	0.822738569665045
0.9387047233786877	1.178018780286411	0.8138817853332436
0.9359640637602125	1.185131665074354	0.8059988871652675
0.9335988965313663	1.1912146708649503	0.7991508116969466
0.9316214758865958	1.1962596038635185	0.7933916239081703
0.930041987758241	1.2002600469636162	0.7887676388951546
0.9288685290274116	1.203211155138173	0.7853166138371047
0.9281070917731895	1.2051094939528857	0.7830670497000195
0.927761552084659	1.2059529207852966	0.7820376397481809
0.927833663080909	1.2057405084282318	0.782236896010458
0.9283230519077987	1.2044725108627723	0.7836629757097177
0.9292272206056661	1.2021503710993715	0.7863037181382299
0.9305415508682711	1.1987767711022062	0.7901368897684315
0.9322593128392166	1.194355723927623	0.7951306229424703
0.9343716782169549	1.1888927083188119	0.8012440226591606
0.9368677380621742	1.1823948461016003	0.8084279078756087
0.9397345258204995	1.1748711228160682	0.8166256490283768
0.9429570461872306	1.166332652090189	0.8257740623168031
0.9465183105470076	1.1567929843083122	0.835804323370617
0.9503993798170451	1.1462684601402435	0.8466428675830526
0.9545794156045696	1.134778609463969	0.8582122507712192
0.9590357406535408	1.122346596119876	0.8704319510335053
0.9637439095984175	1.1089997087527863	0.8832190999086212
0.968677791059213	1.094769897696078	0.8964891375777065
0.9738096620978367	1.079694357381325	0.9101563924739253
0.9791103160063617	1.063816153048974	0.9241345900591438
0.9845491843094203	1.0471848894958808	0.9383372986490296
0.9900944737320915	1.0298574180941114	0.9526783220933331
0.9957133187090483	1.0118985761779935	0.9670720500006765
1.0013719497892979	0.9933819498942266	0.9814337762268641
1.0070358780239477	0.97439064745222	0.9956799957190425
1.0126700951143008	0.9550180640438699	1.0097286887083916
1.0182392887483183	0.9353686121155634	1.0234995998310255
1.0237080721713596	0.9155583807431795	1.0369145181623354
1.029041226630465	0.8957156752111489	1.0498975624789626
1.0342039549107147	0.8759813723471664	1.0623754743959684
1.0391621437596972	0.8565090089430538	1.0742779204259931
1.0438826325857227	0.8374645006626187	1.0855378025185756
1.048333485432148	0.8190253693239649	1.0960915752961873
1.0524842628896183	0.8013793411084388	1.1058795670355077
1.056306290325665	0.7847221728674834	1.1148463004682152
1.0597729186016087	0.7692545760629147	1.1229408087103072
1.062859773323133	0.7551781469976605	1.1301169410833014
1.06554498864388	0.7426902860618709	1.136333653270742
1.0678094217185525	0.7319782015691626	1.141555276160503
1.0696368440871205	0.7232122402830119	1.1457517578534084
1.0710141065645227	0.7165389487697248	1.148898873661879
1.0719312746060492	0.7120744150462316	1.1509783994628753
1.072381731608233	0.7098985272944938	1.1519782444854467
1.07236224817534	0.7100507771176795	1.151892540477104
1.0718730160154208	0.7125281089345824	1.1507216851722695
1.070917645807464	0.7172850860521757	1.148472339043354
1.069503129080481	0.7242363523571416	1.1451573754107685
1.067639764843279	0.7332610817538282	1.140795785081218
1.0653410523773206	0.7442088891075451	1.1354125377328115
1.06262355223257	0.7569065669681665	1.1290384032314034
1.059506718027987	0.7711650183501323	1.1217097369088018
1.0560127021377705	0.7867858538261092	1.1134682335279098
1.0521661387287544	0.8035672712710683	1.104360655175682
1.0479939078949139	0.8213089981452176	1.0944385386409028
1.0435248848075849	0.8398162188277613	1.0837578879352232
1.0387896778648809	0.8589025170258345	1.0723788574936504
1.033820359785262	0.8783919321068141	1.0603654312414101
1.0286501954562037	0.8981202630450077	1.0477851021397109
1.0233133701303858	0.9179357630217284	1.0347085560300535
1.0178447212720758	0.9376993605063196	1.0212093625964638
1.0122794770101817	0.9572845264120352	1.0073636750729853
1.0066530037673516	0.9765768871494915	0.9932499389606905
1.0010005652220242	0.995473663599061	0.9789486085115131
0.995357094337426	1.0138829981267212	0.9645418681212095
0.989756979771823	1.0317232166124677	0.9501133540982895
0.9842338675800428	1.0489220602000986	0.9357478706031209
0.9788204787375042	1.0654159118920037	0.9215310919650431
0.9735484426728898	1.081149035815979	0.9075492421931544
0.9684481466901466	1.0960728415548617	0.8938887414339022
0.9635486008985992	1.1101451819516102	0.8806358085590363
0.9588773180535877	1.1233296899359404	0.8678760091775691
0.9544602075394352	1.1355951578818135	0.8556937393536181
0.950321482600434	1.1469149615772818	0.8441716373678438
0.9464835798414561	1.1572665299017242	0.8333899191327897
0.9429670899743472	1.1666308606359113	0.8234256374293955
0.9397906987754246	1.1749920823868747	0.8143518709122639
0.9369711372387699	1.1823370623272025	0.8062368555996742
0.93452313995508	1.1886550592809466	0.7991430788795617
0.9324594108121964	1.1939374216033616	0.7931263632737617
0.9307905951969159	1.1981773292764126	0.7882349734873542
0.9295252579745515	1.201369579660359	0.784508784722888
0.9286698666296977	1.2035104163922474	0.7819785520078538
0.928228779066007	1.2045974009964806	0.7806653187308289
0.9282042356822953	1.204629326864294	0.7805799974428688
0.9285963554652009	1.2036061753628733	0.7817231474742068
0.9294031359635809	1.20152911394658	0.7840849627677171
0.9306204571357427	1.1984005362583687	0.7876454706925701
0.9322420891865745	1.1942241443252644	0.7923749298773823
0.9342597046367116	1.1890050730639554	0.7982344037099295
0.9366628949890194	1.182750057417277	0.8051764772834556
0.9394391924775682	1.1754676425352635	0.8131460800103072
0.9425740974992074	1.1671684374905391	0.8220813741511663
0.9460511124356824	1.1578654130708186	0.8319146709110012
0.9498517826722717	1.147574244213095	0.8425733399302314
0.9539557457039795	1.1363136976235948	0.8539806841154429
0.9583407892887007	1.124106065049316	0.8660567589013752
0.9629829196543865	1.1109776425089475	0.8787191223769201
0.9678564407897102	1.0969592555218657	0.8918835095681517
0.9729340458405517	1.0820868299491266	0.9054644300842728
0.9781869215934194	1.066402007416993	0.9193756930394275
0.9835848669476109	1.049952803343698	0.9335308665852402
0.9890964261570616	1.0327943042131003	0.9478436815807335
0.9946890374578345	1.0149893987715943	0.9622283900299043
1.0003291974867203	0.9966095350520588	0.9766000891194145
1.0059826416404511	0.9777354912750897	0.9908750211884383
1.0116145402254053	0.9584581434032104	1.0049708589487254
1.0171897099080311	0.9388792050306848	1.0188069839119396
1.0226728396023004	0.9191119059526159	1.0323047644122287
1.02802872953017	0.8992815637779927	1.0453878379458907
1.033222541774185	0.8795259880897308	1.0579824008730767
1.0382200602198894	0.8599956390178525	1.0700175069041553
1.0429879573730665	0.8408534424360797	1.081425374274825
1.0474940651477733	0.8222741441277234	1.0921417001362568
1.051707646371074	0.8044430685310471	1.1021059794774253
1.0555996634548142	0.787554139350772	1.1112618248776047
1.059143040458554	0.7718070267614714	1.119557282573757
1.0623129146243009	0.7574033179817673	1.1269451397316737
1.0650868734141612	0.7445416733011175	1.133383217438192
1.0674451731347596	0.7334120334251162	1.138834643786883
1.0693709353919496	0.7241890836672547	1.1432681015084156
1.0708503178866473	0.7170253411916893	1.1466580448908195
1.0718726564339063	0.7120443840897329	1.1489848812297234
1.0724305755545076	0.709334845557562	1.1502351127238402
1.0725200655391256	0.7089458122973379	1.1504014355602825
1.0721405245034072	0.7108841678166482	1.1494827938861945
1.0712947646189053	0.7151142119922623	1.1474843874018152
1.0699889823981716	0.7215596055879157	1.144417632396396
1.0682326936097395	0.7301073946280235	1.14030007714154
1.0660386340771733	0.7406136307685436	1.1351552736154529
1.0634226282538304	0.7529099673263628	1.1290126085164685
1.0604034280412986	0.7668105910382532	1.1219070973980112
1.0570025248174195	0.7821189294289009	1.1138791464868325
1.0532439380456828	0.7986337153640086	1.1049742873038235
1.049153984142015	0.8161541523094087	1.0952428895696196
1.0447610294723866	0.8344840726577205	1.08473985802911
1.0400952314444	0.8534350977410472	1.073524318759464
1.0351882716414602	0.872828885663086	1.0616593002306345
1.0300730848363482	0.8924985950691929	1.049211413866107
1.0247835875223301	0.9122897073846551	1.036250538110275
1.0193544093270015	0.9320603459310355	1.022849509057095
1.0138206303413726	0.9516812156273369	1.0090838195468823
1.008217527019565	0.971035267664565	0.9950313273133885
1.0025803288984267	0.9900171735415293	0.9807719712868875
0.996943987966441	1.008532674420394	0.9663874935641406
0.9913429620914493	1.0264978559520912	0.9519611628870779
0.9858110135093948	1.0438383858139693	0.9375774937879022
0.9803810229921274	1.060488741039399	0.9233219539373538
0.9750848199598912	1.0763914444398461	0.9092806507771145
0.9699530284898771	1.091496323598086	0.895539987356037
0.9650149289005857	1.1057598016348835	0.8821862765808354
0.9602983343650886	1.1191442258601552	0.8693053030182339
0.9558294818252516	1.1316172382166663	0.8569818221461715
0.9516329363426802	1.1431511898755828	0.8452989887425222
0.947731507928369	1.1537226012697808	0.8343377090850534
0.9441461798386289	1.1633116681191504	0.8241759159089274
0.9408960473059497	1.171901813514633	0.8148877706028866
0.9379982656857327	1.1794792858140422	0.8065428037318357
0.9354680070388319	1.186032801912936	0.7992050122590149
0.9333184242311352	1.1915532353527145	0.7929319391981293
0.9315606217108118	1.1960333486910244	0.7877737680604228
0.930203632217495	1.1994675695691328	0.7837724694696234
0.9292543987822108	1.2018518099548359	0.7809610398113459
0.9287177614894169	1.2031833281087296	0.7793628710526423
0.9285964485907767	1.2034606329095243	0.7789912865432124
0.9288910716823541	1.202683430275175	0.779849269791385
0.9296001247813624	1.200852611526423	0.7819294025103096
0.93071998726427	1.197970283653922	0.7852140157278947
0.9322449307539775	1.194039841565705	0.7896755448250696
0.9341671301690354	1.189066082504644	0.7952770674610229
0.9364766792714088	1.1830553629319607	0.8019729937375236
0.9391616111698805	1.1760157982685802	0.8097098715447064
0.9422079243521905	1.1679575059663945	0.818427267218711
0.9455996149283901	1.1588928924404502	0.8280586823206371
0.9493187158680922	1.1488369844230817	0.8385324709870154
0.9533453441022502	1.1378078052918714	0.8497727280996173
0.9576577564322389	1.1258267968607374	0.8617001255641819
0.9622324152413463	1.1129192869872702	0.8742326814022676
0.9670440650320214	1.0991150031108292	0.8872864534249931
0.9720658208118996	1.0844486314538764	0.900776155453086
0.9772692693183475	1.0689604210354908	0.914615699068994
0.9826245840008999	1.0526968307797164	0.9287186676176199
0.988100654569918	1.0357112167401556	0.942998731642586
0.993665231765309	1.018064554653894	0.95737001628291
0.9992850877995567	0.9998261904805607	0.9717474315423632
1.0049261926843407	0.9810746080153494	0.9860469759808541
1.0105539063610207	0.9618981977632799	1.0001860234580975
1.016133186225481	0.9423960046405071	1.0140836012580714
1.0216288092724721	0.9226784233028807	1.0276606663844294
1.027005607691037	0.9028677985821845	1.0408403851597863
1.0322287163302306	0.8830988743441236	1.0535484195773415
1.0372638300345733	0.8635190170714958	1.0657132222113093
1.042077468434546	0.8442881211921209	1.07726633994552
1.0466372453833999	0.8255780831351824	1.0881427253664662
1.050912139872818	0.807571713246485	1.098281053417552
1.0548727649520258	0.7904609438198184	1.1076240398476955
1.0584916309327392	0.7744441944876688	1.116118757126588
1.061743398999648	0.7597227816580524	1.123716942853057
1.0646051212746015	0.7464963154946533	1.130375295259901
1.0670564634113457	0.7349571225009807	1.1360557502215096
1.0690799059320362	0.7252838637437251	1.1407257341977348
1.0706609207584754	0.7176346764644449	1.1443583877916912
1.0717881197374715	0.7121403244589375	1.1469327550472714
1.0724533724038254	0.708897962059021	1.1484339342452539
1.0726518907549762	0.7079661561884478	1.148853186749984
1.0723822794130558	0.7093617402115202	1.148188001381534
1.0716465502045882	0.7130588878876624	1.1464421128061737
1.0704501008743466	0.7189905254970078	1.1436254735126514
1.0688016583455024	0.727051903104372	1.139754180032816
1.0667131876202753	0.7371058893238716	1.1348503551315656
1.0641997680615431	0.7489893911581152	1.1289419886929026
1.0612794393857692	0.7625202542061399	1.122062740928379
1.0579730202132036	0.7775040580008863	1.114251712297475
1.0543039024481564	0.7937403522129759	1.1055531851272888
1.0502978250896615	0.8110280399717089	1.0960163423275977
1.0459826312948834	0.8291697685874686	1.085694968799103
1.0413880126322757	0.8479753126805388	1.0746471411156242
1.036545244471216	0.8672640211543495	1.0629349108190524
1.0314869163658036	0.8868664490508035	1.0506239861982831
1.0262466611122525	0.9066253153164334	1.0377834167341897
1.020858885903992	0.9263959269221616	1.024485283490594
1.0153585086902024	0.9460461969337057	1.0108043976290884
1.0097807024771954	0.9654563654758456	0.9968180079410963
