1.0	1.0	1.0
1.0053365714529372	0.990477235424416	1.0102843370906616
1.0108045496294802	0.9805900212633012	1.02076478795551
1.0163913616610218	0.9703461910102743	1.0314151376933358
1.0220840371651465	0.9597546514642061	1.042208962509982
1.027869227214277	0.9488254820280102	1.0531196695783747
1.0337332251687714	0.9375700391578123	1.0641205350808682
1.03966198948203	0.9260010659883358	1.0751847410527138
1.0456411685759237	0.914132807109481	1.0862854116280825
1.0516561278730008	0.9019811283984775	1.0973956492597452
1.0576919790575114	0.8895636417155032	1.108488571442438
1.063733611620222	0.8768998341405496	1.1195373484200022
1.0697657267223855	0.8640112012559604	1.1305152422993832
1.0757728733921368	0.8509213837506907	1.1413956479320535
1.0817394870421704	0.8376563063248181	1.1521521358568103
1.0876499302710019	0.8242443174895345	1.1627584975283944
1.0934885358817001	0.8107163283697587	1.1731887929851303
1.0992396520219767	0.7971059480027298	1.183417401036753
1.1048876893183304	0.7834496118646113	1.1934190719817015
1.110417169844953	0.769786699427403	1.2031689827922711
1.1158127777357845	0.7561596354333943	1.2126427946369038
1.1210594112159578	0.7426139682655881	1.2218167125423742
1.126142235797434	0.7291984172967001	1.2306675469353963
1.1310467383534655	0.7159648794470729	1.2391727767440248
1.1357587817582036	0.7029683834389525	1.2473106136848162
1.140264659751893	0.6902669785152539	1.255060067312777
1.1445511516692244	0.6779215428717924	1.2624010103683254
1.1486055766491174	0.6659954959840932	1.269314243919418
1.1524158469289885	0.6545543987249117	1.2757815617682464
1.1559705198158992	0.6436654260721963	1.2817858135709732
1.159258847921277	0.633396699752539	1.2873109661062427
1.1622708272454927	0.6238164727978472	1.292342162124017
1.1649972427036945	0.6149921650625684	1.2968657762107851
1.1674297106950875	0.6069892583876023	1.3008694671204837
1.1695607183343397	0.5998700720804669	1.3043422260424258
1.1713836589859152	0.5936924529989749	1.3072744203079436
1.1728928637696836	0.5885084285097746	1.3096578320759373
1.1740836287388243	0.584362883156842	1.3114856915835134
1.1749522374684214	0.5812923289055417	1.3127527046007537
1.1754959788346908	0.5793238422415824	1.313455073787516
1.1757131598098878	0.5784742376158701	1.3135905137141162
1.1756031131459013	0.5787495351208101	1.313158259375715
1.1751661998695984	0.580144761540586	1.3121590681010824
1.1744038065642883	0.5826441000520827	1.3105952148289832
1.1733183374634324	0.5862213779096465	1.308470480798421
1.1719132014340294	0.5908408569059139	1.3057901357712318
1.1701927939771528	0.5964582714535673	1.3025609139757255
1.1681624744210575	0.6030220460419583	1.2987909840271488
1.1658285385273688	0.6104746185477549	1.2944899131434948
1.1631981867724122	0.6187537980465271	1.2896686260326684
1.1602794886031063	0.6277940939510811	1.2843393588782999
1.157081342999541	0.6375279654589118	1.278515608895824
1.1536134357039307	0.6478869542725458	1.272212079967189
1.1498861934978184	0.6588026774778686	1.2654446248912397
1.1459107359259808	0.6702076699383418	1.258230184807132
1.1416988248763802	0.6820360757634822	1.2505867263598829
1.1372628124307942	0.6942241960248468	1.2425331771803432
1.1326155874005126	0.7067109049970985	1.234089360246599
1.1277705209560271	0.719437950117026	1.2252759276803054
1.1227414117492336	0.7323501520200606	1.2161142945100858
1.1175424309117499	0.7453955208945491	1.2066265729053434
1.1121880672939795	0.7585253044117418	1.1968355073481327
1.1066930732870384	0.771693980995327	1.186764411168746
1.1010724115441621	0.78485921045806	1.1764371048229894
1.095341202890286	0.7979817522468521	1.1658778562364116
1.0895146756787253	0.8110253598280276	1.1551113234837063
1.083608116822833	0.8239566581859272	1.1441625000107933
1.0776368246987569	0.836745010037172	1.1330566625433895
1.071616064083449	0.8493623751900318	1.1218193217598855
1.065561023260419	0.8617831664969948	1.1104761757387396
1.0594867733948081	0.873984105042693	1.0990530661220452
1.0534082302495857	0.8859440765578991	1.0875759368681859
1.0473401182863988	0.8976439905311502	1.0760707953982254
1.041296937168133	0.909066643081041	1.0645636758737853
1.0352929306558065	0.9201965843346115	1.0530806042794163
1.0293420578702193	0.9310199908131395	1.0416475649209374
1.023457966868941	0.941524543141161	1.0302904678939666
1.0176539704718528	0.9516993092552939	1.0190351170251766
1.0119430242535707	0.9615346331862253	1.007907177744144
1.0063377066086987	0.9710220294118517	0.9969321443076327
1.0008502007859297	0.9801540827254583	0.9861353057726066
0.9954922787794431	0.9889243535248589	0.9755417101011928
0.990275286960761	0.9973272884025411	0.9651761257823507
0.9852101333310421	1.0053581359000345	0.9550630003733536
0.9803072762725932	1.0130128672795136	0.9452264154015385
0.97557671467895	1.0202881021603503	0.9356900371251532
0.9710279793450609	1.0271810388665612	0.9264770627332495
0.9666701255026631	1.033689389331899	0.9176101616696294
0.962511726390701	1.0398113184119897	0.9091114118953201
0.9585608677563553	1.045545387456896	0.9010022310574285
0.9548251431887459	1.0508905020024388	0.8933033027077838
0.9513116501944262	1.0558458634442525	0.8860344979094137
0.9480269869312182	1.060410924564735	0.8792147927778909
0.9449772495245522	1.0645853487896317	0.8728621827216204
0.942168029898125	1.0683689730578958	0.8669935943622754
0.9396044140582127	1.0717617741956458	0.8616247963245043
0.9372909807782495	1.0747638386924336	0.8567703102723442
0.9352318006372108	1.0773753357856302	0.8524433237275867
0.9334304353718335	1.0795964937665157	0.8486556063218711
0.9318899375087066	1.0814275794295831	0.845417431199701
0.9306128502477606	1.0828688805946303	0.8427375032957903
0.9296012075736381	1.0839206916393942	0.8406228961516611
0.9288565345758959	1.084583301988753	0.8390789988109939
0.9283798479629691	1.0848569875148666	0.8381094741424417
0.9281716567584122	1.0847420048110104	0.8377162296880116
0.9282319631711793	1.0842385883102639	0.8378994018341427
0.9285602636347057	1.08334695022861	0.838657353764123
0.9291555500124006	1.0820672833203504	0.839986687290009
0.9300163109699683	1.080399766442038	0.8418822682967757
0.9311405335178291	1.078344572929313	0.8443372651785112
0.932525704729922	1.075901881799094	0.8473431993225798
0.9341688136484217	1.073071891797494	0.8508900064173266
0.9360663533874807	1.0698548383215785	0.8549661071335494
0.9382143234530576	1.0662510132506207	0.8595584855674444
0.9406082323002906	1.0622607877298471	0.8646527737368486
0.9432431001547099	1.0578846379567697	0.8702333403932176
0.9461134621288879	1.053123174027047	0.8762833824451618
0.9492133716718555	1.0479771719034388	0.8827850173787314
0.9525364043947498	1.0424476085777297	0.8897193751960157
0.9560756623226009	1.0365357005015874	0.8970666885665826
0.9598237786288579	1.0302429453680773	0.9048063800848448
0.9637729229160653	1.02357116733104	0.9129171457398089
0.9679148071129049	1.0165225657546713	0.9213770339217765
0.9722406920644749	1.0090997675904028	0.9301635195046769
0.9767413948990241	1.001305883482472	0.9392535727454919
0.9814072972602221	0.9931445677072906	0.9486237229281149
0.9862283544992555	0.9846200820546605	0.9582501168439286
0.9911941059254039	0.9757373637608169	0.9681085723429833
0.9962936862170927	0.9665020976037793	0.9781746273067577
1.001515838097557	0.9569207922700382	0.9884235844861219
1.0068489263800129	0.9470008610974576	0.9988305527171798
1.0122809534864363	0.9367507072913809	1.0093704850746674
1.0177995765415817	0.9261798136979359	1.0200182145494947
1.0233921261395447	0.9152988371985817	1.0307484878460405
1.0290456268739172	0.9041197077606227	1.0415359978882266
1.0347468197142848	0.8926557321365663	1.0523554156034978
1.040482186301405	0.8809217021467824	1.0631814215227458
1.0462379752208741	0.8689340073997298	1.0739887376939827
1.0520002303004043	0.8567107521956004	1.084752160359949
1.0577548209590626	0.8442718762144595	1.0954465937964877
1.06348747461802	0.8316392783989757	1.1060470856508084
1.069183811161646	0.8188369431927234	1.116528864057957
1.0748293794153392	0.8058910679737528	1.1268673767509438
1.0804096955824753	0.792830190113523	1.1370383323160467
1.0859102835575727	0.7796853115754601	1.1470177436805704
1.0913167170064684	0.7664900183263466	1.1567819738565972
1.09661466307734	0.7532805910488095	1.166307783901671
1.1017899275791305	0.7400961026982869	1.1755723829965408
1.1068285014367765	0.7269784973330339	1.1845534804816844
1.1117166082060042	0.7139726433621689	1.1932293396388949
1.1164407524048243	0.7011263529237461	1.201578832952319
1.120987768394685	0.6884903575687629	1.2095814985355617
1.1253448695219928	0.676118228872154	1.2172175973683197
1.1294996972108953	0.6640662311523337	1.224468170948023
1.1334403696812367	0.652393092351847	1.2313150989296398
1.1371555299519294	0.6411596785768798	1.2377411563005565
1.140634392779993	0.6304285581439828	1.243730069617716
1.1438667901795536	0.6202634426217661	1.2492665718212916
1.1468432151634522	0.6107284956821875	1.2543364551333653
1.1495548633530006	0.6018875059402042	1.2589266215515245
1.1519936721090036	0.5938029275702434	1.263025130456069
1.1541523568494536	0.5865348022948178	1.266621242865589
1.1560244442363157	0.5801395879218373	1.269705461898873
1.1576043019354074	0.5746689310772409	1.2722695690311685
1.158887164679316	0.57016843377567	1.274306655769342
1.159869156393308	0.5666764732549125	1.2758111504129621
1.1605473081778515	0.5642231401947355	1.2767788396161237
1.160919571978234	0.5628293603992844	1.2772068845172326
1.1609848298112728	0.562506258239695	1.2770938312601272
1.160742898460681	0.5632548066250054	1.2764396157889566
1.1601945295956144	0.5650657891599142	1.2752455628602046
1.159341405310623	0.5679200776863568	1.2735143792771313
1.1581861291289395	0.571789205496159	1.2712501414137092
1.1567322125541064	0.5766361961426076	1.2684582771558504
1.1549840572966363	0.5824165924542962	1.2651455424463485
1.1529469333421276	0.5890796215742986	1.2613199926755818
1.1506269530643627	0.5965694299488853	1.2569909492117504
1.1480310416208985	0.6048263264308404	1.2521689614114715
1.1451669038990104	0.6137879805354547	1.246865764493209
1.1420429883061942	0.6233905345327881	1.2410942336917137
1.138668447721457	0.633569600656455	1.2348683351408856
1.1350530979410915	0.6442611267568708	1.2282030739549104
1.131207373965444	0.6554021241897036	1.2211144399929217
1.1271422844812722	0.6669312600525991	1.213619351800689
1.1228693648977306	0.6787893219184297	1.2057355992239251
1.118400629292935	0.6909195671094807	1.1974817851818602
1.113748521622661	0.7032679706375496	1.1888772670769365
1.1089258665333122	0.7157833865970635	1.1799420982971358
1.1039458201081647	0.7284176374394756	1.170696970241913
1.09882182085948	0.7411255445303294	1.161163155271398
1.0935675412597743	0.7538649119826171	1.1513624509419023
1.0881968400837814	0.7665964741882699	1.1413171258493338
1.0827237158089515	0.7792838158860578	1.1310498673563651
1.0771622612971126	0.7918932721071511	1.1205837314296887
1.0715266199536746	0.8043938139856106	1.109942094760916
1.0658309435339284	0.8167569252361857	1.0991486092891765
1.0600893517389907	0.8289564730914165	1.0882271591857904
1.054315893717196	0.8409685766464107	1.077201820302013
1.048524511560581	0.8527714748676903	1.0660968220203624
1.0427290058608887	0.8643453959635641	1.0549365113889717
1.0369430033655123	0.8756724293681419	1.0437453193573458
1.031179926751266	0.8867364012407181	1.0325477288715286
1.0254529665129821	0.8975227541098011	1.0213682445276746
1.0197750549448854	0.908018431081678	1.0102313634262676
1.014158842175571	0.9182117648743431	0.9991615468156246
1.008616674202305	0.9280923718182733	0.988183192064039
1.0031605728573159	0.9376510508771969	0.9773206044562238
0.9978022176277261	0.9468796876776089	0.9665979682730916
0.9925529292418129	0.9557711634897451	0.9560393165860709
0.9874236549272498	0.964319269070568	0.9456684991799698
0.9824249552418626	0.9725186232576176	0.9355091480139314
0.9775669923740594	0.9803645961886367	0.9255846396404429
0.972859519808396	0.9878532370136688	0.9159180540298929
0.9683118732515286	0.9949812059623008	0.9065321292949671
0.9639329627149816	1.0017457106277194	0.8974492118771663
0.9597312656535137	1.0081444463304219	0.8886912018484864
0.9557148210612758	1.0141755404271402	0.880279493095755
0.9518912244322334	1.019837500434355	0.8722349082934132
0.9482676234963098	1.0251291658403654	0.8645776287316924
0.9448507146482499	1.030049663485035	0.8573271192489504
0.9416467399921281	1.034598366391872	0.850502048715638
0.9386614849306166	1.0387748559429633	0.8441202067276485
0.9359002762344215	1.0425788872933348	0.8381984173816746
0.9333679805335985	1.0460103579275997	0.8327524512161555
0.9310690031786467	1.049069279268148	0.8277969365986813
0.9290072874252758	1.0517557512506965	0.8233452720137091
0.9271863139024674	1.0540699397896944	0.8194095408422796
0.9256091003288628	1.056012057062861	0.8160004303176902
0.9242782014475631	1.0575823445510195	0.8131271563786975
0.9231957091541172	1.058781058776357	0.8107973961177856
0.9223632527967904	1.0596084596892903	0.8090172294322827
0.9217819996321822	1.060064801661203	0.8077910913300917
0.9214526554229148	1.0601503270474706	0.8071217361228694
0.9213754651675078	1.0598652622923246	0.8070102144650078
0.921550213955728	1.059209816554286	0.8074558638777806
0.921976227945737	1.0581841828379985	0.8084563130486655
0.9226523754623116	1.0567885416254077	0.8100074998324451
0.9235770682183672	1.0550230670062262	0.8121037025205459
0.9247482626650237	1.0528879353145684	0.8147375836052959
0.9261634614786127	1.0503833362854615	0.8179002449619971
0.92781971519636	1.0475094867516226	0.8215812931170402
0.9297136240160712	1.0442666469074613	0.8257689130744684
0.9318413397790116	1.0406551391736392	0.830449949042328
0.9341985681593514	1.0366753697017586	0.8356099903356974
0.9367805710880327	1.0323278525647783	0.8412334607335389
0.9395821694437155	1.0276132366846205	0.8473037096261918
0.9425977460485389	1.0225323355540883	0.8538031034015106
0.945821249011753	1.0170861598156884	0.8607131156706149
0.9492461954697814	1.0112759527652155	0.8680144151182128
0.952865675776878	1.0051032288530264	0.875686949966594
0.9566723582061691	0.99856981526078	0.8837100282562333
0.9606584942264013	0.9916778966360343	0.892062393360107
0.9648159244250446	0.9844300630714237	0.9007222943553287
0.9691360851533972	0.9768293614191478	0.9096675510681642
0.9736100159738618	0.9688793500350507	0.918875613782141
0.978228367993488	0.9605841570495377	0.9283236177507111
0.9829814131710449	0.9519485422647099	0.9379884327840335
0.98785905468716	0.9429779627780764	0.9478467082834499
0.9928508384683052	0.933678642432563	0.9578749141776488
0.997945965955476	0.9240576451896292	0.968049378272627
1.003133308207171	0.9141229525162389	0.9783463205651376
1.008401421423629	0.9038835448660442	0.9887418850884967
1.0137385639750918	0.8933494873188256	0.9992121698626601
1.0191327150110665	0.88253201941795	1.0097332555096674
1.0245715947200746	0.8714436492106323	1.0202812330730995
1.0300426863001533	0.860098251446688	1.0308322315481644
1.0355332596893982	0.8485111698238199	1.041362445589289
1.0410303970931025	0.8366993230757769	1.0518481638163242
1.0465210203295796	0.8246813145770682	1.0622657980901282
1.0519919200006487	0.812477544975939	1.0725919140746194
1.0574297864750701	0.800110327155848	1.0828032633464988
1.0628212426541073	0.7876040025527897	1.0928768172566234
1.0681528784680043	0.7749850575076755	1.1027898026892735
1.0734112870307362	0.7622822378941724	1.112519739807987
1.0785831023581014	0.7495266597164267	1.1220444818198245
1.0836550385314105	0.7367519127014026	1.1313422567344256
1.0886139301659286	0.7239941531023162	1.1403917110405264
1.093446774020222	0.7112921809724907	1.1491719551711863
1.0981407715599616	0.6986874960609114	1.1576626105802807
1.1026833722679392	0.6862243252338774	1.165843858207279
1.1070623174714305	0.6739496129745964	1.1736964880653806
1.1112656844389721	0.6619129651176483	1.1812019496501454
1.115281930481514	0.650166534641327	1.1883424028321992
1.1190999367781105	0.6387648372214496	1.1951007688688566
1.122709051634204	0.6277644835566378	1.2014607811458644
1.1260991328714511	0.6172238154784717	1.2074070352423139
1.1292605890422232	0.6072024338827723	1.2129250378993204
1.13218441915965	0.5977606089095329	1.2180012544665453
1.1348622506355432	0.5889585668878341	1.2226231544002129
1.1372863751238629	0.5808556545867843	1.2267792543919698
1.1394497819766654	0.5735093893289389	1.2304591587197817
1.1413461890326677	0.5669744132973039	1.2336535964299233
1.1429700704756154	0.5613013812937011	1.236354454982807
1.1443166815204004	0.5565358222596141	1.2385548100246153
1.1453820797091105	0.5527170246494617	1.2402489509810604
1.146163142626611	0.5498770026288805	1.2414324022086076
1.146657581875508	0.5480396024851293	1.242101939481611
1.1468639531829825	0.547219805407917	1.242255601640349
1.1467816625465657	0.547423273490352	1.2418926972742408
1.1464109683619161	0.548646170945368	1.241013806365778
1.1457529795125307	0.5508752736634519	1.2396207768731249
1.1448096494384832	0.5540883596582112	1.2377167162821192
1.1435837662382085	0.5582548533058607	1.2353059782106894
1.1420789388934327	0.5633366800460117	1.2323941441996842
1.1402995797420576	0.5692892771749088	1.22898800087301
1.1382508833566487	0.5760627013722817	1.225095512696013
1.135938802016637	0.5836027744970997	1.2207257906035682
1.13337001799003	0.5918522149749835	1.2158890568077014
1.1305519128649677	0.6007517112824954	1.210596606128244
1.1274925341925512	0.6102409049623224	1.2048607642185536
1.1242005597197913	0.6202592617806879	1.198694843081362
1.1206852595051127	0.6307468199103256	1.1921130942870783
1.1169564562185397	0.6416448126539607	1.1851306603182066
1.1130244839344499	0.6528961698776182	1.1777635244688816
1.1089001457266954	0.6644459069816941	1.1700284597278714
1.1045946703740843	0.6762414130978837	1.1619429770668699
1.1001196684788555	0.6882326515763666	1.1535252735436623
1.0954870882921324	0.700372286073324	1.1447941806120399
1.0907091715286816	0.7126157450014762	1.135769113007442
1.0857984094389457	0.724921236056903	1.1264700185495815
1.0807674993896321	0.7372497212155138	1.1169173291710708
1.0756293021854713	0.7495648611737445	1.1071319134447741
1.0703968003445141	0.7618329368085475	1.0971350308425847
1.065083057517872	0.7740227539260114	1.0869482879150356
1.0597011792225186	0.7861055363971883	1.0765935965349576
1.054264275033013	0.7980548117612022	1.0660931342997388
1.0487854223551445	0.8098462925107192	1.0554693071359784
1.0432776318818218	0.8214577555546514	1.0447447140979114
1.0377538148093781	0.8328689217633305	1.033942114297281
1.0322267518710742	0.844061337025732	1.023084395847833
1.0267090642241903	0.8550182558696797	1.0121945466527247
1.021213186207917	0.8657245283982234	1.0012956268084425
1.0157513399714397	0.8761664910640168	0.9904107423449107
1.0103355119552906	0.8863318616258162	0.9795630199690075
1.004977431194315	0.8962096384963573	0.9687755824285833
0.9996885493975384	0.9057900045898077	0.9580715240672253
0.9944800227488311	0.9150642357023582	0.9474738860976275
0.9893626953625975	0.9240246134052709	0.937005631084857
0.9843470843207023	0.932664342391121	0.9266896161016152
0.9794433662104745	0.9409774721872041	0.9165485639975753
0.9746613650788158	0.9489588231322494	0.906605032215984
0.9700105417141162	0.9566039165013336	0.8968813785950851
0.9654999841657368	0.9639089086575306	0.8873997236117818
0.9611383994101562	0.9708705291060037	0.8781819085624991
0.9569341060733698	0.97748602232597	0.8692494492335593
0.9528950281206576	0.9837530932575047	0.8606234846923089
0.9490286894272663	0.9896698563229654	0.852324720932079
0.9453422091467495	0.9952347878665182	0.8443733692293919
0.9418422977975551	1.0004466818995643	0.836789079220333
0.938535253992802	1.0053046090446103	0.8295908668731298
0.9354269617429322	1.0098078785751516	0.8227970377228037
0.9325228882659514	1.0139560034543986	0.8164251059367882
0.9298280822451497	1.0177486682810526	0.8104917099915073
0.9273471724794564	1.0211857000558722	0.8050125259513444
0.9250843668768188	1.0242670416883743	0.8000021795440538
0.9230434517461431	1.0269927281687197	0.7954741584102459
0.92122779134833	1.0293628653356028	0.791440726058303
0.9196403276717358	1.031377611176825	0.7879128391692836
0.9182835804019471	1.0330371596051329	0.7849000699592283
0.9171596470600729	1.0343417266578863	0.7824105353107056
0.916270203287805	1.035291539075137	0.780450834325916
0.9156165032612968	1.0358868252167703	0.7790259958279194
0.915199380219475	1.036127808285452	0.7781394371460728
0.9150192470957507	1.0360147018282342	0.7777929352720544
0.9150760972452876	1.0355477074957882	0.7779866111732834
0.915369505263036	1.0347270150443222	0.7787189277139303
0.9158986278907238	1.0335528045713172	0.7799867012754702
0.9166622050139397	1.032025250982225	0.7817851268058575
0.9176585607534101	1.0301445306912322	0.7841078156762228
0.9188856046576147	1.0279108305650686	0.7869468454029492
0.920340833007024	1.0253243591246182	0.7902928200154
0.9220213302435504	1.0223853600247694	0.7941349396267635
0.9239237705422845	1.0190941278384944	0.7984610776051013
0.9260444195462694	1.0154510261765792	0.8032578636473373
0.9283791362889655	1.0114565081797235	0.8085107710303285
0.930923375333163	1.0071111394248837	0.8142042063464304
0.9336721891594029	1.0024156232927532	0.8203216001192367
0.9366202308414421	0.9973708288481604	0.8268454968294279
0.9397617570508945	0.9919778212898908	0.833757643050499
0.943090631437864	0.9862378950310626	0.8410390725886736
0.9466003284390724	0.9801526094756352	0.8486701877298694
0.9502839375696146	0.9737238275609567	0.8566308359093362
0.9541341682589479	0.9669537571404134	0.8649003813279453
0.9581433552959613	0.9598449952842061	0.8734577712360712
0.9623034649518527	0.9524005755799843	0.8822815967861626
0.9666061018529813	0.9446240185184516	0.8913501485147313
0.971042516678728	0.9365193850519365	0.9006414666513374
0.9756036147615909	0.9280913334161335	0.9101333865653204
0.98027996566814	0.9193451793064437	0.9198035797506777
0.9850618138399487	0.9102869595001734	0.9296295908166493
0.989939090373109	0.9009234990136966	0.9395888709978576
0.9949014260133046	0.8912624818787835	0.9496588087252995
0.9999381654405894	0.8813125256135752	0.9598167578103164
1.0050383829139	0.8710832594497608	0.9700400637902002
1.0101908993398598	0.8605854063565466	0.9803060889685563
1.015384300823564	0.849830868871648	0.9905922366580702
1.0206069587507067	0.8388328187067252	1.0008759750998555
1.0258470514406584	0.8276057900355909	1.0111348614938176
1.0310925873988586	0.816165776293308	1.0213465665299701
1.03633143018428	0.8045303302069713	1.031488899762689
1.0415513248937012	0.7927186666372403	1.0415398361195853
1.0467399262492627	0.7807517676247343	1.0514775437849486
1.051884828259342	0.7686524887968452	1.06128041364535
1.0569735954053143	0.7564456659863544	1.0709270904326262
1.0619937952884453	0.7441582205300451	1.0803965056476825
1.0669330326521789	0.7318192612388357	1.0896679122978006
1.0717789846756542	0.7194601804462529	1.0987209214308633
1.0765194374146796	0.7071147408359689	1.1075355404024798
1.0811423232468422	0.6948191489118597	1.1160922127667747
1.0856357591582744	0.6826121100025042	1.1243718596389367
1.0899880856910833	0.670534858594507	1.1323559223378266
1.0941879063529403	0.6586311565909951	1.1400264060803502
1.0982241272741073	0.6469472508433484	1.1473659244662229
1.1020859968825665	0.6355317800890738	1.1543577444624893
1.1057631453552508	0.6244356203720749	1.1609858315720119
1.1092456235928998	0.6137116572978376	1.167234894849371
1.1125239414580999	0.6034144733119166	1.1730904314114787
1.1155891050108049	0.5935999388593755	1.1785387700788987
1.1184326524733383	0.5843246980889062	1.1835671137775616
1.121046688657651	0.5756455430060428	1.1881635803293749
1.123423917591619	0.5676186748917782	1.1923172412642125
1.1255576730884485	0.5602988584858657	1.1960181582949267
1.1274419470138222	0.5537384827637303	1.1992574171112538
1.1290714150192431	0.5479865516809452	1.2020271581676614
1.1304414595269583	0.5430876382299547	1.2043206041640648
1.1315481897717552	0.5390808444135831	1.2061320839465979
1.1323884587275446	0.5359988169073872	1.2074570525879296
1.1329598767717326	0.5338668718343296	1.2082921074424742
1.1332608219675748	0.5327022810271588	1.2086350000107462
1.1332904468736564	0.5325137657683204	1.208484643488534
1.1330486818199084	0.5333012324244963	1.2078411159198204
1.132536234620745	0.5350557686644755	1.206705658916889
1.1317545867275067	0.5377599008656058	1.205080671956094
1.1307059858539639	0.5413880951340012	1.2029697023026922
1.1293934351397121	0.5459074683664649	1.2003774306622417
1.1278206789464063	0.5512786638252752	1.1973096526987046
1.1259921854105162	0.557456838888633	1.1937732565999328
1.123913125903219	0.5643927112059833	1.1897761969090486
1.1215893515728284	0.5720336128486286	1.185327464874847
1.1190273671674469	0.5803245090487352	1.1804370556052397
1.1162343023550603	0.5892089473418595	1.1751159323345428
1.113217880774864	0.5986299129672169	1.1693759881377193
1.1099863870670246	0.6085305760663154	1.1632300054422902
1.1065486321382787	0.6188549247286397	1.1566916137013123
1.1029139169276851	0.6295482848000747	1.1497752455985069
1.099091994940503	0.6405577324484134	1.1424960921592378
1.0950930338186367	0.6518324088569609	1.1348700571386654
1.0909275762135044	0.6633237483233082	1.1269137110510918
1.0866065002216925	0.6749856317744846	1.1186442451924454
1.0821409796356034	0.6867744775799373	1.1100794259912157
1.07754244425069	0.6986492808303061	1.1012375500021827
1.07282254045811	0.710571611186046	1.0921373998322563
1.0679930923369803	0.7225055781660553	1.0827982012589328
1.063066063444213	0.7344177714728584	1.0732395817695972
1.0580535194824459	0.746277182724715	1.0634815307144505
1.052967592008169	0.7580551138391673	1.0535443612275328
1.0478204433231262	0.7697250763141771	1.0434486740294568
1.0426242326726798	0.7812626847914281	1.0332153231823493
1.0373910838554048	0.7926455475589284	1.0228653838224573
1.0321330543289569	0.8038531560470553	1.012420121849166
1.0268621058784773	0.8148667748801927	1.001900965501167
1.0215900768956905	0.8256693336502751	0.9913294787015112
1.01632865629957	0.836245321264156	0.9807273360036686
1.0110893591132106	0.846580683469977	0.9701162989209334
1.0058835036964133	0.8566627239763525	0.959518193372058
1.0007221906196269	0.8664800094315033	0.9489548879274832
0.9956162831523476	0.8760222784184223	0.9384482724936907
0.9905763893278989	0.8852803545392078	0.9280202370289209
0.985612845536753	0.8942460636006807	0.9176926498428396
0.9807357015921869	0.9029121548693226	0.9074873349969617
0.9759547072050918	0.9112722263324663	0.8974260482932249
0.9712792997991361	0.9193206538813651	0.8875304513167522
0.9667185935931637	0.927052524317842	0.8778220829874319
0.9622813698746248	0.9344635720777371	0.8683223280755934
0.957976068385917	0.9415501195598971	0.8590523821519355
0.953810779744659	0.9483090209478764	0.8500332124732554
0.9497932388190462	0.9547376094120062	0.841285514355581
0.9459308189804372	0.9608336475814421	0.8328296626570101
0.942230527157094	0.966595281178756	0.8246856580854237
0.9386989996154425	0.9720209957132925	0.8168730681622125
0.9353424983982236	0.9771095761336124	0.8094109628122872
0.9321669083523776	0.9818600693437699	0.8023178447118907
0.9291777346833299	0.9862717494927797	0.7956115747067273
0.9263801009764575	0.9903440859513811	0.7893092928097774
0.9237787476307932	0.9940767138950415	0.7834273354953569
0.9213780306544216	0.9974694074170418	0.7779811502163454
0.9191819207754454	1.00052205510044	0.772985208276382
0.9171940028267976	1.0032346379826986	0.7684529173783052
0.9154174753675013	1.0056072098518087	0.764396535333542
0.913855150507177	1.0076398798178017	0.7608270865436917
0.912509453904656	1.0093327971086716	0.7577542829450226
0.9113824249154452	1.010686138044867	0.755186451130204
0.910475716866491	1.0117000951516981	0.7531304673228614
0.9097905974402284	1.01237486837421	0.751591701776031
0.9093279491532547	1.0127106583643017	0.7505739739955088
0.9090882699181734	1.0127076618151036	0.750079519957615
0.9090716736802363	1.0123660688228642	0.7501089722061822
0.9092778911233756	1.0116860622618227	0.7506613533874319
0.9097062704431299	1.0106678191627445	0.751734083428502
0.9103557781868301	1.0093115140909605	0.7533230002024232
0.9112250001642823	1.007617324524875	0.7554223931666625
0.9123121424350822	1.0055854382409568	0.7580250491308604
0.9136150323816663	1.0032160627162214	0.7611223090171756
0.9151311198802632	1.0005094365641163	0.764704134236093
0.9168574785850834	0.997465843024536	0.7687591811204317
0.9187908073443963	0.9940856255334232	0.7732748817454788
0.92092743177059	0.9903692054020238	0.7782375294145142
0.9232633059898921	0.9863171016403955	0.7836323671035966
0.9257940146011571	0.9819299529641846	0.7894436772312798
0.9285147748769411	0.977208542028004	0.795654871239437
0.9314204392440097	0.9721538219329763	0.8022485776304826
0.9345054980843697	0.966766945060138	0.8092067272931787
0.9377640829018746	0.9610492942854476	0.8165106351530834
0.9411899699033457	0.9550025166361004	0.8241410773944342
0.9447765840469176	0.9486285594517275	0.8320783637089042
0.9485170036138958	0.94192970911781	0.8403024042257882
0.95240396536371	0.9349086324422744	0.84879277096193
0.9564298703344913	0.9275684207496617	0.8575287537939665
0.9605867903543018	0.9199126367704245	0.8664894110976176
0.9648664753300064	0.9119453644056478	0.8756536153175922
0.9692603613821249	0.9036712614496254	0.8850000938271398
0.9737595798946197	0.8950956153539719	0.8945074655091924
0.9783549675484106	0.8862244021169069	0.9041542735429482
0.983037077406339	0.8770643483794816	0.9139190149125797
0.9877961911152868	0.86762299680608	0.9237801671707403
0.9926223322880938	0.8579087748185518	0.9337162129909902
0.9975052811237699	0.8479310667405078	0.9437056630324427
1.002434590319198	0.8377002893889631	0.9537270776190196
1.0073996023190495	0.8272279711224552	0.9637590877066592
1.0123894679429541	0.8165268343152235	0.9737804155764536
1.0173931664200746	0.8056108811725056	0.9837698956515076
1.0223995268511583	0.7944954827280846	0.9937064957916864
1.027397251106893	0.7831974707665318	1.0035693393744374
1.0323749381590348	0.7717352322825052	1.0133377284224914
1.037321109827404	0.7601288059201321	1.02299116799122
1.0422242379115088	0.7483999796176076	1.0325093919804047
1.047072772660444	0.736572388405023	1.0418723904876526
1.0518551725188974	0.7246716109551808	1.0510604387741334
1.0565599350708024	0.7127252630550306	1.0600541278680509
1.0611756290855663	0.7007630856365318	1.0688343967876446
1.0656909275550748	0.6888170243685883	1.0773825663238044
1.0700946415930839	0.6769212970576868	1.0856803742828454
1.0743757550523607	0.6651124442314708	1.0937100120528895
1.078523459699318	0.6534293572940877	1.1014541623228609
1.0825271907711114	0.6419132775672174	1.1088960377515737
1.0863766627265474	0.6306077584101848	1.1160194203560063
1.0900619049899083	0.619558581519209	1.1228087013628356
1.0935732974761896	0.6088136175487353	1.1292489212458803
1.0969016056775358	0.5984226205285836	1.1353258096544565
1.1000380150840319	0.5884369453664483	1.141025824923991
1.1029741647076872	0.5789091782647577	1.1463361928506985
1.1057021794765993	0.5698926714098164	1.151244944406853
1.1082147012670176	0.5614409760732689	1.1557409520722426
1.1105049183444813	0.5536071725164181	1.1598139644608265
1.1125665929913822	0.5464431009096639	1.1634546389294074
1.1143940871072615	0.5399985047879	1.1666545718672199
1.1159823855797988	0.5343201070137211	1.1694063263815755
1.1173271172387569	0.5294506471604902	1.171703457114925
1.118424573221922	0.525427917695948	1.1735405319526369
1.119271722601173	0.522283843152113	1.17491315040814
1.119866225137996	0.5200436503478029	1.1758179585024722
1.1202064410607455	0.5187251775917155	1.1762526599882965
1.120291437780454	0.5183383659731434	1.1762160238036317
1.1201209934876706	0.5188849663362859	1.1757078876773828
1.119695597599301	0.5203584820897559	1.1747291578467371
1.1190164480513551	0.5227443520865147	1.1732818048850306
1.1180854454605051	0.5260203613500583	1.1713688556772648
1.116905184204021	0.5301572524556103	1.1689943816184707
1.1154789404936218	0.5351194986515141	1.1661634831470427
1.1138106575436708	0.5408661924790937	1.1628822707604705
1.1119049279576327	0.5473520011154615	1.1591578426940805
1.1097669734784816	0.5545281415848261	1.154998259473996
1.1074026222685103	0.5623433344584888	1.150412515583144
1.1048182839015261	0.5707447024810374	1.145410508503386
1.1020209222655057	0.5796785894594926	1.1400030054174684
1.0990180265863017	0.5890912836285601	1.1342016078711863
1.0958175807928157	0.5989296377330623	1.1280187147088072
1.0924280314511434	0.6091415847407069	1.1214674836032312
1.088858254499549	0.619676553199953	1.1145617915065698
1.085117521017758	0.6304857898033297	1.1073161943467595
1.0812154622630972	0.641522598873153	1.09974588629157
1.0771620342025248	0.652742509502161	1.0918666588929844
1.0729674817637815	0.6641033812286203	1.0836948604126024
1.0686423030209355	0.6755654586623642	1.0752473556125641
1.0641972135196796	0.6870913846273781	1.0665414862767337
1.0596431109361322	0.6986461803253334	1.0575950327037498
1.0549910402498215	0.710197199884957	1.048426176387211
1.0502521595972545	0.7217140655360255	1.0390534640690277
1.0454377069572438	0.7331685885926149	1.0294957733199954
1.0405589678032505	0.7445346804810006	1.0197722797672126
1.035627243841651	0.7557882572178114	1.0099024260512812
1.0306538229382616	0.7669071400355972	0.9999058925575146
1.0256499503189394	0.7778709542598469	0.9898025699248638
1.0206268011137685	0.7886610280531271	0.9796125332941914
1.0155954542984709	0.7992602922457411	0.9693560182140919
1.010566868071412	0.8096531821549999	0.9590533980779808
1.0055518566900246	0.8198255420442218	0.9487251629209186
1.0005610687768272	0.8297645326764125	0.9383918993589958
0.9956049670925105	0.8394585422660383	0.9280742714085053
0.9906938097619349	0.8488971010166628	0.9177930018771219
0.9858376329283529	0.8580707993451018	0.9075688539755687
0.9810462348017948	0.866971209828081	0.8974226127566052
0.9763291610593509	0.8755908128601776	0.8873750659496243
0.9716956915480428	0.8839229259780887	0.8774469837249218
0.9671548282350921	0.8919616367828115	0.8676590968932081
0.9627152843456331	0.8997017393756125	0.8580320730248449
0.9583854746242315	0.9071386742137593	0.8485864899614605
0.9541735066539162	0.9142684712863525	0.8393428061921127
0.950087173164728	0.9210876965080823	0.8303213275792053
0.9461339452629891	0.9275934012284541	0.8215421699482257
0.9423209665124966	0.933783074755334	0.8130252171022555
0.9386550477995831	0.9396545997940569	0.8047900738891646
0.9351426629153771	0.9452062107064925	0.7968560140380839
0.9317899447905416	0.9504364544980834	0.789241922593239
0.9286026823202091	0.9553441544448301	0.7819662329077701
0.9255863177196585	0.9599283762763322	0.7750468583169542
0.9227459443544347	0.9641883968352536	0.768501118787147
0.920086304992017	0.9681236751379046	0.7623456630301828
0.9176117904257126	0.9717338257649876	0.7565963867776415
0.9153264384251519	0.9750185945159338	0.7512683481184141
0.9132339329715103	0.9779778362646483	0.7463756810079126
0.91133760373934	0.9806114949588827	0.7419315082483149
0.909640425790625	0.9829195857098691	0.7379478554058042
0.9081450194503305	0.9849021789232807	0.7344355672619811
0.906853650336291	0.9865593864270242	0.7314042284821107
0.905768229519733	0.9878913495558369	0.7288620902135718
0.9048903137960784	0.9888982291571347	0.7268160042969014
0.9042211060488802	0.9895801974870505	0.725271366675296
0.9037614556928469	0.9899374319700998	0.7242320714260173
0.9035118591849007	0.9899701108004144	0.7237004766125484
0.9034724605951013	0.9896784103669862	0.7236773828772218
0.9036430522320966	0.9890625044898472	0.7241620253718476
0.9040230753205148	0.988122565458583	0.7251520792730353
0.9046116207304524	0.9868587668690105	0.7266436787660053
0.9054074297619383	0.9852712882582572	0.728631449023141
0.9064088949899971	0.9833603215428214	0.7311085503684153
0.9076140611787209	0.9811260792685034	0.7340667335215442
0.9090206262755999	0.9785688046853174	0.737496404569019
0.9106259425002786	0.9756887836646745	0.7413866981222571
0.9124270175449064	0.9724863584802148	0.745725557001282
0.9144205159063408	0.9689619434776885	0.7504998167267992
0.9166027603736413	0.9651160426632361	0.755695293111727
0.9189697336975517	0.9609492692432905	0.7612968713093119
0.9215170804719927	0.9564623671531279	0.7672885947905951
0.9242401092609536	0.9516562346148444	0.7736537528791327
0.9271337950075567	0.946531949769215	0.7803749656547136
0.9301927817654221	0.9410907984295315	0.7874342652394802
0.9334113857957496	0.9353343040091102	0.7948131726891421
0.9367835990767127	0.9292642596776988	0.8024927699198213
0.9403030932747544	0.9228827628055181	0.810453766299912
0.9439632242301373	0.9161922517570945	0.8186765597202402
0.9477570370115729	0.9091955451003711	0.8271412921205578
0.9516772715968397	0.9018958832997462	0.8358278995932676
0.9557163692379645	0.8942969729646038	0.8447161573050508
0.9598664795706796	0.8864030337274134	0.8537857195735779
0.9641194685284249	0.8782188478273913	0.8630161555106253
0.9684669271210771	0.8697498124767414	0.8723869806961483
0.9729001811377506	0.861001995086217	0.8818776853821685
0.9774103018314245	0.851982191424636	0.891467759742941
0.9819881176406773	0.8426979867822814	0.9011367166910879
0.9866242270004653	0.8331578201998626	0.9108641127705183
0.9913090122895828	0.8233710518116357	0.920629567618186
0.9960326549571628	0.8133480333316969	0.9304127824600394
1.0007851518643118	0.8031001816842867	0.9401935580736935
1.0055563328696944	0.7926400557394707	0.9499518126129479
1.0103358796795945	0.7819814360614245	0.9596675996486026
1.0151133459737307	0.7711394075035708	0.9693211267372037
1.0198781788078877	0.7601304443878684	0.9788927747853006
1.0246197412833318	0.7489724978784325	0.9883631184322442
1.0293273364610644	0.7376850849950214	0.9977129476301229
1.0339902324863302	0.7262893785011408	1.0069232905555794
1.0385976888755344	0.7148082966348268	1.0159754379453783
1.0431389839039844	0.7032665913167866	1.0248509689060135
1.047603443018784	0.6916909330591466	1.0335317782076066
1.051980468186941	0.6801099902974228	1.0420001050340948
1.0562595680744853	0.6685545002687405	1.0502385631254194
1.0604303889383238	0.6570573278543729	1.0582301722133063
1.0644827460988635	0.6456535079938798	1.0659583906204393
1.0684066558483705	0.6343802663707659	1.0734071488635515
1.072192367637755	0.6232770120891961	1.0805608840743592
1.0758303963732498	0.6123852950516949	1.0874045750285202
1.079311554644463	0.6017487197791744	1.0939237775520636
1.0826269846967425	0.591412806590386	1.100104660057183
1.085768189953906	0.5814247905192488	1.1059340389450523
1.0887270658923034	0.5718333482763154	1.1113994136025371
1.09149593006409	0.56268824417062	1.1164890007124653
1.0940675510665892	0.5540398874364592	1.1211917675935414
1.09643517625584	0.5459387960853929	1.1254974642861226
1.0985925580059308	0.5384349664063816	1.1293966541039033
1.100533978321521	0.5315771526393556	1.1328807423790843
1.1022542716190882	0.5254120680505232	1.13594200313972
1.1037488455028373	0.5199835263087372	1.1385736034725658
1.1050136993737982	0.515331550096496	1.1407696253426776
1.1060454407253124	0.5114914814167315	1.142525084662061
1.1068412989946919	0.5084931340149974	1.1438359474235449
1.1073991368591514	0.5063600316175464	1.1446991427424544
1.107717458883925	0.5051087753416399	1.1451125726772442
1.107795417451542	0.5047485791075454	1.1450751187306194
1.1076328159232656	0.5052810031946308	1.1445866449644095
1.1072301090064007	0.5066999039282165	1.1436479976941292
1.106588400324244	0.50899160316172	1.1422610017623012
1.105709437208553	0.5121352664350145	1.1404284534227653
1.1045956027572517	0.5161034652385758	1.1381541099008858
1.1032499052223388	0.5208628882385574	1.1354426757263596
1.101675964814326	0.5263751596443151	1.132299785965746
1.0998779980297329	0.5325977204911431	1.1287319865105245
1.0978607996269245	0.5394847301871891	1.1247467116029963
1.0956297223926836	0.5469879504560942	1.1203522588063841
1.0931906548571502	0.5550575807364965	1.1155577616467294
1.0905499971279684	0.5636430220616732	1.1103731601723685
1.0877146350255422	0.5726935544495698	1.104809169691702
1.0846919127101018	0.5821589201360302	1.0988772479614883
1.081489603997802	0.591989811110427	1.0925895611058758
1.0781158825672714	0.602138264150781	1.0859589485507826
1.0745792912599508	0.612557969899064	1.0789988872590284
1.07088871067726	0.62320450460162	1.0717234555488337
1.0670533272751992	0.6340354941771238	1.0641472967720043
1.0630826011525583	0.6450107205048186	1.056285583118385
1.058986233722613	0.656092179480054	1.0481539798001722
1.0547741354502183	0.6672440996641423	1.0397686098534777
1.0504563938267224	0.6784329294243621	1.0311460197753937
1.0460432417443728	0.689627299440791	1.022303146192809
1.041545026420002	0.7007979664365209	1.013257283734588
1.0369721790050652	0.711917743023462	1.0040260542516004
1.0323351850056859	0.7229614176805353	0.994627377499666
1.027644555622521	0.7339056681103794	0.9850794433688957
1.022910800106143	0.7447289705585425	0.9754006857093614
1.0181443992094688	0.7554115071214966	0.9656097577676421
1.013355779804716	0.7659350726081136	0.955725509211753
1.0085552907185997	0.7762829821426304	0.9457669646834161
1.0037531798261412	0.7864399803940173	0.9357533037767871
0.998959572430688	0.7963921530756962	0.9257038423017997
0.9941844509456488	0.8061268411702928	0.9156380146485159
0.9894376358821066	0.81563255818716	0.9055753570265827
0.9847287681359973	0.8248989106477108	0.8955354913115198
0.9800672925589515	0.8339165219082639	0.8855381091876217
0.9754624427882683	0.842676959366404	0.8756029562363954
0.9709232273038151	0.851172665050105	0.8657498155805171
0.9664584166729617	0.8593968895552175	0.8559984906572659
0.9620765319389417	0.8673436292733475	0.846368786663509
0.9577858341032717	0.8750075668362196	0.8368804901880229
0.9535943146490279	0.8823840146924016	0.827553346527885
0.949509687048837	0.8894688617263198	0.8184070341757992
0.9455393791993328	0.8962585228266428	0.8094611359665788
0.9416905267225186	0.9027498913105072	0.800735106385861
0.9379699670738868	0.9089402941110414	0.7922482345747539
0.9343842343972277	0.9148274496377178	0.7840196026127624
0.930939555066737	0.9204094282218926	0.7760680387300442
0.9276418438582418	0.9256846150631961	0.7684120651904616
0.9244967006930366	0.9306516755960449	0.7610698407000541
0.9215094078998936	0.935309523199343	0.7540590973316627
0.9186849279432113	0.939657289176313	0.7473970721145686
0.9160279015679376	0.9436942949353319	0.7411004336159569
0.9135426463147845	0.9474200263065736	0.7351852040349687
0.9112331553622915	0.9508341099331964	0.7296666775346884
0.9091030966554334	0.9539362916797198	0.7245593357454939
0.9071558122836791	0.9567264170041442	0.7198767615761585
0.9053943180746341	0.9592044132442474	0.7156315526570023
0.9038213033726187	0.9613702737723807	0.7118352359015352
0.9024391309747184	0.9632240439769575	0.7084981847984906
0.9012498371999712	0.9647658090327125	0.7056295411246024
0.9002551320704107	0.9659956834256819	0.7032371427910222
0.8994563995856665	0.9669138022027435	0.7013274594963347
0.8988546980757122	0.9675203139194418	0.6999055377531891
0.8984507606191762	0.9678153752637039	0.6989749566838336
0.8982449955173593	0.9677991473369436	0.6985377957465412
0.8982374868167902	0.9674717935779175	0.6985946152683377
0.8984279948757649	0.9668334793185662	0.6991444503315264
0.8988159569729088	0.9658843729649087	0.7001848182071967
0.899400487958363	0.9646246487998806	0.7017117391650276
0.9001803809507536	0.9630544914087847	0.703719770132849
0.9011541080856819	0.9611741017317683	0.7062020503485859
0.9023198213240599	0.9589837047514436	0.7091503578565264
0.9036753533312593	0.9564835588274145	0.712555175461641
0.9052182184407177	0.9536739666930764	0.7164057645785692
0.9069456137183823	0.9505552881335958	0.7206902453005177
0.9088544201471592	0.9471279543674728	0.7253956809682461
0.9109412039533787	0.9433924841575216	0.7305081655373233
0.9132022181001646	0.9393495016804989	0.7360129121166056
0.9156334039755114	0.9349997561879521	0.7418943411735918
0.918230393305792	0.9303441434941708	0.7481361670627211
0.9209885103283204	0.9253837293304031	0.7547214817197995
0.9239027742594573	0.9201197746077581	0.7616328345687629
0.9269679020975217	0.9145537626344595	0.7688523078958376
0.9301783118024238	0.9086874283363529	0.776361587151999
0.9335281258964224	0.9025227895327839	0.7841420258402177
0.9370111755326809	0.8960621803231698	0.792174704823677
0.9406210050802899	0.8893082866427319	0.8004404860510708
0.9443508772761066	0.8822641840489136	0.8089200608328407
0.9481937789950435	0.8749333778028963	0.817593992916837
0.9521424276912979	0.8673198453132366	0.8264427567034741
0.9561892785633619	0.8594280810108073	0.8354467710100648
0.960326532495452	0.8512631437257081	0.8445864288432625
0.9645461448271785	0.8428307066372833	0.8538421236695054
0.9688398350018053	0.8341371098673942	0.8631942726883138
0.9731990971412524	0.8251894157840524	0.8726233376145844
0.9776152115930611	0.8159954670766114	0.8821098434659393
0.9820792574908046	0.8065639476539083	0.8916343958318935
0.9865821263648878	0.7969044464016809	0.9011776970750248
0.9911145368352906	0.7870275238135281	0.9107205618822347
0.9956670504115958	0.7769447814784217	0.9202439325480339
1.0002300884185689	0.7666689343645599	0.9297288943328698
1.0047939500576792	0.7562138857807231	0.9391566911988638
1.0093488316062629	0.7455948048180394	0.9485087421837997
1.0138848467465973	0.7348282059720558	0.9577666586324957
1.0183920480070283	0.723932030511126	0.966912262463332
1.0228604492865419	0.7129257289851808	0.975927605607113
1.0272800494228855	0.7018303440506856	0.9847949907159688
1.0316408567526383	0.6906685925138085	0.9934969932018731
1.0359329145995984	0.6794649451546091	1.0020164846278048
1.0401463276156528	0.6682457024803667	1.010336657439762
1.0442712888860537	0.6570390640566484	1.0184410509948996
1.0482981076988982	0.6458751884731109	1.0263135788101272
1.0522172378667811	0.6347862403141946	1.033938556926714
1.0560193064771959	0.6238064197264588	1.0413007332598887
1.0596951429375219	0.6129719693185861	1.0483853177782467
1.063235808170495	0.6023211522263403	1.0551780133360913
1.0666326238071118	0.5918941942728082	1.061665046962742
1.0698772012161348	0.5817331823299733	1.0678332013964966
1.0729614702028993	0.571881910348286	1.073669846637407
1.0758777072051489	0.5623856642080295	1.0791629712824444
1.078618562810244	0.553290936735188	1.0843012133990748
1.0811770884164675	0.5446450651163676	1.0890738906887951
1.0835467618613221	0.536495784751878	1.0934710296908587
1.0857215118418253	0.5288906964921306	1.0974833937782473
1.0876957409558197	0.5218766483351007	1.1011025097029306
1.0894643471993215	0.5154990380296276	1.1043206924555218
1.0910227437628444	0.5098010494644821	1.107131068215539
1.0923668769794588	0.5048228428384147	1.1095275951824604
1.0934932422889698	0.500600725771998	1.1115050820944736
1.094398898095922	0.49716633889294953	1.1130592042610779
1.0950814774140047	0.4945458940299687	1.1141865169572212
1.0955391972057005	0.4927595050345743	1.114884466050223
1.0957708653434497	0.4918206496776164	1.1151513957560089
1.095775885137022	0.4917357957049839	1.1149865534478283
1.0955542573909245	0.4925042152006497	1.114390091468332
1.0951065799752884	0.4941179996939958	1.1133630659242084
1.0944340449135315	0.4965622752516151	1.111907432471208
1.0935384330098752	0.4998156036747827	1.110026039125891
1.0924221060592938	0.5038505444326218	1.1077226161684355
1.0910879967013996	0.5086343433506522	1.105001763227997
1.0895395959978842	0.5141297090936422	1.1018689336680139
1.0877809388302133	0.5202956372919035	1.0983304164132093
1.085816587230103	0.5270882443831203	1.0943933153824987
1.08365161176969	0.5344615781076569	1.0900655267123351
1.0812915711511029	0.5423683781384363	1.0853557139729209
1.0787424901461997	0.5507607675756233	1.0802732815950227
1.076010836046456	0.5595908631593207	1.0748283467376354
1.0731034937903245	0.5688112984395549	1.0690317098363535
1.0700277399407587	0.5783756594244752	1.062894824078924
1.0667912156890358	0.5882388362571289	1.056429764058013
1.0634018990625291	0.5983572972708326	1.0496491938517283
1.0598680765137172	0.6086892934781901	1.042566334779897
1.0561983140655873	0.6191950023538526	1.0351949330785613
1.052401428184737	0.6298366198885218	1.0275492277266955
1.0484864565480998	0.6405784095227648	1.0196439186478703
1.044462628862396	0.651386715887881	1.0114941354955653
1.0403393378873196	0.6622299504268764	1.0031154072142412
1.0361261108043005	0.6730785550464619	0.9945236325491825
1.0318325810625544	0.683904949034552	0.9857350516567036
1.027468460823275	0.6946834636148302	0.9767662189426443
1.0230435141113825	0.7053902677282512	0.9676339772313353
1.0185675307723934	0.7160032879438201	0.9583554333394709
1.014050301319903	0.72650212481034	0.9489479350997091
1.0095015927470217	0.7368679674631956	0.9394290498474456
1.0049311253630255	0.7470835078878932	0.9298165443511581
1.0003485507046184	0.7571328559053601	0.920128366132133
0.9957634305596869	0.7670014556726406	0.9103826260833718
0.9911852171303481	0.7766760042766171	0.9005975822601968
0.9866232343515657	0.7861443728284552	0.8907916246767211
0.9820866603717123	0.7953955303343696	0.8809832609031646
0.9775845111922538	0.8044194705168429	0.8711911022193219
0.9731256254552689	0.8132071416835145	0.8614338500397362
0.9687186503598492	0.8217503796834955	0.85173028228686
0.9643720286815566	0.8300418439486567	0.8420992393504032
0.9600939868630726	0.8380749565870842	0.8325596092350428
0.9558925241389455	0.845843844474641	0.8231303114658007
0.9517754026529259	0.8533432842762497	0.8138302792919757
0.9477501385227495	0.8605686503193871	0.8046784397080932
0.943823993804357	0.8675158652370284	0.7956936907956776
0.9400039693053932	0.8741813532948478	0.7868948758847599
0.9362967981963597	0.8805619963170959	0.7783007540410719
0.9327089403669651	0.8866550921266214	0.7699299664061492
0.9292465774749694	0.8924583154165452	0.7618009979553887
0.9259156086351004	0.8979696809737999	0.7539321342956797
0.9227216466963828	0.9031875091778779	0.7463414132014974
0.9196700150574034	0.9081103937015159	0.7390465706877749
0.9167657449705826	0.9127371713435714	0.7320649815401937
0.9140135732883891	0.9170668939279363	0.7254135943685583
0.9114179406065581	0.9210988022059355	0.7191088614152213
0.9089829897617153	0.9248323017032464	0.7131666635352581
0.9067125646433092	0.9282669404559325	0.7076022309637825
0.9046102092823949	0.9314023885837072	0.702430060692295
0.9026791671825231	0.9342384196520274	0.6976638314824508
0.9009223808607647	0.9367748937780768	0.6933163177428306
0.8993424915696968	0.9390117424391227	0.6893993036717954
0.8979418391739716	0.940948954945144	0.6859234992163514
0.8967224621578654	0.942586566541023	0.6828984595022943
0.8956860977429497	0.9439246481069788	0.6803325094448655
0.8948341820977167	0.9449632974292992	0.6782326752437151
0.8941678506236407	0.9457026320168002	0.6766046243957593
0.8936879383047446	0.9461427834418146	0.6754526157226527
0.8933949801102806	0.9462838931878697	0.6747794607080632
0.8932892114426209	0.9461261099895681	0.6745864971799062
0.8933705686249065	0.9456695886535321	0.6748735760642645
0.893638689425413	0.94491449035259	0.6756390615944494
0.8940929136179914	0.9438609843886993	0.6768798449966297
0.8947322835803143	0.9425092514233733	0.6785913713101621
0.895555544934049	0.9408594881776391	0.6807676786537948
0.8965611472334571	0.9389119136067672	0.6834014489346644
0.8977472447113343	0.9366667765582026	0.6864840687294782
0.8991116970936287	0.9341243649242703	0.6900056988571459
0.90065207049654	0.9312850163043331	0.6939553510161666
0.9023656384223874	0.9281491301941491	0.6983209697809157
0.9042493828730511	0.9247171817232038	0.703089518237239
0.9062999956023339	0.9209897369637884	0.7082470655845413
0.9085138795311339	0.9169674698385636	0.7137788751311385
0.9108871503518787	0.9126511806562958	0.719669491252281
0.9134156383511868	0.9080418163083813	0.7259028240551827
0.9160948904822199	0.9031404921617053	0.7324622306915095
0.9189201727206009	0.8979485156863155	0.7393305924645442
0.9218864727400854	0.8924674118593271	0.7464903870861005
0.9249885029463633	0.8866989503894449	0.7539237556391343
0.9282207039093672	0.8806451748094516	0.7616125639894463
0.9315772482362631	0.8743084334869994	0.7695384585591818
0.9350520449288332	0.8676914126069978	0.7776829165229139
0.9386387442701946	0.8607971711817922	0.7860272906123692
0.942330743286684	0.8536291781481044	0.7945528488179543
0.9461211918312218	0.8461913516122425	0.8032408093548425
0.9500029993345204	0.8384881003072531	0.8120723713198921
0.9539688422700484	0.8305243673272396	0.8210287415050146
0.958011172377691	0.8223056762047343	0.8300911578550132
0.9621222256894923	0.8138381793963639	0.839240910065743
0.9662940323986998	0.8051287092395506	0.848459357814033
0.970518427610521	0.7961848314379179	0.8577279470964088
0.9747870630095284	0.7870149011244936	0.8670282251313156
0.9790914194744679	0.7776281215384908	0.8763418542511153
0.9834228206663547	0.7680346053318564	0.8856506251772054
0.9877724476101548	0.7582454384939487	0.8949364700355646
0.9921313542840589	0.7482727468441606	0.9041814754319937
0.9964904842233823	0.7381297649900018	0.9133678958672131
1.0008406881384877	0.7278309075783482	0.922478167732556
1.005172742537866	0.71739184257572	0.9314949240878169
1.0094773693386836	0.7068295661941694	0.9404010103843501
1.0137452564377614	0.6961624789262891	0.9491795012590811
1.0179670792061783	0.6854104619587278	0.9578137184889661
1.0221335228605748	0.6745949529902813	0.9662872501607913
1.0262353056538578	0.6637390201793716	0.9745839710781998
1.0302632028175165	0.6528674325775751	0.982688064396572
1.0342080711772295	0.6420067249624472	0.9905840444469621
1.03806087435305	0.6311852544575078	0.9982567806828004
1.041812708445297	0.6204332457166101	1.0056915226575565
1.0454548280975318	0.6097828207564111	1.0128739259181354
1.048978672818785	0.5992680087555302	1.019790078677496
1.0523758934386773	0.588924730326135	1.0264265291109196
1.055638378561391	0.5787907499443454	1.0327703131036279
1.0587582808777605	0.5689055894634127	1.0388089822630822
1.0617280431891458	0.5593103950183612	1.0445306319974246
1.0645404239924332	0.5500477492829269	1.0499239294521778
1.0671885224725155	0.5411614211094222	1.0549781410905836
1.0696658027470856	0.5326960452444347	1.059683159698876
1.0719661172085966	0.5246967262541959	1.064029530596398
1.0740837288098577	0.5172085631870129	1.0680084768317621
1.0760133321429959	0.5102760949733097	1.0716119231502481
1.0777500731664236	0.5039426711516766	1.0748325185242662
1.0792895674410143	0.49824975810534855	1.077663657047915
1.0806279167448438	0.49323619730503093	1.0800994970083568
1.081761723945577	0.48893743857702565	1.082134977960769
1.0826881060207325	0.4853847774463768	1.0837658356498385
1.0834047051285784	0.48260463030094364	1.0849886146389855
1.083909697646118	0.4806178836192097	1.0858006785284793
1.0842018011053922	0.4794393530742505	1.0862002176651118
1.0842802789749562	0.47907738454983106	1.0861862542688465
1.084144943249697	0.4795336220140003	1.0857586449255723
1.0837961548289428	0.4808029573376711	1.0849180804194645
1.0832348216798517	0.48287366553738875	1.0836660829031528
1.082462394800147	0.4857277168931533	1.082005000428624
1.081480862011162	0.4893412463518663	1.079937998886201
1.0802927396286655	0.4936851518045229	1.077469051422751
1.0789010620748218	0.4987257870618458	1.0746029254331355
1.0773093695097489	0.5044257129869223	1.0713451672405931
1.0755216935752294	0.5107444711105636	1.0677020846019265
1.073542541356106	0.5176393475895916	1.0636807271918112
1.0713768776765396	0.5250661007622525	1.0592888652370702
1.0690301058585707	0.532979631931323	1.054534966486117
1.066508047079159	0.5413345855628602	1.04942817171087
1.0638169184690252	0.5500858711964517	1.0439782689480945
1.060963310102153	0.5591891046019632	1.0381956666942997
1.057954161028685	0.5686009698747024	1.0320913662728886
1.0547967345061835	0.5782795071930793	1.0256769335942528
1.0514985925848577	0.5881843329498859	1.0189644705288674
1.0480675702014264	0.5982768000630966	1.011966586110236
1.0445117489338798	0.6085201066591334	1.0046963677787721
1.0408394305656024	0.618879361186505	0.9971673528694637
1.0370591106022298	0.6293216115281783	0.9893935005355172
1.033179451878387	0.6398158449765639	0.9813891642871955
1.029209258384176	0.6503329651243066	0.9731690653098547
1.025157449433136	0.6608457508865906	0.9647482667078234
1.021033034284502	0.6713288020604724	0.9561421488013565
1.016845087323101	0.6817584750775563	0.9473663855825143
1.012602723890285	0.6921128119363081	0.9384369224125556
