1.0	1.0	1.0
1.0057657720087623	0.9795701842763259	1.0144297060433192
1.0114620679960018	0.9588406369564356	1.0285664536118362
1.0170501641718739	0.9379428261840788	1.042324336494662
1.0224915421720029	0.9170224342567163	1.0556200808643148
1.0277481860928979	0.8962397525968753	1.0683733961589965
1.0327828899484819	0.8757697333812681	1.0805073361699011
1.0375595722435356	0.855801564283444	1.091948669623822
1.0420435938732353	0.8365376079411473	1.102628257858731
1.0462020751308	0.81819152972501	1.1124814357256485
1.050004207258618	0.8009854346890305	1.1214483906426511
1.0534215537319027	0.7851458584714996	1.1294745337975403
1.0564283363351974	0.7708985198229462	1.1365108568591282
1.0590017010945034	0.758461854452964	1.1425142672210709
1.0611219592705212	0.7480395130503862	1.147447894767192
1.062772798904929	0.7398122078777597	1.1512813634058294
1.0639414628393473	0.7339294998526796	1.1539910211569504
1.0646188896868591	0.7305022808723056	1.155560123364913
1.0647998149137847	0.7295967668263609	1.1559789646184264
1.0644828299642883	0.7312307315208446	1.1552449561462865
1.0636703982069833	0.7353724729074547	1.1533626467747466
1.0623688273720937	0.74194265082791	1.1503436869268353
1.0605881990487953	0.7508187498797887	1.146206736559322
1.058342256693413	0.7618415941981197	1.1409773193122608
1.0556482544295032	0.7748231437110841	1.1346876264334957
1.0525267696723937	0.7895547602818694	1.1273762751842125
1.0490014832593038	0.8058152272719333	1.11908802738515
1.045098931292586	0.8233779874053604	1.1098734744871732
1.0408482332946067	0.842017274073445	1.099788696013424
1.0362808015211906	0.8615130042470638	1.0888948984007585
1.0314300363855522	0.8816544503348814	1.0772580411519737
1.0263310129112564	0.902242805724058	1.0649484567920824
1.021020162971311	0.9230928093666672	1.0520404704041175
1.015534957795702	0.944033609872397	1.0386120235122394
1.00991359485959	0.9649090414937754	1.0247443057987136
1.0041946928192067	0.9855774637003636	1.0105213966098163
0.9984169976635816	1.0059112904148815	0.9960299164548717
0.9926191027188594	1.0257963093001212	0.9813586867730615
0.9868391845985135	1.0451308683853895	0.9665983941876758
0.9811147566558123	1.0638249879111874	0.9518412533577837
0.9754824409807198	1.0817994397163344	0.9371806604660661
0.9699777595055102	1.098984824458296	0.9227108274706045
0.9646349443522747	1.1153206678991632	0.9085263856532662
0.959486767178719	1.1307545508193533	0.8947219459099187
0.9545643869607916	1.1452412822981188	0.8813916028742114
0.9498972153936622	1.1587421226672263	0.8686283705970513
0.9455127988959463	1.1712240600358619	0.8565235393705419
0.9414367160634289	1.1826591426189648	0.8451659466072875
0.9376924893338722	1.1930238679670568	0.8346411596002897
0.934301509588688	1.20229862943903	0.8250305744884934
0.9312829724244576	1.2104672197696866	0.8164104436252059
0.9286538248712964	1.2175163912828224	0.8088508523201792
0.9264287214097127	1.22343547213356	0.8024146748524037
0.9246199882369817	1.2282160378922844	0.7971565477352005
0.9232375948527758	1.2318516377804012	0.7931219043160371
0.9222891321671147	1.2343375749164571	0.7903461177865527
0.9217797964776471	1.235670740016469	0.7888537986693844
0.9217123788146315	1.2358494981045165	0.7886582873896533
0.9220872593082052	1.2348736279208232	0.7897613727925338
0.92290240639171	1.2327443138580356	0.7921532542621327
0.9241533808154743	1.2294641904063603	0.795812749839617
0.9258333446063025	1.2250374392390486	0.8007077371987286
0.9279330752677567	1.2194699392159842	0.8067958003334894
0.9304409856737683	1.2127694697190323	0.8140250438933019
0.9333431502613942	1.2049459678520316	0.8223350302856817
0.9366233382753176	1.1960118401333337	0.8316577923221016
0.9402630549539962	1.1859823293703222	0.8419188760327782
0.9442415916714241	1.1748759374210094	0.8530383735420703
0.9485360861547979	1.1627149045007494	0.8649319134998812
0.9531215939817644	1.1495257455583827	0.8775115853493
0.9579711726156025	1.1353398439915654	0.8906867826235841
0.9630559792565282	1.120194102546452	0.9043649586765431
0.9683453837660682	1.1041316505819514	0.9184522952038325
0.97380709785311	1.087202605873553	0.932854289321129
0.9794073215894108	1.0694648876464707	0.9474762687653849
0.9851109081445855	1.0509850753701575	0.9622238470770075
0.9908815473929523	1.0318393047569143	0.9770033316037107
0.9966819687459283	1.0121141880465496	0.9917220970875622
1.0024741632050729	0.9919077395967404	1.0062889367088896
1.0082196242160781	0.9713302795164395	1.0206144009991218
1.0138796064395474	0.950505276996538	1.034611133202189
1.0194154010498813	0.9295700805344457	1.0481942076272384
1.024788625641539	0.908676463992505	1.06128147542571
1.0299615262778248	0.8879908953472266	1.073793920144549
1.0348972886790648	0.8676944098407333	1.085656023431393
1.0395603550345032	0.8479819431454302	1.096796139455096
1.0439167424565827	0.829060957227451	1.1071468750000673
1.0479343586989558	0.8111491786433144	1.1166454708293363
1.0515833104513268	0.7944712757770838	1.1252341788145368
1.0548361993240158	0.7792543400705186	1.1328606285197271
1.0576684005588484	0.7657221186688796	1.1394781764119868
1.0600583195625342	0.7540880796833604	1.1450462306599534
1.061987621560905	0.7445475731873737	1.1495305445692006
1.0634414300183954	0.737269560540924	1.1529034720796976
1.0644084899518462	0.7323885809675478	1.1551441793959203
1.0648812928797655	0.7299977519227359	1.1562388077061543
1.0648561608702223	0.730143603916752	1.1561805830373406
1.0643332879598693	0.7328233997592787	1.1549698705411418
1.0633167380861668	0.7379852943984861	1.1526141718652931
1.0618143995746145	0.7455313136807694	1.1491280656769576
1.0598378971210838	0.7553227577425554	1.1445330928147348
1.057402463074622	0.7671873547158118	1.138857588896313
1.0545267706285244	0.780927357232017	1.132136468444991
1.051232732240311	0.7963277942015561	1.1244109656704655
1.0475452672022907	0.8131642284613814	1.1157283379036507
1.043492042756749	0.831209571209806	1.1061415383058102
1.0391031934827348	0.8502397121843374	1.095708864821334
1.0344110238703592	0.8700379017411921	1.0844935924022343
1.0294496990451796	0.8903979489554698	1.0725635952907513
1.0242549285169287	0.9111263768563322	1.0599909656023128
1.0188636476158615	0.932043710308426	1.0468516336100817
1.0133137009625954	0.9529850760776626	1.0332249940069427
1.0076435319126613	0.9738002801440824	1.019193541030299
1.0018918814459212	0.9943535037762129	1.004842513705813
0.996097499455046	1.0145227337373135	0.9902595506329962
0.9902988708474318	1.0341990171240836	0.9755343517438848
0.9845339583310361	1.0532856096692658	0.9607583423759988
0.9788399632243481	1.071697068522413	0.9460243328918218
0.9732531051292695	1.089358326470465	0.9314261650537257
0.967808420845365	1.1062037738205652	0.9170583345610972
0.9625395824940401	1.1221763661622028	0.9030155777461535
0.9574787344680166	1.1372267703781478	0.8893924096136802
0.9526563485284344	1.1513125570745826	0.8762826004357666
0.9481010961399355	1.164397444630603	0.8637785792301373
0.9438397369618193	1.176450597995717	0.8519707549036833
0.9398970222976926	1.1874459839401963	0.8409467498229724
0.936295612242418	1.1973617835013015	0.8307905461654399
0.9330560052481149	1.2061798617338562	0.8215815525229576
0.9301964788544177	1.2138852944703014	0.8133936065572362
0.9277330403859224	1.2204659515556555	0.8062939384563925
0.9256793865056258	1.2259121358995189	0.8003421286544173
0.9240468706214652	1.2302162776476284	0.7955891006772678
0.9228444772686556	1.2333726827964693	0.7920761949120241
0.9220788027289727	1.2353773356398814	0.7898343705031041
0.9217540412957649	1.2362277545344882	0.7888835797292824
0.9218719767473676	1.2359229005920942	0.7892323518996145
0.9224319787494971	1.234463139044601	0.790877612467383
0.9234310040673701	1.2318502531742204	0.7938047487893827
0.9248636026293949	1.2280875108530862	0.7979879183472063
0.926721928645077	1.2231797838863312	0.8033905801289521
0.9289957571390419	1.2171337204956558	0.8099662169874313
0.9316725064192529	1.2099579714104967	0.8176592074970208
0.9347372671486177	1.201663470144253	0.8264058008801384
0.938172838832635	1.1922637681155277	0.8361351480535298
0.9419597746682266	1.1817754253185484	0.8467703452453896
0.946076435816341	1.1702184572387953	0.8582294530245103
0.9504990562585101	1.1576168386298602	0.8704264618251315
0.9552018194697873	1.1439990645879154	0.8832721840127988
0.9601569481814658	1.1293987690409684	0.896675061246543
0.9653348085103978	1.1138554002540548	0.9105418836330244
0.9707040296914629	1.097414952156913	0.9247784234987996
0.9762316405598815	1.0801307491120755	0.9392899913407303
0.9818832237856396	1.0620642799981739	0.95398192466464
0.9876230886593481	1.0432860749665485	0.9687600221376866
0.9934144629651942	1.023876614646883	0.9835309359859202
0.9992197041519714	1.0039272565518382	0.9982025351188591
1.005000529629692	0.9835411564920682	1.012684250305829
1.0107182655818783	0.9628341534106021	1.026887411087002
1.0163341132001087	0.9419355735884194	1.0407255821633652
1.0218094307286476	0.9209888941263135	1.0541149049258265
1.0271060291668133	0.9001521856756786	1.0669744476725993
1.032186478931743	0.8795982308214383	1.079226566016365
1.037014424253236	0.8595141885691912	1.0907972730669355
1.0415549015759902	0.8401006499346125	1.1016166172430648
1.0457746578042226	0.821569909873123	1.111619064058165
1.0496424638607107	0.8041432747855602	1.120743876969137
1.0531294187669096	0.7880472434906246	1.1289354913978968
1.056209239300797	0.7735084553428954	1.1361438753472923
1.0588585302688949	0.7607474029632515	1.1423248696459922
1.0610570305483498	0.74997106269445	1.1474405007724018
1.0627878303185805	0.7413647934806681	1.151459259419592
1.064037555308332	0.7350840652266633	1.154356338457125
1.0647965144252294	0.7312467524901827	1.156113824698102
1.0650588077971666	0.7299268107711417	1.156720839858724
1.0648223930182925	0.7311500928442897	1.156173627262925
1.064089108232255	0.7348928466305962	1.154475582149016
1.0628646515731526	0.7410830965382642	1.1516372248260816
1.061158517389359	0.7496047222859726	1.1476761173490273
1.0589838905651143	0.7603037059009461	1.1426167257752877
1.0563575010984914	0.7729957954740114	1.13649023137706
1.053299441863206	0.7874747679037586	1.1293342953575207
1.0498329531508215	0.8035205491573048	1.1211927826102837
1.045984178139007	0.8209066226094976	1.1121154508275704
1.0417818938463816	0.8394063659436333	1.1021576117716811
1.0372572224068681	0.8587981559162151	1.091379771752365
1.0324433276246174	0.8788692379837971	1.0798472582845144
1.0273751017585473	0.8994184637284163	1.0676298395296384
1.022088847342979	0.9202580566195852	1.0548013424520988
1.0166219585918692	0.94121458660987	1.041439274655782
1.011012606576418	0.9621293288627444	1.0276244536241288
1.0052994319294184	0.982858162555081	1.0134406455885498
0.999521248335953	1.0032711403694832	0.9989742145269772
0.9937167595403841	1.023251833300508	0.9843137798847693
0.9879242920546836	1.042696531704921	0.9695498795656702
0.9821815452120362	1.0615133634390277	0.9547746326288594
0.9765253596890224	1.0796213737263431	0.9400813940388654
0.9709915051336007	1.0969495988060372	0.9255643918655041
0.9656144870955702	1.113436155897698	0.9113183356713666
0.9604273730692533	1.129027364990225	0.8974379836413658
0.9554616371298287	1.1436769128684712	0.8840176555240822
0.9507470223774057	1.1573450661576095	0.8711506789159491
0.9463114201964529	1.1699979376106837	0.8589287580809544
0.9421807651904046	1.181606808094147	0.847441257588096
0.9383789445583957	1.1921475055176545	0.836774397719666
0.9349277206380787	1.201599841145389	0.8270103648751305
0.9318466653395969	1.2099471031997475	0.818226347890097
0.9291531052347871	1.2171756073414286	0.8104935198779343
0.926862076136377	1.2232743034247147	0.8038759941754352
0.9249862860982853	1.228234437842589	0.798429791270721
0.9235360858846549	1.2320492707651012	0.7942018600812105
0.9225194460870874	1.234713847616282	0.7912292004904463
0.9219419402125658	1.2362248242157265	0.7895381336995277
0.921806733215425	1.23658034512017	0.7891437621722083
0.9221145751028162	1.2357799748297136	0.7900496518143519
0.9228637994023975	1.2338246816660365	0.7922477562573542
0.924050326441927	1.2307168742799497	0.7957185880443909
0.9256676715517826	1.2264604908973946	0.8004316258825815
0.9277069584619573	1.2210611415610146	0.8063459327588236
0.9301569383234578	1.2145263037629495	0.8134109482321049
0.9330040149385519	1.2068655719873222	0.8215674107253051
0.9362322769327379	1.1980909617806654	0.8307483626134851
0.939823537740751	1.1882172690362724	0.8408801921594625
0.9437573844057384	1.1772624852023297	0.8518836711649711
0.9480112363005105	1.1652482690875743	0.8636749545386553
0.9525604149673949	1.1522004758193731	0.8761665166710801
0.9573782263329559	1.1381497432750813	0.8892680084718964
0.9624360565795718	1.1231321359116153	0.9028870272953229
0.9677034829413192	1.1071898452934157	0.9169297991581664
0.9731484006306891	1.090371945670312	0.9313017783131953
0.9787371669897982	1.072735201550673	0.9459081732861232
0.9844347637903462	1.0543449221674122	0.9606544109959496
0.9902049783773509	1.0352758547957275	0.9754465517446061
0.9960106040612218	1.0156131047236816	0.9901916679255927
1.00181365981177	0.995453063881944	1.0047981985173393
1.0075756288995914	0.9749043221989581	1.019176290034637
1.0132577156710574	0.9540885250855022	1.0332381328191318
1.0188211191420455	0.9331411264838987	1.0468982995298592
1.0242273215647302	0.9122119691801387	1.0600740905839332
1.029438389576297	0.8914656024638883	1.0726858892015414
1.0344172849960371	0.8710812223487281	1.084657526708738
1.0391281818176246	0.8512520933082778	1.0959166569069436
1.0435367854676145	0.8321842866448547	1.1063951366757498
1.0476106499908575	0.8140945555863627	1.1160294085708231
1.0513194884996622	0.7972071703698098	1.1247608800382298
1.0546354720055038	0.7817495697739958	1.13253629301005
1.0575335116563684	0.7679467611399269	1.1393080770866748
1.0599915194420644	0.7560145275046953	1.1450346792547381
1.0619906426116668	0.7461516768155385	1.1496808631346656
1.0635154673737177	0.7385317764649081	1.1532179710886796
1.0645541879166485	0.7332950185570454	1.155624143130392
1.0650987373836802	0.7305410030051256	1.1568844874336346
1.065144878146542	0.7303232503168838	1.1569911983051573
1.064692249523671	0.7326461274703331	1.1559436187198036
1.0637443719545143	0.737464593422767	1.1537482458678165
1.0623086075422352	0.7446867985782016	1.1504186795775346
1.0603960777809462	0.754179192056851	1.1459755148958304
1.058021540158702	0.7657734920056838	1.140446181475949
1.0552032261435709	0.7792747180779945	1.1338647336827032
1.051962643789809	0.7944694848714492	1.1262715964273173
1.0483243488214171	0.8111338801639753	1.1177132726436971
1.044315688543443	0.8290404475821328	1.1082420189772
1.0399665232855895	0.8479640038214222	1.0979154966471034
1.0353089302925722	0.8676862042702809	1.0867964045448484
1.0303768950420633	0.8879989066295617	1.074952101430362
1.0252059949005856	0.9087064661674775	1.0624542235852925
1.0198330798320854	0.9296271360064272	1.0493783034794217
1.014295954568978	0.9505937533512147	1.0358033939165252
1.0086330662600926	0.9714538799760731	1.021811700766972
1.0028832011449886	0.9920695424575944	1.0074882257918876
0.9970851932910919	1.0123166914781567	0.9929204192513496
0.9912776478903154	1.0320844742396442	0.9781978400110035
0.985498681065338	1.0512743917807772	0.9634118187756158
0.9797856776006454	1.069799394577004	0.9486551179612133
0.9741750675054166	1.0875829552071514	0.9340215796706229
0.9687021218471265	1.1045581456758475	0.9196057513916908
0.9634007678760752	1.1206667386108333	0.9055024775594093
0.958303423098666	1.1358583454256412	0.891806444215262
0.953440847654972	1.1500896001282883	0.8786116638942403
0.9488420141151778	1.163323394331658	0.8660108888261951
0.944533993628792	1.175528166837949	0.8540949428011689
0.9405418572371637	1.1866772496660967	0.842951965820006
0.9368885910894175	1.1967482713729574	0.8326665710345005
0.9335950242790018	1.2057226178449334	0.8233189204163723
0.9306797680366315	1.2135849503056846	0.8149837337985923
0.9281591650691888	1.2203227800264171	0.8077292548549897
0.9260472479169747	1.2259260990883276	0.8016162063982805
0.9243557053077519	1.2303870664974734	0.7966967750308271
0.9230938556100325	1.2336997489665666	0.7930136705177073
0.922268626625503	1.2358599157388257	0.7905993071843277
0.921884541107548	1.23686488692367	0.7894751523812843
0.92194370754651	1.2367134349332733	0.7896512803199827
0.9224458159202599	1.2354057387452793	0.7911261587166499
0.9233881382690616	1.232943390863934	0.7938866817007483
0.9247655341152119	1.2293294570036937	0.7979084468888066
0.9265704609092931	1.2245685886705149	0.8031562592169007
0.9287929898448802	1.218667188960959	0.8095848308409369
0.9314208275406922	1.211633632032017	0.817139636574554
0.9344393442415755	1.2034785368085295	0.8257578787819826
0.9378316093348276	1.1942150955823	0.8353695145525221
0.9415784351130083	1.1838594582073139	0.8458983009158402
0.9456584298345314	1.172431172595452	0.8572628199233442
0.9500480612342663	1.1599536821479257	0.8693774534961655
0.9547217317126718	1.146454880592804	0.8821532868790387
0.9596518664776926	1.1319677244003128	0.8954989283411051
0.9648090159225496	1.1165309024601997	0.9093212406741725
0.9701619734883729	1.1001895619510713	0.9235259865792242
0.9756779101774467	1.0829960881994305	0.9380183949850432
0.9813225267454421	1.0650109346616856	0.9527036586988312
0.98706022440533	1.0463034967543237	0.9674873756825515
0.992854294619163	1.02695301982287	0.9822759468991031
0.9986671282360794	1.0070495267117492	0.9969769433319112
1.0044604438575317	0.9866947437151777	1.0114994537008637
1.010195534878424	0.9660029946096745	1.0257544228038378
1.0158335341730262	0.9451020203993055	1.039654988499334
1.0213356948777155	0.9241336667927674	1.0531168232684658
1.0266636851823094	0.9032543619339202	1.0660584841763399
1.031779894494303	0.882635283680748	1.0784017729877433
1.0366477478043845	0.8624620898703363	1.0900721062511431
1.041232024577694	0.8429340591618	1.100998893402324
1.0454991780448446	0.8242624690987086	1.1111159193955171
1.0494176503912969	0.806668029691725	1.1203617270770512
1.0529581790637188	0.7903772057116958	1.1286799934979939
1.0560940892457686	0.7756173114631256	1.136019893634744
1.0588015675182623	0.7626103594524526	1.1423364445600863
1.0610599118204824	0.7515657942034162	1.1475908229846152
1.062851753075707	0.7426724366523726	1.151750649264654
1.0641632442341797	0.7360901763697473	1.1547902314343133
1.0649842130137332	0.7319421318640289	1.1566907635438615
1.0653082752687952	0.7303080956464738	1.1574404735429704
1.0651329066734438	0.7312200399892355	1.1570347170962596
1.064459471239182	0.7346602612293593	1.1554760150133108
1.0632932060749352	0.740562411621987	1.1527740333635998
1.0616431627045098	0.7488152794219614	1.1489455067726015
1.0595221061533555	0.7592688230626468	1.1440141068010437
1.0569463738706049	0.7717417246706078	1.1380102586381906
1.0539356973346825	0.7860296423253005	1.1309709105383998
1.0505129898756913	0.8019134016820401	1.1229392614494718
1.0467041048144043	0.819166531672593	1.1139644530797113
1.0425375684509002	0.837561758000772	1.104101233194389
1.0380442927266975	0.8568762710298926	1.0934095971963271
1.033257272530064	0.8768957487827386	1.0819544150134492
1.028211272618486	0.8974172283387083	1.0698050499806824
1.0229425090040842	0.9182509820259267	1.0570349757650976
1.0174883294007715	0.9392215786670155	1.0437213964493919
1.011886896983546	0.9601683072874333	1.0299448736745924
1.006176881280462	0.9809451224606652	1.0157889632697124
1.0003971595277978	1.0014202454228764	1.0013398620930278
0.9945865312904092	1.0214755288903345	0.9866860639147191
0.9887834486030577	1.0410056693707255	0.9719180211337313
0.9830257633440018	1.0599173301489373	0.9571278070086786
0.9773504930264088	1.0781282214237378	0.9424087709804383
0.9717936057006111	1.095566171039078	0.927855177686767
0.9663898242123484	1.1121682093784242	0.913561818563386
0.961172449667279	1.1278796846799226	0.8996235836742765
0.9561732036156576	1.1426534197210318	0.8861349808346458
0.9514220881957721	1.1564489170280994	0.873189589429126
0.9469472632606596	1.1692316170957748	0.8608794378405749
0.9427749393578426	1.1809722122472128	0.8492942963244839
0.9389292853326597	1.1916460174984502	0.8385208816553532
0.9354323492773123	1.2012323989397846	0.8286419759726261
0.9323039915442467	1.209714259591436	0.8197354698123862
0.9295618285777304	1.2170775823436106	0.8118733479275237
0.9272211863852027	1.223311029391593	0.805120645496439
0.925295062564093	1.2284055974823336	0.7995344107603605
0.9237940959147388	1.2323543282707168	0.795162716892614
0.9227265428008119	1.2351520731206744	0.7920437698380207
0.922098259561081	1.2367953117637271	0.790205158986718
0.9219126904269385	1.2372820243345148	0.7896632932761799
0.9221708605561897	1.236611616430915	0.7904230566368342
0.9228713739530735	1.2347848969884974	0.7924777042651171
0.9240104162057658	1.2318041089092242	0.7958090062973716
0.9255817621344166	1.2276730125368658	0.8003876297741093
0.9275767886039186	1.2223970222209883	0.8061737351701712
0.9299844929147598	1.2159833963519628	0.8131177518752636
0.9327915173408349	1.2084414813749624	0.8211612890236889
0.9359821805328111	1.199783010394242	0.8302381345371511
0.9395385166467508	1.1900224570512958	0.8402752960456522
0.9434403231865914	1.1791774453902888	0.8511940418225419
0.9476652186614718	1.16726921639586	0.8629109069872108
0.9521887112496634	1.154323151780105	0.8753386388336148
0.9569842797243525	1.1403693553759155	0.8883870641365516
0.9620234679265969	1.1254432921179602	0.9019638697711949
0.9672759940611411	1.109586483995857	0.915975295323443
0.9727098760352547	1.09284726145469	0.9303267422129853
0.9782915739536906	1.0752815673668583	0.9449233080804489
0.9839861507194546	1.0569538087276351	0.9596702578676775
0.9897574514669234	1.0379377483926435	0.9744734443258023
0.9955683022692322	1.0183174251585854	0.9892396908587178
1.0013807282162794	0.9981880848796204	1.0038771489053517
1.0071561905561826	0.9776570976099128	1.0182956407250232
1.0128558421373974	0.9568448253940507	1.0324069966888867
1.0184407998898581	0.9358853917005694	1.0461253941736228
1.0238724325532718	0.9149272861229915	1.0593677030420698
1.0291126613140011	0.8941337166947034	1.0720538405884994
1.0341242704662272	0.8736825974954886	1.0841071368069035
1.038871224687975	0.8537660328833327	1.0954547089718352
1.0433189890391528	0.8345891352387844	1.1060278428508168
1.0474348473687212	0.8163679966792385	1.1157623764315556
1.0511882144826488	0.7993266358741853	1.124599080874
1.0545509371931592	0.7836927705733555	1.1324840325071772
1.0574975792598558	0.7696923372398624	1.1393689690975841
1.0600056852577515	0.7575428005999261	1.1452116233265155
1.0620560185743313	0.7474454681065088	1.1499760264274637
1.0636327690501357	0.7395772313952973	1.1536327752428095
1.0647237262314755	0.7340823627140721	1.1561592565439671
1.0653204147898705	0.7310651456569777	1.1575398232945477
1.0654181893645915	0.7305841588967646	1.1577659185869567
1.0650162868806436	0.7326489193144591	1.1568361442062107
1.064117835258329	0.7372193268474767	1.1547562721211406
1.06272981833244	0.7442079860443287	1.1515391986181667
1.060862997707493	0.7534850939147069	1.1472048422193069
1.0585317931581917	0.764885272043839	1.1417799879064396
1.0557541240108304	0.7782155481937163	1.1352980814522675
1.0525512146837337	0.7932636771257459	1.1277989787832323
1.0489473681994481	0.8098061053862743	1.119328656225066
1.0449697119898416	0.827615076805018	1.1099388881693573
1.0406479206851438	0.8464645874142376	1.099686899119565
1.036013920803179	0.86613508687795	1.0886349972062315
1.0311015823358243	0.8864169649739441	1.0768501960914778
1.0259464021721532	0.9071129509826542	1.0644038317083575
1.0205851841131162	0.9280395976389129	1.05137117950522
1.0150557199365042	0.9490280314746243	1.0378310768000103
1.0093964755820766	0.9699241402433197	1.023865553512255
1.0036462860658764	0.9905883458582199	1.009559472956313
0.9978440622215482	1.010895085120185	0.9950001825811905
0.9920285118263242	1.030732094927799	0.980277172572985
0.9862378771206324	1.0499995759879266	0.9654817381525417
0.980509690191362	1.068609290184516	0.9507066392780387
0.974880547175701	1.0864836317618511	0.9360457493987264
0.9693859017682303	1.103554700940213	0.9215936830303404
0.96405987808868	1.1197633999373409	0.9074453903977814
0.9589351025984998	1.1350585650285472	0.8936957064161268
0.9540425544452308	1.1493961437095248	0.8804388410895347
0.9494114333661001	1.1627384227842026	0.8677677992525682
0.9450690440953811	1.1750533109324548	0.8557737197100579
0.9410406960911006	1.1863136777489773	0.8445451274584337
0.9373496173213239	1.1964967501841663	0.8341670979082386
0.9340168808231305	1.205583566614055	0.8247203388330117
0.9310613427625072	1.2135584883145838	0.8162802038839847
0.9284995907744071	1.2204087678418751	0.8089156604075617
0.9263459014429473	1.2261241736731492	0.8026882431805561
0.9246122058862439	1.2306966704065536	0.797651033500501
0.9233080625333758	1.2341201538274889	0.7938477086776432
0.9224406363177973	1.2363902402062485	0.7913117092700607
0.9220146836583045	1.2375041092841983	0.7900655695559429
0.9220325427523043	1.2374604005235696	0.7901204504051033
0.9224941288642128	1.236259162331581	0.7914759031858444
0.9233969344525196	1.233901854116477	0.7941198795773458
0.9247360341409453	1.230391401185383	0.7980289866557939
0.9265040947010005	1.2257323026460176	0.8031689711949088
0.9286913903738898	1.2199307926207348	0.8094954035654086
0.9312858240176669	1.2129950552161826	0.8169545214008321
0.9342729547189453	1.2049354938084726	0.8254841872221518
0.9376360326548759	1.1957650552943266	0.8350149127178318
0.9413560421273394	1.185499610013285	0.8454709049716185
0.9454117538134402	1.174158388051586	0.8567710957595619
0.949779787379741	1.1617644725765224	0.8688301229869715
0.9544346856868536	1.1483453506951544	0.8815592422518087
0.9593490018600765	1.1339335220461817	0.8948671553827436
0.9644934005144841	1.1185671648653326	0.9086607508263779
0.9698367743929361	1.1022908585367184	0.9228457574456939
0.9753463775968708	1.085156360547445	0.9373273184002093
0.980987976457159	1.0672234341498628	0.9520104952811387
0.9867260189014928	1.0485607206988046	0.9668007146964509
0.9925238229230751	1.0292466472931665	0.9816041702546838
0.998343784442014	1.0093703556514422	0.9963281926342569
1.0041476044774316	0.9890326316363103	1.010881599399238
1.0098965351191544	0.9683468059743895	1.025175034663279
1.0155516433101979	0.947439584900681	1.039121306807402
1.0210740909353573	0.9264517541287777	1.0526357303845066
1.026425429170392	0.905538680334345	1.0656364762197286
1.0315679044966835	0.8848705113369816	1.0780449316375926
1.0364647732464332	0.8646319503704418	1.0897860707876224
1.0410806210339154	0.8450214537314265	1.1007888332550564
1.0453816829705038	0.8262496793702885	1.1109865075749126
1.0493361601768318	0.8085370041155386	1.120317114948108
1.0529145278152139	0.7921099396395539	1.128723787412114
1.0560898296879762	0.7771963244133627	1.1361551339631974
1.0588379543979627	0.7640192624566621	1.1425655876733756
1.061137888157238	0.752789925615923	1.1479157266962696
1.0629719395646569	0.7436995279089267	1.152172562207803
1.0643259320523708	0.7369109930993276	1.155309786767336
1.0651893602189766	0.7325510249924764	1.1573079772907542
1.0655555069101057	0.7307033963121347	1.1581547477687189
1.06542151865701	0.7314042441118684	1.1578448480018766
1.0647884379161148	0.7346399738418022	1.1563802059140316
1.0636611914394765	0.7403480529334114	1.1537699123920213
1.0620485350166704	0.7484205865492859	1.1500301490312042
1.0599629557307626	0.7587102058052071	1.1451840605803145
1.0574205337329998	0.7710375456077296	1.1392615752217647
1.0544407663330522	0.7851994900061342	1.1322991770390303
1.0510463578979623	0.8009774136137598	1.1243396360622577
1.0472629796319928	0.8181448060675653	1.1154317021041533
1.0431190037556268	0.8364738746953299	1.105629769165911
1.0386452169055667	0.8557409261548987	1.0949935174815768
1.0338745177355095	0.8757304963634374	1.0835875402618138
1.0288416037128534	0.8962383152149418	1.0714809618862526
1.0235826519878586	0.9170732595620927	1.0587470536773778
1.01813499897267	0.9380584745471656	1.045462852475538
1.0125368229251606	0.9590318421759542	1.0317087860385585
1.0068268334066766	0.9798459585884599	1.0175683078316644
1.0010439709948062	1.0003677566415472	1.0031275420826096
0.9952271201039699	1.0204778840727637	0.9884749380904058
0.989414837219034	1.0400699230552954	0.9737009307429704
0.9836450962998142	1.0590495159730013	0.9588976020839859
0.9779550525846636	1.0773334451834533	0.944158336657696
0.9723808255240062	1.0948487011930856	0.9295774613642662
0.9669573011214134	1.111531563538491	0.9152498588219675
0.9617179535593114	1.1273267111575758	0.901270541936048
0.9566946856442835	1.1421863735734603	0.8877341767338941
0.9519176873260601	1.1560695303085162	0.8747345407866516
0.9474153113249731	1.1689411631936637	0.8623639059548155
0.943213964743071	1.180771564325665	0.850712337005948
0.9393380154306863	1.1915357011161967	0.83986690202874
0.9358097118281419	1.2012126389968878	0.8299107965589684
0.9326491149957399	1.2097850217687136	0.8209223908030983
0.9298740415779994	1.2172386092228684	0.8129742179141288
0.927500016513947	1.2235618714509633	0.8061319302844956
0.9255402343980306	1.22874563916142	0.8004532593503116
0.9240055285102443	1.232782809295967	0.7959870213380676
0.9229043466642849	1.2356681052738814	0.7927722155716288
0.9222427331647234	1.2373978912669177	0.7908372623919436
0.922024316314754	1.2379700400135119	0.7901994237994086
0.9222503010722949	1.237383853808205	0.7908644415509871
0.9229194666119606	1.2356400384442292	0.7928264152373168
0.9240281687120657	1.23274073003767	0.7960679280644465
0.9255703470480913	1.2286895748148967	0.8005604123558123
0.9275375376357181	1.2234918620954707	0.806264732019662
0.9299188908263573	1.2171547108448362	0.8131319470753244
0.9327011954144251	1.2096873102985797	0.8211042170244405
0.9358689095663257	1.2011012152657905	0.8301157959857701
0.9394041994234165	1.191410696794412	0.8400940730156018
0.9432869863616443	1.1806331489151287	0.8509606152773335
0.947495004004722	1.168789552157018	0.8626321786970119
0.9520038661806447	1.1559049944264888	0.875021659288347
0.956787147077345	1.1420092496303058	0.8880389673412413
0.9618164748862144	1.1271374140598105	0.9015918152240412
0.9670616402157665	1.111330599973705	0.9155864169988931
0.9724907205056422	1.0946366849310314	0.9299281040159513
0.9780702215677177	1.0771111141077503	0.9445218650028304
0.983765237221393	1.0588177509042995	0.9592728219530231
0.9895396277706395	1.039829768379586	0.9740866545145066
0.9953562177892288	1.0202305701136976	0.9888699858245803
1.0011770133380713	1.0001147236027197	1.0035307420849557
1.0069634383376085	0.979588881727652	1.0179784968665597
1.012676589364356	0.9587726576430157	1.0321248093918816
1.0182775076426989	0.937799405004123	1.0458835640435882
1.023727466472601	0.9168168382931395	1.0591713162351892
1.0289882717857333	0.8959874069166848	1.0719076476641918
1.0340225729740513	0.8754883121883277	1.0840155319354803
1.038794180605636	0.855511029896583	1.095421709656917
1.043268387153761	0.8362601763302596	1.106057070419264
1.0474122864384598	0.8179515383392946	1.1158570376158103
1.0511950871366784	0.8008090871726655	1.1247619508620246
1.0545884154773784	0.7850608230691465	1.132717439863349
1.0575666021189456	0.7709333654726745	1.1396747829642204
1.0601069482214098	0.7586453220648043	1.1455912433010031
1.062189965884009	0.748399639513499	1.1504303754756398
1.063799588422542	0.7403753452380507	1.1541622959572495
1.0649233464076402	0.7347192977037356	1.156763910988661
1.0655525059650335	0.7315387200328862	1.158219096598052
1.065682166536358	0.7308953400281853	1.1585188263579136
1.0653113160926373	0.7328018573295828	1.1576612437517753
1.0644428426560992	0.7372212022067273	1.155651677354234
1.0630835018897928	0.7440686861564781	1.152502598447432
1.0612438414267644	0.7532167560039579	1.1482335221299176
1.0589380834991864	0.7645017434657205	1.1428708543639277
1.0561839682618313	0.777731818989555	1.1364476886983161
1.0530025609554203	0.7926953337150106	1.1290035575443709
1.0494180266996338	0.809168842124371	1.120584143824286
1.0454573772240698	0.8269242876213702	1.1112409595180177
1.0411501942253942	0.8457350462120599	1.1010309980731494
1.0365283342737972	0.8653807148274847	1.090016367792477
1.0316256202815022	0.8856506759295044	1.078263913162516
1.0264775244962911	0.9063465627023303	1.0658448306286912
1.0211208478048166	0.9272837954993118	1.0528342845631404
1.01559339983931	0.9482923720619097	1.039311028119625
1.0099336839958406	0.9692170837963461	1.0253570323445962
1.004180591013253	0.9899173084768349	1.0110571253386418
0.9983731042510846	1.0102665035751353	0.9964986414709305
0.992550019263677	1.030151498626282	0.9817710786835201
0.986749679716874	1.0494716620827529	0.9669657598385324
0.981009731151753	1.068137998956457	0.9521754919331514
0.9753668935829714	1.0860722202818258	0.9374942149326703
0.969856753440834	1.1032058136731722	0.9230166300772712
0.9645135749364305	1.1194791354280218	0.908837795965179
0.9593701305553397	1.1348405381516602	0.8950526797012086
0.9544575500717858	1.1492455432076836	0.8817556501569658
0.9498051872233298	1.1626560639833061	0.8690399011702191
0.9454405029954329	1.1750396836371362	0.8569967945678217
0.9413889643328315	1.18636898939568	0.8457151164414118
0.9376739570163516	1.1966209643776695	0.8352802452595943
0.9343167114142151	1.2057764372029627	0.8257732371331793
0.9313362398300237	1.2138195891780617	0.8172698416144474
0.9287492842191292	1.2207375185678055	0.8098394702961409
0.9265702731247284	1.2265198613096118	0.8035441493915375
0.9248112867888271	1.2311584674660954	0.7984374953962486
0.9234820295157953	1.234647132718352	0.7945637586988185
0.9225898085029083	1.2369813842575896	0.7919569825092745
0.9221395184990703	1.2381583205240574	0.7906403228630916
0.9221336318067441	1.2381765043595017	0.7906255693588965
0.9225721933004649	1.2370359092748717	0.7919128959566274
0.9234528202963781	1.2347379186821241	0.7944908575200176
0.9247707072695612	1.2312853780918398	0.7983366323150658
0.9265186355782464	1.2266827004313714	0.8034164951789002
0.9286869885152609	1.220936024785801	0.8096864923599247
0.9312637721656126	1.2140534290002483	0.8170932785945302
0.9342346427033196	1.2060451967003887	0.8255750707663546
0.937582940907916	1.1969241393807344	0.835062670764094
0.9412897348184088	1.1867059742674222	0.8454805125549019
0.9453338715659172	1.17540975867098	0.8567476941832132
0.9496920395311284	1.1630583814868747	0.8687789632820588
0.9543388420536665	1.149679112352121	0.881485633587774
0.9592468839715662	1.1353042086884557	0.8947764188469886
0.9643868722839977	1.119971580404118	0.9085581786002622
0.9697277322028593	1.1037255113121696	0.9227365771009917
0.9752367397827861	1.0866174352472606	0.9372166618277676
0.9808796721890995	1.0687067632762541	0.9519033716369023
0.9866209764749567	1.050061756097249	0.9667019866976753
0.9924239574896023	1.0307604324323194	0.9815185331665758
0.998250985228365	1.0108914995841005	0.9962601553394246
1.00406372156332	0.9905552858949833	1.0108354670251734
1.0098233658655553	0.9698646460821364	1.025154892344519
1.0154909185528107	0.9489457987273527	1.0391310042690685
1.0210274610800854	0.92793904000655	1.0526788671448544
1.026394450348847	0.9069992586595089	1.0657163873152626
1.0315540249588107	0.8862961542902998	1.0781646738709971
1.0364693201834427	0.8660140352956358	1.0899484095831398
1.0411047880368454	0.8463510464511301	1.1009962302760594
1.0454265183371108	0.8275176540183111	1.1112411093129184
1.0494025562813165	0.8097342055374043	1.1206207425307226
1.0530032117510117	0.7932273925867519	1.1290779278991805
1.056201355383072	0.7782254901608081	1.1365609334060256
1.0589726963848587	0.7649523378191609	1.14302384620202
1.0612960371559486	0.7536201717788129	1.1484268958755244
1.0631535000074221	0.7444216078794426	1.1527367448653631
1.0645307216438908	0.7375212886276303	1.1559267394493313
1.0654170115869057	0.7330478988487416	1.1579771154428051
1.0658054713585605	0.7310873661888367	1.158875153677281
1.065693071992327	0.7316780415341563	1.1586152814636448
1.065080688270591	0.7348084748436537	1.1571991175333711
1.0639730889768668	0.7404180843064863	1.1546354593405783
1.0623788833643006	0.7484006281858802	1.150940213042721
1.060310424948621	0.75861002203616	1.1461362678996962
1.057783674601246	0.7708677839524614	1.1402533181827315
1.0548180257169602	0.784971284100966	1.1333276369110048
1.0514360949339994	0.8007020199361689	1.1254018067857174
1.047663482470823	0.817833294114803	1.1165244145253037
1.0435285065973143	0.8361368801329843	1.106749715386516
1.0390619170687696	0.8553884679719098	1.0961372749579128
1.034296592515442	0.8753718531095138	1.0847515953174105
1.0292672268013787	0.8958819519867864	1.072661732345434
1.0240100092522906	0.9167267960879262	1.0599409103793622
1.0185623034165767	0.9377286848584787	1.046666139490623
1.0129623286835128	0.958724677347683	1.0329178394770533
1.0072488486579447	0.979566585403915	1.0187794732110969
1.0014608697029679	1.0001206064815116	1.0043371902973717
0.9956373525328824	1.0202667076580108	0.9896794801084294
0.9898169391893961	1.0398978478046874	0.9748968312338084
0.9840376971843239	1.0589191036539372	0.960081392259034
0.9783368820594517	1.0772467482410846	0.9453266266727897
0.9727507191136433	1.0948073166785728	0.9307269526932727
0.9673142045905921	1.1115366839482534	0.9163773570520777
0.9620609262166507	1.1273791717767614	0.90237297045509
0.9570229026326977	1.1422866961150255	0.8888085917701043
0.9522304409799832	1.1562179627763773	0.8757781482145455
0.947712011677722	1.1691377159913496	0.8633740801900962
0.9434941392681011	1.1810160426935532	0.8516866421724895
0.9396013080988256	1.1918277340200574	0.8408031153896751
0.9360558815594585	1.2015517046148116	0.8308069339652925
0.9328780335798963	1.210170469737287	0.8217767336377146
0.9300856911311094	1.2176696798100326	0.8137853407162968
0.9276944865334117	1.2240377118246353	0.8068987279572439
0.9257177184698684	1.2292653169213177	0.8011749726165184
0.9241663207162675	1.2333453234322531	0.7966632589573769
0.9230488377293092	1.2362723947110752	0.7934029717948031
0.9223714063769679	1.2380428411455602	0.7914229282357708
0.922137743245802	1.2386544858557895	0.790740790980819
0.922349137116517	1.2381065837074452	0.7913626983089039
0.9230044463592053	1.2363997934121853	0.7932831337583787
0.9241001011617458	1.2335362026380219	0.7964850437602254
0.925630110667556	1.229519406206613	0.8009401957521326
0.9275860752610763	1.224354637605791	0.8066097544532936
0.929957204399724	1.218048954188789	0.813445041703004
0.9327303405480006	1.2106114765603306	0.8213884368077172
0.9358899899208524	1.2020536827568953	0.8303743703196697
0.939418360886512	1.1923897579054292	0.8403303645376468
0.94329541101039	1.1816370000803382	0.851178078159192
0.9474989038368217	1.1698162830575753	0.8628343194244537
0.9520044765996042	1.1569525765657922	0.8752120006166363
0.9567857201195547	1.1430755244274993	0.8882210158070447
0.9618142721816731	1.1282200806243947	0.9017690323266764
0.9670599256795166	1.1124272027478652	0.9157621939484313
0.9724907527638387	1.0957446014189198	0.9301057397891831
0.9780732461305922	1.0782275429558568	0.9447045473490441
0.9837724784251269	1.0599397006585458	0.9594636109435632
0.9895522805211552	1.0409540473285683	0.974288468224148
0.9953754391529294	1.0213537777405954	0.9890855877588831
1.0012039140372917	1.0012332443190524	1.0037627300163077
1.0069990742215889	0.9806988817592763	1.018229292803997
1.012721952939483	0.9598700861907913	1.0323966504788553
1.0183335197580459	0.9388800011135846	1.046178494247952
1.0237949682678849	0.9178761452367069	1.0594911787625299
1.0290680170181363	0.8970207963012716	1.0722540780861018
1.0341152208473328	0.8764910204092787	1.0843899520763012
1.038900289229062	0.8564782098879197	1.095825322324498
1.0433884077591395	0.837186967684976	1.1064908550965598
1.0475465584805834	0.8188331586102764	1.116321747250349
1.051343834395516	0.8016409462859316	1.1252581098995074
1.0547517432693188	0.7858386610473738	1.1332453436702414
1.0577444957093185	0.7716534109072994	1.1402344987728863
1.0602992725116822	0.7593044650089069	1.1461826127906738
1.062396466424879	0.7489956080476962	1.1510530190745083
1.064019893779253	0.7409068706716077	1.1548156189166812
1.0651569718769676	0.7351862503860419	1.157447111241534
1.0657988586154414	0.7319421973623119	1.1589311743713604
1.065940551514752	0.7312376913952708	1.1592585954668049
1.0655809441139423	0.7330866374755408	1.15842734446002
1.0647228385665788	0.7374530537063865	1.1564425906465197
1.0633729141724797	0.744253161377664	1.1533166615234725
1.061541652498429	0.7533600966164881	1.1490689449006444
1.0592432206335627	0.7646106396342321	1.1437257367071245
1.0564953149637972	0.7778131702372908	1.1373200382158473
1.0533189686057658	0.7927560297756794	1.129891307556177
1.0497383262899427	0.8092155763735653	1.1214851713357135
1.045780391005954	0.8269634095078315	1.1121531029066978
1.0414747471074413	0.8457724537375725	1.101952074259045
1.03685326481261	0.8654217842150713	1.0909441886791604
1.0319497911294602	0.8857002232980372	1.0791963011682812
1.0267998321873721	0.9064088316029333	1.0667796331616513
1.0214402317802076	0.9273624641831634	1.0537693873338305
1.015908850635799	0.9483905749534023	1.0402443672265904
1.0102442505413316	0.969337442527015	1.0262866051117532
1.0044853869945227	0.9900619687783367	1.0119809999266292
0.998671313538446	1.0104371752066301	0.9974149653270103
0.9928409003950832	1.030349496262139	0.9826780859345855
0.9870325694597685	1.0496979456932822	0.9678617777681596
0.9812840471744327	1.068393212684734	0.9530589467149786
0.9756321362782187	1.0863567291725074	0.9383636368170863
0.9701125069530887	1.1035197378668729	0.9238706582446272
0.9647595074498657	1.1198223816186506	0.9096751832643644
0.959605993904053	1.1352128282324998	0.8958722974851531
0.9546831787351099	1.1496464401197903	0.8825564934039988
0.9500204967692772	1.1630849948384372	0.8698210940400367
0.9456454880337867	1.1754959602254687	0.8577575964814875
0.9415836960366852	1.1868518262122991	0.8464549286960196
0.9378585802672527	1.19712949431568	0.8359986180915435
0.9344914416217621	1.2063097250682164	0.8264698770337638
0.9315013594720517	1.2143766431831837	0.8179446185850814
0.9289051391436896	1.2213172999629043	0.810492424618858
0.9267172686501266	1.2271212923048875	0.804175497396871
0.9249498836331516	1.2317804375982546	0.7990476336500834
0.9236127395827747	1.2352885038088164	0.795153266016137
0.9227131905466391	1.2376409941063509	0.7925266192460613
0.922256173686235	1.238834985478956	0.7911910270415726
0.9222441991914023	1.2388690208969084	0.7911584493408924
0.9226773452233907	1.2377430547243955	0.7924292195811057
0.9235532577182382	1.2354584512251954	0.7949920378425015
0.9248671550449881	1.2320180361618995	0.7988242103026474
0.9266118376760965	1.2274262016420452	0.8038921198997255
0.9287777031890552	1.221689064512885	0.8101518993394852
0.9313527670773818	1.2148146787436171	0.817550267080456
0.9343226900038542	1.2068133023531227	0.8260254806461411
0.937670812276786	1.1976977195348177	0.8355083598230819
0.9413781964681213	1.1874836186883657	0.845923334658769
0.9454236792162539	1.1761900270776688	0.8571894788378409
0.9497839333620868	1.163839802777896	0.8692214968820228
0.9544335416485231	1.1504601844258835	0.8819306425286215
0.9593450832653903	1.1360833990116874	0.8952255545576949
0.964489234537417	1.1207473274920228	0.9090130044579413
0.9698348850259649	1.104496227293865	0.9231985571229213
0.9753492702396196	1.0873815097024397	0.9376871509953685
0.9809981220190842	1.0694625685436092	0.9523836076894133
0.98674583747368	1.0508076542723552	0.9671930832354134
0.9925556670973306	1.031494784292498	0.9820214739198991
0.998389922380291	1.0116126756999	0.9967757894850081
1.0042102028605249	0.9912616802112005	1.0113645054616553
1.0099776421296967	0.9705546922731593	1.025697904871394
1.015653171830309	0.949617989647167	1.0396884176430723
1.0211978021627852	0.9285919505547438	1.0532509640149172
1.0265729168774789	0.9076315723578536	1.0663033060589129
1.0317405801728614	0.8869066937905713	1.0787664093710079
1.0366638523760807	0.866601796891591	1.0905648149926979
1.0413071107662581	0.8469152384126437	1.1016270198237252
1.045636371435987	0.8280577381672433	1.1118858621953243
1.049619607694375	0.8102499409122454	1.1212789079317416
1.0532270602166314	0.7937188792876845	1.1297488311598856
1.0564315339595733	0.7786932105647303	1.13724378335094
1.059208676805218	0.7653971914129469	1.1437177436049524
1.0615372349772425	0.7540434990757843	1.1491308430237615
1.0633992805036685	0.7448251985371481	1.1534496561553291
1.064780406373794	0.7379073692798802	1.156647452921248
1.065669885552007	0.733419097526693	1.1587044051375406
1.0660607906529995	0.7314466525458433	1.1596077426766351
1.0659500718334567	0.7320286451051448	1.1593518554567572
1.065338591290508	0.7351537866595115	1.1579383387376172
1.0642311136488856	0.7407615496055308	1.1553759805958752
1.0626362524357715	0.7487456390990173	1.1516806918940354
1.0605663737523239	0.7589598187127158	1.146875380483834
1.0580374591218475	0.771225370833566	1.1409897727421774
1.05506893029648	0.7853393654772589	1.1340601867692266
1.051683439510548	0.8010829562055454	1.126129262634458
1.047906629257609	0.8182290778335025	1.1172456558941248
1.0437668661235182	0.8365491293389179	1.1074637011873252
1.0392949535197777	0.8558184334121055	1.096843053021334
1.034523828326495	0.8758204358055522	1.0854483108625934
1.02948824647532	0.8963497278237107	1.0733486353490636
1.0242244623882528	0.9172140446113332	1.0606173618322094
1.0187699069515899	0.9382354200507974	1.0473316165499211
1.0131628683627685	0.9592506787223476	1.0335719395394396
1.0074421797614614	0.980111428248764	1.0194219169430454
1.0016469170664595	1.0006836904796277	1.0049678236674122
0.9958161099086119	1.020847283416679	0.9902982754675947
0.9899884679986747	1.0404950410435279	0.9755038874875531
0.9842021247171431	1.0595319369577783	0.9606769341654305
0.9784943991786499	1.077874160387608	0.9459110032885665
0.9729015775212105	1.0954481796188618	0.9313006349720274
0.9674587137124139	1.112189817560893	0.9169409345789952
0.962199449759473	1.1280433565412227	0.9029271472814405
0.9571558548636127	1.142960683863561	0.8893541812908998
0.9523582827745659	1.1569004856896379	0.876316067016703
0.9478352463783489	1.1698274940041868	0.8639053407893735
0.9436133083891848	1.1817117894758478	0.8522123445585608
0.9397169869109124	1.1925281616941046	0.8413244373130618
0.9361686745795312	1.2022555273666191	0.831325119929756
0.932988569990938	1.2108764064745714	0.8222930826081846
0.9301946201501159	1.2183764560151205	0.8143011926144542
0.9278024727436762	1.224744060746082	0.8074154490910612
0.9258254371305206	1.229969980244031	0.8016939402702429
0.9242744530597707	1.234047051562374	0.7971858454461053
0.9231580662558854	1.2369699468088955	0.7939305283529506
0.9224824101537402	1.2387349850374463	0.7919567691513716
0.9222511932177709	1.2393399979544573	0.7912821783995647
0.9224656914363243	1.2387842490690422	0.7919128281085531
0.9231247457429541	1.237068406058496	0.7938431228360024
0.924224764278922	1.2341945662727045	0.797055918987224
0.9257597295743317	1.2301663354557044	0.8015228847450772
0.9277212108879614	1.2249889599146986	0.8072050781951317
0.9300983821066598	1.2186695125105964	0.8140537089421823
0.9328780457625677	1.2112171329733452	0.8220110400736645
0.9360446638782767	1.2026433231528517	0.8310113833296771
0.9395803964935795	1.1929622978934666	0.8409821407360123
0.9434651488591901	1.1821913922555345	0.851844850123909
0.9476766283983707	1.1703515257861625	0.8635161988957439
0.9521904126317701	1.157467724441741	0.8759089789392501
0.9569800293281958	1.1435697005563368	0.8889329646276821
0.9620170501783732	1.1286924908890317	0.9024957044426487
0.9672711992835573	1.1128771522065748	0.9165032242583345
0.9727104776998905	1.0961715129756122	0.930860646346782
0.9783013051767954	1.0786309784247854	0.9454727325650489
0.984008680068493	1.06031938431584	0.9602443630150073
0.9897963581783079	1.0413098919962338	0.9750809628970606
0.9956270510138294	1.021685913377671	0.9898888905469665
1.0014626435875138	1.0015420489897497	1.0045757990068553
1.0072644314947208	0.9809850146966163	1.0190509821829954
1.0129933765451193	0.9601345224609208	1.0332257149008701
1.0186103797225385	0.9391240670926331	1.0470135941638035
1.0240765697144891	0.9181015537200747	1.0603308867996766
1.029353604700474	0.8972296795593521	1.0730968865538615
1.0344039845354016	0.8766859588790087	1.0852342816413612
1.0391913699305915	0.856662253463359	1.0966695318724065
1.0436809047413511	0.8373636457974211	1.1073332527629927
1.0478395370388116	0.819006474581131	1.1171606025728682
1.051636334296315	0.8018153509789064	1.126091667007325
1.055042787777212	0.7860190009020435	1.1340718353973023
1.0580331010889947	0.7718448463143609	1.1410521615494926
1.060584457881864	0.7595123569743394	1.1469897021420563
1.0626772638269808	0.7492253743209709	1.1518478255322344
1.064295358313933	0.7411638168031067	1.155596484131555
1.0654261917552468	0.7354753859179285	1.1582124440754438
1.0660609649686312	0.7322680515113417	1.1596794667409551
1.0661947278091928	0.7316041449294437	1.1599884377141974
1.0658264350225832	0.7334967870275718	1.1591374400349712
1.0649589581595682	0.7379091212099594	1.1571317699004282
1.0635990533028792	0.7447564553009698	1.1539838944374055
1.0617572852764217	0.7539110246283333	1.1497133525967198
1.0594479099024756	0.7652087659632959	1.1443466016236508
1.0566887167131565	0.7784573066148585	1.1379168128604509
1.053500835279643	0.7934443470671948	1.1304636217862156
1.0499085089722033	0.809945724589881	1.12203283815003
1.0459388404868537	0.8277326361009159	1.112676122765686
1.0416215138575802	0.8465777130325892	1.1024506379795116
1.0369884979098583	0.8662598337600702	1.0914186789751792
1.0320737362015766	0.886567705355294	1.0796472929278558
1.0269128284472153	0.9073023397740881	1.0672078925604036
1.021542708241435	0.9282785962676967	1.0541758698902426
1.0160013216046342	0.949325973708729	1.0406302148978526
1.0103273104843962	0.9702888261838304	1.0266531425146321
1.004559704884005	0.9910261531101802	1.0123297297438492
0.9987376267743233	1.011411088769672	0.9977475629267141
0.9929000084000211	1.031330190186956	0.9829963931892155
0.9870853270361706	1.0506825991721815	0.9681677960108361
0.9813313577052916	1.0693791350813986	0.9533548287181112
0.9756749448444284	1.0873413594961943	0.938651677622394
0.9701517934301607	1.1045006422031276	0.9241532846198086
0.9647962796369617	1.1207972489899662	0.9099549415144371
0.9596412807283011	1.1361794652709163	0.8961518393122246
0.9547180235646381	1.1506027648640194	0.8828385594953182
0.9500559508595386	1.164029029915982	0.8701084950786623
0.9456826041237986	1.1764258256412976	0.8580531913247771
0.9416235221048792	1.1877657319366872	0.8467615995611404
0.9379021534508553	1.1980257328422814	0.8363192427281876
0.9345397822990164	1.2071866640974158	0.8268072980514143
0.9315554655031496	1.2152327185738783	0.8183016103281379
0.9289659802639757	1.2221510090871384	0.8108716582325145
0.9267857810078831	1.2279311879334909	0.804579504976645
0.9250269644639979	1.232565122441369	0.7994787725886372
0.923699242013326	1.2360466258326053	0.7956136848197508
0.9228099185214604	1.2383712427460503	0.7930182261592632
0.9223638770142265	1.2395360888685658	0.7917154627698186
0.922363568710473	1.239539744237133	0.7917170649897166
0.9228090080855555	1.2383821999127889	0.7930230606454974
0.9236977728010703	1.2360648578757196	0.7956218347099614
0.9250250084996183	1.232590584145181	0.7994903753192011
0.9267834386266599	1.2279638152822971	0.8045947506389635
0.928963379603604	1.222190718582668	0.8108907873576504
0.9315527618357786	1.2152794064030545	0.8183249111731474
0.934537157193994	1.2072402051856643	0.8268351034662446
0.9378998137565862	1.198085979836817	0.8363519266796293
0.9416216987369748	1.1878325141741741	0.8467995733812613
0.9456815506459414	1.1764989481650974	0.8580968997375144
0.9500559418432899	1.1641082726199425	0.8701584120420964
0.9547193527148892	1.1506878818524493	0.8828951838808391
0.9596442587622886	1.1362701845380119	0.8962156904272028
0.9648012319068251	1.1208932725364107	0.9100265544635436
0.9701590572819827	1.1046016467226898	0.924233205492633
0.975684866710622	1.0874469977806065	0.9387404584918674
0.9813442899320929	1.0694890383070497	0.9534530224354211
0.9871016244538681	1.0507963802464708	0.9682759507876946
0.99292002465033	1.0314474483442784	0.9831150469669939
0.9987617104169113	1.0115314156151949	0.9978772375434566
1.0045881953124225	0.9911491403112304	1.0124709249238182
1.0103605336903763	0.9704140750001292	1.026806329720105
1.0160395858386182	0.9494531065288102	1.0407958310986407
1.0215862996259506	0.9284072702726924	1.054354311322109
1.0269620066080372	0.9074322627729478	1.067399508558503
1.0321287299890316	0.886698653716908	1.0798523799347737
1.0370495012888201	0.8663916721965438	1.0916374748344726
1.0416886820492097	0.8467104157544394	1.1026833166341694
1.0460122864476398	0.8278663085653147	1.1129227894861087
1.0499883002959938	0.8100806247053866	1.122293525417491
1.0535869916058944	0.793580904331076	1.1307382859549735
1.0567812077194025	0.7785961372988215	1.138205331714528
1.0595466539509963	0.7653506822187827	1.1446487729327834
1.0618621487743285	0.7540570353670338	1.1500288937602827
1.0637098508215752	0.744907757033638	1.1543124432855694
1.0650754533441167	0.7380670777685989	1.157472886699041
1.0659483423043727	0.7336628982304819	1.1594906107153478
1.0663217149170372	0.7317800056237448	1.160353078322083
1.0661926562146828	0.7324553037708368	1.1600549290713975
1.0655621720535609	0.735675668161656	1.1585980224331816
1.0644351778718795	0.7413787139697283	1.1559914231309063
1.0628204434336241	0.7494563728915477	1.1522513288273128
1.0607304947035452	0.7597608076938541	1.1474009419583313
1.058181474871128	0.7721119361919376	1.1414702888719768
1.055192967343155	0.7863057347910396	1.1344959906594765
1.0517877842293046	0.802122542007274	1.1265209911185754
1.0479917244314512	0.8193347420494116	1.1175942481207162
1.0438333058989495	0.8377134188889327	1.1077703952295306
1.0393434769195284	0.857033779136119	1.0971093807115968
1.0345553114753216	0.87707931251769	1.0856760910745697
1.0295036937090585	0.8976447772533038	1.0735399659542706
1.024224996425275	0.918538165325015	1.060774610551098
1.018756758309259	0.9395818294864903	1.0474574108948005
1.0131373641997135	0.9606129526020281	1.0336691560099023
1.007405732320019	0.9814835222353037	1.0194936695834678
1.0016010118791288	1.0020599482809949	1.0050174520315054
0.9957622939185563	1.0222224348041855	0.9903293319581521
0.9899283377280166	1.0418641925489567	0.9755201239526333
0.9841373145988148	1.0608905574009986	0.9606822875382817
0.9784265701486918	1.0792180628799217	0.9459095799620131
0.9728324059493556	1.096773501285565	0.9312966935047018
0.9673898807302388	1.1134929979170651	0.9169388662484094
0.9621326310278484	1.1293211152217075	0.902931453937128
0.9570927108051231	1.144209998235644	0.8893694499312433
0.9523004492823051	1.158118568750987	0.87634694052847
0.9477843260002596	1.171011772877652	0.8639564843626335
0.9435708619770391	1.1828598847474683	0.8522884074333348
0.9396845257151226	1.1936378677942538	0.8414300097356843
0.9361476527652367	1.2033247941613827	0.8314646854975768
0.9329803775470873	1.2119033222115234	0.8224709665519317
0.9302005761614305	1.2193592317519093	0.8145215069866891
0.9278238189952416	1.2256810163798433	0.8076820362614004
0.9258633320161138	1.2308595322532896	0.8020103165257919
0.9243299657677001	1.234887702569893	0.7975551468037262
0.9232321712099006	1.237760277073261	0.7943554608538193
0.9225759816912906	1.2394736459825755	0.7924395658837239
0.9223650004934136	1.2400257078493542	0.7918245652596304
0.9226003935442858	1.239415790974729	0.7925159998685676
0.9232808870596325	1.2376446281648557	0.7945077304797504
0.9244027700334219	1.2347143847547557	0.7977820685634597
0.9259599016628793	1.2306287399863278	0.8023101472602376
0.9279437239562098	1.2253930219788005	0.808052509404574
0.9303432799324035	1.2190143966738016	0.8149598773766525
0.933145237980164	1.2115021112662012	0.8229740613034016
0.9363339230950085	1.2028677927387739	0.8320289583405699
0.9398913558571591	1.1931258021946656	0.8420515963589734
0.9437973001443801	1.1822936457152076	0.8529631796851669
0.9480293206890679	1.1703924424462577	0.8646801015933105
0.9525628516825249	1.1574474505121493	0.8771148968467671
0.9573712776957035	1.1434886511413496	0.8901771166331103
