1.0	1.0	1.0
1.012144621587216	0.9811053698599509	1.0256906620310817
1.0249948301858582	0.9604148892442895	1.052492931430116
1.0384203929076672	0.938003463703775	1.0801124091346217
1.0522805840973664	0.9139731513162881	1.1082495341599556
1.0664250841410998	0.8884592193693298	1.1366011660230146
1.0806951321532268	0.86163698382307	1.1648620966606502
1.094924962829219	0.8337294187298123	1.1927266676492367
1.1089435497972733	0.80501543321156	1.2198906363412827
1.1225766662898076	0.7758385446494332	1.246053395089535
1.1356492590196083	0.7466153782256931	1.2709206044039627
1.1479881132523464	0.7178429296509476	1.2942072560692208
1.1594247670593127	0.690102777181438	1.3156411378387611
1.1697986118289876	0.6640594147803326	1.334966629121047
1.1789600958625628	0.6404487660534308	1.3519487190196326
1.1867739300581894	0.620052241719048	1.3663771063001602
1.193122181160247	0.6036524169825053	1.378070217523679
1.197907130548293	0.5919697979573056	1.3868789667385861
1.201053776451047	0.5855868074678768	1.392690079334388
1.202511865611576	0.5848733797842185	1.395428814731136
1.2022573568768358	0.5899337890913653	1.395060947286069
1.2002932431793119	0.6005914014059189	1.3915939007557978
1.1966496883417104	0.6164162528950636	1.3850769763188433
1.1913834687994465	0.6367858032233751	1.375600664031016
1.1845767449802187	0.6609602803143658	1.3632950785109426
1.1763352198441268	0.6881544104328569	1.3483276072916972
1.1667857703058766	0.7175941434677918	1.3308999005532958
1.1560736587714737	0.7485548566589184	1.3112443604905888
1.1443594454021822	0.7803829137621231	1.2896203049999408
1.1318157264074735	0.8125047222763493	1.2663099824793
1.1186238199707705	0.844427537668153	1.2416146022825498
1.1049705103890637	0.8757354001660432	1.2158505197201208
1.091044944287906	0.9060825450488418	1.189345677220655
1.0770357523138645	0.9351857551003615	1.1624363567091782
1.0631284475502483	0.9628165084791535	1.1354642452108032
1.0495031299628046	0.98879338358092	1.1087737594312708
1.0363325060795703	1.0129749509419457	1.0827095195869456
1.0237802160627139	1.0352532532812884	1.0576138131724477
1.0119994471125253	1.0555479067097153	1.0338238523589263
1.001131803082786	1.0738008220976178	1.0116686128039807
0.9913063952062711	1.0899715296425754	0.9914650566583082
0.9826391175142442	1.1040330829458527	0.9735135979753877
0.9752320722135556	1.1159685167855324	0.9580927704739807
0.9691731141254561	1.125767833041733	0.9454532033195625
0.9645354883945563	1.1334254909194779	0.9358111849112752
0.9613775411866288	1.1389383803622903	0.9293422668854426
0.9597424882891089	1.1423042612399912	0.9261754879127804
0.9596582309067404	1.14352065548817	0.9263888352210728
0.9611372112805437	1.1425841848328477	0.9300064818130269
0.9641763031158568	1.139490352982178	0.9369981400057324
0.9687567335098944	1.1342337781083438	0.9472805943083172
0.9748440346312867	1.126808888957357	0.9607211830796453
0.9823880254095977	1.1172111058842185	0.9771427587813307
0.9913228264809864	1.1054385363904105	0.9963295222421797
1.0015669159847236	1.0914942232235911	1.0180331144867516
1.0130232396448868	1.0753889916732342	1.0419784433060062
1.0255793957404946	1.0571449512239741	1.0678688816080477
1.0391079236092868	1.0367997149703767	1.0953906559702036
1.0534667325284346	1.014411407632046	1.1242164100627592
1.0684997152528517	0.9900645384704203	1.1540080565375137
1.0840375961271906	0.963876816383643	1.1844191146255791
1.0998990664395343	0.9360069757911145	1.215096771339538
1.11589225852123	0.9066636535818777	1.2456839094126473
1.1318166041329283	0.8761152908127536	1.2758213239213725
1.1474651112787546	0.8447008954178976	1.305150310020506
1.162627076491986	0.8128412404645396	1.3333157527171577
1.1770912270504124	0.7810496067154188	1.3599697908156638
1.1906492603018823	0.7499404076185262	1.3847760646778093
1.2030997167478814	0.7202328746104336	1.407414494403208
1.214252091825975	0.6927454690697167	1.4275864746329407
1.223931061085595	0.6683752014360459	1.445020317912621
1.2319806676624627	0.648055584284828	1.4594767342056085
1.2382683026861485	0.6326892545140277	1.4707541035272227
1.2426883012519785	0.6230580997447754	1.478693285135585
1.245164980879607	0.6197246913310367	1.4831817126212312
1.245654966894789	0.6229492780959488	1.484156550408025
1.2441486794709817	0.6326484502149586	1.4816067325121458
1.2406708982577488	0.6484098821752019	1.4755737657441619
1.2352803693720997	0.669557258617772	1.46615125183391
1.2280684718088262	0.6952429935973448	1.4534831597563822
1.2191570113232366	0.7245426036627828	1.4377609537070366
1.208695254957825	0.7565322202382512	1.419219746754261
1.1968563547321844	0.7903420234395405	1.3981336992128803
1.1838333318814376	0.8251869618486839	1.3748109099040384
1.169834802163534	0.8603801005525007	1.3495880553789976
1.1550806184285958	0.8953344621492259	1.3228250166553919
1.1397975904783941	0.929558112936764	1.2948996966854034
1.1242154168912655	0.9626457760501752	1.2662031777776372
1.1085629321993329	0.9942690101487452	1.2371353007364343
1.093064738994446	1.0241661210132769	1.2081006715576297
1.077938261392465	1.0521324271186963	1.1795050228612947
1.0633912264645204	1.0780111833122163	1.1517517825710557
1.049619555702928	1.101685293706282	1.1252386398429661
1.0368056304975148	1.1230698552499232	1.1003538579593006
1.0251168843485474	1.1421055292311724	1.077472077656721
1.0147046698273932	1.1587527173309078	1.0569493944268507
1.0057033492245746	1.1729865100681571	1.0391175892584594
0.9982295630729409	1.1847923726914316	1.024277545723863
0.9923816387195981	1.1941625340875706	1.0126920848051622
0.988239110201234	1.2010930469829622	1.0045786614046046
0.9858623293583653	1.2055814921900354	1.0001025446959888
0.9852921552577535	1.2076253057512074	0.9993711927042435
0.9865497139418128	1.2072207154519599	1.0024304855059756
0.9896362232497604	1.204362282186297	1.0092632891966142
0.9945328784998088	1.1990430518884472	1.0197905166386496
1.0012007951808015	1.1912553349853092	1.0338745022319515
1.0095810057032433	1.1809921423472163	1.051324203125577
1.0195945098925354	1.1682493192909165	1.0719015493437076
1.0311423841595346	1.1530284320967914	1.0953282222279475
1.0441059625440028	1.1353404745199198	1.1212922322815433
1.0583471138832277	1.115210474629445	1.149453850005442
1.0737086524008217	1.0926830945454427	1.179450661570918
1.0900149327184296	1.067829326303487	1.2109017273317149
1.1070726929757642	1.0407543940614696	1.2434109844606476
1.1246722195082768	1.0116069716336704	1.2765701426897396
1.1425889114490835	0.9805898055273927	1.309961375071491
1.1605853218996387	0.9479717788595992	1.3431601121084147
1.1784137424681096	0.9141013264063984	1.3757382180920703
1.1958193790175649	0.8794208552793713	1.4072677729166636
1.2125441381072732	0.8444813415150515	1.4373256090209354
1.2283310064574748	0.8099554200514074	1.465498667828095
1.242928961495777	0.7766459071681604	1.4913901485443468
1.2560983024815433	0.7454847234857174	1.5146263298072742
1.2676162427885167	0.7175149088497786	1.5348638573065247
1.277282559462517	0.6938469268988355	1.5517972146394805
1.2849250613972758	0.6755820187889684	1.5651660371563298
1.290404617423279	0.6637028962209385	1.5747618958449172
1.2936194843674143	0.6589464921744363	1.5804341754816533
1.2945086951021068	0.6616896763588247	1.5820947009885213
1.293054307852048	0.6718850746793645	1.579720827579913
1.2892823780602534	0.6890707678311719	1.573356799557079
1.2832625879395243	0.7124493330512863	1.563113291677184
1.275106549506196	0.7410066323342526	1.5491651652945937
1.2649648764196202	0.7736339230590094	1.5317475868874333
1.253023190410931	0.8092273520429175	1.5111507572081797
1.2394972827415993	0.8467550909041363	1.4877135748920358
1.2246276853420386	0.8852944697946701	1.4618166016314458
1.2086739180267427	0.9240467452131199	1.4338747033680972
1.1919086681645958	0.9623375164385825	1.4043297135482729
1.1746121304818873	0.9996090457414372	1.3736434038924281
1.1570666921036359	1.0354086478410118	1.3422909615344751
1.1395520972299384	1.0693756437751427	1.310755066819334
1.1223411728413473	1.1012282559406918	1.2795205528205893
1.1056961467948552	1.1307511483727077	1.2490695162127026
1.089865546803607	1.1577839410639374	1.219876651400508
1.0750816359347761	1.1822108295831735	1.1924045095516467
1.0615583188211992	1.2039513420921386	1.167098357047889
1.0494894427947095	1.2229522181310875	1.1443803400165797
1.0390474184251068	1.239180371678675	1.1246427659562792
1.0303820923179747	1.252616892081418	1.1082404933217262
1.0236198186403453	1.2632520344686329	1.095482660911682
1.018862691560332	1.2710811536514777	1.0866242527744152
1.0161879156023084	1.2761015412460948	1.0818582199354079
1.0156473024358716	1.2783101344585341	1.0813089961809121
1.0172668894533687	1.2777020763760194	1.0850281941195385
1.0210466775367335	1.274270121458005	1.0929930340883633
1.0269604838405064	1.268004895878783	1.1051076840909793
1.0349559024025248	1.2588960400525138	1.1212072656917016
1.04495436360851	1.246934279652979	1.1410639188102687
1.0568512855107457	1.2321144912996118	1.1643941053385385
1.0705163175233057	1.2144398493943487	1.1908663032802411
1.0857936907198322	1.1939271609018838	1.2201083789809812
1.102502708163975	1.170613514546703	1.2517141656263309
1.1204384315091147	1.1445643888354466	1.285249051069612
1.1393726436760734	1.1158833771352752	1.3202546285579633
1.1590551883458424	1.0847236925551833	1.3562526542867392
1.1792158016816676	1.0513015994648562	1.392748672776038
1.1995665566609388	1.01591185932963	1.4292357176353987
1.2198050326583998	0.9789451316645144	1.4651984822310289
1.2396183002722245	0.9409069546246867	1.500118295038395
1.2586877727532466	0.9024373051882884	1.5334791399462928
1.276694921221435	0.8643285961797859	1.5647748426015413
1.2933277834226562	0.8275380530293803	1.5935174091090913
1.3082881194695763	0.793187581626991	1.6192463622154476
1.3212989892869604	0.7625408642041233	1.6415387827621193
1.3321124535472768	0.7369451430827384	1.6600196423202964
1.3405170419158585	0.7177275518296669	1.674371918934939
1.346344598412411	0.706047532825571	1.684345933697375
1.349476110994229	0.7027288781605674	1.6897673408658145
1.3498461653395584	0.7081179210049011	1.6905432534222837
1.3474457312571142	0.7220192559078239	1.6866660881268252
1.3423230893482403	0.7437347349361176	1.6782148612377454
1.3345828261356805	0.772188317465402	1.6653538435663746
1.3243829550947848	0.806088790952479	1.6483286720946235
1.3119303446064952	0.8440817550993343	1.6274601935745403
1.2974747382182847	0.8848628162173002	1.6031364629841918
1.281301726966554	0.9272465088976062	1.5758034200931499
1.2637250714469723	0.970198833785547	1.545954810539371
1.2450787714426863	1.0128451148181699	1.5141219007453353
1.2257092467123236	1.0544633755466555	1.4808634626231336
1.2059679313461096	1.0944703592477554	1.4467563839700093
1.1862045056598471	1.1324045510584257	1.4123871074711756
1.1667609044357647	1.1679086277543975	1.3783439316790491
1.1479661582927652	1.2007125826261342	1.3452100393853998
1.1301320541773487	1.2306181156674452	1.3135569722492177
1.1135495470918497	1.2574845352620558	1.2839381670307533
1.098485821203128	1.281216245774523	1.2568821313433682
1.0851818847085255	1.3017518126351941	1.2328848873624214
1.0738505871336124	1.3190545579212003	1.2124014651948962
1.0646749659072183	1.3331046229361672	1.195836481625559
1.0578068554524431	1.3438924297813792	1.1835341651228415
1.0533657203430704	1.3514134771553403	1.1757685210114532
1.0514376983586144	1.3556644149342019	1.1727345811896583
1.0520748550504926	1.3566403567142689	1.1745417575022714
1.0552946566572547	1.3543334088915508	1.1812101585219477
1.061079663773101	1.3487324184158482	1.19267034682036
1.0693774377462117	1.339823968391952	1.2087664971127008
1.0801006408864025	1.3275946804368546	1.2292624055956385
1.0931273061403468	1.3120349143322143	1.253849435862269
1.1083012567575767	1.2931439882090905	1.2821553510490071
1.125432674077913	1.2709370753740166	1.3137530808385856
1.1442988414466948	1.24545396577466	1.3481687444216193
1.1646451311278752	1.216769909053605	1.3848886036203043
1.186186343504355	1.1850087781337213	1.4233649659719672
1.2086085471445878	1.1503587985016406	1.4630213346925802
1.2315715974300472	1.1130910596141173	1.503257282268077
1.254712523732863	1.0735809209325007	1.5434536033665138
1.2776499649851667	1.0323321659742768	1.5829782916142554
1.2999897968794696	0.9900031942125336	1.621193799600004
1.3213320291116324	0.9474334180666072	1.6574658985397719
1.3412789591881096	0.9056659750248282	1.6911742685339812
1.3594444551240459	0.8659594681110658	1.7217247373693128
1.3754641116235715	0.8297766700022545	1.7485628621162796
1.38900589572703	0.7987332492162605	1.7711883329658922
1.3997807841248813	0.7744886498989918	1.7891694951713917
1.4075528123097583	0.7585714539364508	1.8021571558626956
1.4121479210594063	0.752158641209364	1.8098967887594861
1.4134610096612201	0.7558652291112562	1.8122382858257287
1.411460691915038	0.7696211861877477	1.8091425347040242
1.406191395427661	0.7926882385998562	1.8006843154230523
1.397772632979811	0.8238072490094035	1.7870512872734745
1.3863954852041322	0.8614126441238471	1.7685391440747005
1.372316540694329	0.9038405998282351	1.7455433146871389
1.3558497174323199	0.9494856339404304	1.7185478374699183
1.33735651717991	0.9968951469763028	1.68811221116011
1.3172353294035966	1.044812800722763	1.6548571006797466
1.2959104003000885	1.0921877329554204	1.6194497489275195
1.2738210219363313	1.1381642739454552	1.5825898225589419
1.2514113902604396	1.182062160524269	1.5449962201608118
1.2291214470957235	1.2233531770856338	1.5073951219180677
1.207378879719425	1.2616374144619862	1.4705092923047929
1.186592320117678	1.2966207308323303	1.4350483955088873
1.167145678644545	1.328094135563547	1.4016998828444271
1.1493934728212842	1.3559153800466612	1.3711198987115483
1.1336569752258019	1.3799928269697614	1.3439236610517258
1.1202210033352031	1.4002715683928355	1.3206749286990327
1.109331202408033	1.416721716507034	1.3018744743722874
1.1011917196626617	1.429328772668986	1.2879479031736973
1.0959632212954027	1.438085978929981	1.2792336086830671
1.09376125020917	1.4429885672867293	1.2759720165823105
1.0946549511023773	1.4440298432841099	1.278297395100128
1.0986661953606869	1.441199071135116	1.286233324407655
1.1057691224007602	1.434481165947296	1.299692423482695
1.1158900848592068	1.423858243566014	1.3184802566804747
1.1289079549686427	1.409313128437156	1.3423026812546408
1.1446547321421008	1.3908349731466774	1.3707754439921096
1.1629163976241153	1.3684271982111365	1.4034347010086539
1.1834339954975313	1.3421180153011083	1.439747316738682
1.2059049777974693	1.3119738485527175	1.4791202012139375
1.2299849262909222	1.2781160117705344	1.5209084351253832
1.2552898418939624	1.2407410230629845	1.5644223892801687
1.2813992603128088	1.2001449181392199	1.608934390020847
1.307860495279343	1.1567518053866876	1.6536856809691443
1.3341943165509393	1.1111465778701586	1.6978944828058218
1.3599023295177095	1.0641109400580009	1.740765872690791
1.3844762317805885	1.01666032673054	1.7815040154947344
1.4074089797888978	0.9700762756491133	1.8193270038371285
1.4282077126638324	0.9259236576088796	1.8534842283818302
1.4464080656006137	0.8860347220085574	1.8832758337057576
1.4615892845757412	0.8524343173389886	1.908073454651477
1.4733893567595429	0.8271799575130795	1.9273411159645861
1.4815192292607182	0.8121090064199493	1.9406549592718083
1.4857751324042925	0.8085313660977728	1.9477203766916793
1.4860480736757118	0.816962543632562	1.948385206962233
1.4823297310805745	0.8370094167697507	1.9426478937932257
1.474714237980372	0.8674621258194773	1.9306598965411763
1.463395685241199	0.9065446417034844	1.9127221334280904
1.4486615266797802	0.9522149646978355	1.8892757609105022
1.4308824102976068	1.0024197793735652	1.8608880749626702
1.4104992243777255	1.0552624501761636	1.8282346923450838
1.3880083104853016	1.1090887578744162	1.7920793822289525
1.3639458394729473	1.1625140303601382	1.7532529473072884
1.3388722763725756	1.2144156587468642	1.712632403980846
1.3133576973774312	1.263908270282421	1.6711214139169175
1.2879685002597783	1.3103119764161566	1.629632523171268
1.2632558063350736	1.3531193025216761	1.5890713298262122
1.239745623367052	1.3919635672181008	1.5503222911378398
1.2179306537350276	1.4265899693241473	1.5142355617384715
1.1982635101063746	1.4568298879298158	1.4816140880716162
1.1811510498996516	1.4825785394815587	1.4532002239453652
1.1669495565329888	1.5037759647473532	1.4296614070143066
1.155960565379906	1.52039123984663	1.4115749291767208
1.1484272319439945	1.5324097753175605	1.399412459513513
1.144531240186574	1.5398235673247331	1.3935255758022873
1.1443903221709155	1.5426242882333907	1.3941339248100675
1.1480564864478433	1.5407991462933048	1.4013175864412204
1.1555150269197219	1.534329503353216	1.4150147060366642
1.1666843187655918	1.5231923125468654	1.4350246011471568
1.1814163301226983	1.5073645216738005	1.4610156093981403
1.1994977199804653	1.4868306792384094	1.4925362259234585
1.220651381378577	1.4615940752394332	1.5290277925385778
1.2445383378976485	1.4316918435912593	1.569837186894498
1.270760006673835	1.3972145413528694	1.61422850175212
1.2988609836968974	1.3583307903238246	1.6613934056069528
1.3283326584944635	1.3153175943810216	1.7104605455013906
1.3586180940316144	1.268596875516606	1.7605048591043313
1.3891186844801697	1.2187784795176173	1.8105579433415804
1.4192031045657325	1.166709128314125	1.8596206708030714
1.4482189731636148	1.1135250307929812	1.906679071835573
1.47550746399227	1.0607022198943734	1.950724141662128
1.5004208131667267	1.0100919168975455	1.9907757275780757
1.522342317533265	0.9639174270975536	2.0259100506107695
1.5407080262941788	0.9246960784026959	2.055289782743367
1.5550289541624032	0.895043836052652	2.0781950144622883
1.564912349908619	0.8773413955773018	2.0940529979924767
1.5700804021813874	0.8733072395171322	2.1024643263276945
1.570384803426606	0.883615085201463	2.103223272483899
1.565815843221837	0.907729277384046	2.096330391385691
1.5565051473028537	0.9440419098152654	2.081996147590805
1.5427217617059275	0.9902346605813793	2.060635188328467
1.5248619159350638	1.043696291798182	2.0328518024261304
1.503433384967288	1.101858914181081	1.9994179433698842
1.4790358159371413	1.1624044154000632	1.96124581451208
1.4523386284767903	1.223357670487918	1.919357323623629
1.4240581152072533	1.2831049385700548	1.8748526785776687
1.3949351799321181	1.3403714477452158	1.8288800428979948
1.3657148086425699	1.3941805568079018	1.7826075766987772
1.3371279451823352	1.4438070365442313	1.737198465884215
1.3098760162349632	1.4887307913938725	1.6937888167362174
1.2846179870928074	1.5285939551504217	1.6534676925175151
1.2619595801844221	1.5631626037685096	1.617258212892823
1.2424441786983262	1.5922935224790016	1.5860986223424252
1.226544967564034	1.6159060858909444	1.5608226090838575
1.2146580062954433	1.633959134246715	1.542138885238798
1.2070961315200182	1.6464326574586277	1.5306109657389215
1.2040837850757586	1.6533140906747064	1.5266389296432064
1.205752991208679	1.6545890646030814	1.5304453803209692
1.2121407206512296	1.6502365325111754	1.5420675905885994
1.2231877772264845	1.6402283074047024	1.561356907742296
1.2387391660417237	1.6245331809517796	1.587985174756712
1.258545724682256	1.6031259532979005	1.6214566636357723
1.2822666972214571	1.5760018724315512	1.6611232588021476
1.3094729569514052	1.5431971543548895	1.7062005943047704
1.339650746200837	1.5048164186689716	1.7557834721230865
1.3722060665390223	1.461068006409208	1.8088598979254784
1.4064701577373189	1.4123082012938735	1.8643241376868736
1.4417067769616954	1.359095244652537	1.9209900613216262
1.4771221639835874	1.3022534734780835	1.9776065480141518
1.5118786009625045	1.242946389172695	2.0328768310315013
1.545112312287885	1.182753922400504	2.0854833687864223
1.5759560889913973	1.1237417655665667	2.134119189278701
1.6035664787482418	1.0684970529803326	2.1775257372023495
1.6271547053911373	1.020084266928389	2.2145361576266116
1.6460197568278676	0.9818558287065464	2.2441218160792467
1.6595814251924057	0.9570596231959516	2.2654388573263087
1.6674106320777249	0.9482612948556014	2.277870936242329
1.6692542474289813	0.9567458575334737	2.2810640849209376
1.665051890354637	0.982173209165168	2.274950112699733
1.6549428857522837	1.0226778420407299	2.25975596130962
1.6392625553544564	1.0753469576477896	2.235997918126571
1.6185281807239487	1.1368215542457538	2.204461277444714
1.5934160816829055	1.2037900123736887	2.1661676256027254
1.5647321076521756	1.2732868507051334	2.1223331190033177
1.5333782997103729	1.3428210453948954	2.0743217188135374
1.5003184951939197	1.4103947534585914	2.023597267273978
1.4665452563290966	1.4744649006067505	1.971677601223239
1.4330498273120131	1.5338807648833934	1.920092774657422
1.4007960196980975	1.5878152783741393	1.8703481493289371
1.3706981582596445	1.6356985808899627	1.823891881039129
1.343602627784246	1.6771576199527836	1.782085438448937
1.3202722386622643	1.7119633272018908	1.7461754553177504
1.3013726088906086	1.7399858503856571	1.717265561659212
1.2874600077157718	1.7611578334519786	1.696287837211765
1.278970518942153	1.775445523924166	1.6839749369729193
1.2762108058791302	1.7828274285645154	1.6808352824597763
1.279351030495728	1.783280288733711	1.687134415624654
1.2884204823540941	1.7767722840971643	1.702885244548205
1.3033062001519593	1.7632635818961624	1.7278484634004885
1.3237544343990917	1.7427146136241864	1.7615424106424287
1.3493743975505768	1.7151027650879442	1.8032598484796678
1.3796435657721313	1.6804484906792356	1.8520883046964625
1.4139139351796213	1.6388521839848171	1.9069309733206332
1.4514190733291867	1.5905434153667377	1.966526483707917
1.4912824209456006	1.5359443029670283	2.0294675858764535
1.5325279178451021	1.475748632488588	2.0942204122294616
1.5740944823073941	1.4110174483576041	2.1591470700906643
1.6148560308383706	1.3432892186537542	2.2225346997035387
1.653648498520185	1.2746962798176495	2.282633752174836
1.6893046754529346	1.2080654637974915	2.3377071500946447
1.7206966418484486	1.1469551193637963	2.386090312428942
1.7467842701185234	1.0955435968290699	2.426259960570036
1.766666859619939	1.0582572566272583	2.456907479756213
1.7796337455788873	1.0390706864110746	2.4770107849989467
1.7852089761311192	1.0405968002124204	2.485897561263906
1.7831851355445987	1.0633431652949565	2.4832927702394554
1.7736422335011481	1.105559933131016	2.4693446021339844
1.7569492101293038	1.1637666381182596	2.444625474532719
1.733747746126301	1.2336229825363019	2.4101078143251233
1.7049202876190026	1.310720016545272	2.3671175637806323
1.6715460313108417	1.391081680118847	2.317270946687508
1.634849698279604	1.4713866912842493	2.262401483322902
1.5961480823977816	1.5490070653690229	2.2044843135741212
1.5567986497056714	1.621952212468601	2.1455636724389597
1.51815313947597	1.6887746134052914	2.0876872430299414
1.4815175380344772	1.7484662753096925	2.0328486441044933
1.4481183412579834	1.8003595992891033	1.9829370976673024
1.4190740070955201	1.8440385551489489	1.939691916300467
1.3953701205554399	1.879262480439519	1.9046592405580296
1.3778370812917575	1.9059031929260912	1.8791495549166055
1.3671299176416976	1.923895369509273	1.8641966114637227
1.3637107905051369	1.933199861490162	1.860520715226756
1.3678354437898823	1.9337796170580008	1.8685007963781162
1.379544933545443	1.9255880966371361	1.8881594127147237
1.398663344821426	1.9085704527602807	1.9191626486058342
1.4248011579347546	1.8826782647137328	1.9608336669459074
1.4573629694367631	1.8478992272923915	2.012175905542003
1.4955578994199956	1.8043038423224664	2.071900851788348
1.538411446734241	1.7521117794907175	2.13845636237244
1.5847786570080626	1.6917810282629449	2.2100540582283412
1.6333598650531975	1.6241229619113986	2.284697367083217
1.682721509948124	1.5504452668486348	2.360214299124908
1.7313252097147327	1.472720654187777	2.4343003564608017
1.7775681611993916	1.3937686030216148	2.5045767874315006
1.8198368783058467	1.3174130051965467	2.5686676676730795
1.8565743313358272	1.2485313795939974	2.624296199870287
1.8863579213836448	1.1928430821888936	2.669396582433886
1.907982850275695	1.1562448102137999	2.7022334843619644
1.9205429543913295	1.1436257989177419	2.7215175077772633
1.923499665591073	1.1574888741071931	2.726503039723937
1.9167300266622547	1.1971103967449475	2.7170554065546524
1.9005468455095875	1.2588002658954434	2.693677523112845
1.8756878240760209	1.337053883400869	2.6574917857736473
1.8432750385209815	1.4258681188847795	2.610179574664061
1.8047503810206402	1.5196777365361083	2.553886792107455
1.7617954688004107	1.6138097746039914	2.491107881362925
1.716245452750032	1.7045951728574242	2.42456186105408
1.670005069749666	1.7892997907376071	2.3570720547550015
1.624972683931534	1.8659815197469671	2.2914571730308313
1.5829748086677782	1.9333288630093646	2.230436515012406
1.5457106406111294	1.990506329148366	2.176547748884362
1.5147042709756153	2.0370174170690016	2.1320732671895644
1.49126193069339	2.0725894110020358	2.098971249659391
1.476432842498873	2.0970812827544063	2.0788102278741043
1.4709743773797244	2.1104147345383515	2.072709985938447
1.4753241531472723	2.112528042070173	2.0812949922367987
1.4895823350638804	2.1033525835792557	2.104667132521094
1.513506181181917	2.0828126265289804	2.1424014814001837
1.5465163570041403	2.0508499819283807	2.1935635142255663
1.5877121131483223	2.007476410908755	2.2567413772153695
1.6358914836052505	1.9528580350083216	2.330085215695074
1.689573809376745	1.8874372341552164	2.411347907059729
1.747024649714935	1.812098156355815	2.4979266382626273
1.8062863700381366	1.7283809078351855	2.5869103811824017
1.865220172951057	1.6387439674764617	2.675142387361523
1.921566152030396	1.546857749587369	2.759308022564756
1.9730265988041098	1.4578708757941121	2.8360560319770878
2.017374209056151	1.3785049519187313	2.9021557506337365
2.052581423011288	1.3167039867671833	2.9546845903099648
2.0769608742383006	1.2804971554280025	2.9912308634794353
2.089301348661022	1.2760174183752484	3.010088927066056
2.088980573071663	1.3054186835602521	3.010419364063882
2.076037050119778	1.366037026172861	2.992348566723053
2.051188500970731	1.451422145140395	2.9569901982587927
2.015793262113669	1.553403838532303	2.9063839895550103
1.9717608743452404	1.663924286667593	2.8433616802769066
1.9214262285291879	1.7760683397374493	2.7713614580477626
1.8674056911995536	1.8844039388297475	2.6942177282544213
1.8124527584956225	1.9849328179991077	2.6159513564159607
1.7593257887080842	2.0748757528084574	2.5405779953942673
1.7106733133304566	2.1524115395677943	2.4719418560199795
1.6689358943400296	2.2164237957937436	2.4135730645323696
1.636259752170176	2.2662783462046856	2.3685618046564216
1.6144176841238052	2.3016401965886657	2.339443396881257
1.604736726464569	2.322333125559643	2.3280944514189863
1.608037275669619	2.328242523644161	2.3356476172343656
1.6245915051473685	2.319261724133986	2.3624361799604734
1.6541072905019467	2.2952830975989165	2.4079764559110224
1.6957379251362508	2.256237266571683	2.4709868466812273
1.7481113345491144	2.2021865924883373	2.549433238908944
1.8093696659391254	2.1334821423736803	2.6405872880714854
1.87721299918263	2.0509958907884456	2.741089249080926
1.948947995451735	1.9564402527145512	2.847017745986455
2.0215500544077156	1.8527808151808396	2.953980010828552
2.091752534744163	1.7447240880358745	3.057242843453621
2.1561765498178316	1.6391943377001923	3.151923817793316
2.2115089139768087	1.5455584297890357	3.233253003915467
2.2547245250339913	1.475101329136522	3.2968985982106456
2.2833350033990616	1.439108218241089	3.3393286482004996
2.29563170633695	1.4455076089047514	3.3581613634894847
2.29088331748237	1.495661102056685	3.3524456492980748
2.269450384882129	1.5837486981651028	3.322817600847133
2.2327926975322603	1.6992215200013314	3.2714992468015223
2.183366967458849	1.8302383481002489	3.2021376744638714
2.124434821505586	1.9660993120578478	3.119515279101698
2.05981666292036	2.09827959097235	3.0291838478730795
1.9936304294242373	2.2205434711603833	2.9370795497721693
1.9300456320159771	2.3286393592814187	2.849163175174717
1.8730671381421278	2.419862873832872	2.7711074567181373
1.8263474498977508	2.4926193511501205	2.7080315740640395
1.7930179093417595	2.5460407405518843	2.6642713895252794
1.775532174201075	2.5796789828071347	2.6431767310066614
