1.0	1.0	1.0
1.005789226514666	0.9807929490555735	1.0142968365045013
1.0115421086569287	0.961217137110791	1.02838593135077
1.0172224845154816	0.9413801565208676	1.0421866417451053
1.0227941449623172	0.9214016003910799	1.0556203349788253
1.0282210840177268	0.9014135869853708	1.0686106896445753
1.0334677605479443	0.8815610818045477	1.0810840056615607
1.0384993689768134	0.8620019291985969	1.0929695237531536
1.0432821162648673	0.8429064849373605	1.1041997535550199
1.0477835020107722	0.8244567217511839	1.1147108082093549
1.051972598177673	0.8068446656828486	1.124442742149329
1.0558203246569846	0.7902700184769963	1.1333398878197594
1.0592997166699405	0.7749368384629423	1.141351186332561
1.062386179886431	0.7610491987016816	1.1484305065311737
1.0650577291222996	0.748805824376905	1.1545369466444315
1.0672952065679984	0.7383938340058023	1.159635112649461
1.0690824757070128	0.7299818634489413	1.1636953676314985
1.0704065874009376	0.7237130164465615	1.1666940468159792
1.0712579150440562	0.719698225145816	1.168613633538321
1.0716302562136117	0.7180106760490562	1.1694428921862834
1.0715208988481033	0.7186819241611562	1.1691769550693294
1.070930650656542	0.7217001661355104	1.1678173612042124
1.0698638311752298	0.7270108907317376	1.1653720461169592
1.068328226621804	0.7345198231930226	1.1618552829064277
1.066335008424568	0.7440977974967781	1.1572875759502506
1.0638986170043245	0.7555869884384193	1.1516955097171373
1.0610366130332207	0.7688078487250509	1.1451115561390748
1.0577694989701565	0.783566124346622	1.1375738448553514
1.0541205141581933	0.7996594357184058	1.1291259013347277
1.0501154071531908	0.8168830704205137	1.1198163583854712
1.0457821892263508	0.8350347958667727	1.1096986468546999
1.0411508731427697	0.8539186388427112	1.0988306713845224
1.0362532013645838	0.8733476800215062	1.0872744769253238
1.0311223677661039	0.8931459738176166	1.0750959113049139
1.0257927367886217	0.9131497332239978	1.0623642885205749
1.0202995637164827	0.9332079245691284	1.0491520565689503
1.014678719438036	0.9531824073332751	1.0355344725708862
1.0089664226811372	0.9729477365366913	1.0215892867044358
1.0031989822995127	0.9923907248914301	1.007396435054677
0.9974125517499325	1.011409842084831	0.9930377399562098
0.9916428974563734	1.029914510929145	0.9785966147848729
0.9859251823203462	1.047824345340516	0.9641577685031976
0.9802937652187753	1.0650683632547377	0.9498069036491392
0.97478201694248	1.0815841983729513	0.935630399969067
0.969422152677525	1.0973173276476373	0.9217149746463017
0.9642450808242147	1.1122203262344008	0.9081473092029007
0.9592802676878946	1.1262521578501596	0.8950136328153503
0.9545556173635084	1.1393775057555964	0.8823992521615317
0.9500973659717855	1.1515661476469132	0.8703880191868846
0.945929989287184	1.1627923763875636	0.8590617305027616
0.9420761227232651	1.1730344675749722	0.8484994556190671
0.9385564926061032	1.1822741943022916	0.8387767958854639
0.935389857666079	1.1904963890553049	0.8299650817571096
0.9325929597081483	1.1976885524184118	0.8221305225287231
0.9301804824755054	1.2038405081077777	0.8153333295214727
0.9281650177967727	1.2089441037737167	0.809626840206799
0.9265570381980951	1.2129929569966817	0.8050566761249657
0.9253648752649353	1.21598224592667	0.8016599708820771
0.9245947031506913	1.2179085440734172	0.7994647052597508
0.9242505267478155	1.218769698836261	0.7984891840597454
0.9243341741598464	1.2185647534616568	0.7987416836161811
0.92484529323811	1.2172939122277493	0.8002202902740773
0.9257813520737231	1.2149585487746462	0.8029129393328475
0.927137643463082	1.2115612576218462	0.8067976521126441
0.9289072934925888	1.207105949036673	0.811842957217931
0.931081274515234	1.201597987535407	0.8180084720014111
0.9336484229169114	1.1950443744078083	0.8252456126793618
0.9365954621927577	1.187453974751035	0.833498397127472
0.9399070319716671	1.178837789574903	0.8427043032481192
0.9435657237381642	1.1692092735899178	0.8527951476722727
0.947552124102156	1.1585846993032696	0.8636979538437509
0.9518448665552383	1.1469835680133285	0.8753357844487498
0.9564206927231487	1.1344290681925189	0.8876285198782433
0.9612545241731323	1.120948581556682	0.9004935712025761
0.96631954585758	1.1065742368006235	0.9138465224094426
0.9715873022663654	1.091343510483981	0.9276017020100996
0.9770278073150059	1.0752998738078157	0.9416726883405644
0.9826096689096598	1.0584934829316834	0.9559727559176276
0.9883002289992955	1.040981908908213	0.9704152721129431
0.9940657197473515	1.0228309010758454	0.9849140543157502
0.9998714362284272	1.0041151746124612	0.9993836978371573
1.0056819257801568	0.984919208610689	1.0137398842471441
1.0114611938184914	0.9653380351210813	1.0278996788010164
1.0171729255603097	0.9454779916988248	1.0417818242564754
1.0227807226969994	0.9254573996421429	1.055307036832909
1.0282483536351197	0.9054071169457024	1.0683983084238051
1.0335400154764232	0.885470898833684	1.0809812175223747
1.0386206054623934	0.865805479844566	1.0929842497224402
1.0434559991727923	0.8465802708514039	1.1043391271601077
1.0480133323595109	0.8279765443813555	1.1149811449044784
1.0522612829329727	0.810185966129365	1.124849511117425
1.0561703493150616	0.7934083257267686	1.1338876868066265
1.0597131211458832	0.7778483337811619	1.1420437202108527
1.0628645381956643	0.7637113942967705	1.1492705702952302
1.0656021332994048	0.751198340151935	1.155526413505351
1.0679062552087526	0.7404992379311316	1.1607749278356392
1.0697602674473103	0.7317865211105528	1.1649855484065834
1.0711507195620358	0.7252078776859469	1.168133689108045
1.072067487579701	0.7208794656631189	1.170200925436057
1.072503880993826	0.7188801143942908	1.1711751344057295
1.0724567142100219	0.7192471523879551	1.1710505883341986
1.0719263410480582	0.7219743641553533	1.1698280003204473
1.0709166516159234	0.7270123341977883	1.1675145203641364
1.0694350316110375	0.7342711336980436	1.1641236822210503
1.0674922848419486	0.7436250131501666	1.1596753022444246
1.0651025204756546	0.7549185467510862	1.1541953325655316
1.0622830071777802	0.7679735711877077	1.1477156719814432
1.0590539969042616	0.7825962765096856	1.1402739388042653
1.0554385216062527	0.7985839137862241	1.1319132106505043
1.0514621665111399	0.8157307413240659	1.122681736683402
1.0471528239327705	0.8338329969318429	1.1126326281434007
1.0425404317390579	0.8526928278439767	1.1018235330973616
1.037656700665488	0.8721212170259143	1.0903163011973958
1.0325348346136218	0.8919400119524615	1.0781766438632163
1.0272092479232706	0.9119831949906012	1.0654737946915886
1.0217152833676362	0.9320975421618543	1.0522801740620338
1.0160889343067832	0.9521428084592436	1.0386710608636578
1.0103665740623642	0.9719915606423954	1.0247242730332387
1.0045846951622976	0.9915287579807539	1.010519857194486
0.9987796606647684	1.0106511611947815	0.9961397861546298
0.9929874693224161	1.0292666317169121	0.981667661388131
0.9872435359044507	1.0472933681297643	0.9671884159711819
0.9815824875694802	1.0646591143432775	0.9527880117931959
0.9760379767857099	1.0813003644910688	0.938553123350492
0.9706425109362906	1.0971615822511964	0.9245707991336255
0.9654272984320363	1.112194446886732	0.9109280906889959
0.9604221108853463	1.126357134348038	0.8977116390270179
0.955655160679704	1.1396136389321383	0.8850072083406935
0.9511529930984768	1.1519331389723957	0.872899158172187
0.9469403920532323	1.1632894086137142	0.8614698473865144
0.9430402983724364	1.1736602767480329	0.8507989666984697
0.9394737395723183	1.1830271335186282	0.840962801082334
0.9362597700282892	1.191374484360186	0.8320334290751538
0.9334154204927196	1.1986895512604971	0.8240778724967995
0.930955655958126	1.2049619207636575	0.8171572169962501
0.9288933409390923	1.210183238151761	0.8113257304510534
0.9272392113371067	1.2143469472198756	0.8066300118138163
0.9260018521559681	1.2174480750816763	0.8031082066851037
0.9251876804481279	1.2194830614990395	0.8007893269458678
0.9248009329915466	1.220449632309711	0.7996927096825618
0.9248436583201867	1.2203467166262694	0.7998276452261079
0.9253157128575704	1.219174407591647	0.8011931956923959
0.9262147610307203	1.2169339665967933	0.8037782147008745
0.9275362793704521	1.2136278709904262	0.8075615670671067
0.9292735647327194	1.2092599054351167	0.8125125355166096
0.9314177469038138	1.2038352971840869	0.8185913911305326
0.933957805978838	1.1973608956647372	0.8257500963558285
0.9368805950267838	1.1898453968532365	0.8339331046515183
0.9401708686750865	1.1812996130038778	0.8430782193965641
0.9438113183594681	1.1717367883503655	0.853117476314414
0.947782615088364	1.1611729614145812	0.8639780177955184
0.9520634606617934	1.1496273745293708	0.8755829333442013
0.9566306483581206	1.1371229310881705	0.8878520471099609
0.9614591341542263	1.1236867008514146	0.9007026403255997
0.9665221195702955	1.109350473332815	0.9140501028575954
0.9717911472246975	1.0941513588083378	0.9278085135588272
0.9772362101423793	1.0781324357673674	0.941891153469324
0.9828258757772242	1.0613434425621058	0.9562109590673543
0.988527425581088	1.0438415094746005	0.9706809247822165
0.9943070107767696	1.0256919252317043	0.9852144649713587
1.0001298247674495	1.0069689289211738	0.9997257457086897
1.0059602923410866	0.9877565139964846	1.014129996210532
1.0117622755068867	0.9681492252356684	1.02834380871494
1.0174992954361848	0.948252921715113	1.0422854342837773
1.023134769578279	0.9281854686243545	1.0558750804453965
1.0286322625915005	0.9080773076863814	1.0690352149446727
1.0339557492820457	0.8880718398548323	1.0816908781999504
1.039069887290847	0.8683255350485057	1.0937700054480064
1.0439402968268081	0.8490076629254085	1.1052037580385916
1.0485338443292698	0.8302995182678026	1.1159268619585088
1.0528189265704122	0.8123929983274358	1.1258779504521323
1.0567657513963897	0.7954883834603589	1.1349999065849405
1.0603466110703859	0.7797911846890445	1.1432402007878533
1.063536144035979	0.7655079619152838	1.1505512178368942
1.0663115808771366	0.7528410930208671	1.1568905673738235
1.06865297032051	0.7419825911880141	1.162221371962555
1.0705433813111418	0.7331072202671569	1.1665125268009382
1.0719690774943962	0.7263653270290937	1.169738925559105
1.072919660850304	0.721875960964141	1.171881647378475
1.0733881817420656	0.7197209435870002	1.1729281008173178
1.0733712132441977	0.7199405394707138	1.1728721214406435
1.072868888289578	0.7225312495289327	1.1717140207895111
1.0718848988969947	0.7274460055160423	1.1694605855882192
1.07042645748797	0.7345967403807618	1.1661250272146357
1.0685042210486084	0.743859010641572	1.161726882624669
1.066132179614025	0.7550781209319576	1.1562918690421857
1.0633275112257696	0.768076089154801	1.1498516957578695
1.0601104061151587	0.7826587994876703	1.142443837285238
1.056503863379439	0.7986227945525021	1.1341112728646903
1.0525334638292445	0.8157613153575624	1.1249021978582103
1.0482271229854585	0.8338693657216782	1.1148697129158711
1.0436148283867774	0.8527477253854827	1.1040714969050225
1.0387283654362598	0.8722059464648891	1.0925694694652361
1.0336010359706476	0.8920644379905788	1.080429448684407
1.0282673735890162	0.9121557781959418	1.067720808787532
1.0227628595393674	0.9323254029447637	1.054516141898727
1.017123642647655	0.9524318105555514	1.04089092689326
1.01138626639961	0.9723464060773485	1.0269232071191614
1.0055874058685204	0.9919530874288561	1.0126932773623332
0.9997636167387969	1.0111476552945715	0.9982833788869805
0.9939510982218356	1.0298371102209687	0.9837773997455245
0.9881854712122556	1.0479388847913478	0.9692605758716969
0.9825015726020441	1.0653800462058025	0.9548191868155403
0.9769332662683956	1.0820964948045422	0.9405402384372453
0.9715132708866997	1.0980321766374053	0.9265111235588355
0.9662730043994623	1.1131383226522191	0.9128192506144872
0.9612424446989204	1.1273727230329247	0.8995516299017502
0.9564500058575742	1.1406990423084709	0.8867944072955777
0.951922429066762	1.1530861787865576	0.8746323364289356
0.9476846873170968	1.1645076704171728	0.8631481825360975
0.943759902773073	1.1749411481890395	0.8524220545189111
0.9401692757535226	1.1843678374814073	0.8425306663677797
0.9369320242252206	1.1927721073424167	0.833546534754099
0.934065332743866	1.2001410673779225	0.8255371261473812
0.9315843098298465	1.2064642117647293	0.8185639737440213
0.9295019528407562	1.2117331098169972	0.8126817911836165
0.9278291194940478	1.2159411425111952	0.8079376156878277
0.9265745052974365	1.2190832843972026	0.8043700170475616
0.9257446262582961	1.2211559303793271	0.8020084100445709
0.9253438063634993	1.2221567669325013	0.8008725058869
0.9253741694457598	1.2220846874190523	0.8009719328906434
0.9258356351799341	1.2209397512847802	0.8023060482314346
0.9267259190817373	1.2187231870349045	0.804863951855095
0.9280405365111155	1.2154374390164664	0.8086247016868563
0.9297728108123885	1.2110862581598578	0.8135577174229282
0.931913885852564	1.205674836954157	0.8196233497215368
0.934452743347062	1.1992099890445038	0.8267735835982505
0.9373762254872686	1.1917003739400196	0.834952839948191
0.9406690635052081	1.1831567674021135	0.8440988375778227
0.944313912924936	1.1735923781384132	0.854143479700304
0.948291396355156	1.16302321144789	0.8650137329537364
0.952580154769544	1.1514684804356536	0.8766324728593892
0.9571569082962523	1.1389510653240391	0.8889192764092408
0.9619965275914465	1.1254980212055739	0.9017911493895708
0.9670721168985945	1.1111411342782755	0.9151631824925982
0.9723551098904596	1.0959175261249787	0.9289491358144637
0.9778153793493618	1.0798703048761225	0.9430619557486013
0.9834213616586183	1.0630492610322237	0.957414231485537
0.9891401969501804	1.0455116041843318	0.9719186003732029
0.9949378855773845	1.0273227346777711	0.9864881124058612
1.0007794613557504	1.008557041179162	1.001036564266472
1.006629181738887	0.9892987108259038	1.0154788128308283
1.0124507347726586	0.9696425327892506	1.0297310770281056
1.018207462302872	0.9496946682361183	1.0437112355980953
1.023862598506203	0.9295733493757342	1.0573391267222374
1.0293795223795497	0.9094094571208896	1.0705368538405968
1.0347220223705749	0.8893469106660364	1.0832291002846852
1.0398545708749554	0.8695427831919511	1.0953434537221525
1.0447426058788565	0.8501670369170446	1.1068107398747735
1.0493528166046788	0.8314017500115266	1.1175653635753537
1.0536534296413131	0.8134396913814192	1.1275456540032713
1.057614491724075	0.796482093066344	1.1366942099069133
1.0612081450905306	0.7807354821987819	1.1449582398033848
1.064408891191225	0.7664074747239856	1.1522898915557798
1.0671938384910329	0.7537015101766947	1.158646565375145
1.0695429301662651	0.7428106250208599	1.163991204181726
1.0714391476895697	0.7339105162036477	1.168292555385835
1.0728686865992347	0.7271523175743221	1.1715253985038947
1.0738211011670966	0.7226556655412548	1.1736707335941408
1.0742894152003168	0.7205027228280171	1.174715926256544
1.0742701968225672	0.7207338193438636	1.174654805863493
1.0737635957613074	0.7233452357684803	1.173487714736631
1.0727733423981156	0.7282894108133392	1.1712215071210788
1.0713067085943175	0.7354775450817499	1.1678694979878554
1.0693744310591613	0.7447842726856398	1.1634513628736676
1.0669905987571562	0.7560538437479106	1.1579929910993398
1.0641725065308802	0.7691071488752732	1.1515262957508716
1.0609404777238711	0.7837489266329002	1.1440889847205344
1.057317659106814	0.7997746011536253	1.1357242978546565
1.0533297918250248	0.8169763565338611	1.1264807158105814
1.049004962386668	0.8351482246579767	1.1164116465652554
1.044373337894717	0.8540901118715528	1.10557509562634
1.0394668897916548	0.8736108010315459	1.0940333258649078
1.0343191103391816	0.8935300357063592	1.0818525125144545
1.0289647259046777	0.9136798280509719	1.0691023982679675
1.023439410884075	0.9339051402847391	1.0558559525625317
1.0177795057718901	0.9540640811971626	1.0421890380839687
1.012021742509893	0.9740277415656791	1.0281800862720751
1.006202979823368	0.9936797714479958	1.0139097821856091
1.0003599508053371	1.0129157815827337	0.999460757527765
0.9945290245508213	1.031642632532215	0.9849172889790401
0.9887459831901897	1.0497776595372017	0.9703649972887535
0.983045815236058	1.0672478684385933	0.9558905409083299
0.9774625257530302	1.083989128196206	0.9415812963978499
0.9720289634924897	1.099945378079923	0.9275250165145329
0.9667766648119082	1.115067862069751	0.9138094559354345
0.9617357139237162	1.1293143989573773	0.9005219541386852
0.9569346187944742	1.142648693733282	0.8877489652484292
0.9524002018407897	1.1550396937795262	0.8755755258238552
0.9481575044424073	1.166460991942896	0.864084653811238
0.9442297042121126	1.1768902775649555	0.8533566753003862
0.9406380439224825	1.1863088358684015	0.8434684803659737
0.9374017709864293	1.1947010956511277	0.8344927150309661
0.9345380864168435	1.2020542249549777	0.8264969229938968
0.9320621022453645	1.2083577742089149	0.8195426577497944
0.9299868064564311	1.2136033662636332	0.8136845924530742
0.9283230345857402	1.2177844327136074	0.8089696605242462
0.9270794472379802	1.2208959959270747	0.8054362637453024
0.9262625128937809	1.222934496262809	0.8031135856573125
0.9258764954974046	1.223897664036207	0.8020210459371365
0.9259234464426179	1.2237844358994256	0.802167925928148
0.9264032007028258	1.2225949154157	0.8035531869299299
0.9273133769817471	1.2203303777317296	0.8061654919733938
0.9286493818918667	1.21699331837988	0.8099834297503559
0.930404418298912	1.2125875463697013	0.814975927455767
0.9325694981010171	1.2071183218517452	0.8211028288374418
0.9351334598401699	1.2005925387514322	0.8283156057941511
0.9380829916697736	1.1930189528718904	0.8365581670821364
0.9414026603240051	1.1844084560465056	0.8457677262773657
0.9450749468498211	1.1747743969772584	0.8558756928461271
0.9490802899680421	1.1641329494144692	0.8668085544058614
0.9533971380223609	1.1525035283046685	0.8784887242174441
0.9580020105502162	1.1399092544382563	0.8908353347947731
0.9628695705625605	1.1263774679423193	0.9037649654766972
0.9679727086456367	1.111940290650689	0.917192298265436
0.9732826399917741	1.0966352368922023	0.9310307017731564
0.9787690154228655	1.080505871497451	0.9451927475040354
0.9844000473849082	1.0636025127341149	0.9595906658659423
0.9901426517607801	1.0459829763039343	0.974136751308921
0.995962606168318	1.0277133542855865	0.9887437269608935
1.00182472518014	1.0088688197438807	1.0033250792489536
1.0076930526205565	0.9895344433364138	1.0177953724429392
1.013531070765351	0.9698060022539856	1.0320705520134912
1.0193019258963603	0.9497907537916987	1.0460682443162244
1.0249686692511761	0.9296081353021305	1.0597080585286465
1.0304945119678721	0.9093903388252285	1.0729118950838419
1.0358430921666795	0.8892826921186145	1.0856042631487641
1.0409787518484779	0.869443758364445	1.0977126080507604
1.0458668208390751	0.8500450455365884	1.1091676480143258
1.050473904585127	0.8312701955664874	1.119903718170503
1.0547681722295807	0.8133135071192618	1.1298591185748834
1.0587196410789899	0.7963776402465395	1.1389764619413336
1.0623004533384455	0.7806703648675755	1.147203015986524
1.0654851408469455	0.7664002576936417	1.1544910346991784
1.0682508735088825	0.7537713326306238	1.160798072506707
1.0705776871946922	0.7429767117772348	1.1660872752139286
1.0724486870801053	0.7341916018833973	1.1703276417312596
1.073850222708802	0.7275660142229377	1.1734942509836597
1.074772031492525	0.7232178187732589	1.1755684489804512
1.0752073478958777	0.7212268115134353	1.1765379918065506
1.075152976175378	0.7216304556459322	1.1763971412376535
1.074609325235009	0.7244218140195139	1.175146710749664
1.0735804049012712	0.7295499360889837	1.172794060845449
1.0720737836850374	0.7369226490682164	1.1693530438159014
1.0701005088596833	0.7464114009062445	1.164843899241645
1.067674990419335	0.7578575796088766	1.1592931026810378
1.0648148511634796	0.7710796295779335	1.1527331710358675
1.0615407457627832	0.7858803043818525	1.1452024289982867
1.0578761521775515	0.8020535085778118	1.1367447417260654
1.0538471392108435	0.8193903449363623	1.1274092194391965
1.0494821142735848	0.8376841546835447	1.1172498999569664
1.044811555614901	0.8567344862215814	1.1063254152855977
1.0398677333280089	0.8763500367496181	1.0946986482141743
1.0346844233856336	0.8963506789595044	1.082436384479086
1.029296618798418	0.916568717472519	1.0696089654191074
1.0237402417377948	0.936849526327687	1.0562899451744259
1.0180518601364457	0.957051709128074	1.0425557553987166
1.012268411891494	0.9770469051920184	1.028485379174187
1.0064269393654022	0.996719343780745	1.0141600343717854
1.000564336424518	1.0159652276350835	0.9996628651160308
0.9947171097917905	1.0346920084896272	0.9850786383391498
0.9889211560334089	1.0528176016784077	0.9704934406978137
0.9832115550621512	1.070269574468902	0.9559943694493499
0.9776223806339602	1.0869843330742703	0.941669209334682
0.9721865279472686	1.1029063259632166	0.9276060862079833
0.9669355581329688	1.1179872756531226	0.9138930872293317
0.9618995591504796	1.1321854472131425	0.9006178370620317
0.9571070223837154	1.1454649588619972	0.8878670198738167
0.9525847340596377	1.1577951380324123	0.8757258382176599
0.9483576804895406	1.169149924867229	0.8642774022307079
0.9444489660560864	1.1795073241429328	0.8536020461540688
0.9408797428331935	1.188848905960632	0.8437765739640093
0.9376691507263673	1.1971593551125375	0.8348734418017508
0.9348342670528336	1.2044260687596429	0.8269598916039009
0.9323900645387009	1.2106388018983067	0.8200970573808378
0.9303493767893591	1.2157893600179999	0.8143390722902676
0.928722870384843	1.2198713383373434	0.8097322101953233
0.9275190228598792	1.222879907034931	0.8063140989296166
0.9267441059453814	1.2248116419539792	0.8041130432616241
0.9264021735714697	1.2256644003471096	0.8031474930541265
0.926495054259552	1.2254372413329682	0.8034256862338098
0.9270223476610226	1.2241303908545191	0.8049454872709567
0.9279814251316257	1.2217452510549882	0.8076944307299719
0.9293674343626732	1.2182844541172464	0.8116499672579579
0.9311733082224626	1.2137519607416993	0.8167798974760431
0.9333897780927174	1.2081532035622502	0.8230429689232248
0.9360053921147722	1.201495275915139	0.8303896035099125
0.9390065388872936	1.193787166476386	0.8387627184887909
0.9423774772797796	1.1850400403642967	0.848098602889449
0.9461003731415644	1.1752675673566209	0.8583278133944353
0.9501553437915347	1.1644862978878097	0.8693760581291404
0.9545205112655637	1.1527160874571485	0.8811650429823448
0.9591720653725092	1.1399805699748284	0.8936132620189666
0.9640843376607122	1.1263076803738983	0.9066367205281884
0.9692298874201809	1.1117302264839801	0.9201495856695219
0.9745796008357683	1.0962865096442118	0.9340647651337287
0.9801028043585901	1.0800209927528401	0.9482944185131085
0.9857673932719282	1.062985013304313	0.9627504091251989
0.9915399762900335	1.0452375373078147	0.9773447059223935
0.9973860368406398	1.0268459476205556	0.9919897459890391
1.0032701114431952	1.0078868569110215	1.006598768155983
1.0091559853050436	0.9884469308691647	1.0210861276373808
1.0150069049193102	0.9686237010090752	1.0353676004923542
1.0207858070655795	0.9485263380145317	1.0493606852899664
1.0264555631944743	0.9282763455920179	1.062984907739872
1.0319792377293142	0.9080081208224968	1.0761621323476314
1.037320358353812	0.8878693098732637	1.0888168834455394
1.0424431958881635	0.8680208679582876	1.1008766763009685
1.0473130509025241	0.8486367107898705	1.1122723574642912
1.0518965437937347	0.8299028239582298	1.122938452126187
1.0561619046758495	0.812015681089283	1.132813515040062
1.0600792591250605	0.795179817901228	1.1418404805535598
1.0636209055914816	0.7796044262129029	1.1499670065025014
1.066761580158671	0.765498879477907	1.1571458061647526
1.0694787043085539	0.7530671880641198	1.1633349621589648
1.0717526114429323	0.7425015112508556	1.1684982161065818
1.0735667481270266	0.7339750160374895	1.1726052280514716
1.0749078463547599	0.7276345476727524	1.1756318000395944
1.075766063584013	0.7235937255686902	1.177560058883879
1.0761350878420146	0.7219271550491463	1.1783785939523361
1.0760122058409172	0.7226664105597703	1.1780825467892626
1.0753983327517862	0.7257982838049336	1.1766736504730413
1.0742980030387974	0.7312655213123906	1.1741602177878774
1.0727193225293024	0.7389699556702042	1.1705570784958759
1.070673882663459	0.7487776365692537	1.1658854671939212
1.0681766386035187	0.7605253574217317	1.1601728643809026
1.0652457535633244	0.7740278865761984	1.1534527944012762
1.0619024123214964	0.7890852471804368	1.1457645848308606
1.0581706073892654	0.8054895146142144	1.137153092595505
1.0540769017024152	0.8230307697176527	1.1276684026344426
1.0496501719877567	0.8415020174346719	1.1173655052162519
1.0449213371143748	0.8607030248489357	1.1063039580720175
1.0399230757800493	0.8804431364558392	1.0945475393202053
1.0346895378097087	0.900543187131399	1.0821638967201759
1.0292560531655888	0.9208366614782	1.069224198111603
1.023658842501163	0.9411702517963292	1.0558027869862943
1.0179347327485577	0.9614039552932181	1.0419768460132897
1.0121208808291426	0.9814108318744105	1.0278260700192952
1.0062545081370469	1.0010765222117972	1.0134323484421963
1.0003726479829234	1.0202986049753935	0.9988794556608506
0.9945119077168942	1.0389858537913264	0.9842527459047705
0.9887082467902205	1.0570574392628702	0.9696388477209126
0.9829967715778177	1.0744421092540248	0.9551253512968101
0.9774115473789708	1.091077371259155	0.9408004804059625
0.9719854276497455	1.1069086936163333	0.9267527394733509
0.966749900203475	1.1218887371029511	0.9130705254027569
0.9617349498487637	1.135976624661464	0.899841693533639
0.9569689367190262	1.1491372542897937	0.8871530675901701
0.9524784893830581	1.1613406582145207	0.8750898849357635
0.9482884117103533	1.1725614101294068	0.8637351710158291
0.9444216023943619	1.182778081364756	0.8531690406635225
0.940898986007297	1.191972746235581	0.8434679289608192
0.937739454466452	1.200130536412454	0.8347037604479015
0.9349598178290727	1.2072392439071475	0.8269430723326269
0.9325747633954053	1.213288972122553	0.8202461144436406
0.9305968221826041	1.2182718343526513	0.8146659552860765
0.9290363419311778	1.2221816991123546	0.8102476288635103
0.9279014659165818	1.2250139817137442	0.8070273600710158
0.9271981169580419	1.2267654815737876	0.8050319067127372
0.9269299861420638	1.2274342648308656	0.8042780531024141
0.9270985259072787	1.227019591956987	0.8047722837244902
0.9277029472687963	1.2255218901740983	0.8065106560014358
0.9287402210930735	1.2229427706117508	0.8094788797192853
0.930205083467666	1.2192850902752097	0.8136525983334572
0.9320900453434996	1.214553059023628	0.8189978555760301
0.934385406759766	1.2087523918829077	0.8254717207903752
0.93707927609226	1.2018905071326338	0.8330230392094153
0.9401575948936057	1.1939767707058948	0.8415932695139202
0.9436041690164594	1.1850227875186474	0.8511173705207226
0.9474007068259468	1.1750427403938075	0.8615247013902274
0.9515268654120992	1.1640537772541393	0.8727399046292641
0.9559603058030632	1.1520764472131029	0.8846837475611922
0.960676758250941	1.1391351860742673	0.8972739049908887
0.9656500987093436	1.1252588515293047	0.9104256727629046
0.9708524376398867	1.1104813079816303	0.924052608226634
0.9762542222686107	1.094842060359963	0.9380670989125327
0.9818243533575264	1.0783869354426279	0.952380864806779
0.9875303174565245	1.061168807976873	0.9669054024615624
0.9933383354528923	1.0432483670940567	0.9815523808789561
0.9992135280369555	1.0246949159852574	0.9962339998104387
1.0051200984517084	1.0055871942434622	1.0108633210053848
1.0110215325922973	0.9860142073579311	1.02535458220815
1.0168808161705827	0.9660760411527917	1.0396235025194098
1.0226606682657025	0.9458846300312159	1.0535875862551562
1.0283237901510431	0.9255644362493285	1.0671664307823923
1.0338331278311996	0.9052529827249548	1.0802820420853532
1.0391521462516369	0.885101163980295	1.0928591600994702
1.0442451126733094	0.8652732391701373	1.1048255942039114
1.0490773862505625	0.8459463891574333	1.1161125677352557
1.053615710430645	0.8273096991279866	1.1266550690120585
1.0578285044249678	0.8095624141383827	1.136392205172353
1.0616861497034658	0.7929113144443064	1.1452675541468402
1.0651612672505182	0.7775670797313541	1.1532295093377394
1.0682289812082406	0.7637395665181184	1.1602316110598907
1.0708671645319676	0.7516320189719106	1.166232858534294
1.0730566624010447	0.7414343715010187	1.171197996206444
1.0747814893688106	0.7333159712062699	1.1750977683877095
1.076028996597106	0.7274182233925387	1.1779091366757515
1.0767900059959734	0.7238478030972361	1.1796154552804732
1.077058908666416	0.722671133314678	1.1802066002390144
1.0768337257066207	0.7239107695352897	1.1796790495139866
1.0761161301692193	0.7275441411930541	1.178035912094872
1.074911429725242	0.7335048123282412	1.1752869054202684
1.073228510373641	0.7416860981200154	1.1714482816625238
1.07107974230713	0.7519465859918231	1.166542704619322
1.068480849779661	0.7641169215018317	1.1605990800927455
1.0654507474939687	0.7780071587070809	1.1536523436616914
1.062011346618135	0.7934140327802349	1.1457432106288508
1.0581873340307237	0.810127652537567	1.1369178936149746
1.0540059287721097	0.8279372855545348	1.127227793753543
1.0494966199374711	0.8466360780238795	1.1167291716879832
1.0446908903821208	0.8660246893506884	1.1054828045783063
1.0396219306248167	0.8859139171962455	1.0935536350785136
1.034324347236512	0.9061264436474461	1.0810104177510798
1.028833869801579	0.9264978553598782	1.0679253676470393
1.0231870602499151	0.9468770899401406	1.0543738148120134
1.01742102799778	0.9671264467486375	1.0404338672976297
1.0115731539202704	0.9871212798766107	1.0261860838873624
1.0056808257269603	1.0067494691174599	1.0117131562155113
0.9997811868419851	1.0259107441634847	0.9970995983054569
0.9939109004171309	1.0445159194075992	0.9824314398268008
0.9881059296460527	1.0624860820575102	0.9677959176328143
0.9824013351122326	1.079751764671064	0.9532811584701352
0.9768310895029618	1.0962521243207917	0.9389758442542615
0.9714279096643011	1.1119341439245964	0.9249688501046762
0.9662231056629651	1.126751866374975	0.9113488445861018
0.9612464462633665	1.1406656685515073	0.8982038414839374
0.9565260400225061	1.1536415797715076	0.8856206931424125
0.9520882310509873	1.165650647453545	0.8736845170991229
0.947957508382624	1.176668351532744	0.8624780506134967
0.9441564278341451	1.1866740683223023	0.852080931794797
0.9407055452157819	1.195650583950657	0.8425689113605738
0.9376233597679294	1.2035836571378093	0.8340130054156508
0.9349262667432635	1.2104616308504215	0.8264786066606746
0.9326285181224026	1.2162750922533652	0.8200245785420831
0.9307421905394632	1.2210165803273192	0.814702363289798
0.9292771595971376	1.2246803405280846	0.8105551396977183
0.9282410798653545	1.227262125909532	0.8076170690401263
0.9276393699798966	1.228759044208256	0.805912667001091
0.9274752023850135	1.2291694504864472	0.8054563355560971
0.9277494973951381	1.2284928850439947	0.8062520814535009
0.9284609213839378	1.2267300564362935	0.8082934378513292
0.9296058890431306	1.2238828695659694	0.8115635937648938
0.9311785697880844	1.219954498950477	0.8160357235627965
0.9331708985215509	1.2149495073989454	0.8216734971902615
0.9355725911002349	1.2088740104563644	0.8284317423325623
0.9383711649802384	1.201735887086439	0.8362572232496885
0.9415519656452603	1.1935450371607885	0.8450894979482201
0.9450981995437641	1.1843136863950414	0.8548618156583787
0.9489909743754162	1.1740567394134311	0.8655020197932035
0.95320934766961	1.1627921816215459	0.8769334269440099
0.9577303846857436	1.1505415305064204	0.8890756591505622
0.9625292267315173	1.1373303368423433	0.9018454138354766
0.9675791710367492	1.1231887360283406	0.9151571626974999
0.9728517633307499	1.108152049374834	0.9289237769914309
0.9783169042457636	1.092261434529193	0.9430570816594388
0.9839429706022502	1.0755645832940597	0.9574683445788988
0.9896969525193103	1.0581164637253115	0.9720687097609146
0.9955446071316733	1.0399801014306518	0.9867695847777488
1.0014506294809937	1.0212273922015873	1.0014829931812357
1.007378840882928	1.0019399342109139	1.016121902386564
1.0132923947536692	0.9822098626317299	1.0306005366241258
1.0191539995136318	0.9621406622497609	1.0448346832774764
1.0249261577774214	0.94184792396993	1.058741999374681
1.0305714205962788	0.9214599985959735	1.0722423233041825
1.0360526550525329	0.9011184855553416	1.0852579950810513
1.041333323028206	0.8809784753520127	1.0977141867702547
1.0463777684969435	0.8612084431088509	1.109539243038809
1.051151510236591	0.8419896683512859	1.120665030303634
1.0556215364468549	0.8235150365542361	1.1310272916023052
1.0597565974006755	0.8059870664329983	1.1405660031678002
1.0635274919768463	0.789615011390989	1.1492257277580962
1.0669073437312688	0.7746109137379111	1.1569559590940157
1.0698718620788887	0.7611845562581613	1.1637114513058087
1.072399584188447	0.7495373642555168	1.1694525270867817
1.074472093344328	0.739855461022522	1.174145358300847
1.0760742098058862	0.7323022561251271	1.1777622130834238
1.0771941505915845	0.7270111180806955	1.1802816639977944
1.0778236551247073	0.7240788067911355	1.1816887525404876
1.07795807428593	0.7235603700244069	1.181975106201134
1.0775964211076106	0.7254661109187148	1.1811390053395705
1.076741382093449	0.729761010475726	1.179185398305274
1.0753992889304158	0.7363666797611822	1.1761258644469859
1.0735800511511004	0.7451655899908041	1.1719785258966258
1.0712970510771185	0.756007059930424	1.1667679102137607
1.0685670031019396	0.7687143239081429	1.1605247670987673
1.065409780030793	0.7830919782599626	1.153285843381245
1.0618482097656727	0.7989331904295043	1.145093621326817
1.0579078460886684	0.8160262112058547	1.1359960259476511
1.0536167176454252	0.8341599097240127	1.1260461074242314
1.0490050594562543	0.8531282152455489	1.1153017049296678
1.044105031384154	0.8727334775563268	1.103825098082124
1.0389504279706665	0.8927888423578102	1.0916826519317502
1.033576383920408	0.9131197831290816	1.0789444608184169
1.028019079285315	0.9335649456801777	1.065683995624103
1.0223154480851415	0.9539764561815999	1.0519777579031162
1.0165028937184502	0.9742198266894484	1.0379049431239133
1.0106190140862767	0.9941735706581092	1.0235471138233976
1.0047013388869541	1.01372861891189	1.0089878818903062
0.9987870810627935	1.0327876064342	0.9943125974995735
0.9929129039036101	1.0512640832064752	0.979608040466866
0.9871147048528189	1.069081688435905	0.9649621080496501
0.9814274166311229	1.0861733166375696	0.9504634915753564
0.9758848259003438	1.1024802957591568	0.9362013328389643
0.9705194093428691	1.117951591373469	0.9222648501181602
0.9653621867351648	1.1325430464585386	0.9087429230665245
0.960442590349194	1.1462166630424864	0.8957236258474245
0.9557883498236327	1.1589399296886318	0.8832936988561401
0.9514253915059718	1.1706851971842427	0.871537951426539
0.9473777511739291	1.1814291036828661	0.8605385911705523
0.9436674989959685	1.191152049794191	0.8503744801110972
0.9403146755812849	1.1998377236141766	0.8411203234722047
0.9373372379940389	1.2074726753684077	0.8328458036443199
0.934751014659525	1.21404594115139	0.8256146790094244
0.9325696681660385	1.2195487151474345	0.8194838743506927
0.9308046650605557	1.2239740696894283	0.8145025956841611
0.9294652518445706	1.2273167225322583	0.8107115066597754
0.9285584364947925	1.2295728507751547	0.8081420053660886
0.9280889749588273	1.230739950952334	0.8068156388281914
0.9280593622060798	1.230816744916857	0.8067436874644291
0.9284698275471519	1.229803131262701	0.8079269434806389
0.9293183340697546	1.2277001821597078	0.8103556963341317
0.9306005821747371	1.2245101856107212	0.8140099261058121
0.9323100173316046	1.2202367332755613	0.8188596932308005
0.9344378423082319	1.2148848541381425	0.8248657019247589
0.9369730342635467	1.20846119441651	0.8319800059611491
0.9399023672236456	1.2009742442258513	0.8401468199688275
0.9432104405894344	1.192434611595897	0.8493033974126708
0.9468797144452235	1.1828553445094259	0.8593809377026158
0.9508905525498067	1.1722523016586799	0.8703054888805947
0.9552212739907845	1.1606445725989067	0.8819988182594825
0.959848214564967	1.1480549478956092	0.8943792303569181
0.9647457990077535	1.1345104396897454	0.9073623186628761
0.9698866252271746	1.1200428528078898	0.9208616445389947
0.9752415616983496	1.1046894060719494	0.9347893424035412
0.9807798591360254	1.0884934027443274	0.9490566550431591
0.9864692774816076	1.071504947979712	0.9635744063207149
0.9922762291122591	1.0537817096064246	0.9782534207602421
0.9981659389999069	1.0353897163421446	0.9930049006155314
1.0041026223153793	1.0164041844142895	1.0077407712456379
1.0100496796871643	0.9969103591874512	1.0223740051206802
1.0159699099871955	0.9770043524075975	1.0368189337499807
1.0218257401317385	0.9567939475976898	1.0509915554270786
1.0275794709603603	0.9363993354919596	1.064809845062186
1.033193537799243	0.9159537277303836	1.0781940706358162
1.0386307838383098	0.895603780092897	1.091067119047447
1.0438547439686807	0.8755097365047736	1.1033548324201963
1.0488299362537763	0.8558451828502577	1.1149863543108605
1.0535221577613076	0.8367962775261907	1.1258944838066585
1.0578987810826959	0.8185603077178064	1.1360160341989953
1.0619290475294485	0.8013434129513812	1.1452921918370302
1.0655843527401831	0.7853573293036658	1.1536688699005528
1.0688385202731248	0.770815048998418	1.1610970512081737
1.071668058710038	0.75792537054837	1.1675331138032754
1.0740523978682441	0.7468864389213441	1.1729391329408398
1.0759740999127707	0.7378785381677303	1.1772831532310448
1.0774190414810851	0.7310565803267606	1.180539425071219
1.078376563373341	0.7265428977152324	1.1826886000998427
1.0788395849114063	0.7244210436812901	1.1837178812107576
1.078804680714917	0.7247312954443914	1.1836211236415302
1.0782721183625774	0.7274684091862386	1.1823988847596067
1.0772458561785812	0.7325819159773154	1.1800584213709384
1.0757335011816311	0.7399789195147505	1.1766136346219886
1.0737462280304608	0.7495290381800047	1.1720849638094821
1.0712986605680166	0.7610708964997122	1.1664992316049676
1.0684087182808844	0.7744194586204659	1.1598894442973247
1.0650974306281353	0.7893735134844206	1.152294551613512
1.0613887227351337	0.805722738807373	1.1437591714591961
1.0573091763781923	0.823253942298716	1.1343332854957888
1.0528877704954593	0.8417562581884185	1.1240719118154519
1.0481556056435697	0.8610252321508967	1.1130347610747795
1.0431456168791071	0.8808658417354662	1.101285882292512
1.0378922794843797	0.9010945700181945	1.0888933041051845
1.0324313117882684	0.9215406837371856	1.0759286766119045
1.0267993790683374	0.9420468736645264	1.0624669180362278
1.0210338021759842	0.9624694044446238	1.0485858693056325
1.0151722741198206	0.9826779017914704	1.034365958319115
1.0092525873921119	1.0025548825824162	1.0198898741689009
1.0033123743471952	1.0219951116000874	1.0052422499384825
0.9973888624567346	1.0409048493445832	0.9905093509614326
0.9915186457901836	1.05920103920126	0.9757787636517365
0.9857374736137302	1.0768104693485712	0.9611390782818142
0.9800800565786639	1.0936689348072262	0.9466795574849527
0.9745798905894113	1.109720417501189	0.9324897809153653
0.9692690981087727	1.1249162966364672	0.9186592555588836
0.9641782863769695	1.139214597662139	0.9052769808228114
0.959336421793584	1.1525792851862087	0.8924309579349935
0.954770719536876	1.1649796031775388	0.8802076345428892
0.9505065473711509	1.1763894643633612	0.86869127789497
0.9465673425163436	1.1867868897562959	0.8579632737245495
0.942974540420273	1.1961534985880673	0.8481013529565938
0.9397475142779823	1.2044740484973018	0.8391787544927221
0.9369035241787464	1.211736025550563	0.8312633392854124
0.9344576748242499	1.2179292835231414	0.8244166781708663
0.9324228808458495	1.2230457317968588	0.8186931427791875
0.9308098388499592	1.2270790712237447	0.8141390344320862
0.9296270054341955	1.2300245773410157	0.8107917893921389
0.9288805805394744	1.231878930392829	0.8086792993764399
0.9285744956319093	1.2326400917092875	0.8078193833961429
0.9287104063409777	1.2323072261064225	0.8082194406474933
0.9292876893154451	1.230880670096893	0.8098763047633133
0.9303034431948916	1.2283619458350103	0.8127763081144066
0.9317524937316131	1.2247538208570057	0.8168955522650778
0.933627403234572	1.2200604138137787	0.8222003685351752
0.9359184846432561	1.214287346524341	0.8286479422289287
0.938613820673887	1.2074419427990195	0.8361870664935289
0.9416992886120509	1.1995334745870176	0.8447589875616712
0.9451585914526514	1.1905734560868055	0.8542983024113191
0.9489732962075607	1.1805759865122951	0.8647338722920439
0.9531228803102392	1.1695581422223773	0.8759897204395388
0.9575847871409707	1.1575404188820693	0.8879858887731694
0.9623344917716418	1.1445472242101449	0.9006392355702207
0.9673455780800733	1.1306074216522948	0.9138641632609653
0.9725898284053679	1.1157549249597873	0.927573271994079
0.9780373269020026	1.10002934309327	0.941677940090888
0.9836565776960879	1.0834766740278257	0.9560888367436594
0.9894146388474357	1.0661500447944106	0.9707163752833488
0.9952772729717274	1.0481104932976566	0.9854711171282725
1.0012091151752593	1.029427784890064	1.0002641372813335
1.0071738586990762	1.0101812530817416	1.0150073621576552
1.0131344583602977	0.9904606487729368	1.0296138897900657
1.019053351518759	0.9703669755888079	1.0439983012569418
1.0248926958917715	0.9500132797894629	1.0580769706625712
1.0306146230965156	0.9295253513307297	1.0717683793050112
1.036181506328461	0.9090422775609186	1.0849934378953023
1.0415562400979606	0.8887167726260028	1.0976758189272489
1.046702529460758	0.8687151843511314	1.109742299602781
1.0515851857082543	0.8492170575806902	1.1211231141439182
1.056170425048163	0.8304141116150777	1.1317523129075195
1.0604261664241432	0.8125084744732359	1.141568124494196
1.0643223243125794	0.7957100156635876	1.1505133160324517
1.0678310921129592	0.780232641603834	1.1585355460422677
1.0709272116303488	0.7662894742984434	1.1655877037526057
1.0735882241461625	0.7540869327373458	1.1716282284727266
1.0757946986947684	0.7438178792323709	1.1766214025996997
1.077530433411777	0.7356541686624739	1.1805376120790612
1.078782626193351	0.7297391200762107	1.1833535686101373
1.0795420113973617	0.7261805747432241	1.1850524885821974
1.0798029599142869	0.7250452638218496	1.185624224615198
1.0795635406210782	0.7263551440906201	1.1850653466251586
1.078825541983259	0.7300861624925788	1.183379170499099
1.0775944533645387	0.7361696101366848	1.1805757337031046
1.0758794064123722	0.7444958890112471	1.1766717184117856
1.0736930776846079	0.7549202183593872	1.1716903239893122
1.0710515544396677	0.7672696162160475	1.1656610918233874
1.0679741662055453	0.7813504335446286	1.1586196865687861
1.06448328534939	0.7969557827301746	1.1506076387557027
1.06060410037174	0.8138723496836321	1.1416720544252366
1.056364366034614	0.8318862607439393	1.1318652979418724
1.051794134692965	0.8507878500265662	1.1212446543801637
1.0469254733320752	0.8703753134530622	1.1098719778769837
1.041792170822213	0.8904573322596616	1.0978133320759988
1.0364294397937817	0.9108548033079933	1.085138628268661
1.030873617322908	0.9314018345783959	1.0719212660635626
1.0251618683137016	0.9519461623219686	1.0582377804067316
1.0193318950862993	0.9723491310203608	1.0441674975482205
1.0134216562476395	0.9924853558478113	1.0297922011297067
1.0074690974533604	1.0122421646205566	1.0151958079850478
1.0015118961824732	1.0315188950849494	1.0004640515404573
0.9955872221585186	1.050226105185974	0.9856841689239835
0.9897315145769243	1.0682847390664916	0.9709445861107449
0.9839802768512028	1.0856252798257722	0.9563345937251688
0.9783678891809278	1.1021869111051292	0.941944004601522
0.9729274388799699	1.117916702875927	0.927862783002608
0.967690568089558	1.1327688319011704	0.9141806346736396
0.9626873382402272	1.1467038438059378	0.9009865468469803
0.9579461104202898	1.1596879611784427	0.8883682681093282
0.9534934406548519	1.1716924403606703	0.8764117198851574
0.9493539889958021	1.1826929783681603	0.8652003343324091
0.9455504412655624	1.1926691705487944	0.8548143177674823
0.9421034422808413	1.2016040190383934	0.8453298442954242
0.9390315394017645	1.2094834917163213	0.8368181909116452
0.9363511353010142	1.216296131150399	0.8293448325585548
0.934076448921494	1.222032712907489	0.8229685228522567
0.9322194836844295	1.2266859525663112	0.8177403926526121
0.9307900021180832	1.230250260782927	0.813703103448836
0.9297955061964315	1.2327215458130103	0.8108900948145428
0.9292412228039655	1.234097062978403	0.809324964277338
0.929130093874656	1.2343753106708537	0.8090210135164145
0.929462770888218	1.233555972607091	0.8099809869737211
0.9302376135437506	1.231639906181266	0.8121970183659557
0.9314506925687388	1.2286291768986275	0.8156507882814207
0.9330957967596204	1.2245271390136028	0.8203138833861129
0.9351644444880113	1.2193385626318434	0.826148336156072
0.9376459000435469	1.2130698076647137	0.8331073147299389
0.9405271953190162	1.2057290451411702	0.8411359262969165
0.9437931574745118	1.1973265264802926	0.8501720947784777
0.9474264433424979	1.1878749014010117	0.8601474743142005
0.9514075814521504	1.1773895851848668	0.8709883637024358
0.9557150226554454	1.1658891760009988	0.882616592689323
0.9603252004249803	1.1533959229333521	0.8949503579551414
0.9652126019595113	1.139936245194613	0.9079049939651341
0.9703498512723306	1.1255413027359895	0.9213936708257899
0.97570780544429	1.1102476180182588	0.9353280174072867
0.9812556651919102	1.0940977480290008	0.9496186729554857
0.9869611008262992	1.077141004617229	0.9641757741037364
0.9927903945558947	1.0594342197361433	0.9789093866302241
0.9987085999116921	1.0410425500557627	0.9937298926119746
1.0046797188453027	1.022040312387859	1.0085483439771645
1.010666896767347	1.0025118371430952	1.023276793048127
1.0166326354577662	0.982552321224697	1.0378286096890998
1.0225390233944063	0.9622686538933118	1.052118793297297
1.0283479826179727	0.9417801787108921	1.0660642862497274
1.0340215307890976	0.9212193412123296	1.0795842936610005
1.0395220566082626	0.9007321551503613	1.0926006125141525
1.044812606275652	0.8804784000935533	1.105037971471443
1.0498571781816768	0.860631440656884	1.1168243810126817
1.054621022557601	0.8413775347677025	1.1278914920298342
1.0590709423980444	0.8229144789766938	1.1381749596638095
1.0631755916120147	0.8054494290910379	1.147614808030568
1.066905766084641	0.78919574298753	1.1561557905712
1.0702346831545135	0.774368729806011	1.1637477400911511
1.0731382449452813	0.7611802659807623	1.1703459021386322
1.075595281045302	0.7498323596948493	1.175911245216838
1.077587766211608	0.7405099076976843	1.180410741427682
1.0791010090852564	0.7333730734801709	1.1838176114980534
1.0801238083399134	0.7285498880405694	1.1861115287271602
1.0806485732344893	0.7261297860942468	1.1872787771917455
1.080671406188779	0.726158794727162	1.187312360523873
1.080192145728726	0.7286369611722073	1.1862120586959684
1.0792143689315827	0.7335183508625229	1.1839844314667745
1.077745353314671	0.7407136156026539	1.1806427684128222
1.0757959989269235	0.7500948004764517	1.176206986743831
1.0733807121920744	0.7615018028166093	1.1707034793278193
1.0705172537897254	0.7747497665063232	1.1641649164851824
1.0672265535215324	0.7896366992221675	1.1566300061067722
1.0635324956741024	0.8059507119002655	1.1481432174705408
1.05946167884213	0.8234764518600051	1.138754474742488
1.055043154504211	0.8420004858947329	1.128518826525726
1.0503081488444606	0.8613155517870508	1.1174960979492699
1.0452897723857941	0.8812237176517472	1.1057505316562226
1.0400227219507236	0.901538564639923	1.093350423657082
1.0345429793025704	0.9220865458156494	1.0803677593624494
1.028887510557525	0.9427076825856431	1.0668778542110533
1.0230939701122037	0.9632557503564647	1.0529590021799493
1.0172004124203147	0.9835980857490705	1.0386921341259714
1.0112450144946123	1.003615124881349	1.0241604863889562
1.0052658115252575	1.0231997597866704	1.0094492784235451
0.9993004475109588	1.0422565800232997	0.994645396462687
0.9933859423111806	1.0607010497711442	0.9798370784104665
0.9875584760605745	1.0784586572896375	0.9651135933895171
0.9818531914525189	1.095464063212101	0.9505649077250714
0.9763040140065352	1.1116602663034068	0.9362813277546341
0.9709434900910294	1.1269977995072396	0.9223531088573395
0.965802642182435	1.1414339648966978	0.9088700196740838
0.9609108406061013	1.1549321131285835	0.895920850831317
0.9562956908228809	1.167460970875502	0.883592858785094
0.9519829351961677	1.1789940182297785	0.8719711378449543
0.9479963680936201	1.1895089170580702	0.8611379171421921
0.9443577631413655	1.198986990602436	0.8511717842991431
0.9410868114508882	1.207412754176574	0.8421468437156201
0.9382010696744306	1.2147734965267765	0.8341318244099284
0.9357159168079581	1.2210589112678776	0.8271891597203772
0.9336445187461426	1.2262607777316228	0.8213740681750931
0.9319977996964437	1.2303726905549923	0.8167336706152734
0.9307844196748527	1.2333898373725933	0.8133061823119083
0.930010757430542	1.2353088240484187	0.8111202195562695
0.9296808982776036	1.2361275469792339	0.8101942575064817
0.9297966264470356	1.2358451121177214	0.8105362698248397
0.9303574217095558	1.2344618004926127	0.8121435712275505
0.9313604601585848	1.231979080140406	0.8150028723612568
0.9328006191821131	1.2283996645043342	0.8190905436644486
0.9346704867915268	1.2237276174965346	0.8243730724886311
0.9369603756141925	1.2179685055544234	0.8308076871027168
0.9396583419937947	1.2111295971472777	0.8383431133556899
0.9427502107767732	1.2032201102986526	0.8469204253531396
0.9462196064928553	1.1942515087782213	0.8564739506345516
0.95004799176006	1.1842378476750133	0.8669321926798662
0.9542147138564	1.1731961690824413	0.8782187384427036
0.9586970604978008	1.161146948589698	0.8902531251369312
0.9634703259398337	1.1481145931639618	0.9029516477998593
0.9685078885744898	1.134127990794743	0.916228096426296
0.9737813012168167	1.119221111914588	0.9299944180987451
0.9792603952641045	1.103433662050705	0.9441613051251191
0.9849133998568507	1.0868117843170852	0.9586387145315759
0.9907070770709111	1.0694088091107155	0.9733363273054491
0.9966068740197827	1.0512860465695741	0.9881639576230187
1.002577092541825	1.0325136147702365	1.003031923084728
1.0085810768879333	1.0131712930079424	1.017851386907313
1.0145814195111598	0.9933493844545325	1.0325346822850714
1.020540184693691	0.9731495655950279	1.0469956279149741
1.026419149333572	0.9526856906060512	1.0611498421429677
1.0321800597613404	0.9320845067504631	1.0749150614651615
1.0377849029757282	0.911486221503652	1.0882114673149048
1.0431961901907494	0.8910448433523462	1.100962023269386
1.048377250089133	0.8709281964406468	1.113092823082849
1.053292528696341	0.8513174859036355	1.1245334483488307
1.0579078923438894	0.8324062687989359	1.135217333150948
1.0621909297994372	0.8143986701213174	1.1450821318124471
1.066111249323024	0.7975066820761962	1.1540700848241578
1.0696407661815017	0.7819464075004446	1.16212837723827
1.072753976032118	0.7679331658741689	1.1692094832755573
1.0754282095835608	0.7556754814169633	1.1752714906147352
1.0776438640668087	0.7453681189005734	1.180278397816539
1.0793846073022555	0.7371845128345869	1.1842003785769313
1.080637550531912	0.7312691214812693	1.1870140069910582
1.0813933866886738	0.7277303848658793	1.1887024387219172
1.0816464913858514	0.7266350254112643	1.189255543877171
1.0813949846115534	0.7280043618906511	1.1886699884690581
1.0806407518819454	0.7318131030662632	1.186949262524615
1.0793894244193887	0.7379907787476236	1.1841036541804555
1.0776503187484425	0.7464256205582411	1.1801501703891113
1.0754363369163429	0.7569704030898355	1.1751124061323308
1.0727638293171988	0.7694495633513754	1.1690203652315898
1.069652422805117	0.7836668608065134	1.1619102369211212
1.0661248173983622	0.7994129094791871	1.1538241332623997
1.0622065553863385	0.8164720666457232	1.144809793195621
1.057925767040489	0.834628349342872	1.134920259514826
1.0533128973914094	0.8536702276365321	1.1242135352980966
1.0484004186653757	0.8733942858049113	1.1127522263096665
1.0432225329771854	0.893607839465124	1.100603175611409
1.0378148697606908	0.9141306506729718	1.0878370960785961
1.0322141821956892	0.934795903163024	1.0745282057171726
1.0264580465752762	0.9554505969929985	1.0607538696410506
1.0205845681689134	0.9759555056349793	1.046594251307764
1.0146320966922286	0.9961848163890439	1.032131974154797
1.0086389540140719	1.0160255517649655	1.0174517931594198
1.0026431762332961	1.035376847990787	1.0026402741030433
0.9966822717594103	1.0541491483747918	0.9877854765095176
0.9907929965481526	1.0722633542272229	0.9729766344131783
0.9850111471882678	1.0896499642604451	0.958303827383901
0.9793713721199602	1.1062482243992002	0.9438576327036391
0.9739070008964943	1.1220053032368078	0.9297287483892711
0.968649891083522	1.1368755034780471	0.9160075760545577
0.9636302921286758	1.1508195161877537	0.9027837525871102
0.9588767253273099	1.1638037221664075	0.8901456204839453
0.9544158788575736	1.1757995430261496	0.87817962863273
0.9502725167562361	1.186782843334753	0.866969658497876
0.9464694006516204	1.1967333843769736	0.8565962751449041
0.9430272230565555	1.2056343295405858	0.847135908260996
0.9399645510468355	1.2134718009882761	0.8386599750811549
0.9372977792035575	1.2202344870700443	0.8312339644804204
0.9350410907752583	1.2259132998243618	0.8249165088053023
0.9332064261127655	1.2305010818824882	0.81975847647866
0.9318034575414021	1.2339923621097812	0.8158021231169574
0.9308395699576298	1.236383159376785	0.8130803409824013
0.9303198465671033	1.2376708339413334	0.8116160453911561
0.9302470593158813	1.2378539860331748	0.8114217319083178
0.930621663704359	1.2369324013585623	0.812499229950954
0.9314417978130369	1.2349070433786076	0.8148396674706379
0.9327032855096792	1.2317800923571673	0.8184236488132866
0.934399643948089	1.2275550313171704	0.8232216350445192
0.9365220956090712	1.2222367791840212	0.8291945044109754
0.9390595852733824	1.2158318715264416	0.8362942614094492
0.9419988024535078	1.208348689423635	0.8444648569901536
0.9453242099442983	1.199797737087202	0.8536430800647525
0.9490180792795918	1.1901919689394933	0.8637594815648958
0.9530605339999193	1.1795471668878665	0.8747392962400125
0.9574296017415135	1.1678823685239765	0.8865033333764949
0.9621012762446256	1.1552203469013143	0.8989688147561611
0.9670495904445343	1.141588142377752	0.9120501455952791
0.972246701846073	1.127017646717202	0.9256596112153928
0.9776629913862158	1.111546239174592	0.9397079982966424
0.9832671769535226	1.095217473568642	0.95410514446597
0.9890264426526375	1.0780818142753914	0.9687604235733078
0.9949065847718581	1.060197417510822	0.9835831763463366
1.0008721752284016	1.041630952021141	0.998483097320134
1.0068867430271664	1.022458450109103	1.0133705891942495
1.0129129739741292	1.002766175464683	1.0281570952755053
1.0189129285367338	0.9826514881294003	1.0427554196127389
1.0248482773448715	0.9622236786245872	1.0570800429920826
1.030680553384043	0.9416047322954255	1.0710474412841595
1.0363714194564895	0.9209299707846427	1.08457641083652
1.0418829489885597	0.9003484999607658	1.0975884037798473
1.0471779177579488	0.8800233727331771	1.1100078743382729
1.0522201036193564	0.860131351956631	1.121762635559543
1.056974590839919	0.840862135362336	1.1327842243543988
1.0614080752356454	0.8224168853815902	1.1430082713914993
1.0654891659464074	0.805005898520818	1.152374871262672
1.0691886794182512	0.7888452608013738	1.1608289474352576
1.0724799209945899	0.7741523785691494	1.168320605860425
1.0753389494660233	0.7611403578728978	1.1748054707194984
1.0777448200021744	0.7500113357831646	1.1802449956693022
1.0796798010934783	0.7409490379618988	1.1846067440902073
1.0811295614666148	0.7341110270464586	1.1878646322374298
1.0820833233989746	0.7296212771765863	1.1899991298297627
1.0825339794343354	0.7275638111726912	1.1909974134550945
1.0824781701776713	0.7279781219271861	1.1908534691958923
1.0819163216008854	0.7308569453313155	1.1895681420409034
1.0808526410985773	0.7361466744080458	1.1871491309066515
1.0792950723665125	0.7437503596117079	1.1836109293952488
1.0772552100066213	0.7535329085501575	1.1789747137130004
1.0747481755626862	0.7653278550546125	1.1732681804168414
1.0717924574334377	0.7789449571937062	1.1665253377946008
1.0684097177704177	0.7941779091456707	1.1587862556762474
1.0646245700266002	0.8108115802219517	1.1500967792781178
1.0604643312629622	0.8286283761083953	1.14050821326896
1.0559587536340846	0.8474135048268041	1.1300769825913863
1.0511397396560258	0.8669590894404201	1.1188642766588217
1.0460410459113374	0.8870671850989891	1.1069356833679453
1.0406979797734495	0.9075518281182304	1.0943608189189864
1.0351470935464953	0.9282402767131953	1.0812129587269084
1.0294258801313678	0.9489736074991674	1.0675686737475096
1.0235724739614938	0.9696068194474129	1.0535074753516227
1.0176253605211907	0.9900085760668236	1.0391114704814963
1.0116230972850302	1.010060693036699	1.0244650272461826
1.005604048417488	1.0296574558990041	1.0096544493953707
0.9996061350665115	1.0487048325495276	0.9947676563020635
0.9936666025888771	1.067119628807001	0.9798938632460595
0.9878218055735702	1.0848286222635313	0.9651232550025785
0.9821070110936	1.1017676995575287	0.9505466441060318
