1.0	1.0	1.0
1.0177483641239509	0.997407360979364	1.0237693362752154
1.0379667003565873	0.9943371617775267	1.0505059314295606
1.0606292740347116	0.9907689549003335	1.080145603776562
1.0857087669157885	0.986679313740993	1.1126249796795493
1.113176997973563	0.9820417478083031	1.1478831292086427
1.1430054619085168	0.976826617431487	1.1858627108629392
1.1751656630883691	0.9710010505192587	1.2265106371119578
1.2096292333399807	0.9645288646905866	1.2697782953462107
1.2463678305300667	0.9573704989830196	1.3156213709853146
1.285352820946186	0.9494829604175894	1.3639993231286878
1.326554752228415	0.9408197920027161	1.4148745607308497
1.369942625346367	0.9313310703513717	1.4682113611452907
1.4154829743258988	0.920963443041517	1.5239745648841283
1.4631387615978317	0.9096602182695124	1.582128071968102
1.5128680954371745	0.8973615223646709	1.642633157227705
1.5646227744041892	0.8840045445359825	1.7054466149442513
1.618346662348175	0.8695238930697601	1.7705187376270606
1.6739738966987787	0.8538520934623652	1.8377911296985774
1.7314269327170888	0.8369202671989269	1.907194354520511
1.790614427356513	0.818659040884413	1.978645412644054
1.8514289686311074	0.7989997504169446	2.0520450505338546
1.9137446601515637	0.7778760257363209	2.1272749024759663
1.977414576023974	0.755225871298868	2.204194474173259
2.04226810888518	0.7309944004278629	2.282637984959238
2.1081082437494394	0.7051374454306166	2.3624110969771572
2.1747088028328934	0.6776263617567079	2.44328757445938
2.2418117218342655	0.6484544928592696	2.5250059347758906
2.309124436426946	0.6176459943767968	2.607266175503304
2.376317478954667	0.5852680828015479	2.6897266885412403
2.443022409280253	0.5514483551018681	2.772001503138956
2.508830229828676	0.5163997386854432	2.853658034027789
2.5732904620284955	0.4804570131724909	2.9342155475010534
2.6359110879012775	0.444130736559632	3.0131445952247913
2.6961595840163386	0.40818627823194725	3.0898676997276957
2.753465292064734	0.3737548928039269	3.1637616025892585
2.8072233766129138	0.3424717546168333	3.2341614006593273
2.8568006110007236	0.31659199049675124	3.300366890263162
2.901543201072913	0.2989357510484381	3.36165140640664
2.9407867976343423	0.2924128143532696	3.4172733754229476
2.9738687571581024	0.2990575361712496	3.4664906882074322
3.0001425833427824	0.31914515616062933	3.508577842752504
3.0189943201393725	0.35121390658364854	3.5428455994478805
3.0298604755325234	0.39290853096915734	3.568662647828098
3.032246846880497	0.44182234551536215	3.585478515191117
3.0257474124097667	0.4958996701977101	3.592846681436493
3.0100622755487887	0.5534992569105363	3.5904466348653954
2.9850135294797844	0.6133244887303716	3.5781034501164184
2.9505578789412317	0.6743346734304234	3.5558034308478343
2.9067949395050294	0.7356748001425529	3.523704466730982
2.853970343660356	0.7966282216107685	3.4821400204714363
2.7924731127798905	0.8565873477317683	3.4316160760278365
2.7228271787842853	0.9150364541495579	3.372800907710411
2.645677414593675	0.9715418841034579	3.30650811175664
2.5617710012235944	1.02574628931841	3.2336739031608848
2.471935362101276	1.0773646623091937	3.1553301457209706
2.377054181424553	1.1261807350295263	3.0725748907045713
2.2780431620914734	1.1720429197132427	2.986542313008547
2.1758271642939504	1.2148594039256104	2.8983738486976818
2.071320218638882	1.2545923211004957	2.80919208053846
1.9654096689364355	1.291251124414998	2.7200785378164793
1.858945423040206	1.324885413558058	2.6320561340560946
1.752735030724867	1.3555775168150754	2.546076521271757
1.6475451131332493	1.3834351310182207	2.463012241606553
1.544109569844207	1.408584285385626	2.3836532400441954
1.443144991674109	1.4311628371399028	2.3087070813492425
1.3453737712835598	1.4513146399206973	2.238802091506808
1.2515554133536146	1.4691844602705981	2.1744926090282855
1.162526239916284	1.4849136595186923	2.116265568979892
1.0792465410919754	1.4986366118351704	2.0645477349289907
1.0028513089026818	1.5104777952484618	2.019713024138545
0.9346946778952557	1.520549470411128	1.9820895235869493
0.8763680378443107	1.5289498502135974	1.9519659541034384
0.8296592399016626	1.535761659831936	1.9295974927181658
0.7964148484146542	1.5410509892566442	1.9152109948141953
0.7782887410164984	1.544866346801883	1.909009754199938
0.7764239583985438	1.5472378309221466	1.9111779900942232
0.7911933468292416	1.5481763476691466	1.9218852503617454
0.8221373435450953	1.5476728115238672	1.9412908734915364
0.8681366437673801	1.545697277738889	1.9695485697677901
0.9277222347484054	1.5421979646723545	2.0068110832126775
0.9993780812273121	1.5371001351587175	2.053234800344602
1.0817466511145342	1.530304817340723	2.108984096193804
1.1737252202769095	1.5216873585514203	2.1742351612678013
1.2744833633325554	1.5110958222291127	2.2491790349914846
1.383437786341665	1.4983492595830372	2.334023573402381
1.500210286409206	1.4832359179066639	2.4289940886618764
1.6245828891967014	1.465511490699605	2.5343324011462505
1.7564561201537932	1.4448975782008537	2.650294028903622
1.8958119098828485	1.4210806216589718	2.777143194302282
2.042680544634189	1.3937117185028247	2.9151452467640175
2.1971102419143294	1.362407947961728	3.064555978645868
2.3591376748943262	1.3267561876051868	3.2256071448706605
2.5287577286058536	1.2863209682356491	3.39848728288573
2.7058907781031247	1.2406588556128304	3.5833166664788108
2.8903457672021275	1.1893434571363724	3.780114917141509
3.0817773220047155	1.13200799528477	3.9887594506856723
3.279635073895485	1.0684175798140074	4.208932582071647
3.4831033378812655	0.9985930628189407	4.440054805818076
3.6910293757392836	0.9230270032204128	4.681201622964517
3.9018388041910104	0.8430673954407673	4.931001492334022
4.113437499385885	0.7616043146380826	5.187513364913089
4.323100922666158	0.6842538421715257	5.448084314456583
4.52735460668662	0.621068682673513	5.709191723401696
4.721854185854553	0.5875789350821632	5.966281249012374
4.901280468598016	0.6011859496755612	6.213622367830819
5.059275054377101	0.6711441726231882	6.444218278234224
5.188454528579222	0.7931203084526012	6.649825597346395
5.280554154976563	0.9555465503981131	6.8211579500913775
5.326759889937889	1.146877637019902	6.948357600334621
5.318280897195793	1.3575978472231596	7.021805994448416
5.247180727470135	1.5796866159941862	7.033289194149379
5.107413592415767	1.8058961302874337	6.977425926950879
4.895906910092898	2.029435811627653	6.853117701350368
4.613425376740935	2.2440378129998586	6.664647874898156
4.264908166897866	2.4442540816166867	6.422030761901303
3.85905328145173	2.6258178234353973	6.140366911071014
3.407139865086373	2.7859146882837758	5.838276470041404
2.921345647874478	2.923255574885217	5.5358165776154395
2.412992491341576	3.037919271801166	5.252457157739107
1.891149527133123	3.131011214133882	5.005606824483322
1.3619012578934604	3.2042311604233817	4.809922618614078
0.828755343102587	3.2594436644726463	4.67736629828811
0.30132563190988615	3.298312909114871	4.617809303529282
0.3033175405157184	3.3220219410558975	4.6399641939369465
0.860396403498797	3.3310645044571774	4.75248945229128
1.4585760949644566	3.325082612358072	4.9652232283164555
2.099484075830532	3.3027243838838714	5.290622060304799
2.797658047475078	3.261516066256504	5.74562166957466
3.5729593224644725	3.1977968085820105	6.354348726622397
4.451926163010774	3.1069212564546094	7.152513638648794
5.47150244970079	2.984424018170245	8.195191102214613
6.686543434645456	2.830487607484327	9.571823793976485
8.185687794625519	2.665887751287217	11.438063560318588
10.128669027626907	2.586785183921033	14.092116587738046
12.84828357401115	2.9167994882780155	18.19129686798189
17.196142126307386	4.448268731493877	25.539219016306124
26.17439177110175	9.438672516397764	43.368003192827416
58.505244179364354	39.02731741280766	135.6538858966772
336.245485333833	1256.3459156894883	8119.294522967733
1.129620946654668e14	6.332388338279191e13	9.363740598236217e13
3.1311581691080756e99	1.1820728701009359e100	9.177368538851507e100
NaN	NaN	NaN
NaN	NaN	NaN
NaN	NaN	NaN
NaN	NaN	NaN
NaN	NaN	NaN
NaN	NaN	NaN
NaN	NaN	NaN
NaN	NaN	NaN
NaN	NaN	NaN
NaN	NaN	NaN
NaN	NaN	NaN
NaN	NaN	NaN
NaN	NaN	NaN
NaN	NaN	NaN
NaN	NaN	NaN
NaN	NaN	NaN
NaN	NaN	NaN
NaN	NaN	NaN
NaN	NaN	NaN
NaN	NaN	NaN
NaN	NaN	NaN
NaN	NaN	NaN
NaN	NaN	NaN
NaN	NaN	NaN
NaN	NaN	NaN
NaN	NaN	NaN
NaN	NaN	NaN
NaN	NaN	NaN
NaN	NaN	NaN
NaN	NaN	NaN
NaN	NaN	NaN
NaN	NaN	NaN
NaN	NaN	NaN
NaN	NaN	NaN
NaN	NaN	NaN
NaN	NaN	NaN
NaN	NaN	NaN
NaN	NaN	NaN
NaN	NaN	NaN
NaN	NaN	NaN
NaN	NaN	NaN
NaN	NaN	NaN
NaN	NaN	NaN
NaN	NaN	NaN
NaN	NaN	NaN
NaN	NaN	NaN
NaN	NaN	NaN
NaN	NaN	NaN
NaN	NaN	NaN
NaN	NaN	NaN
NaN	NaN	NaN
NaN	NaN	NaN
NaN	NaN	NaN
NaN	NaN	NaN
NaN	NaN	NaN
NaN	NaN	NaN
NaN	NaN	NaN
NaN	NaN	NaN
NaN	NaN	NaN
NaN	NaN	NaN
NaN	NaN	NaN
NaN	NaN	NaN
NaN	NaN	NaN
NaN	NaN	NaN
NaN	NaN	NaN
NaN	NaN	NaN
NaN	NaN	NaN
NaN	NaN	NaN
NaN	NaN	NaN
NaN	NaN	NaN
NaN	NaN	NaN
NaN	NaN	NaN
NaN	NaN	NaN
NaN	NaN	NaN
NaN	NaN	NaN
NaN	NaN	NaN
NaN	NaN	NaN
NaN	NaN	NaN
NaN	NaN	NaN
NaN	NaN	NaN
NaN	NaN	NaN
NaN	NaN	NaN
NaN	NaN	NaN
NaN	NaN	NaN
NaN	NaN	NaN
NaN	NaN	NaN
NaN	NaN	NaN
NaN	NaN	NaN
NaN	NaN	NaN
NaN	NaN	NaN
NaN	NaN	NaN
NaN	NaN	NaN
NaN	NaN	NaN
NaN	NaN	NaN
NaN	NaN	NaN
NaN	NaN	NaN
NaN	NaN	NaN
NaN	NaN	NaN
NaN	NaN	NaN
NaN	NaN	NaN
NaN	NaN	NaN
NaN	NaN	NaN
NaN	NaN	NaN
NaN	NaN	NaN
NaN	NaN	NaN
NaN	NaN	NaN
NaN	NaN	NaN
NaN	NaN	NaN
NaN	NaN	NaN
NaN	NaN	NaN
NaN	NaN	NaN
NaN	NaN	NaN
NaN	NaN	NaN
NaN	NaN	NaN
NaN	NaN	NaN
NaN	NaN	NaN
NaN	NaN	NaN
NaN	NaN	NaN
NaN	NaN	NaN
NaN	NaN	NaN
NaN	NaN	NaN
NaN	NaN	NaN
NaN	NaN	NaN
NaN	NaN	NaN
NaN	NaN	NaN
NaN	NaN	NaN
NaN	NaN	NaN
NaN	NaN	NaN
NaN	NaN	NaN
NaN	NaN	NaN
NaN	NaN	NaN
NaN	NaN	NaN
NaN	NaN	NaN
NaN	NaN	NaN
NaN	NaN	NaN
NaN	NaN	NaN
NaN	NaN	NaN
NaN	NaN	NaN
NaN	NaN	NaN
NaN	NaN	NaN
NaN	NaN	NaN
NaN	NaN	NaN
NaN	NaN	NaN
NaN	NaN	NaN
NaN	NaN	NaN
NaN	NaN	NaN
NaN	NaN	NaN
NaN	NaN	NaN
NaN	NaN	NaN
NaN	NaN	NaN
NaN	NaN	NaN
NaN	NaN	NaN
NaN	NaN	NaN
NaN	NaN	NaN
NaN	NaN	NaN
NaN	NaN	NaN
NaN	NaN	NaN
NaN	NaN	NaN
NaN	NaN	NaN
NaN	NaN	NaN
NaN	NaN	NaN
NaN	NaN	NaN
NaN	NaN	NaN
NaN	NaN	NaN
NaN	NaN	NaN
NaN	NaN	NaN
NaN	NaN	NaN
NaN	NaN	NaN
NaN	NaN	NaN
NaN	NaN	NaN
NaN	NaN	NaN
NaN	NaN	NaN
NaN	NaN	NaN
NaN	NaN	NaN
NaN	NaN	NaN
NaN	NaN	NaN
NaN	NaN	NaN
NaN	NaN	NaN
NaN	NaN	NaN
NaN	NaN	NaN
NaN	NaN	NaN
NaN	NaN	NaN
NaN	NaN	NaN
NaN	NaN	NaN
NaN	NaN	NaN
NaN	NaN	NaN
NaN	NaN	NaN
NaN	NaN	NaN
NaN	NaN	NaN
NaN	NaN	NaN
NaN	NaN	NaN
NaN	NaN	NaN
NaN	NaN	NaN
