1.0	1.0	1.0
1.0057632153652118	0.979472685679938	1.0144355887931444
1.011454164977162	0.9586521321437523	1.0285710811575215
1.0170339327554692	0.9376718190548176	1.0423201883623043
1.0224638313279926	0.9166796156087634	1.0555993079065584
1.0277057028373895	0.895838159257172	1.068327878397465
1.0327222300359713	0.8753248774385263	1.080428744693137
1.0374772542775799	0.855331514678796	1.0918285324699715
1.041936096525294	0.8360630024036919	1.1024580296669757
1.046065877066171	0.817735491280333	1.1122525707879645
1.0498358292804109	0.8005733648306143	1.1211524188354662
1.0532176025722662	0.7848050801072408	1.1291031387286443
1.056185549451037	0.7706577490843074	1.1360559554357335
1.0587169917660837	0.7583504929714053	1.1419680897366125
1.0607924612586523	0.7480867719840775	1.146803064522832
1.0623959098984663	0.7400461005358484	1.1505309748322434
1.0635148859213488	0.7343757673633331	1.1531287153860474
1.064140672065997	0.731183338699114	1.1545801602214567
1.0642683832076563	0.7305307717984034	1.1548762900583158
1.0638970213822916	0.732430863754428	1.154015264260029
1.063029487060668	0.7368465032443519	1.1520024355983263
1.0616725464377224	0.7436928265564297	1.148850307453133
1.0598367554168666	0.7528419884886632	1.144578434515453
1.0575363418591317	0.7641299370407753	1.139213269454559
1.0547890485022926	0.7773643966337063	1.1327879593044885
1.051615939707034	0.7923332396180732	1.1253420964663425
1.048041175831758	0.8088125353863826	1.1169214301656678
1.0440917595559331	0.8265737573152598	1.1075775449091059
1.0397972588511726	0.8453898419489565	1.0973675129207616
1.0351895115330172	0.865039987178041	1.0863535276846632
1.0303023164146292	0.8853132218728899	1.0746025255622094
1.0251711160321293	0.9060108723517334	1.062185801988311
1.0198326757313099	0.9269480974379498	1.0491786279803819
1.0143247636124095	0.94795467557113	1.0356598716311132
1.0086858354423267	0.968875217007706	1.0217116279165828
1.0029547281828923	0.9895689520297313	1.007418858560286
0.9971703652714499	1.0099092197370987	0.9928690418837859
0.99137147624758	1.0297827560718562	0.9781518305887758
0.9855963327679483	1.0490888566660153	0.9633587133100042
0.9798825025085343	1.0677384708832276	0.9485826736287435
0.9742666219361629	1.0856532681147646	0.9339178381414044
0.968784188452556	1.102764705603821	0.9194591032668762
0.963469371984402	1.1190131182363514	0.9053017289138974
0.9583548457193181	1.1343468442534972	0.8915408861185392
0.9534716353743747	1.148721396168308	0.8782711455382188
0.9488489861325962	1.1620986828541489	0.8655858945112741
0.9445142461927397	1.174446286453335	0.8535766725165126
0.9404927657459892	1.1857367961558605	0.842332418510958
0.9368078101156335	1.1959471998138993	0.8319386289076804
0.9334804857670466	1.2050583336382588	0.8224764318426043
0.9305296779092388	1.2130543897609802	0.8140215916106092
0.9279719984596437	1.2199224811682015	0.8066434661967067
0.9258217432243302	1.225652263356418	0.8004039498726438
0.9240908572505824	1.2302356120066475	0.7953564408171655
0.9227889074323865	1.2336663559791534	0.7915448794665174
0.9219230615870755	1.2359400649882017	0.7890029056817646
0.9214980733693562	1.237053891408773	0.7877531809798272
0.9215162725439293	1.2370064657853497	0.7878069156599514
0.921977560297525	1.235797845749023	0.7891636299588239
0.9228794094334709	1.2334295181966277	0.7918111643582895
0.924216869455442	1.229904454738467	0.7957259383867553
0.9259825767105117	1.2252272205738393	0.8008734415505229
0.9281667699237792	1.2194041371003377	0.8072089262420862
0.9307573116161478	1.212443498697844	0.8146782620975752
0.9337397160513846	1.2043558442445756	0.823218905234063
0.9370971845058413	1.1951542840125073	0.8327609343253098
0.9408106487909786	1.184854882642915	0.8432281081681546
0.9448588240810937	1.173477098906277	0.8545389053684826
0.9492182722016576	1.1610442828856982	0.8666075148940976
0.953863476612008	1.1475842310630733	0.8793447553235569
0.9587669303638165	1.1331297994944969	0.8926589096256857
0.9638992383275072	1.1177195747815662	0.9064564704417784
0.9692292349462966	1.101398601800333	0.9206427976044045
0.9747241186957959	1.0842191660295804	0.9351226947747694
0.9803496042908324	1.0662416266708492	0.9498009155936855
0.9860700934861736	1.0475352943633505	0.9645826117508453
0.9918488650615447	1.0281793438848212	0.979373736104052
0.9976482842631129	1.0082637474263885	0.9940814136823422
1.0034300315952462	0.9878902073741705	1.0086142923420571
1.0091553504222952	0.9671730584743936	1.0228828832469836
1.0147853123578694	0.9462400972023024	1.0367998994118717
1.0202810988990971	0.9252332805329655	1.0502805984446404
1.0256042972192019	0.904309216762156	1.0632431334730212
1.0307172074798472	0.8836393476773774	1.0756089141432246
1.0355831584838897	0.863409695297183	1.0873029776046885
1.0401668279800893	0.8438200201866861	1.0982543676014194
1.0444345634756627	0.825082216872706	1.1083965182187856
1.0483546990320718	0.8074177628356742	1.1176676375168457
1.0518978632348241	0.7910540516234911	1.1260110852413427
1.0550372733579236	0.7762194904224158	1.1333757380583513
1.057749010703044	0.7631373395700646	1.1397163353183073
1.060012272193391	0.7520184214980494	1.1449937982226321
1.0618095935478582	0.7430530219708452	1.149175515436248
1.0631270397519965	0.7364025207431606	1.152235588648367
1.063954359071443	0.7321914752788761	1.154155032309498
1.0642850975075284	0.7305009814675495	1.1549219227331857
1.0641166713545076	0.7313640976043309	1.1545314929068347
1.0634503963587272	0.7347639208825739	1.152986170659928
1.0622914728735686	0.7406345751497481	1.150295559237179
1.060648927318898	0.7488649762403082	1.1464763607619417
1.0585355111577819	0.7593048810047429	1.14155224449336
1.0559675594645366	0.771772480495829	1.1355536631217606
1.0529648119472972	0.7860627086219564	1.1285176215563741
1.0495501999791736	0.8019554977425999	1.1204874036884078
1.0457496037637135	0.819223377747278	1.111512263418475
1.0415915841974142	0.8376380263633252	1.101647086786166
1.0371070942854221	0.8569755838743075	1.0909520323056823
1.032329175113619	0.8770207118117407	1.0794921565784092
1.0272926413845938	0.8975694893754284	1.0673370319132711
1.02203376139561	0.9184313054024548	1.0545603620390331
1.0165899360874775	0.9394299279582558	1.0412396010471159
1.0109993814417861	0.9604039307839821	1.0274555794737728
1.0053008180704384	0.9812066373952395	1.0132921399382664
0.999533171347307	1.0017057182916997	0.9988357830281246
0.9937352848990422	1.0217825502343105	0.9841753222021413
0.9879456497215758	1.041331422133993	0.9694015444169457
0.9822021506402688	1.0602586512640455	0.954606871040653
0.976541831302139	1.0784816566342887	0.9398850114858597
0.9710006783927211	1.0959280232074347	0.9253305999904554
0.9656134253193691	1.1125345806745	0.9110388042482429
0.960413375205653	1.1282465131350594	0.897104893329183
0.9554322427033596	1.1430165106788364	0.8836237517547806
0.9507000138520909	1.1568039700462447	0.8706893269594982
0.9462448230016971	1.169574248858966	0.8583939989354115
0.942092845657766	1.1812979760483941	0.8468278638624772
0.9382682060114187	1.1919504198371689	0.8360779281378089
0.934792897866758	1.2015109137762074	0.8262272154699496
0.931686717676661	1.2099623407835822	0.8173537974370308
0.9289672084339674	1.2172906747850023	0.8095297667049943
0.9266496132341285	1.2234845793573796	0.8028201812628204
0.9247468374209957	1.2285350626844047	0.7972820165884479
0.9232694183439794	1.2324351881165925	0.7929631694622049
0.9222255018873116	1.2351798396671134	0.7899015610178548
0.9216208250764003	1.236765541854043	0.7881243865727271
0.9214587042187333	1.237190333408444	0.7876475552270426
0.9217400281948093	1.2364536944974054	0.7884753531854384
0.9224632566759788	1.2345565272547865	0.7906003519322637
0.9236244232092888	1.2315011895637797	0.7940035671174847
0.9252171432730855	1.227291582188845	0.7986548580427223
0.9272326275699942	1.221933289504435	0.8045135428618209
0.9296597009845856	1.2154337742084633	0.8115291926993404
0.9324848277897944	1.2078026265333255	0.8196425600192281
0.935692143836749	1.1990518685690894	0.8287865932610735
0.9392634966041488	1.189196314383179	0.8388874908454175
0.9431784941120199	1.1782539866465527	0.8498657524200112
0.9474145638161606	1.1662465904418762	0.8616371926115742
0.9519470226886529	1.1532000448115962	0.8741138913744613
0.9567491597507203	1.1391450723705807	0.8872050641756812
0.9617923323507458	1.1241178469120432	0.9008178438237591
0.9670460774661065	1.1081606983095145	0.9148579731133203
0.9724782392464404	1.0913228730657565	0.9292304132750498
0.9780551139024253	1.0736613474471364	0.9438398773898435
0.9837416128734255	1.0552416880830087	0.9585913005239761
0.9895014449761764	1.0361389519523017	0.9733902595605112
0.9952973179435171	1.0164386134917733	0.988143355789215
1.0010911594078504	0.9962375007189641	1.0027585725342125
1.0068443569718082	0.9756447142525061	1.0171456186911376
1.0125180165447716	0.9547824923471867	1.0312162672276937
1.0180732376177088	0.9337869709467982	1.0448846956502238
1.0234714036125632	0.9128087698225217	1.0580678332944524
1.0286744848914742	0.892013313994047	1.0706857181693061
1.033645351463325	0.8715807744450376	1.0826618640507808
1.038348091900469	0.8517054855410731	1.093923636650268
1.042748334498423	0.8325946723919494	1.1044026360153811
1.0468135662976135	0.8144663061697122	1.1140350808969564
1.050513445260266	0.7975459086157257	1.1227621896604918
1.0538201006767822	0.7820621606976669	1.1305305514536512
1.0567084167811462	0.768241247139116	1.1372924807765006
1.0591562945967548	0.756299997093599	1.1430063483437132
1.0611448872202163	0.746438060217023	1.1476368811762532
1.0626588040830762	0.738829568556004	1.1511554252040033
1.0636862802057048	0.7336149391819712	1.1535401642814387
1.0642193070629649	0.7308936149878388	1.1547762903880086
1.0642537224008688	0.7307185642602206	1.154856120866839
1.0637892571546672	0.7330932271040151	1.1537791598053888
1.062829538494708	0.7379713141414513	1.1515521020290655
1.0613820489366197	0.7452594847796132	1.1481887796081183
1.0594580423648183	0.7548225476138422	1.1437100522114423
1.0570724187008478	0.766490525523622	1.1381436440202641
1.054243559769971	0.7800667734334935	1.1315239311840641
1.0509931296531552	0.795336339937584	1.1238916849090863
1.047345843433936	0.8120738932836784	1.1152937761710513
1.0433292087428845	0.8300507317341429	1.1057828487005943
1.038973244854823	0.8490406113264608	1.0954169672734382
1.0343101843004079	0.8688243089801827	1.0842592484272155
1.0293741620151509	0.889192974757691	1.0723774805119002
1.0242008969724354	0.9099504105882805	1.059843739458075
1.0188273710445612	0.9309144516854616	1.046734005821589
1.0132915095235873	0.9519176335409839	1.0331277875465037
1.0076318673309252	0.9728073140504472	1.019107751499399
1.00188732447245	0.9934453969350839	1.0047593651931106
0.9960967937761024	1.0137077760751734	0.9901705482711849
0.9902989434031536	1.0334835948424352	0.9754313313109394
0.984531936072623	1.0526743921349984	0.960633517382674
0.9788331863991191	1.0711931883387238	0.9458703396543481
0.9732391372331912	1.0889635498233197	0.9312361062592922
0.9677850554229668	1.1059186593913501	0.9168258217849132
0.9625048469960656	1.1220004117458324	0.9027347732646159
0.957430891398162	1.137158546935663	0.8890580676724614
0.9525938941228526	1.1513498303507286	0.8758901078724199
0.948022756827768	1.164537284734055	0.8633239950219844
0.9437444638529298	1.1766894775126724	0.8514508478256593
0.9397839839361704	1.1877798652600993	0.8403590329799312
0.9361641858524549	1.1977861960972522	0.8301333067445907
0.9329057666836611	1.2066899701743004	0.8208538747422104
0.930027191446665	1.2144759579529645	0.8125953855212977
0.9275446428641099	1.2211317757563165	0.8054258825349055
0.9254719801477779	1.2266475179218357	0.7994057481197899
0.9238207057731782	1.231015444849056	0.7945866807210272
0.9225999393505824	1.234229726251631	0.7910107518049381
0.9218163978376875	1.236286238988037	0.7887095905447612
0.9214743814886145	1.2371824189431302	0.7877037416748074
0.9215757650900187	1.2369171665549208	0.7880022346468176
0.9221199941953534	1.235490805719698	0.7896023908086174
0.9231040862309966	1.232905095957601	0.7924898808517317
0.9245226365115901	1.2291632978740257	0.7966390288600516
0.9263678293653052	1.2242702921042763	0.8020133438111617
0.9286294547315179	1.218232752073938	0.8085662461329884
0.9312949307519874	1.2110593710395066	0.8162419473057554
0.9343493330300524	1.2027611439859796	0.8249764353171849
0.9377754313779573	1.193351705042095	0.8346985181359506
0.9415537350068139	1.1828477211191477	0.845330880756299
0.9456625472327642	1.1712693424715372	0.8567911178365494
0.9500780308717599	1.1586407107966612	0.8689927123415132
0.9547742855684465	1.144990525310141	0.8818459397397282
0.9597234383458947	1.1303526669092767	0.895258686201719
0.9648957486660465	1.114766880014684	0.9091371771553651
0.9702597292494453	1.098279510874188	0.923386619024852
0.9757822838112159	1.0809442999066452	0.9379117618174183
0.9814288627232155	1.0628232238929292	0.9526173934398358
0.9871636374058923	1.0439873812634632	0.9674087783770406
0.9929496939853986	1.02451791008858	0.9821920538799693
0.9987492464217156	1.0045069232641568	0.9968745963486897
1.0045238689241853	0.9840584383214886	1.0113653694149622
1.0102347470269888	0.9632892697151368	1.025575263553476
1.0158429462067198	0.9423298387534714	1.0394174350753702
1.0213096963984212	0.9213248399906219	1.052807650236123
1.0265966902193848	0.900433682599527	1.0656646380430506
1.0316663921585594	0.8798306012600003	1.0779104532675845
1.0364823554527907	0.8597043047266001	1.0894708492236937
1.0410095428702721	0.8402570044625748	1.1002756581187692
1.0452146471782733	0.8217026458925537	1.1102591752568907
1.0490664067080937	0.8042641592259634	1.1193605421069606
1.0525359111657078	0.7881695666033295	1.1275241222623669
1.0555968926896675	0.7736468402359815	1.1346998636303127
1.058225997143007	0.7609175131948785	1.1408436398064827
1.0604030307529682	0.7501892041547513	1.1459175635157357
1.062111177485623	0.7416474190376804	1.149890265225317
1.0633371829602007	0.735447205687872	1.1527371305484135
1.0640715012619093	0.7317054126261805	1.1544404908285029
1.064308401687791	0.7304943806470808	1.1549897622957834
1.0640460332373654	0.7318378287090126	1.1543815303747875
1.0632864455130844	0.7357094698682608	1.1526195770486798
1.0620355655958431	0.7420345441912058	1.1497148505970023
1.0603031313763593	0.7506940617937892	1.1456853784625507
1.0581025827218196	0.7615312050752899	1.140556125411393
1.0554509127073262	0.7743591212648058	1.1343588004706806
1.0523684819143129	0.7889692772886925	1.1271316173083514
1.0488787994681892	0.8051396330702448	1.1189190137090446
1.0450082750348582	0.8226420677007894	1.109771336560643
1.0407859464063554	0.8412487065878437	1.0997444992632224
1.0362431875717364	0.8607369977160783	1.0888996186830215
1.0314134022890997	0.8808935421952807	1.0773026386835036
1.0263317081528665	0.9015167885395251	1.065023946867456
1.0210346159972383	0.9224187557676857	1.0521379904601
1.0155597092067714	0.9434259685955269	1.038722896262515
1.0099453271363774	0.9643797814027054	1.0248600983233929
1.004230256396332	0.9851362473415558	1.010633975438124
0.9984534332546637	1.0055656630384642	0.9961314988184016
0.9926536598714485	1.0255518930378251	0.9814418883232084
0.9868693365278307	1.0449915543232964	0.9666562735565907
0.9811382114662146	1.063793121156769	0.9518673539895217
0.9754971494337379	1.0818759943292524	0.9371690501457987
0.9699819195328636	1.09916956640444	0.922656135927605
0.9646270025416332	1.1156123051051892	0.90842384050181
0.9594654174796797	1.1311508700436823	0.8945674070174187
0.9545285668693918	1.1457392729692522	0.8811815950076489
0.9498460998767625	1.1593380881294857	0.8683601139023432
0.9454457923131439	1.1719137168296931	0.8561949768976609
0.9413534423349917	1.183437708539402	0.8447757677288572
0.9375927805897601	1.1938861397123728	0.8341888178155751
0.9341853935172003	1.2032390506978663	0.8245162978010202
0.9311506585205325	1.2114799406100363	0.8158352354811361
0.9285056897649796	1.2185953197077095	0.808216481048819
0.9262652934356725	1.224574318661268	0.8017236497067826
0.9244419313869462	1.2294083540071117	0.7964120800202642
0.9230456922349977	1.2330908490855381	0.7923278527187103
0.9220842690809424	1.2356170098053993	0.7895069178550355
0.9215629431973741	1.2369836546645614	0.7879743773605231
0.9214845731652861	1.2371890985685514	0.7877439646129546
0.9218495891070387	1.2362330901226721	0.7888177528086449
0.9226559918229514	1.2341168022184443	0.7911861105249177
0.92389935680252	1.23084287588748	0.7948279073097845
0.9255728432449009	1.2264155175491216	0.7997109562500119
0.927667208385901	1.2208406499267972	0.8057926661173759
0.9301708275888382	1.2141261170461677	0.813020864472846
0.9330697208124547	1.206281943849284	0.8213347460790854
0.9363475862182168	1.1973206510555245	0.8306658985188122
0.9399858418187329	1.1872576259625032	0.8409393587654896
0.9439636761948635	1.1761115498958765	0.8520746598073352
0.9482581094167887	1.163904882968777	0.8639868341809241
0.9528440653885263	1.150664406674998	0.876587350239108
0.9576944568903103	1.1364218245801558	0.8897849660781741
0.9627802846125886	1.1212144209414632	0.9034864944293889
0.9680707514528337	1.1050857764074296	0.9175974789109762
0.9735333932758231	1.0880865389214065	0.9320227875447108
0.9791342272139845	1.0702752464340288	0.9466671333035904
0.9848379184024303	1.0517191958219114	0.9614355337774035
0.9906079658003973	1.0324953492474518	0.9762337230277074
0.9964069074458889	1.0126912647285826	0.990968528606433
1.0021965451246142	0.9924060314765542	1.0055482257931208
1.0079381880116853	0.9717511820730116	1.0198828796052128
1.0135929143717841	0.950851542200635	1.033884683261193
1.0191218498904522	0.9298459638305214	1.0474682996974203
1.0244864606687711	0.9088878690781533	1.060551210590201
1.0296488583617405	0.8881455093589606	1.0730540752178312
1.034572114395525	0.8678018188194982	1.0849010994910038
1.0392205796807357	0.8480537145041918	1.0960204136428675
1.0435602057695854	0.8291106726481321	1.1063444554467226
1.047558863005968	0.8111923979234589	1.1158103544537474
1.0511866509102732	0.7945254104845996	1.1243603116408873
1.05441619584425	0.7793384166212532	1.1319419680485574
1.057222930931434	0.7658564149528477	1.1385087554807547
1.0595853532774109	0.7542936287597828	1.1440202221409739
1.061485253748129	0.7448455421771641	1.1484423261826813
1.0629079149243732	0.7376805315320765	1.1517476905512622
1.063842273350758	0.7329317804923265	1.1539158131647689
1.0642810428262754	0.7306902917156337	1.1549332273938393
1.0642207962224355	0.730999803138594	1.1547936089189001
1.0636620041409468	0.7338542540741428	1.1534978263193845
1.0626090296079194	0.7391981398888129	1.151053934133552
1.0610700789149272	0.7469297071607247	1.147477108562407
1.05905710962673	0.7569065659771951	1.1427895274190951
1.0565856976489851	0.7689530202196012	1.137020197288193
1.0536748660566715	0.7828682925684111	1.1302047321021984
1.0503468790983774	0.7984348516073924	1.1223850884148698
1.0466270053907838	0.8154261956738258	1.113609263508845
1.0425432547850293	0.8336136542855206	1.1039309630821488
1.038126093711675	0.8527719782837784	1.093409245587358
1.0334081439896994	0.8726836664869297	1.0821081503298977
1.0284238701195387	0.8931421024211239	1.0700963161585113
1.0232092599786635	0.9139536489369389	1.0574465970000317
1.0178015036134032	0.9349388803293494	1.044235679608369
1.012238674489633	0.9559331335469595	1.0305437077274329
1.0065594171471772	0.9767865441615018	1.0164539154296508
1.0008026447197436	0.9973637083324801	1.002052270713281
0.9950072492557036	1.017543085391483	0.9874271285591181
0.9892118272264591	1.0372162306210873	0.9726688906080349
0.9834544220583622	1.0562869261286298	0.9578696664880573
0.9777722849889846	1.074670259985011	0.9431229296767387
0.9722016550441115	1.0922916898718003	0.9285231587413997
0.9667775584703467	1.1090861168730954	0.9141654529984973
0.9615336275487869	1.1249969871653418	0.9001451102529708
0.9565019383638763	1.139975433615189	0.8865571535348441
0.9517128668115702	1.1539794651816506	0.8734957938906618
0.9471949619028497	1.1669732091159262	0.8610538175729718
0.9429748352509496	1.1789262089326915	0.8493218886485392
0.9390770655199403	1.189812779742462	0.8383877623023607
0.9355241165538519	1.1996114216027867	0.8283354100194213
0.9323362678936307	1.2083042909341746	0.8192440652661437
0.9295315564177219	1.2158767296606885	0.8111872069114329
0.9271257279046079	1.2223168515089542	0.8042315067840315
0.9251321974060386	1.227615184786817	0.7984357765438129
0.9235620174322127	1.231764370932002	0.7938499563283994
0.9224238530796792	1.234758918149521	0.7905141922361163
0.921723963374797	1.2365950095282285	0.7884580505704158
0.9214661882566122	1.2372703651301893	0.7876999132118014
0.9216519407800681	1.2367841576724343	0.78824659037741
0.9222802042813442	1.2351369815618864	0.7900931749290124
0.9233475344101051	1.232330875194527	0.7932231475048918
0.9248480660971575	1.2283693965833897	0.797608725771258
0.9267735256892046	1.2232577525311752	0.803211435901517
0.9291132486437238	1.217002981706382	0.8099828717418965
0.9318542033348275	1.2096141921107608	0.8178655983111842
0.9349810216731492	1.2011028535334027	0.8267941519757394
0.938476037386577	1.1914831456643435	0.8366960898203716
0.9423193329405205	1.180772362576972	0.8474930447930465
0.9464887961920286	1.1689913742686515	0.8591017501289071
0.9509601879665047	1.1561651458516644	0.8714350051768621
0.9557072218132788	1.1423233147816065	0.8844025639166877
0.9607016572308076	1.127500826154289	0.8979119362112745
0.9659134076474306	1.1117386255326298	0.9118690995015966
0.9713106643931715	1.09508440789302	0.9261791248198687
0.9768600377962694	1.0775934199808566	0.9407467255199763
0.9825267163800122	1.0593293114634939	0.955476740048005
0.988274644917407	1.040365027529315	0.9702745615717632
0.9940667218213499	1.0207837316902248	0.9850465275968522
0.9998650160064916	1.0006797420983813	0.9997002820795252
1.0056310029586872	0.980159457189951	1.014145121254052
1.0113258192943755	0.9593422363446126	1.0282923326462545
1.0169105345940286	0.9383611878985674	1.042055534730383
1.0223464387626613	0.9173637997568086	1.0553510225514715
1.0275953426209659	0.8965123267995058	1.0680981224945436
1.032619888880312	0.8759838246897135	1.0802195573228226
1.037383870123262	0.8559696931342698	1.0916418206953031
1.04185254991954	0.8366745665007878	1.1022955586595216
1.0459929827774035	0.8183143718342692	1.112115954135934
1.0497743282836383	0.8011133726192834	1.1210431091947994
1.05316815454194	0.7853000427189523	1.1290224189961295
1.056148725896722	0.7711016815002597	1.1360049306324975
1.0586932699410012	0.7587377982712636	1.1419476797907508
1.0607822189618548	0.7484124632277971	1.146813998131822
1.062399421278142	0.7403060289962801	1.1505737845696211
1.063532318369859	0.7345668371321069	1.1532037341934802
1.064172084277146	0.7313036848826238	1.1546875193977846
1.064313724443999	0.7305798805243571	1.1550159188226505
1.0639561319757558	0.7324096176657928	1.1541868909279944
1.0631021001442316	0.7367571453933068	1.1522055903705595
1.0617582908802425	0.7435388466467997	1.149084326774874
1.059935159908323	0.7526279455928852	1.144842466927045
1.0576468400703776	0.7638612398777053	1.139506282816574
1.0549109852227079	0.7770470650068823	1.1331087492493952
1.0517485778459064	0.7919736688584907	1.1256892959024527
1.0481837041553002	0.8084172808797252	1.1172935196395726
1.04424330102194	0.8261493501085374	1.1079728636207387
1.0399568793975673	0.8449426405236338	1.0977842701812064
1.0353562291749594	0.8645760657079092	1.0867898146110562
1.0304751105072274	0.8848382920325177	1.0750563268167053
1.0253489365618214	0.9055302339413399	1.0626550073888537
1.0200144525081616	0.926466612439695	1.0496610438396023
1.0145094152474017	0.9474767603783882	1.0361532317155182
1.0088722780075332	0.9684048481383345	1.0222136039605918
1.003141883467682	0.989109681394486	1.0079270703177572
0.9973571685638222	1.0094641963202649	0.9933810667523312
0.9915568835859158	1.0293547516000068	0.978665212898066
0.985779327624242	1.04868029345105	0.9638709734226307
0.9800621018791643	1.0673514505180086	0.9490913170587725
0.9744418818300276	1.0852896000819237	0.9344203649485746
0.9689542087787201	1.1024259351466674	0.9199530180296716
0.9636333008520122	1.118700553053303	0.9057845516177545
0.958511883171399	1.1340615797309963	0.8920101643105607
0.9536210365841412	1.1484643389762743	0.8787244680905948
0.9489900640961628	1.161870572804315	0.8660209072954587
0.9446463739556765	1.1742477165733483	0.853991096212952
0.9406153782031681	1.1855682309675741	0.8427240686604003
0.9369204054244461	1.1958089918277992	0.832305438148704
0.9335826264134738	1.2049507380910343	0.8228164740798514
0.9306209914646729	1.2129775776323708	0.8143331076296758
0.9280521780639281	1.2198765505182325	0.8069248900025243
0.9258905478274168	1.225637249026174	0.8006539348032942
0.924148111641645	1.2302514937257225	0.7955738843042193
0.9228345020813112	1.233713064921423	0.7917289452070232
0.9219569523191076	1.236017488815051	0.7891530419824307
0.9215202808893906	1.2371618778356865	0.7878691341468573
0.9215268818225786	1.2371448247040593	0.7878887375391078
0.9219767198267231	1.2359663499334541	0.7892116790623978
0.9228673303550324	1.233627902616801	0.7918261004146556
0.9241938245617143	1.2301324145025094	0.7957087105682746
0.9259488993120719	1.2254844075144218	0.8008252710269398
0.9281228525750753	1.2196901550183996	0.8071312840245849
0.9307036046861034	1.2127578972734891	0.8145728433513004
0.9336767261223445	1.2046981116227211	0.8230876013294905
0.9370254725809086	1.195523838069466	0.8326058038746055
0.94073082828686	1.18525106093985	0.8430513481698385
0.9447715585811614	1.1738991473367588	0.8543428233901823
0.9491242729421661	1.1614913430279719	0.8663945029904858
0.9537634996734137	1.1480553262538304	0.8791172661444427
0.958661773539085	1.133623819651065	0.8924194349419146
0.9637897376402983	1.1182352600150227	0.906207522120978
0.9691162607941332	1.1019345248853851	0.9203868909140297
0.9746085715968547	1.084773713831214	0.9348623337792276
0.9802324102179417	1.066812980677119	0.9495385803435351
0.9859521987780079	1.0481214105440735	0.9643207469300236
0.9917312309088702	1.028777932195059	0.9791147407991234
0.9975318807772077	1.0088722514112296	0.9938276319587653
1.0033158314761563	0.9885057845193628	1.0083680043498242
1.0090443222562198	0.9677925621992145	1.0226462966258398
1.0146784135854086	0.9468600617202666	1.0365751408199149
1.020179268509013	0.9258499102230829	1.0500697050896062
1.0255084482353374	0.9049183822005294	1.0630480445801043
1.0306282193214469	0.8842365910607828	1.0754314623446648
1.035501869291279	0.8639902486017006	1.0871448802829844
1.0400940270079664	0.8443788399543656	1.0981172182587342
1.0443709836646307	0.8256140398543789	1.1082817779790497
1.048301009874977	0.807917186613759	1.1175766268936331
1.0518546640575699	0.7915156435096176	1.1259449763234473
1.0550050871343	0.7766379260723896	1.1333355472759192
1.0577282785195665	0.7635075696712994	1.1397029169554094
1.0600033484730251	0.7523358605879693	1.145007838837495
1.0618127421308954	0.743313748368058	1.1492175293384277
1.0631424309184134	0.7366034716446819	1.1523059145635928
1.0639820675721854	0.7323306176368081	1.1542538313385466
1.0643251016528128	0.7305774387133213	1.1550491776820617
1.0641688531860316	0.7313782155550266	1.154687009032901
1.0635145429103618	0.734717263136048	1.1531695778438138
1.0623672785024325	0.7405298476284848	1.1505063155546966
1.060735997066509	0.7487058900808128	1.1467137573953494
1.0586333650799946	0.7590959704241355	1.141815411888474
1.0560756378499816	0.7715188960633982	1.1358415782680138
1.053082481327598	0.785770006195726	1.1288291162420971
1.0496767598209138	0.801629439994324	1.1208211735643654
1.0458842937222497	0.8188697601067536	1.1118668776898237
1.0417335918064297	0.8372625338042181	1.1020209983470415
1.0372555629535893	0.8565836802924979	1.0913435881319031
1.0324832123008063	0.8766175603411601	1.0798996082024122
1.0274513268344312	0.8971598999212798	1.0677585458212542
1.0221961553085597	0.9180197047416742	1.0549940298530995
1.0167550871283586	0.9390203476425988	1.041683449384555
1.0111663344874968	0.9600000084659834	1.0279075794108954
1.0054686216167723	0.9808116278279012	1.0137502160467142
0.999700884507807	1.0013225109540076	0.999297821996425
0.9939019839431565	1.0214136912016785	0.984639181103353
0.9881104341135434	1.0409791383933205	0.9698650587331882
0.9823641485537098	1.05992487614961	0.9550678626053107
0.9767002045979095	1.0781680554357305	0.9403412965520037
0.9711546270589341	1.0956360182868574	0.9257799976765313
0.965762191382381	1.1122653756420604	0.9114791456455595
0.9605562461291589	1.1280011157868681	0.8975340315756118
0.9555685542994702	1.1427957545114027	0.8840395733800078
0.9508291527334014	1.1566085342393062	0.8710897647833984
0.9463662286069701	1.1694046766722894	0.858777046747011
0.9422060118860395	1.1811546916147078	0.8471915930179936
0.9383726825002732	1.1918337433577852	0.836420506090104
0.9348882909502694	1.201421075141725	0.826546926079909
0.9317726910574222	1.2098994916518517	0.8176490627265387
0.9290434836016187	1.2172548991541343	0.8097991695042102
0.9267159696602962	1.2234759026742172	0.8030624880006907
0.9248031125575092	1.228553459529435	0.797496199299358
0.9233155074478656	1.2324805885053678	0.7931484259604155
0.9222613576924739	1.2352521340063163	0.7900573321500843
0.9216464573281354	1.2368645845876685	0.788250369516196
0.921474179083433	1.2373159453864435	0.787743711961842
0.9217454675533501	1.2366056640957124	0.7885419135275374
0.9224588373054905	1.2347346102720884	0.7906378108426115
0.9236103758542331	1.2317051079168613	0.7940126763669029
0.9251937516028897	1.2275210214249215	0.7986366126686704
0.9272002270169184	1.2221878951457468	0.8044691631599917
0.9296186774520754	1.2157131469416658	0.8114601027174262
0.9324356162183453	1.208106316253987	0.8195503636430082
0.9356352266113281	1.1993793672901234	0.8286730490009325
0.93919940178457	1.1895470480154378	0.8387544863557096
0.9431077934654444	1.1786273056604366	0.8497152796359525
0.9473378706291791	1.1666417594210272	0.8614713241954506
0.9518649893353458	1.1536162309141298	0.8739347589519657
0.9566624749927821	1.1395813327206534	0.8870148386374916
0.9617017183463444	1.124573114956063	0.9006187177844416
0.966952286465736	1.1086337691885995	0.9146521454699865
0.9723820499567274	1.091812388081548	0.9290200756965253
0.9779573275027401	1.07416577773501	0.9436272024931297
0.9836430486753024	1.0557593176595887	0.9583784314549348
0.989402935721936	1.0366678603789434	0.9731793006844911
0.9951997047481284	1.0169766584999462	0.9879363642086126
1.000995286356821	0.9967823012867878	1.0025575501776836
1.0067510653976481	0.9761936348150767	1.0169525047579298
1.0124281390150993	0.9553326290785403	1.0310329308157984
1.0179875916790841	0.9343351413787617	1.044712928445098
1.0233907853453235	0.9133515074704873	1.0579093422430925
1.0285996623418272	0.8925468701355346	1.070542118110333
1.033577058029262	0.8721011297163234	1.0825346703133596
1.0382870197573222	0.8522083745188116	1.0938142576719425
1.0426951281575838	0.8330756247011277	1.1043123660604854
1.0467688163976603	0.814920707737475	1.113965092982529
1.0504776826931224	0.7979690862452186	1.1227135288152275
1.0537937911522017	0.7824494919077482	1.1305041284471649
1.0566919559305854	0.7685882949808237	1.137289066460995
1.0591500037123869	0.7566026663384364	1.1430265687481878
1.0611490097165026	0.7466927671348185	1.1476812134850065
1.0626735027570249	0.7390334120909302	1.1512241947368034
1.0637116353580132	0.7337658577325179	1.1536335425731215
1.0642553155260466	0.7309905114385331	1.1548942944412235
1.0643002975017881	0.7307613834160318	1.1549986136242278
1.0638462296218913	0.7330829745379427	1.1539458518577779
1.0628966582979666	0.7379100129413949	1.1517425545455189
1.0614589880297225	0.7451500751046733	1.1484024084431443
1.0595443982827444	0.7546687413054914	1.143946133115565
1.057167718945397	0.7662966326103214	1.1384013188536777
1.0543472669033467	0.7798375185105266	1.1318022150103024
1.051104647006514	0.7950766844440144	1.124189473827413
1.0474645213285123	0.8117888757130172	1.1156098557333853
1.0434543511150214	0.8297453330975346	1.1061159027517427
1.039104116173185	0.8487196488081087	1.0957655870525531
1.0344460166637244	0.8684923573199018	1.0846219417738476
1.0295141623219044	0.8888543126676347	1.0727526810317634
1.0243442540596155	0.9096089883571531	1.0602298155214305
1.0189732627006225	0.9305738757894927	1.0471292692906828
1.013439109290575	0.9515811642818626	1.0335305021572547
1.0077803510219552	0.9724778727314197	1.019516140855961
1.0020358763427943	0.9931255796889338	1.005171620371302
0.9962446122986289	1.013399872058707	0.9905848350672269
0.9904452466112862	1.0331896070503785	0.9758457972143749
0.9846759664460184	1.0523960595367876	0.9610462983953744
0.9789742152784898	1.070932008401347	0.9462795671193719
0.9733764687609302	1.0887208007604647	0.9316399139017267
0.9679180300152442	1.105695421686783	0.9172223531987749
0.9626328443597255	1.1217975886510696	0.9031221901017745
0.957553333112024	1.136976883751382	0.8894345587970983
0.9527102458078905	1.1511899323786778	0.8762538997329439
0.9481325299341506	1.164399633840015	0.8636733634566899
0.9438472170941603	1.1765744472778437	0.8517841314544489
0.9398793244016617	1.1876877347230177	0.8406746482392369
0.9362517698299596	1.1977171621045217	0.8304297644961465
0.9329853002221914	1.2066441583686358	0.8211297982323217
0.930098430689035	1.2144534324330567	0.812849529294568
0.927607394176156	1.221132547446107	0.8056571517293637
0.9255261000687814	1.2266715516878353	0.7996132174083687
0.923866100809174	1.2310626654039192	0.7947696120399397
0.922636565629165	1.2343000228807832	0.7911686099452823
0.9218442606397143	1.2363794691340306	0.7888420556980855
0.9214935346689251	1.2372984106798108	0.787810718126259
0.921586310395987	1.2370557199805947	0.788083854998724
0.9221220804887971	1.2356516932954624	0.7896590153773532
0.9230979086157347	1.2330880618139426	0.7925220921839672
0.9245084353657659	1.2293680561058313	0.7966476216257165
0.9263458892745158	1.224496524071625	0.8019993106129105
0.9286001033158419	1.2184801027236045	0.8085307599938519
0.9312585373772126	1.211327444260067	0.816186341736681
0.9343063073908187	1.203049497007927	0.8249021829161376
0.9377262219382093	1.1936598418936253	0.8346072086351749
0.941498827280971	1.1831750851484286	0.8452241993296666
0.9456024618894548	1.1716153079476723	0.8566708243263814
0.9500133216409191	1.1590045736045422	0.868860621887418
0.954705536932138	1.1453714927596357	0.8817039051123674
0.9596512629935088	1.1307498466874537	0.8951085819790283
0.9648207846956365	1.1151792683223627	0.9089808857390149
0.9701826370989862	1.0987059798066514	0.9232260183865048
0.9757037429065757	1.081383584165364	0.9377487147888869
0.9813495678336792	1.063273906953874	0.9524537383164242
0.9870842947031864	1.044447881182524	0.9672463205849796
0.9928710168083041	1.024986465201553	0.9820325584617621
0.9986719507554729	1.0049815781450446	0.9967197810390998
1.0044486686118776	0.9845370305071841	1.0112168981103902
1.010162348738762	0.9637694178966142	1.0254347400143746
1.015774044201847	0.9428089333826215	1.039286396741735
1.0212449671245887	0.921800037564231	1.0526875620772167
1.0265367868028301	0.9009019052565733	1.0655568864023828
1.0316119388475042	0.88028854375016	1.0778163397012162
1.0364339420846003	0.8601484512373878	1.0893915843630833
1.0409677194395552	0.8406836581549765	1.1002123556178165
1.0451799185883501	0.822107974168776	1.1102128459060085
1.0490392277915654	0.8046442575655675	1.1193320882145577
1.0525166820609528	0.7885205430447075	1.127514332415832
1.0555859546587743	0.7739649210417137	1.1347094079543896
1.0582236289127758	0.7611991677991264	1.1408730658369162
1.0604094454541533	0.7504312842244218	1.1459672928004727
1.0621265202566184	0.7418473027755823	1.1499605907547503
1.0633615292701033	0.7356029351144449	1.1528282151007234
1.0641048559946067	0.7318158095039529	1.1545523662967576
1.0643506990138454	0.730559126933409	1.1551223300409494
1.0640971372844683	0.7318575004638967	1.1545345626240953
1.0633461518293028	0.7356855191294485	1.1527927193329288
1.0621036033833409	0.74196923031853	1.1499076251944065
1.0603791664573448	0.7505903405101031	1.145897188791705
1.058186221183704	0.7613925883025262	1.1407862612928559
1.0555417051609775	0.7741895229323236	1.1346064441564805
1.0524659282882847	0.7887728595427917	1.127395850162222
1.0489823542532228	0.8049206644597909	1.1191988234080223
1.0451173528870084	0.82240480102913	1.1100656246813316
1.0408999280138513	0.8409972802168045	1.1000520891138543
1.0363614256901914	0.860475360871634	1.0892192632455628
1.031535227851712	0.8806254025594106	1.0776330285384645
1.0264564363666537	0.9012455791144929	1.0653637179876145
1.0211615523427635	0.9221476174860933	1.0524857317777607
1.015688155266894	0.9431577451803934	1.0390771569378243
1.0100745861889144	0.9641170233311589	1.025219394668116
1.004359638715693	0.9848812222594867	1.01099679747964
0.9985822610781474	1.0053203704954783	0.9964963165217476
0.9927812719965646	1.025318081895162	0.9818071575239944
0.9869950925173905	1.044770741600828	0.9670204416934791
0.9812614954477173	1.063586611420381	0.9522288657603373
0.9756173734885533	1.0816848989811703	0.937526353244521
0.9700985266786597	1.0989948224366148	0.923007687048274
0.9647394693183304	1.1154546930216511	0.9087681118169763
0.9595732561548554	1.13101103076322	0.8949028933498889
0.9546313272834971	1.1456177235946827	0.8815068219110793
0.9499433709517829	1.1592352365221634	0.8686736468447145
0.9455372032505027	1.1718298749639073	0.8564954316979939
0.9414386635296539	1.1833731046356477	0.845061822328795
0.9376715242877592	1.1938409291645171	0.8344592253726033
0.9342574142433052	1.2032133258194788	0.824769900970874
0.9312157533016246	1.2114737392313226	0.8160709816189702
0.9285636981730414	1.2186086326578418	0.8084334379120761
0.9263160974722293	1.2246070961722726	0.8019210211018681
0.924485455228438	1.2294605110754597	0.7965892207179984
0.9230819018559976	1.2331622698266091	0.7924842818891158
0.9221131717694468	1.2357075508343505	0.7896423302573531
0.9215845869736298	1.2370931475350366	0.7880886515807604
0.9214990461128499	1.2373173512983	0.7878371677711195
0.9218570186219964	1.2363798878326184	0.7888901413525587
0.9226565437845111	1.2342819069091961	0.7912381269679133
0.9238932346655394	1.231026025374759	0.7948601730284691
0.9255602870523372	1.2266164235772503	0.7997242607049662
0.9276484936967089	1.2210589954772701	0.8057879530656205
0.9301462643145104	1.2143615528565523	0.8129992158846708
0.933039651953238	1.2065340841563486	0.8212973645422462
0.9363123864880806	1.1975890685756914	0.8306140889101773
0.9399459161464903	1.1875418461226273	0.8408745099037764
0.9439194580874909	1.1764110443281652	0.8519982266870595
0.9482100591700453	1.164219062285655	0.8639003212464522
0.952792668129519	1.1509926125433436	0.8764922960076273
0.9576402204367648	1.1367633211201225	0.8896829292772231
0.9627237371343441	1.1215683854839655	0.9033790416896416
0.9680124389225874	1.1054512896574904	0.9174861739548601
0.9734738766984142	1.088462574593657	0.9319091817385529
0.9790740796266388	1.0706606604541071	0.9465527573945096
0.9847777216423494	1.0521127152264933	0.9613218906131404
0.9905483070408925	1.032895560970423	0.9761222810539225
0.9963483755078767	1.0130966045367835	0.9908607159472481
1.002139726576615	0.992814773422185	1.005445424742614
1.0078836630783854	0.9721614289686262	1.0197864213864156
1.0135412526785537	0.9512612178043116	1.033795842941794
1.0190736060787584	0.9302528076594175	1.0473882911853467
1.0244421699249302	0.9092894350499414	1.060481181665652
1.029609031908641	0.8885391697851479	1.0729951025897277
1.0345372350035291	0.8681847756187854	1.084854183894201
1.0391910972596172	0.8484230198191973	1.0959864750170691
1.0435365331077877	0.829463261251981	1.1063243282583588
1.0475413717263775	0.8115251337702639	1.115804783237765
1.0511756677128727	0.7948351493296005	1.1243699468502626
1.054411999105234	0.7796220856392764	1.131967362305313
1.0572257477255183	0.7661111085848664	1.138550360323384
1.0595953568851155	0.7545167176073225	1.1440783853596268
1.0615025617028013	0.7450347888543608	1.1485172898255618
1.062932587644776	0.737834204473322	1.1518395896738438
1.0638743133944368	0.7330487545543292	1.1540246753781918
1.0643203947869104	0.730770123840301	1.155058973250927
1.0642673472814146	0.7310427729593557	1.154936053156302
1.0637155852698739	0.7338613631956836	1.153656679953317
1.0626694174051796	0.7391710689727635	1.1512288073852943
1.0611369980462468	0.7468707356634566	1.1476675145689834
1.0591302358273793	0.7568184640312674	1.1429948866653106
1.056664661234259	0.7688389247224547	1.1372398426790986
1.053759255877965	0.7827315797333306	1.1304379145809116
1.0504362468747765	0.7982790164311818	1.1226309830199268
1.0467208703408708	0.815254745796394	1.1138669757584128
1.0426411084805984	0.8334300224389195	1.1041995355697352
1.038227405074303	0.852579454628376	1.0936876646752511
1.033512364352509	0.8724853499730796	1.0823953528324566
1.028530438279861	0.8929408689741054	1.0703911959175263
1.0233176071723886	0.9137521336330716	1.0577480112684094
1.0179110583483337	0.9347394706221225	1.0445424551761053
1.012348867182776	0.9557379708182516	1.030854646744817
1.0066696845192897	0.9765975312540142	1.016767800906441
1.0009124339092403	0.9971825211525976	1.0023678716986886
0.9951160216229266	1.0173711870882451	0.9877432050351861
0.9893190618279932	1.0370548872117822	0.9729841981576343
0.9835596187793196	1.0561372227422106	0.9581829608272796
0.9778749673287493	1.074533117131744	0.9434329711686981
0.9723013725577971	1.0921678793285874	0.9288287170327771
0.9668738888740558	1.1089762769084952	0.9144653119395936
0.9616261785015973	1.1249016369262004	0.9004380732741012
0.9565903489433444	1.139894986566686	0.8868420496537965
0.9517968087023888	1.1539142415416292	0.8737714845144977
0.947274140320254	1.1669234472582461	0.8613192042295924
0.9430489896215415	1.1788920757573147	0.8495759217365473
0.9391459699429386	1.1897943800252264	0.838629450880351
0.9355875800654411	1.1996088063476205	0.8285638325684055
0.932394134556217	1.208317464756522	0.819458381254559
0.9295837052545798	1.2159056572342917	0.811386668877682
0.927172072698747	1.2223614631096555	0.8044154725369307
0.9251726863802079	1.2276753809673184	0.7986037209799269
0.9235966328248757	1.2318400263608906	0.7940014822919584
0.9224526106295982	1.2348498846466345	0.7906490398164344
0.9217469117246258	1.2367011183268022	0.7885761042544933
0.9214834082836367	1.2373914283943435	0.7878012063909169
0.9216635448599937	1.236919969296522	0.7883313068426341
0.922286335488838	1.2352873172761696	0.7901616471695859
0.9233483656576663	1.2324954919996127	0.7932758518258146
0.9248437992118244	1.2285480315339607	0.7976462744485052
0.9267643904246482	1.2234501208878157	0.80323456677125
0.9290995016234233	1.2172087744728497	0.8099924357542774
0.9318361269203008	1.2098330729729072	0.8178625456577674
0.934958922749674	1.2013344552152279	0.8267795174185364
0.9384502460575025	1.1917270657164762	0.8366709778156293
0.9422902011201856	1.1810281586133042	0.8474586149249237
0.9464566960865506	1.169258558668172	0.8590592032624397
0.9509255104313055	1.1564431799449426	0.871385570621312
0.9556703745762704	1.1426116025453075	0.8843474877732413
0.9606630629707011	1.1277987074430964	0.8978524709735024
0.9658735019177376	1.1120453688868397	0.9118064948897778
0.9712698933841761	1.0953992029729704	0.9261146197643111
0.9768188559295923	1.0779153696978787	0.9406815411640366
0.9824855837333866	1.0596574239033711	0.9554120736167888
0.9882340244809401	1.0406982078012104	0.9702115809444527
0.9940270765907964	1.021120773885372	0.984986366425737
0.9998268059238815	1.001019321613163	0.9996440353136146
1.0055946817159194	0.9805001237626274	1.014093840946425
1.0112918310209753	0.9596824082796428	1.0282470239493835
1.0168793104560292	0.9386991481122142	1.0420171520103474
1.0223183935053106	0.9176976944751141	1.055320465578601
1.0275708710934512	0.8968401679718255	1.0680762326933044
1.032599362585744	0.8763034974346556	1.0802071140867788
1.0373676338414894	0.8562789697805601	1.0916395377930883
1.04184091845376	0.8369711289702225	1.102304080774472
1.0459862378777878	0.8185958441549778	1.1121358535951076
1.049772715802076	0.8013773651427265	1.1210748829523065
1.0531718818714098	0.785544209013144	1.1290664859410253
1.0561579597465904	0.7713237877879195	1.1360616292929409
1.0587081344957263	0.7589358036274428	1.142017266503859
1.0608027944651182	0.7485846066411426	1.146896645742904
1.0624257430775124	0.7404509171311208	1.150669581715572
1.0635643764488152	0.7346835247195977	1.1533126852134947
1.0642098232919577	0.7313917387555874	1.154809544900745
1.0643570442728219	0.7306394189460039	1.1551508569251214
1.0640048887767386	0.7324413189965098	1.154334499160385
1.0631561079087852	0.7367622239714524	1.152365548232366
1.0618173234572825	0.7435189982003482	1.1492562389036594
1.0599989534656287	0.7525852684776246	1.1450258668306441
1.0577150959505541	0.7637981410354906	1.1397006371044947
1.054983373143872	0.7769661603094661	1.1333134622880938
1.0518247393913838	0.7918776865723157	1.1259037148105282
1.0482632564924765	0.8083089748997478	1.1175169395332587
1.0443258407880276	0.8260314270601832	1.1082045330176513
1.040041986689447	0.8448177024208878	1.0980233964711645
1.0354434715813545	0.8644465679536754	1.0870355695069993
1.0305640471241375	0.8847065152867488	1.0753078517061399
1.0254391219361914	0.9053982677194174	1.062911418516707
1.0201054404599532	0.9263363481031321	1.049921437266595
1.0146007625263231	0.9473498912850268	1.0364166880118744
1.0089635477473649	0.9682828749919732	1.0224791926127446
1.0032326484081746	0.9889939211725972	1.0081938538452502
0.99744701401726	1.009355793498015	0.993648104552932
0.9916454101323919	1.0292546906937752	0.978931564860616
0.9858661535262979	1.048589412160201	0.964135703368719
0.9801468652125238	1.0672704529477237	0.949353496095079
0.9745242423325742	1.0852190696869994	0.9346790748306372
0.9690338494245546	1.1023663471537581	0.9202073546535433
0.9637099291613237	1.1186522862050476	0.9060336287668844
0.9585852322699701	1.1340249272571072	0.8922531177892924
0.9536908660286153	1.1484395187400478	0.878960460370722
0.9490561604827645	1.161857736603071	0.8662491327860391
0.9447085513309461	1.1742469585917232	0.8542107872339922
0.9406734782955514	1.1855795953961765	0.8429345021566876
0.9369742977153115	1.1958324796685096	0.8325059431207443
0.9336322080654526	1.2049863131756562	0.8230064396361553
0.9306661871241598	1.2130251718844338	0.8145119914824411
0.9280929395532762	1.2199360684892249	0.8070922271435641
0.9259268537408486	1.2257085717378646	0.8008093460178703
0.9241799668572597	1.2303344818498345	0.7957170841179124
0.9228619371998509	1.2338075613270234	0.7918597488258426
0.9219800230384007	1.2361233205127857	0.7892713707883141
0.9215390673216337	1.2372788573465314	0.7879750193549693
0.9215414877599016	1.2372727508787151	0.7879823217097841
0.9219872719588093	1.2361050082469134	0.7892932152826075
0.9228739774409427	1.2337770649610917	0.7918959491089224
0.9241967365565276	1.2302918384991477	0.7957673340503888
0.9259482664474948	1.2256538353668247	0.8008732260436247
0.9281188843918047	1.219869311923399	0.8071692126545449
0.9306965290144878	1.212946489410241	0.8146014626965868
0.933666788006773	1.20489582373676	0.8231076924659098
0.9370129331424102	1.1957303306694713	0.8326182005155577
0.9407159635176495	1.1854659671249845	0.8430569254504168
0.9447546580643538	1.1741220692732768	0.8543424871059608
0.9491056384896425	1.161721848095373	0.866389179539684
0.9537434438749052	1.1482929428833892	0.8791078933338905
0.9586406182159873	1.1338680328833972	0.8924069537351573
0.9637678121985738	1.118485506808994	0.9061928693369267
0.9690939004719321	1.1021901892187758	0.9203709928300028
0.9745861156042164	1.085034121645108	0.9348461005538898
0.9802101997681313	1.067077394732313	0.949522901152189
0.9859305750126786	1.048389025280643	0.9643064856949498
0.9917105327223116	1.0290478687179103	0.9791027323986078
0.9975124425483751	1.0091435527678323	0.9938186788074258
1.0032979807209175	0.988777411494312	1.0083628732573553
1.0090283772161992	0.9680633899274987	1.0226457158591595
1.0146646807738473	0.9471288775205752	1.036579797313147
1.020168040238036	0.926115413176327	1.0500802417659825
1.025500000152808	0.9051791851460915	1.063065057768642
1.0306228079889954	0.8844912258470636	1.0754554992916456
1.035499729837965	0.8642371755918234	1.0871764367732397
1.0400953708962073	0.8446164629215066	1.0981567363741978
1.0443759966063382	0.825840727454435	1.108329644031717
1.0483098499361707	0.8081313015256969	1.1176331695768593
1.0518674599889688	0.7917155800000781	1.126010465129379
1.0550219369634608	0.7768221560864006	1.1334101912278198
1.0577492484370576	0.7636746965245504	1.1397868637018682
1.0600284720408686	0.7524846779681724	1.1451011741511545
1.0618420198362215	0.7434433008026585	1.1493202770552151
1.0631758300890455	0.7367131111703563	1.152418036989832
1.0640195226639104	0.7324200505372545	1.1543752301431525
1.0643665149106112	0.7306467562958515	1.1551796952797095
1.0642140956737847	0.7314279042529891	1.1548264304521396
1.0635634558958218	0.734748191654226	1.1533176330620014
1.062419675176767	0.7405432319144488	1.1506626822699366
1.0607916645708215	0.7487032398817228	1.1468780641947238
1.058692066805094	0.7590790233641936	1.1419872417622854
1.0561371159705415	0.7714895461138916	1.136020472411814
1.0531464595278823	0.7857302330698716	1.1290145780823162
1.049742946166535	0.8015812446937217	1.1210126729395875
1.0459523836310447	0.8188151100592294	1.112063855118307
1.0418032710714615	0.8372033192299634	1.102222869312032
1.0373265107724623	0.8565216819392958	1.0915497473195799
1.0325551042678074	0.8765544276854109	1.080109433632845
1.0275238378553233	0.8970971383401879	1.0679714028203877
1.0222689624019838	0.9179586699391503	1.0552092748232766
1.0168278720825628	0.9389622456433447	1.0419004333422264
1.0112387863462549	0.9599458996721333	1.0281256512726384
1.0055404389737397	0.9807624338779379	1.0139687256582202
0.9997717775939372	1.0012790233795106	0.9995161229133621
0.9939716764970271	1.021376581112412	0.9848566331476305
0.988178665029361	1.040948966620868	0.9700810303627002
0.9824306733062513	1.0599021034407619	0.9552817331492247
0.9767647964476294	1.078153052411627	0.9405524583764452
0.9712170780438601	1.0956290749777267	0.9259878583563391
0.9658223131062154	1.1122667104762032	0.9116831302256522
0.960613870357168	1.1280108839619791	0.8977335850092919
0.9556235333753358	1.1428140557111381	0.8842341632298913
0.950881359831228	1.1566354196821191	0.8712788842621971
0.9464155578331647	1.1694401554959029	0.8589602181587944
0.9422523782458566	1.1811987366104646	0.8473683716347846
0.9384160217435146	1.191886296076099	0.8365904844633454
0.9349285593100174	1.201482050394149	0.8267097387421091
0.9318098648948266	1.2099687814377293	0.8178043911872466
0.9290775589687226	1.2173323760409542	0.8099467473900216
0.9267469617917232	1.223561422661083	0.8032021061364706
0.9248310553005958	1.2286468644227775	0.7976277104838323
0.9233404526395462	1.2325817078353418	0.7932717491607644
0.9222833744899535	1.2353607865114047	0.7901724558336092
0.9216656314991254	1.236980579293961	0.7883573538569328
0.9214906122605154	1.2374390823069317	0.787842689707386
0.9217592764558691	1.2367357345738215	0.7886330893834541
0.9224701529312818	1.2348713969925964	0.7907214593217661
0.9236193426424663	1.2318483846063786	0.7940891381487822
0.9252005265683608	1.2276705522632407	0.7987062896077679
0.9272049788552621	1.2223434339086874	0.8045325121615998
0.929621585614607	1.215874435895522	0.8115176287552848
0.9324368699545906	1.2082730848214065	0.8196026122215483
0.9356350239767723	1.199551330507194	0.8287205983650147
0.9391979486107828	1.189723904800035	0.8387979397262348
0.9431053022895282	1.178808736912476	0.8497552577067031
0.9473345595794803	1.1668274259762947	0.8615084580724403
0.9518610809705674	1.1538057713749368	0.8739696836587624
0.9566581950920903	1.1397743611888278	0.88704818725466
0.961697294648767	1.1247692186969753	0.900651116242934
0.9669479473581315	1.108832506259414	0.9146842079796715
0.9723780231108646	1.0920132849630655	0.9290524007630611
0.9779538384635671	1.0743683270150783	0.943660369458782
0.9836403194042742	1.0559629758278717	0.958412997490504
0.9894011831013066	1.0368720458090155	0.9732157981586183
0.9951991390543192	1.0171807497165928	0.9879752983655641
1.0009961097133329	0.9969856356456555	1.0025993970635387
1.006753470220389	0.9763955077602052	1.0169977093463765
1.0124323064653895	0.9555322941924188	1.0310819052971971
1.0179936901418654	0.9345318115003516	1.0447660506551086
1.023398968952162	0.9135443572285752	1.0579669542191799
1.028610069560015	0.8927350403243308	1.070604524775347
1.0335898103396313	0.8722837340191091	1.082602138294715
1.0383022204441583	0.852384509148201	1.0938870142724655
1.042712861234182	0.8332443815461844	1.1043905984025977
1.0467891456905445	0.8150811915529167	1.1140489473510458
1.0505006511067037	0.7981204362420075	1.122803110225662
1.0538194201336462	0.7825909077622802	1.1305995004661284
1.0567202451519286	0.7687190667413615	1.1373902513031846
1.0591809309835196	0.7567222069810562	1.1431335476707327
1.0611825311386105	0.7468006456814198	1.1477939274948228
1.062709553121547	0.7391293844057072	1.1513425456203454
1.063750128791289	0.7338498915877179	1.1537573942508097
1.0642961463747462	0.7310628024267104	1.1550234746411983
1.0643433414491101	0.7308223589463486	1.1551329158622459
1.0638913450195693	0.733133284474527	1.1540850377024037
1.0629436876945233	0.7379505071893544	1.1518863561405412
1.0615077598713119	0.7451817702236465	1.148550531252714
1.0595947287594816	0.7546927796016522	1.1440982588521442
1.0572194139533888	0.766314237825419	1.1385571085447226
1.0544001240908263	0.7798499521191251	1.1319613121568304
1.051158457871528	0.7950852058381082	1.124351507606352
1.0475190733356083	0.8117947084774317	1.115774444195847
1.0435094297991891	0.8297496384527805	1.1062826559711385
1.0391595072009658	0.8487235063368943	1.09593411017964
1.03450150782372	0.868496752408152	1.084791837960282
1.0295695454198492	0.8888601296938836	1.0729235541893338
1.0243993266965323	0.9096170085087131	1.0604012728906882
1.0190278299162419	0.9305847783988286	1.0473009237999573
1.0134929850580288	0.9515955306926001	1.0337019745608311
1.0078333595835858	0.972496191865186	1.0196870616482805
1.0020878533806528	0.9931482546544187	1.00534163148222
0.9962954059367488	1.0134272273012421	0.9907535913514047
0.9904947182500341	1.0332218956738892	0.9760129677555572
0.9847239914316553	1.0524334705375915	0.9612115676534039
0.9790206834134935	1.070974673636538	0.9464426359540022
0.9734212846626187	1.0887688015360149	0.931800500512332
0.9679611133317636	1.1057487948960583	0.9173801940225171
0.9626741298535756	1.1218563324269815	0.903277040714248
0.9575927706219918	1.1370409626181375	0.8895861948584105
0.9527478001005929	1.1512592819046767	0.8764021180180833
0.9481681804564002	1.164474164803873	0.8638179830013831
0.9438809576371135	1.1766540493663216	0.8519249948360981
0.9399111626872277	1.18777227978389	0.8408116229968816
0.9362817270293052	1.197806506979928	0.830562744673904
0.9330134104154155	1.2067381473357632	0.8212587060083092
0.9301247402742463	1.2145518992795157	0.8129743166333673
0.9276319612353021	1.2212353172073325	0.8057778019728394
0.9255489936966987	1.2267784420734673	0.7997297466998892
0.9238874004114552	1.2311734879395542	0.7948820704638296
0.9226563601936091	1.2344145837907778	0.791277082259535
0.9218626479853432	1.236497569990308	0.7889466615461085
0.921510620675836	1.2374198488408843	0.7879116116334954
0.9216022082186456	1.2371802888443322	0.7881812236914121
0.9221369097548103	1.2357791823885143	0.7897530784006729
0.9231117946116187	1.2332182567402303	0.7926130978410273
0.9245215082108005	1.2295007383761014	0.7967358443021032
0.9263582830834269	1.2246314708358206	0.8020850471887283
0.9286119553507854	1.2186170864276802	0.8086143258722294
0.931269987189356	1.2114662322489067	0.8162680666321114
0.934317495951746	1.203189851096224	0.8249824065472973
0.9377372907614059	1.1938015179269366	0.8346862764563561
0.9415099175337964	1.183317832577152	0.8453024584153942
0.9456137134962851	1.1717588694374148	0.8567486194986317
0.9500248723785496	1.1591486847072658	0.8689382921476009
0.9547175215190858	1.1455158816711213	0.881781780413971
0.9596638121755341	1.130894234118057	0.8951869803537985
0.9648340243306125	1.115323367509781	0.9090601107711587
