1.0	1.0	1.0
1.0171989849737528	0.9946703103600176	1.021614930187332
1.0367246158897538	0.9887744730095694	1.0459765923821498
1.058517085971061	0.9822828443955256	1.0729765777892093
1.0825139582532577	0.9751633986152256	1.1025051011713909
1.108650621385117	0.9673818077729428	1.134452193967919
1.1368605336418787	0.9589015509638509	1.168708389916604
1.1670752484213445	0.9496840577907901	1.2051649320766007
1.1992242262042	0.9396888928601307	1.2437135527166197
1.2332344469939411	0.928873988216442	1.2842458896004174
1.2690298437220073	0.9171959311403171	1.3266526062878157
1.3065305814078594	0.9046103151263627	1.370822282846773
1.3456522095340144	0.8910721621558251	1.4166401391909462
1.3863047166826015	0.8765364245606501	1.4639866479362982
1.4283915174730109	0.8609585748316666	1.512736088461844
1.471808402626435	0.844295291658305	1.5627550895136515
1.5164424838286028	0.8265052503346019	1.6139012045582775
1.5621711661115782	0.807550025505853	1.6660215622275298
1.6088611817614522	0.7873951142129594	1.7189516334498076
1.6563677212139325	0.7660110875762144	1.7725141569441791
1.70453369787185	0.7433748806686654	1.826518265280531
1.7531891850442616	0.7194712328275067	1.8807588542439064
1.802151063987356	0.6942942958766748	1.935016238312763
1.8512229220049135	0.6678494370879866	1.989056134188492
1.9001952384030554	0.6401552796762169	2.042630012029237
1.9488458934562003	0.6112460500842807	2.0954758499164727
1.9969410311250029	0.5811743443904388	2.1473193207605923
2.0442362998307684	0.5500144956402153	2.1978754320814065
2.090478486988285	0.5178668355558932	2.246850627775299
2.135407552213349	0.4848633234967338	2.2939453471789255
2.178759051295508	0.4511753039004803	2.3388570207477546
2.2202669284862226	0.4170246147622034	2.3812834640050258
2.259666638916279	0.3826999944580861	2.4209266128323224
2.296698546728935	0.34858181555308954	2.457496524625535
2.331111528662694	0.31517957118900763	2.4907155524493594
2.3626666983187197	0.2831875532270866	2.5203225842980035
2.3911411542278525	0.2535617911374793	2.546077228111261
2.41633164607977	0.22760630316499003	2.5677638163905128
2.4380580489535526	0.20700943115964368	2.585195102968603
2.4561665357394644	0.19368215015351828	2.5982155292429616
2.470532343516381	0.18922580431017244	2.6067039481093257
2.4810620404486046	0.19417348333681844	2.610575710613069
2.487695215416367	0.20765767269150315	2.609784042200147
2.4904055323602394	0.22788360399109525	2.604320661236032
2.489201114150647	0.2528950065144613	2.594215620697482
2.4841242454054218	0.281037620280564	2.5795363829726212
2.475250408656982	0.3110663385226783	2.5603861658307325
2.4626866921897284	0.34208567700233544	2.5369016232455457
2.4465696294044967	0.37345750060765315	2.5092499465054208
2.4270625476038474	0.40472390744827624	2.477625487881655
2.40435251779873	0.4355525323998935	2.44224602040729
2.378647006017223	0.46569984395538394	2.403348752814387
2.3501703305022534	0.49498678908025984	2.36118621855705
2.319160028301898	0.5232824541151512	2.3160221526259894
2.2858632295542645	0.5504928430572431	2.2681274603231025
2.2505331289419237	0.5765529284737472	2.2177763692754056
2.213425632177049	0.6014208213951158	2.1652428407762523
2.1747962418832447	0.6250733409872549	2.110797300096366
2.1348972327629725	0.6475025339742873	2.054703728681278
2.093975151312015	0.6687128600799471	1.99721714498928
2.05226866128183	0.6887188626698597	1.9385814858036272
2.0100067431703836	0.7075432076388918	1.8790278866725592
1.9674072446583264	0.725215013295304	1.818773349008358
1.9246757693605723	0.741768418700432	1.7580197724641553
1.8820048836502663	0.7572413532948119	1.6969533245140218
1.8395736156267952	0.7716744802132058	1.6357441145841303
1.7975472164378772	0.7851102916796793	1.5745461374339316
1.756077151952448	0.7975923386748794	1.5134974495271196
1.7153012919947057	0.8091645795565453	1.452720542598
1.675344264745682	0.8198708340357227	1.3923228802429761
1.6363179452483092	0.8297543301984209	1.3323975658994727
1.5983220489767744	0.8388573333138271	1.2730241137985354
1.561444803933429	0.847220846098659	1.2142692982203809
1.5257636775264973	0.8548843709726693	1.156188060528782
1.491346137399657	0.8618857256705373	1.0988244579640147
1.4582504283017603	0.8682609043797742	1.0422126430757304
1.4265263499027823	0.8740439773523417	0.9863778681316535
1.396216023108858	0.8792670226845584	0.9313375151623273
1.367354634856863	0.8839600846693464	0.8771021600565364
1.339971153549095	0.8881511537913163	0.8236766892546324
1.314089009208835	0.8918661640543087	0.7710615016920553
1.289726734097843	0.8951290039002401	0.7192538494349845
1.266898560946305	0.8979615374964927	0.6682494026351221
1.2456149771197482	0.900383633637251	0.6180441764098743
1.2258832340054755	0.9024131999238472	0.5686370444519686
1.207707811664666	0.9040662202630632	0.5200332158503319
1.1910908393878266	0.9053567940537907	0.472249325252037
1.1760324732327219	0.9062971757252414	0.4253212993425759
1.1625312319362417	0.9068978135480371	0.3793171630619639
1.1505842927943208	0.907167386867071	0.3343589831501286
1.1401877492147177	0.9071128411060639	0.2906624507075273
1.1313368316820798	0.9067394200721652	0.24861198522298023
1.1240260938473345	0.9060506952485287	0.20890956721571224
1.1182495653765316	0.9050485919070695	0.17287402742541724
1.11400087307877	0.9037334120059081	0.1429926342310926
1.111273331688457	0.9021038539593922	0.12352005432418109
1.1100600055125263	0.9001570294859396	0.11942805274928844
1.1103537419760865	0.8978884778528026	0.1320150281942302
1.1121471779173868	0.8952921779496158	0.1572636971641267
1.115432719301436	0.8923605587363098	0.19018595059334747
1.1202024948472231	0.889084508727479	0.2274990559947248
1.1264482839020475	0.8854533852961087	0.26741997969107856
1.1341614187535833	0.8814550247058665	0.30900465116188736
1.1433326614515151	0.8770757539137702	0.35173951009062715
1.1539520551213658	0.8723004053243293	0.39533500662129184
1.1660087496991605	0.8671123358220655	0.4396228560795304
1.1794908020025547	0.861493451560943	0.4845031075561292
1.1943849500881027	0.8554242401452034	0.5299155250660275
1.210676361931739	0.8488838119941882	0.5758233144417244
1.2283483586169905	0.8418499528407515	0.6222034019885317
1.2473821124298223	0.8342991894645928	0.6690403401769043
1.2677563205474487	0.8262068709029167	0.716322299745937
1.2894468553779812	0.8175472675046306	0.7640383035516097
1.3124263930651372	0.8082936902929532	0.8121762220889469
1.3366640222233903	0.7984186331656784	0.8607212492108222
1.3621248356185662	0.7878939404821493	0.9096546887917263
1.3887695082596743	0.7766910025500802	0.9589529487703788
1.4165538662196093	0.7647809814220957	1.008586678795388
1.4454284514513858	0.7521350692298142	1.058520012653843
1.4753380889041552	0.7387247810122464	1.1087098928889985
1.5062214633548159	0.7245222836275402	1.1591054659691737
1.5380107145349622	0.7095007618694338	1.2096475440573533
1.5706310603195293	0.6936348223460228	1.2602681350247782
1.6040004589140944	0.6769009350329653	1.3108900465439615
1.6380293220840803	0.6592779117157727	1.3614265732884536
1.6726202924531386	0.6407474198382017	1.4117812786797737
1.7076680986924528	0.6212945296594902	1.4618478843636193
1.7430595029523464	0.6009082922218164	1.511510281701851
1.778673355071299	0.5795823456387027	1.5606426800213056
1.8143807678515522	0.5573155479367347	1.6091099061254892
1.850045426933019	0.534112636582328	1.656767868598576
1.8855240474535304	0.509984918634957	1.703464198661695
1.920666987692653	0.48495100237388483	1.7490390767408146
1.9553190272182746	0.4590375932281136	1.7933262504592207
1.9893203136780817	0.43228039732783474	1.8361542454954998
2.022507478325391	0.40472521114790605	1.877347765713271
2.054714915705331	0.3764293370211855	1.916729273284647
2.0857762177632964	0.34746357408255996	1.9541207333622408
2.115525747129974	0.31791523769049146	1.9893455014244996
2.143800328688023	0.2878930534348055	2.022230324994651
2.1704410329756327	0.25753556775457387	2.052607425321573
2.1952950198014287	0.22702641500152285	2.0803166191418803
2.2182174059181423	0.19662360716727836	2.1052074361509665
2.2390731170109723	0.1667190959118107	2.127141184612564
2.2577386818602023	0.13796707759600155	2.1459929159045883
2.2741039255532964	0.11157064326640133	2.1616532389401617
2.288073519204411	0.0898816403999356	2.1740299374360834
2.299568345866117	0.07711148020348856	2.1830493469434873
2.30852664617701	0.0777443445011761	2.188657454313153
2.314904912673775	0.09133064687614796	2.1908206896369675
2.3186785084093806	0.11305607281499282	2.1895263893827366
2.3198419932808965	0.13887588942166962	2.184782919034756
2.3184091499362753	0.16660076521096878	2.1766194536227106
2.314412709911452	0.1951172851236142	2.165085424594637
2.307903789342131	0.22382203994960007	2.1502496510987794
2.2989510518028498	0.25235714567904016	2.1321991824529447
2.2876396231888765	0.2804917242892693	2.1110378860309154
2.274069789771157	0.30806641438429944	2.0868848207009316
2.258355515392649	0.33496573154528325	2.059872440127591
2.2406228170929112	0.36110340298258914	2.030144672616611
2.2210080401928707	0.3864140898199363	1.9978549247645108
2.199656074075269	0.41084841482688866	1.9631640550872518
2.176718548667554	0.43436977560761486	1.9262383612346876
2.1523520491453145	0.456952158525493	1.8872476206001385
2.1267163828450535	0.4785785326463769	1.8463632193915411
2.099972928053017	0.4992395914514432	1.8037563998431208
2.072283089480728	0.5189327114622582	1.759596649511468
2.043806880101362	0.5376610531873417	1.7140502507950142
2.0147016438385545	0.5554327617487893	1.667279003187455
1.9851209285759248	0.5722602429378123	1.6194391255305987
1.95521351426045	0.588159501059991	1.5706803408343912
1.9251225966350212	0.6031495309827429	1.5211451422026667
1.8949851234441826	0.6172517601391976	1.47096823512444
1.8649312768632127	0.630489537968534	1.420276148911459
1.8350840934213228	0.6428876710451187	1.3691870084084272
1.8055592108131095	0.6544720023750122	1.3178104562847364
1.776464729683823	0.6652690332714604	1.2662477162476187
1.74790117768209	0.6753055860173677	1.2145917884237303
1.7199615627358893	0.6846085052777061	1.1629277700020255
1.6927315025552951	0.6932043959940989	1.1113332971394014
1.6662894177286756	0.7011193953075957	1.059879108323826
1.6407067763893544	0.7083789759276111	1.0086297352411713
1.6160483792234266	0.7150077782983906	0.9576443353098869
1.5923726745088564	0.7210294689061905	0.9069776914055976
1.5697320938709083	0.7264666221139892	0.8566814204465881
1.5481734004667778	0.7313406229977664	0.8068054559276003
1.5277380423381766	0.7356715887804287	0.7573999041574866
1.5084625046669973	0.7394783066079246	0.7085174263483008
1.4903786556152372	0.7427781855793063	0.6602163794447163
1.4735140813111336	0.7455872211218022	0.6125650752749221
1.4578924063491516	0.7479199699877865	0.5656477195439067
1.4435335968965282	0.74978953433838	0.519572917916251
1.4304542441414185	0.7512075535647835	0.4744861644506785
1.4186678263780665	0.7521842026807455	0.430588576370847
1.4081849485056992	0.7527281962959643	0.3881654536514533
1.399013558124543	0.7528467973495384	0.3476300670479662
1.3911591377502597	0.7525458299441266	0.30958980683161025
1.3846248729437631	0.7518296957749978	0.2749403127623584
1.3794117963740824	0.7507013937936277	0.24497777084175953
1.3755189080052088	0.7491625428831455	0.22146519057841363
1.372943271731577	0.7472134074530473	0.20647644368143397
1.3716800888888039	0.7448529259834753	0.20179309723735359
1.3717227491443935	0.742078742665328	0.20800703238686352
1.373062859334965	0.7388872423916444	0.22413172804799533
1.3756902508695479	0.7352735894581465	0.24818195247959352
1.3795929663696893	0.7312317704263083	0.27806485545066767
1.384757226273085	0.7267546416903993	0.31207845264657846
1.3911673761942707	0.7218339823698939	0.34899557950202903
1.398805815919037	0.7164605532193602	0.38797325538532984
1.407652911013446	0.7106241623080165	0.42843847550657105
1.4176868881576792	0.7043137382687868	0.46999818490241946
1.428883715472675	0.6975174119496887	0.5123774233861865
1.4412169692959722	0.6902226073162052	0.5553787506127196
1.4546576890838308	0.682416142448989	0.5988558807570715
1.4691742223699034	0.6740843414535922	0.6426964222850147
1.484732061995783	0.6652131580444147	0.6868104016850887
1.5012936781436272	0.6557883114800851	0.7311224844792101
1.5188183480423787	0.6457954354083669	0.7755665919593973
1.5372619865818766	0.635220240021925	0.8200820976370637
1.5565769814466968	0.6240486877287312	0.8646110863048082
1.576712036765238	0.6122671823000415	0.9090963438497589
1.5976120296487628	0.5998627711730767	0.9534798621455173
1.6192178843569482	0.586823360254445	0.9977017173018589
1.6414664691560725	0.5731379401951204	1.0416992273583043
1.6642905212160781	0.5587968226915897	1.0854063268876202
1.6876186051044268	0.543791884916024	1.1287531168587097
1.7113751105572463	0.5281168196990291	1.1716655621581347
1.7354802952200836	0.5117673885925386	1.2140653186766597
1.7598503779296628	0.49474167444154193	1.2558696782825565
1.7843976878329877	0.4770403296083622	1.2969916242572688
1.8090308741913688	0.458666815541637	1.3373399924658047
1.8336551810779267	0.4396276289859121	1.3768197350729772
1.8581727903359355	0.4199325098104454	1.4153322842668987
1.8824832351161205	0.39959462522190586	1.452776013401577
1.9064838850554864	0.3786307250393646	1.4890467923604396
1.9300705027091858	0.35706126277404987	1.5240386328830808
1.9531378692212242	0.33491047749071884	1.5576444181848412
1.9755804754511908	0.3122064318482484	1.5897567095236538
1.9972932729055142	0.28898100233578233	1.62026862052143
2.0181724769064524	0.2652698185456774	1.649074748121107
2.0381164125329736	0.24111214936480538	1.6760721471516746
2.0570263920552954	0.21655073524547833	1.7011613336804523
2.0748076109342066	0.1916315673144123	1.724247300752775
2.0913700480438133	0.16640361624417918	1.7452405288482726
2.1066293546758676	0.1409185173751794	1.7640579725062002
2.120507716162146	0.11523022652407966	1.7806240041629864
2.1329346696641602	0.08939468592738874	1.79487129635919
2.1438478618671297	0.06346965176409278	1.8067416241448122
2.153193730999394	0.03751563517725132	1.8161865707512947
2.160928098779833	0.011615739072081542	1.8231681213890794
2.1670166595524347	0.014325396408839848	1.8276591323281293
2.1714353559546202	0.04000756593453263	1.829643665156872
2.174170632918852	0.06551130521656885	1.829117179201804
2.175219564542017	0.0907640563577784	1.826086578416946
2.174589851276483	0.11571036595470435	1.8205701124988443
2.172299687894053	0.1402986462426239	1.8125971354226929
2.1683775056392216	0.16448038173308718	1.8022077279036839
2.162861594813707	0.18821020549194792	1.7894521933480811
2.1557996166204676	0.2114460907524143	1.774390439568234
2.147248015355903	0.2341495333337232	1.7570912608112956
2.13727134390405	0.25628569426980546	1.7376315364321644
2.1259415169066735	0.2778234938515109	1.7160953637913434
2.11333700693007	0.2987356553181773	1.6925731436677054
2.099541999416321	0.31899869948045617	1.6671606366586458
2.0846455222076163	0.3385928932302632	1.639958008732124
2.0687405649990223	0.357502155951361	1.6110688833517903
2.0519232032550514	0.37571392853733604	1.5805994164879034
2.034291739977317	0.3932190101511556	1.5486574094338381
2.0159458773009664	0.41001136807118876	1.5153514727579638
1.9969859282965354	0.4260879259959068	1.4807902530234283
1.9775120776316886	0.4414483360523175	1.4450817321933762
1.9576236979709674	0.4560947394993492	1.4083326079929162
1.937418727222475	0.4700315207642079	1.370647762004356
1.9169931100318207	0.48326505902358036	1.3321298210072936
1.8964403053200634	0.49580348106718153	1.292878816115676
1.8758508601985109	0.5076564186809496	1.2529919436853227
1.8553120492940212	0.5188347732807497	1.2125634318469343
1.8349075773994794	0.5293504900311736	1.171684516950499
1.8147173424325673	0.5392163432110917	1.130443535294412
1.7948172549414056	0.5484457341480173	1.0889261373921122
1.7752791098316976	0.5570525026441197	1.0472156348783306
1.7561705055952064	0.5650507524622207	1.0053934942130904
1.7375548060788188	0.5724546911324159	0.9635399969220568
1.7194911397296833	0.5792784840792244	0.9217350936399156
1.7020344312663054	0.5855361228540695	0.8800594892543161
1.6852354608389488	0.5912413070859082	0.8385960096888152
1.6691409459364919	0.5964073396307193	0.7974313181702896
1.6537936415532914	0.601047034304488	0.7566580711368815
1.6392324544321883	0.6051726355202595	0.7163776320583095
1.6254925675338496	0.6087957491136496	0.6767034954832634
1.612605571235292	0.6119272836288366	0.6377656118188882
1.6005995981206744	0.6145774013446991	0.5997158394353139
1.5894994585862274	0.6167554783448354	0.5627347688450779
1.5793267748311548	0.6184700729724356	0.5270401289733194
1.5701001111419943	0.6197289020584928	0.4928968274974349
1.5618350986951544	0.6205388243670232	0.46062826642204513
1.554544553398561	0.6209058307616147	0.43062770035035297
1.5482385855671077	0.6208350406617308	0.403366798005893
1.5429247004775493	0.6203307044231341	0.37939606689813016
1.5386078890771295	0.6193962113430673	0.3593288616224855
1.53529070832786	0.6180341030562178	0.34379929812063914
1.5329733508567536	0.6162460921508742	0.3333885862461483
1.5316537037537665	0.6140330858951061	0.328527946396454
1.5313273965162328	0.611395215019364	0.32940623100243427
1.5319878382839018	0.608331867553804	0.3359213150539525
1.533626244645094	0.6048417277650829	0.3476998532458326
1.53623165442462	0.6009228202776195	0.36417568657298083
1.539790936990529	0.5965725594975768	0.3846907822857231
1.544288790741675	0.591787804483381	0.40858280910472133
1.5497077335634533	0.5865649194236641	0.43524190039285887
1.5560280861663165	0.5808998398914035	0.46413715300408714
1.563227949351846	0.5747881450410047	0.49482186826038804
1.5712831763846526	0.5682251359025391	0.5269271042381235
1.5801673417850792	0.5612059199037812	0.5601504091867293
1.5898517079967993	0.5537255017157846	0.5942436880752052
1.6003051915235187	0.5457788804714303	0.6290020784949695
1.6114943302679912	0.5373611533489999	0.6642545076456459
1.6233832539416821	0.5284676254451863	0.6998560008786763
1.6359336595412028	0.5190939257855557	0.7356815588631881
1.6491047940040275	0.5092361292377122	0.771621344279801
1.6628534462562836	0.4988908840068355	0.8075769229461036
1.6771339509443877	0.48805554430996834	0.8434583385738068
1.691898206194316	0.47672830775156955	0.8791818415661242
1.707095707761411	0.4649083568682801	0.9146681306103133
1.722673601913711	0.4525960042892037	0.9498409980459545
1.7385767593267996	0.43979284098808413	0.9846262957093128
1.7547478721523455	0.42650188721182347	1.0189511578913197
1.771127576250574	0.4127277458929143	1.0527434332289272
1.787654600344597	0.39847675874494254	1.0859312887738006
1.8042659435585442	0.3837571658787184	1.1184429579985182
1.820897082440208	0.3685792707795422	1.1502066107907458
1.8374822081425686	0.3529556140346687	1.1811503280808053
1.853954493949448	0.3369011615796346	1.2112021670541313
1.8702463927834645	0.32043351690418037	1.2402903052271683
1.8862899637367752	0.30357317238831305	1.2683432532501795
