1.0	1.0	1.0
1.0057643966494119	0.9795726334112601	1.0144260293233636
1.011458973768062	0.9588466215140126	1.0285583979733999
1.0170450188647797	0.937953479688366	1.042311238202714
1.0224840278550544	0.917038928843728	1.0556013181113872
1.0277380021021245	0.8962632866870747	1.0683483924530834
1.032769755838634	0.8758015149417877	1.0804755636282972
1.0375432306604553	0.8558427889994096	1.091909652139421
1.0420238132985862	0.836589431747212	1.1025815740923528
1.0461786524490169	0.818255035435407	1.1124267218680095
1.0499769700951507	0.8010615929577536	1.1213853428828386
1.053390362512558	0.7852354840475696	1.1294029104314502
1.0563930860186992	0.7710022250296403	1.1364304799712757
1.058962322534367	0.7585800029292875	1.1424250238764295
1.061078420167894	0.7481721778615985	1.1473497376560515
1.0627251043211299	0.7399591388439491	1.1511743108938193
1.0638896552452044	0.7340901050278326	1.1538751567039434
1.0645630485353956	0.7306756262615487	1.155435594290021
1.0647400557329858	0.7297815965895835	1.1558459802031746
1.0644193029772595	0.7314255083172995	1.1551037850836703
1.063603286497406	0.7355754352268827	1.1532136139875888
1.0622983446230885	0.7421518818112064	1.1501871697940431
1.0605145868927475	0.7510322508338898	1.1460431606026464
1.0582657817186667	0.7620573560111487	1.1408071534084332
1.0555692048967817	0.7750392105338271	1.1345113776267064
1.0524454519991393	0.7897692817206031	1.1271944831813951
1.0489182183336911	0.8060264973966076	1.1189012588212468
1.0450140506807106	0.8235844706689097	1.1096823170493328
1.040762075404253	0.8422176195105544	1.0995937525119566
1.0361937077837868	0.8617060500210497	1.0886967808707875
1.0313423475145427	0.8818392209152731	1.0770573650633228
1.0262430652904067	0.9024185038529745	1.064745835436381
1.0209322852206493	0.9232588046591133	1.0518365095178084
1.0154474675561962	0.9441894255128787	1.0384073161826184
1.0098267958305154	0.965054340117133	1.0245394276878201
1.0041088720748086	0.9857120332201003	1.0103169015184639
0.9983324232682977	1.0060350303029169	0.9958263322369064
0.9925360216533105	1.025909217627198	0.9811565115985591
0.9867578210018693	1.0452330297926187	0.9663980931438028
0.9810353103841661	1.0639165625889568	0.9516432553679193
0.9754050864758603	1.081880653405834	0.9369853555020253
0.9699026449640339	1.0990559594535674	0.9225185640298637
0.9645621911813705	1.1153820550063196	0.9083374684733823
0.9594164697221617	1.1308065622188035	0.8945366338961894
0.9544966124766705	1.1452843252512617	0.8812101072242152
0.9498320042640886	1.1587766340085066	0.8684508531170453
0.9454501650483428	1.1712505013924848	0.8563501109934288
0.9413766475829245	1.1826779963028942	0.8449966661393005
0.9376349492467143	1.1930356334865064	0.8344760327424446
0.9342464367973444	1.2023038205791525	0.8248695531974903
0.9312302827761335	1.210466362194379	0.8162534258945856
0.9286034123428527	1.2175100206114615	0.8086976824735572
0.9263804593933733	1.2234241324479853	0.8022651444438988
0.9245737309126982	1.2282002806305305	0.7970103971454927
0.9231931786346351	1.2318320209745077	0.7929788251145008
0.9222463772126854	1.2343146627321868	0.7902057559006332
0.9217385082506343	1.2356451025529365	0.7887157583635656
0.9216723496926286	1.2358217114115595	0.7885221360114725
0.922048270228667	1.2348442741913965	0.7896266461969677
0.9228642285305126	1.232713981751964	0.7920194627838196
0.9241157772935663	1.2294334754603709	0.795679384650019
0.9257960722209411	1.2250069443160925	0.800574276866442
0.927895886245685	1.2194402749443376	0.806661717402537
0.9304036294443601	1.2127412548685057	0.8138898113060921
0.9333053752482686	1.2049198295906736	0.8221981275020952
0.9365848937051803	1.1959884141032198	0.8315187110199448
0.9402236926814491	1.185962259515216	0.8417771253130363
0.9442010680181953	1.1748598754917445	0.8528934846004772
0.9484941637612401	1.1627035091559443	0.864783443760525
0.9530780436675391	1.1495196809683828	0.8773591220836678
0.9579257752452018	1.1353397778421426	0.8905299460982293
0.9630085276036822	1.1202007033256158	0.9042034048841862
0.9682956843691654	1.1041455840181322	0.9182857182367957
0.9737549728515499	1.0872245303764296	0.9326824234437545
0.9793526105283568	1.0694954485830859	0.9472988902349639
0.9850534697329676	1.0510248979893217	0.9620407757522649
0.9908212611968634	1.0318889855555384	0.976814432367459
0.9966187367968696	1.0121742843547372	0.9915272810969582
1.0024079114999536	0.991978757147993	1.0060881624737767
1.008150304083591	0.9714126577710515	1.020407675276983
1.013807195745674	0.9505993720089844	1.0343985116877985
1.0193399052139556	0.9296761452117184	1.0479757954066087
1.0247100784336762	0.9087946256965942	1.0610574271576094
1.0298799903687104	0.8881211309720869	1.0735644399288973
1.0348128559142222	0.8678365187654182	1.0854213643222717
1.0394731464072908	0.8481355188523806	1.096556602576962
1.0438269077573576	0.8292253588902784	1.1069028082289298
1.047842075822087	0.8113235046213576	1.1163972670060445
1.0514887843470104	0.794654341654181	1.1249822734647072
1.0547396605880228	0.7794446645344358	1.1326054970639496
1.0575701036603093	0.7659179209691843	1.13922033086047
1.0599585407174053	0.7542872923963829	1.1447862157972901
1.0618866562666662	0.7447478733167721	1.1492689336470465
1.0633395902735079	0.7374684204340961	1.152640862047344
1.064306101191272	0.7325833381722516	1.1548811857105534
1.0647786906651253	0.7301856942697728	1.155976058775516
1.0647536873796453	0.7303220633930093	1.1559187143570813
1.064231288328016	0.7329898468547124	1.1547095185969765
1.0632155566490553	0.7381374241594394	1.152355967875795
1.061714376076575	0.7456671158805038	1.1488726292562055
1.0597393629423038	0.7554405660940429	1.1442810256349238
1.0573057375372765	0.7672858732246336	1.138609468428837
1.0544321574374462	0.7810056648283527	1.1318928418544894
1.0511405161106369	0.7963853310787499	1.1241723439301419
1.0474557107216893	0.8132007687953533	1.1154951901921148
1.0434053835238966	0.8312251871810278	1.1059142867362397
1.039019641556915	0.8502347337311827	1.0954878795433505
1.034330759559698	0.8700128755704144	1.0842791871061694
1.02937287105337	0.890353599313168	1.0723560231334963
1.0241816524606355	0.9110635696196171	1.059790415564363
1.0187940049175803	0.9319634211960153	1.0466582272852973
1.0132477381168203	0.9528883632243536	1.0330387828205787
1.0075812601169567	0.9736882609216229	1.0190145038775256
1.0018332765830695	0.9942273355332109	1.0046705550027644
0.9960425024079367	1.0143835980311615	0.9900944987757274
0.990247388124822	1.0340481069909913	0.9753759579777368
0.9844858629797604	1.0531241194951662	0.9606062800888466
0.9787950960019409	1.0715261861169667	0.9458781973593471
0.9732112759102305	1.0891792269949303	0.931285473682738
0.967769410234334	1.106017615269674	0.9169225276971342
0.9625031436198623	1.1219842861458524	0.9028840201327629
0.9574445949339172	1.1370298839886395	0.8892643926109741
0.9526242124951865	1.151111955658721	0.8761573451225187
0.9480706465208381	1.1641941953134987	0.8636552405237626
0.943810637710417	1.176245743825259	0.851848426832422
0.9398689207713292	1.18724054453867	0.840824472070957
0.9362681416268613	1.197156756124337	0.8306673119809544
0.9330287870305196	1.2059762226474997	0.8214563180311434
0.9301691253337704	1.2136840005651153	0.8132653014507081
0.9277051572117909	1.2202679421228524	0.8061614779532905
0.9256505752374828	1.2257183344986136	0.8002044265190417
0.9240167313020723	1.2300275939982008	0.7954450830024127
0.922812611005965	1.2331900146286343	0.7919248142756296
0.9220448142817385	1.2352015704390398	0.7896746200469792
0.9217175416585534	1.236059771116049	0.7887145066754123
0.9218325857309279	1.2357635704411283	0.7890530700275836
0.9223893275524995	1.2343133273538829	0.7906873131271338
0.923384737835341	1.2317108195118174	0.7936027101130794
0.9248133829962659	1.2279593093876005	0.7977735124426752
0.9266674362521206	1.2230636630940375	0.8031632781710224
0.9289366941250701	1.217030522269121	0.8097255922566944
0.9316085988747924	1.209868529482737	0.8174049365332993
0.9346682675253479	1.2015886077360862	0.8261376630089325
0.9380985282976639	1.1922042947064249	0.8358530236013918
0.9418799653907944	1.1817321324329761	0.8464742127832703
0.9459909731723021	1.170192113130713	0.8579193859697881
0.9504078209354663	1.1576081817377475	0.8701026246995857
0.9551047294530984	1.144008795621509	0.8829348286030555
0.9600539605985883	1.1294275415490564	0.896324522853449
0.965225921308222	1.1139038095106564	0.9101785775339631
0.970589283118606	1.0974835221917978	0.9244028416875968
0.9761111184234089	1.0802199177022775	0.9389026995572067
0.981757054449552	1.0621743814321982	0.9535835596821692
0.9874914457505635	1.0434173203958998	0.9683512892431199
0.9932775657518187	1.0240290698557009	0.9831126065618461
0.9990778175585672	1.0041008170125783	0.9977754442226473
1.0048539638551708	0.9837355196442797	1.0122492941322998
1.010567375287699	0.9630487882158195	1.0264455442007159
1.0161792962397693	0.9421696875962993	1.04027781439141
1.021651126394088	0.9212413985588537	1.0536622978115717
1.026944715933332	0.9004216594235722	1.0665181104043386
1.0320226716903402	0.879882884773336	1.0787676507613082
1.0368486710278397	0.8598118323746092	1.0903369696599383
1.0413877797326658	0.8404086641239622	1.1011561472001574
1.0456067697699587	0.8218852271693388	1.1111596739067429
1.0494744323804783	0.8044623753189063	1.1202868309089578
1.0529618817390334	0.7883661692613642	1.1284820633291608
1.0560428442419143	0.7738228493650082	1.1356953403233978
1.0586939284704573	0.7610525777107455	1.1418824948283992
1.0608948709963846	0.7502621004427718	1.1470055359827285
1.062628753456813	0.7416366777631047	1.1510329273990283
1.0638821867314232	0.7353318381495634	1.1539398249548842
1.0646454585934892	0.7314656877891433	1.155708268518519
1.0649126418664019	0.7301125883761986	1.1563273230003908
1.064681660878273	0.731298958604627	1.1557931652827842
1.0639543148445925	0.7350017416219725	1.1541091148795464
1.0627362576942225	0.7411497441452904	1.151285607564826
1.0610369347563997	0.7496276671947961	1.1473401126270464
1.0588694776141032	0.7602823057767972	1.142296995795196
1.0562505592711084	0.7729301718552756	1.1361873311927813
1.0532002125476463	0.7873657265999443	1.1290486668476138
1.0497416152877785	0.8033694818175118	1.1209247492754886
1.045900846510396	0.8207154004434054	1.1118652134221205
1.0417066180507089	0.8391772345413286	1.1019252447578847
1.037189986512099	0.858533637510234	1.0911652205499862
1.0323840504773356	0.878572044950751	1.0796503372715403
1.027323637917474	0.8990914250127657	1.0674502307400129
1.022044988595825	0.9199040572213385	1.0546385949097639
1.0165854360072033	0.940836519293597	1.041292804283625
1.010983093036835	0.9617300567159754	1.0274935436718058
1.0052765450888286	0.9824404908234284	1.0133244475351089
0.999504553942191	1.002837796006755	0.9988717494330155
0.9937057750644459	1.0228054508023987	0.9842239401945757
0.987918490569552	1.0422396439794748	0.9694714313921435
0.9821803594670085	1.0610483966644872	0.9547062185922475
0.9765281863294806	1.0791506453335296	0.9400215367732304
0.9709977090209722	1.0964753178865536	0.9255114983522758
0.9656234056875747	1.11296042547718	0.9112707026044417
0.9604383208261477	1.1285521857180925	0.8973938040689485
0.9554739099180283	1.143204187764857	0.883975027043735
0.9507599018473716	1.1568766061278983	0.8711076137149696
0.9463241781169107	1.1695354674919223	0.8588831951073851
0.9421926677256915	1.1811519730387647	0.8473910771014964
0.9383892564798885	1.1917018775511872	0.8367174383992897
0.9349357094642091	1.2011649257584662	0.8269444435527616
0.9318516054018481	1.2095243458522449	0.8181492818258028
0.929154281669307	1.2167663997697273	0.8104031513151431
0.9268587888024431	1.2228799896524745	0.803770216709295
0.9249778534258509	1.2278563198020687	0.7983065773593724
0.92352184865365	1.2316886134403746	0.7940592888473921
0.9224987711410613	1.2343718836221205	0.791065484826868
0.9219142241087305	1.2359027577266977	0.7893516456297747
0.9217714058121916	1.236279355063856	0.7889330554466173
0.9220711030845701	1.235501217256018	0.7898134808430598
0.9228116897395461	1.2335692912014238	0.7919850906924655
0.923989129782203	1.2304859645712296	0.7954286225983427
0.9255969855363819	1.2262551539443758	0.8001137852784734
0.9276264309573669	1.2208824458310505	0.805999872014246
0.9300662705567602	1.2143752909731176	0.8130365487462728
0.9329029645205997	1.2067432524317525	0.8211647728431766
0.9361206607498891	1.1979983080713972	0.8303177954645604
0.9397012346918698	1.1881552081160287	0.8404222016101541
0.9436243379569559	1.1772318884768689	0.8513989466898235
0.9478674568258778	1.1652499405139647	0.8631643557230785
0.9524059818391589	1.1522351377749862	0.8756310599262459
0.9572132897208753	1.1382180200208605	0.8887088543908922
0.9622608389146475	1.1232345344531538	0.9023054689258497
0.9675182799957224	1.1073267334361088	0.9163272513242798
0.9729535821627571	1.0905435270626371	0.9306797679955444
0.9785331769009803	1.072941487516178	0.9452683309714175
0.984222119740147	1.0545857001466405	0.9599984628331779
0.9899842708028964	1.0355506532620413	0.974776312296699
0.9957824945502983	1.0159211545130422	0.9895090332781453
1.0015788787822382	0.9957932560017695	1.0041051394974272
1.0073349725441425	0.9752751623760417	1.0184748452992471
1.0130120421344373	0.9544880856041043	1.0325304015910868
1.0185713439081603	0.9335669962842906	1.0461864337864857
1.023974412043393	0.912661203769474	1.059360286537727
1.029183358893649	0.8919346759664005	1.071972377950662
1.0341611850085883	0.8715659850072153	1.0839465639766332
1.0388720953870736	0.8517477389262336	1.0952105118333
1.0432818180516523	0.8326853357502009	1.1056960796639825
1.0473579206234898	0.8145948613313296	1.1153396982392645
1.0510701202525927	0.7976999550606991	1.1240827493619199
1.0543905820391204	0.7822275000197519	1.13187193477648
1.0572942009842043	0.7684020683975996	1.1386596288209794
1.0597588625455925	0.7564391777893905	1.1444042077966898
1.0617656770523087	0.7465375882805294	1.1490703490705871
1.0632991835554846	0.7388710767020248	1.1526292932553415
1.06434751915547	0.7335803257961236	1.1550590634146345
1.064902550437957	0.7307657085873287	1.1563446360905725
1.0649599643576741	0.7304817758936488	1.1564780600094322
1.064519316705388	0.7327341309773147	1.1554585195487137
1.0635840371559715	0.7374791035021193	1.1532923413928993
1.0621613907925551	0.7446262667450628	1.1499929442131578
1.060262396902703	0.7540434632229011	1.1455807326206975
1.0579017067155236	0.7655637042468865	1.1400829380074735
1.0550974425633561	0.7789931495951185	1.1335334101464543
1.0518710016808548	0.7941193689927497	1.125972364525784
1.0482468284748951	0.8107192083117137	1.117446091292104
1.04425215959294	0.8285657765516575	1.108006632340643
1.0399167464735666	0.847434278939361	1.0977114334844373
1.0352725602752146	0.8671066052202837	1.0866229787419703
1.030353484148568	0.8873747187259637	1.0748084135901155
1.025194997750797	0.9080429769363949	1.0623391635342794
1.0198338587077251	0.9289295550899125	1.0492905535544959
1.0143077854285185	0.9498671527942065	1.0357414329063903
1.0086551452855193	0.9707031516401768	1.0217738084076189
1.0029146517100012	0.9912993693974874	1.0074724877487893
0.9971250732444065	1.0115315304312573	0.9929247325663149
0.9913249570541964	1.031288546788353	0.9782199190467626
0.9855523688578771	1.0504716821678983	0.9634492017554571
0.9798446507001048	1.0689936525438508	0.9487051742723415
0.9742381974856876	1.0867777025599175	0.9340815181753458
0.968768252724553	1.103756685563735	0.9196726300657773
0.9634687235191293	1.11987216672221	0.9055732148460952
0.9583720144628591	1.135073562483067	0.8918778325388339
0.9535088798156298	1.1493173251977713	0.878680385809637
0.9489082930800388	1.1625661785638703	0.8660735362800829
0.9445973329206419	1.174788407336332	0.8541480399344537
0.9406010842437518	1.1859572032345966	0.8429919956416831
0.9369425531836648	1.1960500679391703	0.8326900061349957
0.9336425947169995	1.2050482733862813	0.823322257663385
0.9307198516441632	1.2129363791295835	0.8149635326761747
0.9281907037295766	1.2197018062722695	0.8076821787834346
0.9260692258740246	1.2253344673309965	0.8015390660354471
0.9243671542975671	1.22982645133979	0.7965865722414047
0.9230938598345919	1.233171763513121	0.792867641447944
0.9222563275792537	1.235366118845352	0.7904149627376568
0.9218591422659473	1.2364067891161659	0.7892503143882827
0.9219044789225403	1.2362925028888758	0.7893841118511642
0.9223920984914937	1.235023398223097	0.79081518729381
0.9233193482739267	1.2326010279686497	0.7935308145937111
0.9246811672127149	1.2290284176579818	0.7975069781914569
0.9264700961916384	1.2243101761642627	0.802708868919568
0.928676293687175	1.2184526594360632	0.8090915765947307
0.9312875572662932	1.2114641877512526	0.8166009392259144
0.9342893515756292	1.2033553170457936	0.8251745030087996
0.9376648436122563	1.1941391649595452	0.8347425460441937
0.9413949462006683	1.1838317922909534	0.8452291215162734
0.9454583707206585	1.1724526405522275	0.8565530820215307
0.9498316902317728	1.1600250262477083	0.8686290547360331
0.9544894142165845	1.1465766923343554	0.8813683460037105
0.959404076211276	1.132140417026921	0.894679762718478
0.9645463356017201	1.1167546796273597	0.9084703457964018
0.9698850948302102	1.1004643823110767	0.9226460176059602
0.9753876331762841	1.0833216256825307	0.9371121502191105
0.9810197581395353	1.0653865342673172	0.951774064746988
0.9867459752587896	1.0467281257288257	0.9665374739617663
0.992529676948033	1.0274252142063185	0.981308881096133
0.99833335061441	1.0075673334056814	0.9959959474049936
1.0041188059492492	0.9872556584812129	1.010507840020694
1.0098474208538433	0.9666038967898696	1.024755570060636
1.015480404985005	0.9457391056930251	1.0386523290482759
1.0209790793915732	0.9248023801767776	1.0521138296424561
1.0263051701754704	0.9039493338149296	1.065058654559208
1.031421113565746	0.8833502736498469	1.0774086155092883
1.0362903692598278	0.8631899439759622	1.0890891220354533
1.040877738383294	0.8436666883499838	1.1000295583701978
1.0451496819692085	0.8249908581899715	1.1101636648886897
1.0490746354818623	0.8073822876177941	1.119429919434499
1.0526233146280304	0.791066668182404	1.1277719127712516
1.0557690075298867	0.7762707060778417	1.1351387116783944
1.058487848292469	0.7632160397822285	1.1414852027740547
1.0607590670957128	0.7521120430412052	1.1467724100154264
1.0625652121819746	0.7431478295321647	1.1509677789925075
1.0638923394941013	0.7364839856011238	1.1540454215810643
1.0647301662397632	0.7322447407974789	1.1559863152335144
1.0650721853018512	0.7305113855085098	1.15677845213125
1.0649157381634382	0.7313177101327323	1.1564169345598054
1.0642620448450366	0.734648049515588	1.154904014153018
1.0631161902336699	0.740438194247453	1.1522490740320688
1.061487067086893	0.7485790460219818	1.1484685542842825
1.0593872768885262	0.7589225393414558	1.1435858226276008
1.0568329905852654	0.7712891073764996	1.1376309934331204
1.0538437720152136	0.7854758779102503	1.1306406994764802
1.0504423675251628	0.8012648402772695	1.1226578218106267
1.0466544658421626	0.8184303835110494	1.1137311839557775
1.042508432701299	0.8367458123027095	1.10391521715333
1.0380350250265131	0.8559886497101015	1.0932696037037295
1.0332670896118952	0.875944700594703	1.0818589053874814
1.028239251260446	0.8964109639643175	1.0697521836456643
1.0229875952145622	0.9171975472749132	1.0570226175716142
1.0175493484709552	0.9381287611306592	1.0437471248464865
1.0119625642295342	0.959043571109491	1.0300059895525293
1.0062658133007165	0.9797955659529447	1.0158824993403859
1.0004978858098432	1.0002525767394799	1.0014625927390668
0.9946975060123797	1.0202960556495722	0.9868345155169734
0.9889030624901973	1.0398202988267344	0.9720884829785991
0.9831523554567391	1.058731577180826	0.9573163429791964
0.9774823623744116	1.076947222188461	0.9426112323444145
0.9719290225955373	1.0943947006132748	0.9280672174060353
0.9665270412901882	1.1110107020980589	0.9137789076530219
0.9613097125286714	1.1267402561862965	0.899841030229488
0.9563087610488606	1.1415358899516483	0.8863479524038284
0.9515542019617179	1.1553568335648623	0.8733931394299126
0.9470742174324634	1.1681682784132978	0.8610685366760594
0.9428950492180785	1.1799406905008978	0.8494638677440572
0.9390409058406053	1.190649180563552	0.8386658447065345
0.9355338831251996	1.2002729314652434	0.8287572926008893
0.9323938968264018	1.2087946828705753	0.8198161977891258
0.9296386260994794	1.2162002728313985	0.8119146983390694
0.9272834666396977	1.2224782357176036	0.8051180435418994
0.9253414924049798	1.227619455821704	0.7994835581305348
0.9238234249510016	1.2316168759435877	0.7950596535948912
0.9227376095373907	1.2344652602948034	0.7918849330553763
0.9220899973051107	1.2361610111358532	0.7899874364678073
0.9218841329748546	1.23670203866415	0.7893840688845144
0.9221211476715916	1.236087683795935	0.7900802460477027
0.9227997566392219	1.2343186936254835	0.7920697793628572
0.9239162617699687	1.2313972494932601	0.7953350075341026
0.9254645590343953	1.227327047745593	0.7998471665221638
0.927436151058552	1.2221134334164285	0.8055669748432736
0.9298201652534369	1.215763587201066	0.8124453992244477
0.9326033780570513	1.208286766216304	0.8204245574706709
0.9357702459987034	1.1996945991439802	0.8294387116578571
0.9393029444360852	1.1900014364267433	0.8394153053588043
0.9431814149444765	1.1792247562146954	0.8502760028983884
0.9473834224499659	1.1673856267339076	0.8619376956135367
0.9518846232897622	1.1545092256411482	0.8743134486119013
0.9566586454469145	1.14062541671276	0.8873133704811914
0.9616771822379651	1.1257693838452696	0.9008453968918568
0.9669101007239927	1.109982321757787	0.9148159864166278
0.9723255660620076	1.0933121818914928	0.9291307327931233
0.9778901829090972	1.075814470672981	0.9436949021524519
0.9835691548312949	1.057553095370999	0.9584139064822182
0.98932646244939	1.0386012499927646	0.973193725960587
0.995125060773078	1.019042329722977	0.9879412930252325
1.0009270958333334	0.9989708569041903	1.0025648503813154
1.0066941403236127	0.9784933939996894	1.0169742938483881
1.0123874475091246	0.9577294088045417	1.0310815092108723
1.017968222168616	0.9368120437933735	1.0448007102483636
1.0233979068066537	0.9158887244285339	1.0580487830226477
1.0286384808308313	0.8951215203236361	1.0707456393982795
1.033652769844995	0.8746871488447188	1.0828145807569638
1.0384047616859082	0.8547764846741944	1.09418267099641
1.042859925347633	0.8355934145081739	1.1047811162300964
1.0469855285168663	0.8173528593381159	1.1145456471623274
1.0507509491046578	0.8002777865362077	1.1234168989311437
1.054127975924993	0.784595061691043	1.1313407823108812
1.0570910935556677	0.7705300581886682	1.1382688395604414
1.0596177464349195	0.7583000603748399	1.1441585778998196
1.0616885774068883	0.7481066644534667	1.1489737735957959
1.0632876362330475	0.7401275852687671	1.1526847399295481
1.0644025540320508	0.7345084821305597	1.1552685528872997
1.0650246801874481	0.7313555707947884	1.156709229234132
1.0651491789557794	0.7307298346224418	1.1569978526663156
1.0647750837953835	0.7326435451501945	1.1561326449466445
1.063905308292902	0.7370595482234078	1.1541189802613399
1.0625466134605412	0.7438934118791806	1.1509693424422347
1.0607095320812043	0.7530181490942803	1.1467032261174768
1.0584082516588633	0.7642709135922453	1.1413469842305315
1.0556604583573421	0.7774608866872496	1.134933625645287
1.0524871450542013	0.7923775486984262	1.1275025676828925
1.0489123872739012	0.808798635676119	1.1190993493677392
1.0449630912772987	0.8264972691745657	1.1097753118572398
1.0406687189601553	0.8452479568674965	1.0995872529625037
1.0360609944453247	0.8648313507802347	1.0885970628132569
1.0311735973415108	0.8850377934206125	1.0768713475677052
1.0260418475917146	0.9056697739496157	1.0644810476122477
1.0207023866576534	0.9265434627079905	1.0515010559404732
1.0151928594978146	0.9474895044541602	1.0380098413563512
1.0095516014148278	0.9683532408140536	1.0240890798304207
1.0038173333930827	0.9889945109496644	1.0098232957743665
0.9980288690414195	1.0092871536727661	0.9952995132210317
0.9922248357196477	1.0291183087595597	0.9806069149458627
0.9864434118818636	1.0483875925068062	0.9658365054976094
0.9807220821324737	1.0670062035901353	0.9510807719942052
0.9750974109785003	1.0848960001360486	0.9364333344808804
0.9696048357873505	1.1019885772339488	0.9219885757676491
0.9642784790329672	1.1182243653382433	0.9078412391224664
0.959150979542328	1.133551763559221	0.8940859811909799
0.9542533421428743	1.1479263171832332	0.8808168672735278
0.949614804861255	1.1613099454510398	0.8681267968660484
0.9452627226340274	1.1736702233020453	0.8561068494135028
0.9412224663590083	1.1849797191881888	0.8448455437430745
0.9375173360376389	1.195215389970514	0.8344280097607901
0.9341684867287265	1.2043580331851675	0.8249350776788744
0.9311948660463362	1.2123917964969915	0.8164422980480766
0.9286131619831519	1.2193037438727017	0.8090189146934833
0.9264377599191385	1.2250834778490318	0.8027268215120995
0.9246807077779216	1.22972281720748	0.797619541967734
0.9233516884146256	1.2332155293707394	0.7937412758663643
0.9224579984543154	1.2355571168884305	0.7911260605094486
0.922004532945768	1.2367446574682242	0.7897970917578819
0.9219937753479137	1.2367766971230205	0.7897662445199578
0.922425792523494	1.235653196137654	0.7910338219495061
0.9232982345744014	1.2333755277030591	0.793588549113046
0.9246063395143731	1.2299465292160445	0.7974078115226211
0.9263429429359457	1.2253706063932037	0.8024581235221302
0.9284984929886417	1.2196538904924357	0.808695797855977
0.9310610711428058	1.2128044490692116	0.81606777732787
0.9340164193664959	1.2048325508105011	0.8245125832141748
0.9373479744889707	1.1957509850794532	0.8339613333106801
0.941036910660467	1.185575436858688	0.8443387848169981
0.945062190940292	1.1743249177865143	0.8555643628723432
0.9494006291491222	1.1620222539206655	0.8675531433540719
0.954026963201514	1.1486946307130161	0.880216767386651
0.9589139411851161	1.1343741954001176	0.8934642738559652
0.9640324214677435	1.119098716556361	0.9072028442868361
0.9693514880860863	1.102912299845045	0.9213384612004127
0.9748385825943726	1.085866157932683	0.9357764862663828
0.9804596534224908	1.06801943095697	0.9504221681629523
0.9861793236066111	1.049440051658041	0.9651810921700753
0.9919610775084873	1.030205646026317	0.9799595843560386
0.9977674668314939	1.0104044557365726	0.9946650830228823
1.0035603358735505	0.990136262284616	1.0092064891039774
1.0093010655334864	0.9695132840918786	1.0234945056884288
1.0149508351151275	0.9486610063113364	1.0374419749800303
1.0204709004624681	0.9277188880957299	1.050964218945129
1.0258228864227668	0.9068408732944383	1.0639793877915373
1.030969091088151	0.8861956079922343	1.0764088183476106
1.0358727987286536	0.8659662429151797	1.0881774024512574
1.0404985978207348	0.8463496728638578	1.0992139636693234
1.044812700116616	0.827555043466676	1.1094516390913791
1.0487832563126394	0.809801344884667	1.1188282616112146
1.052380663580073	0.7933139227680188	1.1272867370491246
1.05557786003789	0.7783197809576111	1.1347754096961133
1.0583506011895816	0.7650416398253037	1.1412484093885744
1.0606777134262242	0.7536908551488207	1.1466659730527164
1.0625413199219447	0.7444594896032604	1.1509947337881894
1.063927034615774	0.7375120389294582	1.1542079709779116
1.064824120479697	0.7329775043415911	1.1562858155949978
1.0652256089041237	0.7309426153189884	1.1572154057982755
1.0651283777708076	0.731446989933452	1.1569909890269747
1.0645331866058652	0.7344808472730379	1.155613968077356
1.063444668084373	0.7399855769772353	1.1530928900178135
1.061871276062459	0.7478570890338609	1.1494433782189288
1.059825191211063	0.7579515036062466	1.1446880091836813
1.0573221861860764	0.7700924797644749	1.1388561372036679
1.0543814530627753	0.7840793713052389	1.1319836710855984
1.0510253964621556	0.7996954370729207	1.1241128082391414
1.0472793963813438	0.8167154830988662	1.1152917322496618
1.0431715451936818	0.8349125177239309	1.1055742806425013
1.038732363596494	0.8540632059427555	1.0950195898528845
1.0339945004523228	0.8739520798451876	1.0836917244297501
1.0289924214951742	0.8943745824994298	1.0716592972139423
1.0237620917651957	0.9151390929919797	1.0589950866405453
1.0183406564062283	0.936068109799956	1.045775656428454
1.0127661241276884	0.9569987705507449	1.0320809817512702
1.007077057214778	0.977782870094525	1.017994084552822
1.0013122714902307	0.9982865146781177	1.003600679005761
0.9955105491082237	1.0183895239361584	0.9889888262493463
0.9897103665177432	1.037984667963676	0.9742485955304414
0.9839496393881217	1.0569768056167106	0.9594717267729509
0.9782654857611092	1.075281972929067	0.9447512874985876
0.9726940081965189	1.0928264569809851	0.9301813150251845
0.9672700952240735	1.1095458802328215	0.9158564331185334
0.9620272420114262	1.125384312661478	0.901871430946312
0.956997389813319	1.1402934234418656	0.8883207914901741
0.9522107834824823	1.1542316799040522	0.8752981567558151
0.947695846099723	1.1671635986628157	0.8628957184348715
0.9434790696170395	1.1790590518422468	0.851203525354437
0.9395849203001302	1.1898926299629986	0.8403087032772856
0.9360357577006244	1.1996430621460352	0.8302945884494332
0.9328517658780983	1.2082926936856242	0.8212397836124721
0.9300508956213395	1.2158270206642776	0.8132171536490513
0.927648816481105	1.222234281058956	0.8062927869803653
0.9256588775166908	1.2275051016761611	0.800524957388252
0.9240920757703367	1.2316322002222366	0.7959631279985112
0.9229570316117605	1.2346101418423316	0.7926470435844748
0.9222599702356383	1.2364351495314165	0.7906059581154584
0.9220047087440385	1.237104967921937	0.7898580409248948
0.9221926484008747	1.2366187800763337	0.7904099968982565
0.9228227718041883	1.2349771770514815	0.7922569242276845
0.9238916448828416	1.2321821801499167	0.7953824187271956
0.9253934237856909	1.2282373159237523	0.7997589180943088
0.9273198668922901	1.2231477441458853	0.8053482646730492
0.929660352333389	1.2169204391038042	0.8121024529134961
0.932401901565305	1.2095644246978032	0.8199645190989082
0.9355292096926334	1.2010910639307646	0.8288695266718551
0.9390246833759446	1.1915144034522114	0.8387456006231291
0.9428684872917275	1.1808515738541074	0.8495149683264202
0.9470386002265853	1.1691232463949435	0.8610949709331863
0.9515108819816926	1.156354146731136	0.8733990178411903
0.9562591523311459	1.1425736260310901	0.8863374657041407
0.9612552833130722	1.1278162894948045	0.8998184120260322
0.966469306128913	1.1121226817396423	0.9137484009087159
0.9718695338780021	1.0955400276539609	0.928033044597261
0.9774227012556507	1.0781230260423922	0.9425775689425145
0.9830941221885472	1.0599346915202346	0.957287293811273
0.9888478661677094	1.041047237429376	0.9720680609850678
0.9946469537645404	1.0215429887390695	0.9868266224302472
1.000453571479891	1.00151530856942	1.0014710012485246
1.0062293056820126	0.9810695146506252	1.0159108363730833
1.0119353949423218	0.9603237521476229	1.03005772037785
1.0175329995863274	0.9394097762517561	1.0438255377986716
1.0229834867523298	0.9184735812640629	1.0571308092708664
1.0282487287069475	0.8976757923472813	1.0698930446817203
1.033291411621211	0.8771917120972471	1.082035106505704
1.038075351483167	0.857210888071723	1.0934835826003302
1.0425658133335145	0.83793604264515	1.1041691660414756
1.0467298295812744	0.8195811886823008	1.1140270381067814
1.0505365128082118	0.8023687520944214	1.1229972493034348
1.053957358223544	0.7865255466137884	1.1310250924038836
1.0569665308018	0.7722775095101791	1.1380614608146469
1.0595411321402115	0.7598432194923227	1.1440631852673109
1.0616614422167903	0.7494263816000372	1.1489933417875964
1.0633111315197488	0.7412076655641923	1.1528215241605273
1.0644774394506182	0.735336491312007	1.1555240746511344
1.0651513154684127	0.7319235173228508	1.1570842675358355
1.065327520125359	0.7310346470100231	1.1574924410160021
1.0650046839253693	0.7326872817518915	1.156746074280603
1.0641853227889098	0.7368493093287103	1.1548498078107872
1.0628758098031057	0.7434409639254743	1.1518154064222277
1.0610863038424194	0.752339308595819	1.1476616659643581
1.0588306365311175	0.7633847651919758	1.1424142659817722
1.0561261598531477	0.7763889206834147	1.1361055719360484
1.0529935574696576	0.7911427986539836	1.1287743917338204
1.0494566234549703	0.8074248805278255	1.120465692262424
1.045542012689167	0.8250083426320864	1.111230282358483
1.0412789675362266	0.8436671853503176	1.1011244690962199
1.0366990256838635	0.8631811233633286	1.0902096944586712
1.0318357141240844	0.8833392548253167	1.0785521593328307
1.0267242342171892	0.9039426244545067	1.066222441343922
1.0214011426170218	0.9248058459620362	1.0532951123173149
1.015904032556574	0.9457579642399971	1.0398483601390058
1.01027121961885	0.9666427296166314	1.025963618493987
1.0045414356685909	0.9873184357964896	1.0117252064198912
0.9987535341175608	1.0076574474984183	0.9972199778526726
0.9929462091610338	1.027545518144503	0.982536979403017
0.9871577310763756	1.0468809748757952	0.9677671125409388
0.9814256991348753	1.0655738287785237	0.9530027942531895
0.9757868131615527	1.0835448526622131	0.9383376081680468
0.9702766642980826	1.1007246567047348	0.9238659362377707
0.9649295450917624	1.1170527832239596	0.9096825594872262
0.9597782786560863	1.1324768351653067	0.895882215270876
0.9548540663305312	1.1469516480695774	0.8825590981562549
0.9501863530104824	1.1604385118497764	0.8698062922199864
0.9458027091222889	1.172904446293822	0.8577151244533151
0.9417287280807715	1.1843215325407257	0.8463744323443302
0.9379879379830195	1.1946663016404213	0.8358697436653102
0.934601726257831	1.2039191805479896	0.8262823730325422
0.9315892759987359	1.212063995411014	0.8176884477011664
0.92896751275397	1.2190875317059684	0.8101578838295119
0.9267510606227929	1.224979150611129	0.8037533433400319
0.9249522066082306	1.2297304609312656	0.7985292095188844
0.9235808722962735	1.2333350458867482	0.7945306254929113
0.9226445920660168	1.2357882441278258	0.7917926425853928
0.922148497180219	1.237086984420198	0.7903395244013489
0.9220953052580492	1.2372296735603894	0.7901842469014649
0.9224853147888825	1.2362161372108547	0.7913282248744927
0.923316404505975	1.2340476134884355	0.7937612819574082
0.9245840376002125	1.2307267992898567	0.7974618661000167
0.9262812709156567	1.2262579494886505	0.8023974968949154
0.9283987694290744	1.2206470292837504	0.8085254173034064
0.9309248264736438	1.213901920115047	0.8157934115317768
0.9338453903207792	1.2060326796789975	0.8241407441488422
0.9371440978811618	1.1970518566702566	0.8334991733289903
0.940802316423552	1.1869748609336754	0.8437939930637779
0.9447991943340076	1.1758203897222868	0.8549450645208945
0.9491117220441647	1.163610910703687	0.8668678043629912
0.9537148043400022	1.1503732022150972	0.8794741066184488
0.9585813453161695	1.1361389510012618	0.8926731835769861
0.9636823472593321	1.1209454072290044	0.9063723193449907
0.9689870247207879	1.1048360958857606	0.9204775365922028
0.9744629349678003	1.0878615826349058	0.9348941823727677
0.9800761258792642	1.0700802906757494	0.9495274426515616
0.9857913021700557	1.0515593629449793	0.96428279741352
0.9915720105868125	1.0323755608359664	0.9790664291803841
0.9973808444148715	1.0126161861584242	0.9937855976521492
1.0031796672729136	0.9923800068790305	1.008348992282121
1.0089298557523643	0.9717781587521329	1.0226670731184944
1.0145925599895536	0.9509349836878855	1.036652408403337
1.0201289807497784	0.9299887510462591	1.0502200153772039
1.025500661066594	0.9090921895831072	1.0632877086250274
1.030669789932481	0.8884127355192016	1.0757764582172074
1.0355995149967403	0.8681323769827235	1.087610757925509
1.040254260713078	0.8484469490964761	1.0987190019844957
1.044600047914259	0.8295647115064775	1.109033867269874
1.0486048103959462	0.8117040281334224	1.1184926964090813
1.0522387037872978	0.7950899772597391	1.1270378762522573
1.0554744017909135	0.779949760834578	1.1346172053319648
1.058287374805198	0.7665068669801686	1.1411842434393824
1.0606561460098236	0.7549740762232059	1.14669863624786
1.062562520206316	0.7455455858473079	1.1511264080186465
1.0639917810616308	0.7383887363136753	1.15444021581684
1.0649328528974835	0.7336360172646889	1.1566195593280557
1.0653784237903252	0.7313781523537529	1.1576509412688727
1.0653250274784365	0.7316590581257157	1.1575279744893732
1.0647730823905062	0.7344733131445813	1.1562514331290203
1.0637268869868288	0.7397664738911277	1.1538292465566247
1.0621945715094976	0.7474381947649079	1.1502764362459261
1.060188007139804	0.7573477406069716	1.1456149971529168
1.0577226744278179	0.7693212075154273	1.1398737265123409
1.0548174936608898	0.7831596430812942	1.1330880042041822
1.0514946205479672	0.798647284368279	1.12529952990645
1.0477792111930817	0.815559274394377	1.1165560231046963
1.0436991607975525	0.8336684193810276	1.106910892635658
1.0392848208559038	0.8527507558394364	1.0964228827750806
1.0345686997910974	0.8725898712316182	1.08515570291979
1.0295851520124588	0.8929800470777225	1.0731776476518953
1.0243700602824015	0.9137283679188044	1.0605612134072184
1.018960516058373	0.9346559721412196	1.0473827171068877
1.013394502150952	0.9555986235735408	1.0337219209636994
1.0077105816271485	0.9764067677239986	1.0196616662634
1.0019475964107596	0.9969452127983298	1.0052875172726834
0.9961443785107553	1.0170925495483902	0.9906874145762931
0.9903394762652291	1.0367403993043671	0.975951335142046
0.9845708974422189	1.0557925580872582	0.9611709543165786
0.9788758705073395	1.0741640870899818	0.9464393028476469
0.9732906248667894	1.0917803859456205	0.931850410017873
0.9678501904350231	1.108576274611108	0.9174989221980696
0.9625882164683883	1.124495101804946	0.9034796847591744
0.9575368092554012	1.1394878921763196	0.8898872745297589
0.9527263879643638	1.153512540246521	0.8768154700903499
0.9481855577204352	1.1665330562375986	0.8643566484102475
0.9439409988155514	1.1785188668621789	0.852601098897191
0.940017370842491	1.1894441727453644	0.8416362500291082
0.9364372304842322	1.1992873632016736	0.8315458094424952
0.9332209616759618	1.2080304884646382	0.8224088255612009
0.9303867168835758	1.2156587890694661	0.8142986872261089
0.9279503683029204	1.2221602818536068	0.8072820867222594
0.925925467872283	1.2275254019196782	0.8014179802189977
0.9243232151009807	1.2317466998676803	0.7967565868600536
0.9231524318442329	1.234818593626091	0.7933384724111355
0.9224195432943973	1.236737174278151	0.7911937644593263
0.9221285646075105	1.2375000653786183	0.7903415429670592
0.9222810927389726	1.2371063353783662	0.7907894423552649
0.922876303220979	1.2355564629121565	0.7925334897180255
0.9239109517751922	1.232852354852319	0.7955581893863248
0.9253793808158594	1.2289974171821911	0.7998368484766719
0.9272735310598879	1.2239966788924073	0.8053321231091282
0.929582958620026	1.2178569692447447	0.8119967523740477
0.9322948581137045	1.210587148876191	0.8197744381743411
0.9353940924712276	1.2021983953231319	0.8286008244718523
0.9388632302702086	1.192704543623692	0.8384045292615239
0.9426825915550285	1.1821224826944159	0.8491081862410838
0.9468303032165001	1.1704726081610628	0.8606294596865258
0.9512823651029284	1.1577793322319796	0.8728820043466057
0.9560127281038406	1.1440716510073485	0.8857763511120778
0.9609933854857433	1.1293837692771387	0.8992207078468728
0.9661944787591209	1.1137557823152626	0.9131216723934824
0.9715844193112546	1.0972344133425405	0.9273848609642155
0.9771300269445378	1.079873804087154	0.941915459733402
0.9827966863097655	1.0617363540526539	0.9566187104772249
0.9885485220146306	1.0428936014847958	0.9714003427229697
0.9943485929172344	1.0234271353098998	0.9861669652957458
1.0001591057828036	1.0034295221131775	1.0008264296413023
1.0059416480913907	0.9830052250587217	1.0152881761044692
1.011657439340332	0.962271481968555	1.0294635726737857
1.0172675996957823	0.9413590969891623	1.043266253748934
1.0227334343239503	0.9204130838644298	1.0566124643975938
1.0280167311889057	0.8995930785525166	1.06942141345845
1.0330800695569418	0.8790734151039586	1.0816156368062009
1.0378871359165844	0.8590427327532326	1.0931213701898674
1.042403043529312	0.8397029571479746	1.1038689293386468
1.0465946513904032	0.8212674800069069	1.1137930935389504
1.050430878023542	0.8039583576007621	1.122833487651963
1.053883005276902	0.7880023703872436	1.1309349565852882
1.0569249671501193	0.7736258463297735	1.138047925570459
1.0595336186748643	0.761048259254272	1.1441287392387969
1.0616889800060634	0.7504747737738733	1.1491399724324776
1.063374451160198	0.7420881081801529	1.153050705928813
1.064576993259358	0.736040295137906	1.1558367607782336
1.065287272696457	0.732445087357652	1.157480885735904
1.0654997653134959	0.7313718241158125	1.1579728932702233
1.0652128184606207	0.7328414992566824	1.1573097408174986
1.064428669653594	0.7368255416335927	1.155495555272703
1.0631534214421703	0.7432474719832208	1.152541600108055
1.0613969730103927	0.751987213965733	1.1484661859375411
1.0591729099200222	0.7628875039288295	1.1432945267387913
1.0564983542490165	0.775761636880927	1.1370585452475854
1.0533937781396954	0.7904017348809523	1.1297966322020074
1.0498827844312357	0.8065868114699172	1.12155336508565
1.0459918585888266	0.8240900831720224	1.1123791927622761
1.041750096543406	0.8426851890358752	1.1023300928760953
1.0371889133138752	0.8621511744341411	1.0914672090892878
1.0323417373968613	0.8822762479155467	1.0798564751274156
1.0272436958822595	0.9028604207839527	1.067568232198218
1.0219312950961437	0.9237171926003083	1.0546768456423299
1.0164421013007874	0.9446744629577263	1.041260325675205
1.0108144256126381	0.9655748430551796	1.0273999558044997
1.0050870168534205	0.986275520514515	1.0131799309796579
0.9992987655486959	1.0066478054304815	0.9986870057816386
0.9934884217536303	1.026576459863783	0.984010151031279
0.987694328838099	1.0459588896591905	0.9692402151381452
0.9819541748214287	1.0647042577873462	0.9544695843982911
0.9763047623275822	1.0827325625862074	0.9397918343719512
0.970781797748205	1.0999737120068336	0.9253013625519162
0.965419699764405	1.11636661571178	0.9110929909246567
0.9602514269961622	1.1318583100456816	0.8972615259198361
0.9553083242256175	1.1464031259518555	0.8839012628644015
0.9506199863791868	1.159961906382968	0.8711054226537187
0.9462141392531486	1.17250127727602	0.8589655101757965
0.9421165358256522	1.1839929744449147	0.8475705872952219
0.9383508669110145	1.1944132275723716	0.837006458059676
0.9349386848745649	1.203742201699268	0.8273547702314695
0.9318993391322643	1.21196349610031	0.8186920450630393
0.9292499222026087	1.2190637001199223	0.8110886559668561
0.927005225152677	1.2250320053651778	0.8046077856384334
0.9251777013796132	1.2298598735741926	0.7993043992915179
0.9237774377878897	1.2335407594713361	0.7952242778221181
0.9228121325565616	1.2360698879656018	0.7924031578101348
0.9222870788353714	1.2374440851315711	0.7908660243936904
0.9222051538607058	1.2376616625232877	0.7906265977496894
0.9225668131394825	1.2367223545017678	0.791687044325913
0.9233700895091226	1.2346273084001025	0.7940379308991543
0.9246105970433036	1.2313791275000072	0.7976584243673136
0.9262815399349854	1.2269819669446822	0.8025167246747386
0.928373726649005	1.2214416828592674	0.8085707042340948
0.9308755897949856	1.2147660350861897	0.8157687161990355
0.933773212325642	1.2069649440618229	0.8240505269973825
0.9370503608134412	1.198050802455503	0.8333483260418043
0.940688526697036	1.1880388422526338	0.8435877672412031
0.9446669765141384	1.1769475579779165	0.8546890020797706
0.9489628122450298	1.16479918670562	0.866567671545905
0.953551042975486	1.1516202453672337	0.8791358329273822
0.9584046691437003	1.1374421256084928	0.8923028063870219
0.963494780656634	1.122301746018326	0.9059759344581166
0.9687906701408172	1.1062422608812839	0.9200612545867325
0.9742599625248674	1.0893138235924364	0.9344640903022076
0.9798687620304166	1.0715744013798028	0.9490895704467843
0.9855818174702486	1.0530906358116372	0.9638430882339876
0.9913627065142067	1.033938740465362	0.9786307129291356
0.9971740392836472	1.014205422762086	0.9933595668987564
1.002977681274986	0.9939888108961303	1.007938179911607
1.0087349951958895	0.9733993584954306	1.0222768311277388
1.0144071008305013	0.9525606885571296	1.0362878873875045
1.0199551515423486	0.9316103237421897	1.049886144377301
1.0253406254879338	0.9107002318622633	1.0629891751361433
1.0305256290659657	0.8899970933288897	1.0755176882794857
1.0354732095848531	0.8696821722275803	1.0873958963321169
1.0401476736144848	0.8499506466391878	1.0985518927396494
1.0445149070187831	0.8310102309881355	1.1089180345130687
1.0485426922647385	0.8130789103445943	1.1184313260875334
1.0522010182924941	0.7963816134780349	1.127033798871171
1.0554623780287207	0.7811456900709596	1.1346728801411243
1.0583020485480619	0.7675951398662697	1.1413017444247415
1.0606983489468604	0.7559436751834682	1.1468796402887471
1.0626328711966107	0.7463868799115416	1.1513721855458905
1.0640906795927731	0.7390939372270395	1.1547516242660694
1.0650604749026114	0.7341995942882557	1.1569970396275615
1.0655347199321108	0.7317971596034495	1.1580945175352253
1.065509723959322	0.7319333330303389	1.1580372570292239
1.0649856842967051	0.7346055181519473	1.1568256247653317
1.0639666841209696	0.7397619736972563	1.1544671522152585
1.0624606466151512	0.747304783529501	1.1509764756574101
1.0604792463723245	0.7570952525122382	1.146375220447621
1.0580377798816325	0.768961055468759	1.140691832418242
1.0551549977250643	0.7827043327491536	1.1339613604976504
1.0518529018307476	0.7981099451637489	1.1262251957203295
1.0481565117330143	0.8149532384224647	1.1175307726661805
1.044093604264197	0.8330068670233952	1.1079312399903494
1.0396944314372003	0.8520464353444296	1.0974851070538751
1.034991421466843	0.871854890936399	1.086255873722062
1.0300188679235485	0.8922257331965897	1.0743116501515864
1.0248126119226089	0.9129651778929639	1.0617247728371895
1.0194097220384253	0.9338934526983532	1.0485714223402465
1.0138481763122664	0.9548454031618526	1.0349312469874619
1.0081665503135577	0.9756705742421802	1.020886995428181
1.0024037147395444	0.9962329090867993	1.0065241593002872
0.9965985455180695	1.0164101806507961	0.9919306254128513
0.9907896488344071	1.0360932468958373	0.9771963348549799
0.9850151029554608	1.0551851986322396	0.9624129443457241
0.9793122181910644	1.073600451228324	0.9476734830299037
0.9737173158278433	1.091263817330834	0.9330719959050311
0.968265526408477	1.108109586972023	0.9187031632717144
0.9629906073175611	1.1240806334062274	0.904661884205736
0.9579247792808928	1.139127557146611	0.8910428112620956
0.9530985810912885	1.153207876452615	0.8779398236777268
0.9485407416418938	1.166285269530771	0.8654454274938216
0.9442780681759021	1.178328871625526	0.8536500735121477
0.9403353495465112	1.1893126287412812	0.8426413880200627
0.9367352732181926	1.1992147087657894	0.8325033168449877
0.9334983547243368	1.20801697012329	0.8233151904381855
0.9306428783210022	1.2157044876769183	0.8151507260158738
0.9281848476354719	1.222265135356097	0.8080769917085621
0.9261379451954891	1.2276892248583684	0.8021533663232838
0.9245134998346127	1.2319691997334186	0.7974305356354957
0.9233204610959478	1.2350993841767015	0.793949570945226
0.9225653798961111	1.237075785924704	0.7917411369122136
0.9222523948600103	1.2378959527413695	0.7908248727121637
0.9223832238919258	1.237558882106372	0.7912089831429174
0.92295716070722	1.236064983853299	0.7928900649149284
0.9239710762100749	1.2334160956530211	0.7958531790869584
0.9254194247645787	1.2296155513887175	0.8000721650514006
0.9272942555680781	1.2246683026185983	0.8055101764574453
0.9295852294957081	1.2185810934646162	0.8121204067115433
0.9322796419418439	1.2113626893942513	0.8198469625448296
0.9353624523359219	1.203024160470835	0.8286258393198501
0.9388163211539647	1.1935792197274964	0.8383859513350446
0.9426216553799039	1.183044617359863	0.8490501738564485
0.9467566634882578	1.1714405914187507	0.8605363600273689
0.9511974211170294	1.1587913755961363	0.8727583040452904
0.9559179486712822	1.1451257645071673	0.8856266309259276
0.9608903021377139	1.1304777365369691	0.8990496018360651
0.9660846783923855	1.114887133784843	0.9129338316609477
0.971469536241321	1.09840039781656	0.9271849217458705
0.9770117343411259	1.0810713587099874	0.9417080154336743
0.9826766869990199	1.0629620730866798	0.956408287125851
0.9884285386448757	1.0441437042394701	0.9711913772749493
0.9942303574998047	1.0246974337971386	0.9859637861949807
1.000044348636394	1.0047153892295944	1.0006332391071748
1.0058320862371677	0.9843015644173139	1.0151090336675244
1.0115547644153005	0.9635727009344125	1.0293023795714296
1.0171734654730538	0.9426590850380417	1.0431267378860836
1.022649443949983	0.9217051990957695	1.0564981656737538
1.0279444242687015	0.9008701460494796	1.0693356693565508
1.0330209092377722	0.8803277418099792	1.0815615682258506
1.037842496138219	0.8602661445402893	1.0931018675856228
1.0423741966230449	0.8408868646174922	1.103886639290482
1.0465827562195873	0.8224029800129666	1.113850405935921
1.050436968864096	0.805036377121598	1.1229325237102423
1.0539079816367132	0.789013857707848	1.1310775579478554
1.056969584720999	0.7745620110521841	1.1382356447476631
1.0595984815994595	0.7619008571265493	1.1443628316471381
1.0617745346249274	0.7512364248774922	1.149421390273894
1.0634809813813118	0.7427526285064888	1.1533800941256278
1.0647046176643395	0.7366030137130885	1.1562144551410793
1.0654359434652434	0.7329031161401195	1.157906913495178
1.0656692690134855	0.731724248138003	1.1584469760479836
1.065402778708267	0.7330894611580899	1.157831300058451
1.0646385516175838	0.7369722072731127	1.156063720092493
1.063382538118954	0.7432978796892791	1.1531552174569544
1.0616444931663367	0.7519480254162962	1.1491238329202405
1.059437867561071	0.7627666860158825	1.1439945248786874
1.0567796594496495	0.7755681090076526	1.1377989764387573
1.05369022903905	0.7901450147987567	1.130575356055754
1.0501930801862318	0.8062766865470429	1.1223680373524136
1.046314613062395	0.8237363252942237	1.1132272844949755
1.0420838525006217	0.8422973224685183	1.103208909997927
1.037532156899794	0.8617382985182113	1.0923739120380824
1.0326929126767612	0.8818469111614265	1.0807880982694835
1.0276012192372093	0.902422539800533	1.0685217027367813
1.0222935692835504	0.9232780079723195	1.0556490017883486
1.0168075290099672	0.9442405241293144	1.0422479339007125
1.0111814223684825	0.9651520149852779	1.0283997270592955
1.0054540231459739	0.9858690059408027	1.0141885358201035
0.9996642580919104	1.00626217774243	0.9997010884338409
0.993850923801881	1.0262157026813366	0.9850263424884201
0.9880524195134179	1.0456264401637902	0.9702551454710028
0.9823064974272011	1.0644030516314353	0.9554798945364494
0.9766500316451283	1.0824650788217796	0.9407941876874697
0.9711188063308547	1.0997420169435494	0.9262924566429394
0.9657473232591397	1.1161724049662172	0.9120695700481891
0.9605686285355306	1.1317029483004954	0.8982203945539895
0.9556141579424338	1.1462876841290708	0.8848393008831223
0.9509136001036163	1.1598871960674004	0.8720196025629326
0.9464947764563446	1.1724678823172388	0.8598529167808842
0.9423835368763815	1.1840012797300188	0.8484284400391313
0.9386036697119782	1.1944634450052514	0.8378321360854929
0.9351768249436939	1.2038343934508495	0.8281458399851416
0.9321224491914389	1.2120975952127233	0.8194462899709792
0.9294577313323242	1.2192395285586723	0.8118041074182734
0.9271975575664194	1.2252492896192941	0.8052827542016988
0.925354474866369	1.2301182579065466	0.7999375048334865
0.923938661865485	1.2338398169209128	0.7958144770184467
0.9229579063726024	1.2364091292012431	0.7929497674698021
0.9224175888465513	1.23782296525319	0.7913687390985384
0.9223206713152746	1.2380795859021685	0.7910855005389978
0.922667691381808	1.2371786777467029	0.7921026095241815
0.9234567611195691	1.2351213415309952	0.7944110186575818
0.9246835708211667	1.2319101334054627	0.7979902670134175
0.9263413977269648	1.2275491591951815	0.8028089054786623
0.9284211200207445	1.2220442219429426	0.8088251296448242
0.9309112365385994	1.2154030231301773	0.8159875829318052
0.9337978927919365	1.2076354180987903	0.8242362855374809
0.9370649140538413	1.1987537262924177	0.8335036421647164
0.9406938463971174	1.1887730969973755	0.8437154830499188
0.944664006698286	1.1777119312791986	0.854792097857337
0.948952542730221	1.165592360763305	0.8666492294526663
0.953534504551678	1.1524407837740633	0.8791990032760305
0.9583829284589289	1.1382884590914282	0.8923507769377461
0.9634689347868501	1.1231721571593827	0.9060119029156728
0.9687618408278031	1.1071348679158655	0.9200884042667115
0.9742292900703882	1.090226563410486	0.9344855687721181
0.9798373988411163	1.0725050118954282	0.9491084708387932
0.9855509212556893	1.0540366379255506	0.9638624328655387
0.9913334331498143	1.034897419928593	0.9786534388476406
0.9971475353610374	1.0151738123681797	0.9933885129784684
1.0029550763739854	0.9949636735937627	1.007976075166082
1.008717393925261	0.9743771722373347	1.0223262839521767
1.0143955746975777	0.9535376339983503	1.0363513755051288
1.019950730725031	0.9325822762830938	1.0499660053274544
1.0253442905953454	0.9116627600049546	1.0630875972047622
1.0305383029859398	0.8909454658707402	1.0756367018319644
1.0354957495268078	0.8706113774173307	1.0875373655619809
1.0401808634645413	0.8508554269926317	1.0987175078923375
1.0445594501297224	0.8318851378662294	1.1091093046813922
1.0485992048060337	0.8139183824301125	1.1186495727033607
1.0522700232848794	0.7971800826726668	1.1272801500362972
1.0555443001832576	0.7818977167656133	1.1349482659490722
1.0583972100213213	0.7682955767585468	1.1416068934246848
1.0608069661116837	0.7565878547665347	1.1472150772333483
1.0627550525121472	0.7469708157415811	1.151738230547378
1.0642264246384778	0.7396145238913329	1.155148393460314
1.0652096746191544	0.7346547869156029	1.1574244474155007
1.0656971580883876	0.7321861122562656	1.1585522804360773
1.0656850798397202	0.7322564775462876	1.1585248991420938
1.0651735365773756	0.7348645712081794	1.1573424847966471
1.0641665158789357	0.7399598690530633	1.155012391990621
1.0626718513905726	0.7474455364995677	1.1515490899995247
1.0607011351829494	0.7571837723033019	1.1469740482684394
1.0582695890701175	0.7690029261766412	1.1413155688446788
1.0553958975050592	0.7827055848202565	1.1346085698272756
1.0521020053868213	0.7980768364781883	1.126894324987188
1.048412884722905	0.8148920591872986	1.118220165587876
1.0443562745695796	0.8329237769197447	1.108639151066071
1.0399623990110243	0.8519473361065246	1.0982097155891257
1.03526366813107	0.8717453334821278	1.0869952975692656
1.0302943669803337	0.8921108557957746	1.0750639589760467
1.02509033745412	0.9128496705141299	1.0624880007444542
1.0196886577849542	0.9337815423072496	1.0493435797330715
1.0141273240343989	0.9547408550140185	1.035710331557465
1.0084449375612587	0.9755767048254026	1.0216710022280673
1.0026804019684659	0.9961526071148109	1.0073110898863102
0.9968726325105898	1.0163459332521798	0.9927184960929654
0.9910602803993532	1.036047168808869	0.9779831841248772
0.9852814738957261	1.055159062776999	0.9631968396413544
0.9795735775420679	1.0735957194776558	0.9484525269696052
0.9739729703817556	1.0912816706513166	0.9338443322351039
0.968514843549222	1.1081509543705066	0.9194669827636558
0.9632330171997388	1.1241462193133558	0.9054154307783417
0.9581597763919741	1.1392178670113597	0.8917843886134618
0.9533257252408269	1.1533232404241867	0.8786678027066194
0.9487596584241833	1.166425864176611	0.8661582547624183
0.9444884489537074	1.1784947396847827	0.8543462809486353
0.9405369510033839	1.1895036969478197	0.8433196039769985
0.9369279165256824	1.1994308037983177	0.8331622785168961
0.933681924368342	1.2082578327555418	0.8239537575021921
0.9308173206287577	1.2159697852104923	0.8157678951993645
0.928350169041453	1.2225544724241402	0.8086719118200959
0.9262942102809767	1.2280021526910145	0.802725353124335
0.9246608291719515	1.2323052239765795	0.7979790858015465
0.9234590289247633	1.235457971355121	0.7944743742865349
0.9226954116550135	1.2374563686385178	0.7922420860155158
0.9223741645936727	1.238297933683151	0.7913020692358473
0.9224970515499349	1.2379816369829988	0.7916627401505852
0.923063409347793	1.2365078632941917	0.7933209048542629
0.9240701491186323	1.2338784261834876	0.796261827289599
0.9255117624943016	1.2300966355444378	0.8004595389142748
0.9273803329069649	1.2251674182747978	0.8058773707331445
0.9296655523623051	1.2190974924512576	0.8124686755546936
0.9323547442098105	1.2118955954666928	0.8201776991111919
0.9354328925859118	1.2035727667039142	0.8289405537848064
0.9388826793500428	1.1941426853999126	0.8386862481898418
0.942684529466897	1.1836220643951352	0.8493377292657486
0.9468166659061495	1.1720311004489679	0.8608128999085176
0.9512551752287778	1.1593939817153172	0.8730255833790191
0.9559740851013548	1.1457394527825124	0.8858864146497097
