1.0	1.0	1.0
1.0057643348194918	0.9795670774764043	1.014424047256002
1.011458845506353	0.9588353589244076	1.0285544185859867
1.017044815773134	0.9379363644108113	1.0423052359918696
1.0224837381408396	0.9170158213804863	1.0555932584210608
1.0277376110133674	0.8962340565108735	1.0683382326103805
1.0327692461272855	0.8757660436361159	1.0804632541020684
1.0375425830674747	0.855800974209086	1.0918951377064865
1.0420230070535166	0.8365411920034099	1.1025647949958783
1.0461776657757662	0.8182003158413338	1.112407614952029
1.0499757807149008	0.8010003715973366	1.1213638426863528
1.0533889481341054	0.7851677788075966	1.129378950225079
1.0563914248061497	0.7709281003165394	1.1364039927192118
1.0589603935420033	0.7584995755452301	1.1423959431065345
1.0610762037322365	0.748085621133355	1.1473179982214563
1.0627225824007163	0.739866684041282	1.151139849610365
1.063886811699461	0.7339920392340651	1.1538379128492948
1.0645598693351157	0.7305722862042697	1.155395509952261
1.0647365290963497	0.7296733584797003	1.155803000469151
1.0644154194270077	0.7313127743804025	1.1550578580602384
1.0635990388366092	0.735458618187064	1.1531646906521071
1.06229372782893	0.7420313889454215	1.1501352036739418
1.0605095979297445	0.7509084692551562	1.1459881072874791
1.0582604192747378	0.7619306405611923	1.140748969901471
1.0555634690474545	0.7749098751652544	1.1344500215466988
1.0524393438069108	0.7896375946710356	1.1271299118285494
1.0489117393910583	0.8058926799412682	1.1188334281246777
1.0450072026066048	0.823448698873462	1.1096111804161801
1.040754859304556	0.8420800282202785	1.0995192596010281
1.0361861236872139	0.861566738294009	1.088618876315981
1.0313343937954815	0.8816982581884735	1.0769759871742406
1.026234738090291	0.9022759362701955	1.0646609149055464
1.0209235778791679	0.9231146611451764	1.0517479681657764
1.0154383700631013	0.9440437233241307	1.0383150657741247
1.0098172943080719	0.9649070897178568	1.0244433688540002
1.0040989483000282	0.9855632424252728	1.0102169228221172
0.9983220542431132	1.005884707691034	0.995722309419752
0.9925251792297719	1.025757375267374	0.9810483070513603
0.9867464715683704	1.0450796853531936	0.9662855556419047
0.9810234146176264	1.063761740905351	0.9515262201158666
0.9753925991637644	1.0817243875874638	0.93686364453103
0.9698895148992632	1.0988982916063614	0.9223919869904065
0.9645483611318727	1.1152230366409912	0.9082058238614145
0.9594018764767055	1.1306462544070583	0.8943997107444398
0.9544811869672206	1.145122798583555	0.8810676872791711
0.9498156717647012	1.158613968398419	0.8683027135065285
0.9454328454499324	1.171086785764601	0.8561960273689017
0.9413582557427664	1.182513328193468	0.8448364162511398
0.9376153954111079	1.1928701185792134	0.8343094003762265
0.9342256270954796	1.2021375721918894	0.8246963323665065
0.9312081197828371	1.2102995007273578	0.8160734251511362
0.9285797957075602	1.2173426729616599	0.8085107291726868
0.9263552865323443	1.2232564313903513	0.8020710887725417
0.9245468977611809	1.2280323641620856	0.7968091157218449
0.9231645804553662	1.2316640316136065	0.7927702239705151
0.9222159094567957	1.2341467467616012	0.789989772686868
0.9217060674667024	1.235477409192099	0.7884923636598349
0.9216378344792833	1.235654391900145	0.788291333685641
0.9220115822257816	1.23467748076345	0.7893884728219775
0.9228252734436545	1.232547866476913	0.7917739861919064
0.9240744659459442	1.2292681889245223	0.7954267017647738
0.9257523216266406	1.2248426341155603	0.8003145110005511
0.9278496206974737	1.2192770839578226	0.8063950152365292
0.9303547816087785	1.2125793192759495	0.8136163397692416
0.9332538872600926	1.2047592766016135	0.821918070761889
0.9365307182526295	1.195829359356739	0.8312322677550855
0.9401667940727448	1.1858048041118525	0.8414845064023145
0.9441414232192168	1.1747041026167646	0.8525949113120422
0.9484317633931221	1.162549480253226	0.8644791464786384
0.9530128929521056	1.1493674314251594	0.8770493395672643
0.9578578948851655	1.1351893121474532	0.8902149252303025
0.962937954583598	1.12005198967015	0.9038834008444535
0.9682224726622431	1.10399854831106	0.917960995012287
0.9736791940166786	1.0870790496669218	0.9323532545820727
0.9792743541811032	1.0693513438920164	0.9469655597416412
0.9849728438739727	1.0508819265820293	0.9617035790353816
0.9907383923810287	1.031746832721956	0.9764736771380816
0.9965337701270651	1.0120325548116595	0.9911832881417568
1.0023210104297633	0.9918369662432412	1.0057412662254643
1.0080616500148836	0.9712702227546861	1.020058224118276
1.0137169874085992	0.950455603746158	1.0340468679350134
1.0192483578193325	0.929530240847887	1.0476223349294957
1.0246174225906863	0.9086456629486032	1.0607025386024682
1.029786470764287	0.8879680649029124	1.0732085235223485
1.0347187297545302	0.8676781820923741	1.0850648302432702
1.0393786816261104	0.847970627011748	1.0961998688946795
1.0437323810009558	0.8290525211919059	1.1065462984140018
1.0477477702251232	0.8111412428118692	1.1160414070322406
1.0513949871190602	0.7944611169879711	1.1246274885272702
1.054646660435232	0.7792389139455724	1.1322522079494788
1.0574781880713369	0.7656981020863172	1.1388689500111004
1.0598679931470028	0.7540519359523228	1.144437143118879
1.0617977532537985	0.7444956400881528	1.1489225521168587
1.063252598533687	0.7371981584522536	1.152297533181203
1.0642212747246187	0.7322941349348988	1.154541244952368
1.0646962679224947	0.7298769184377986	1.1556398108734427
1.0646738885288902	0.7299933912372879	1.1555864287902449
1.0641543126610993	0.7326412705137884	1.1543814251146804
1.06314158016829	0.7377692412404715	1.1520322522075812
1.0616435492948422	0.7452799024982845	1.1485534290461432
1.0596718089277968	0.7550351374746302	1.1439664266473553
1.057241550228296	0.7668632370720341	1.1382995010657857
1.0543714002472087	0.7805669726621359	1.1315874780174258
1.0510832208361742	0.7959318319036168	1.1238714942511832
1.0474018767648972	0.8127337681412429	1.1151987016525065
1.0433549774268807	0.8307460131460034	1.1056219406835064
1.0389725968481467	0.8497447104553418	1.0951993901133563
1.0342869769023415	0.8695133037081504	1.083994200052854
1.0293322186825946	0.8898457425691043	1.0720741150676956
1.0241439668929195	0.9105486462095795	1.0595110936042136
1.0187590919120144	0.9314425990983439	1.046380929124528
1.013215373866261	0.952362758211711	1.0327628772276602
1.0075511926455798	0.9731589365413982	1.0187392916482512
1.001805227326378	0.9936953043904913	1.004395270401185
0.996016167951536	1.0138498238965497	0.9898183115131435
0.9902224420791976	1.0335135073950186	0.9750979757960051
0.9844619579697592	1.0525895685794138	0.960325552031619
0.9787718657515672	1.0709925175918362	0.9455937178316441
0.9731883374055726	1.0886472371100016	0.9309961874136055
0.9677463659498422	1.1054880657398796	0.9166273357296902
0.9624795837956452	1.1214579070000288	0.9025817869678907
0.9574200998941469	1.1365073763203175	0.8889539546220422
0.95259835499996	1.1505939942654337	0.8758375203355275
0.9480429941458977	1.1636814312126975	0.8633248398171556
0.9437807552508829	1.1757388066338625	0.8515062665513151
0.9398363726670388	1.1867400447004697	0.8404693879711257
0.9362324944079706	1.1966632869657243	0.830298174320421
0.9329896117827341	1.2054903622377704	0.8210720475166132
0.9301260001829098	1.2132063133532274	0.8128648856310031
0.9276576698273776	1.219798980318141	0.8057439875444153
0.9255983253547105	1.2252586391586495	0.7997690310601998
0.9239593332608675	1.2295776957827456	0.7949910651945719
0.9227496963049555	1.2327504341744762	0.791451582357519
0.9219760341437945	1.2347728183063558	0.7891817176262528
0.9216425696032161	1.2356423472528058	0.7882016195560463
0.9217511201474986	1.235357963107878	0.7885200297502295
0.9223010942658445	1.2339200114471158	0.7901340971500131
0.9232894926545914	1.231330254219835	0.7930294387834441
0.9247109142345576	1.2275919351086506	0.7971804431165066
0.9265575672033275	1.2227098975423216	0.8025507970072476
0.9288192854811403	1.2166907556902846	0.8090942043238241
0.9314835510648115	1.209543118896753	0.8167552549122479
0.9345355229548261	1.2012778701221871	0.825470397556966
0.9379580734638115	1.1919084990422368	0.8351689699682644
0.9417318328467478	1.1814514904985383	0.8457742421569903
0.9458352433104413	1.169926768988184	0.8572044358937981
0.9502446235572181	1.1573581997999065	0.8693736911623523
0.9549342450900243	1.143774147227623	0.8821929594690371
0.9598764215472653	1.1292080899765518	0.8955708125908347
0.9650416123395439	1.1136992933670609	0.9094141631048008
0.970398541820854	1.0972935371560368	0.9236288994015182
0.9759143351379128	1.0800438966208794	0.9381204426496703
0.9815546717581658	1.0620115728287147	0.9527942363589692
0.9872839574756946	1.0432667655266863	0.967556180931018
0.9930655154325154	1.0238895785496573	0.9823130261166257
0.9988617963703392	1.0039709426758785	0.9969727338670356
1.0046346079468704	0.9836135340046851	1.0114448229240236
1.010345362515997	0.9629326566372588	1.0256407048630507
1.0159553422904903	0.9420570461250569	1.0394740193731293
1.0214259802898706	0.9211295342767758	1.0528609744789037
1.026719154938596	0.9003074961814614	1.0657206953034515
1.0317974956371383	0.8797629769428431	1.0779755829252409
1.0366246960995797	0.8596823698449785	1.0895516829682255
1.0411658317564898	0.840265492294346	1.1003790618321514
1.0453876770823742	0.8217238860058805	1.1103921869602857
1.0492590183441377	0.8042781614545154	1.1195303062841035
1.0527509570008557	0.788154224362374	1.1277378210015123
1.0558371988335242	0.7735782763174505	1.1349646451527768
1.0584943238606968	0.7607705834231169	1.1411665450654334
1.0607020322119673	0.7499381602751977	1.1463054516480666
1.062443361390701	0.7412667121831398	1.1503497387168673
1.063704870758917	0.7349123880099774	1.1532744610240704
1.0644767896132126	0.7309940717692813	1.1550615464005853
1.0647531258772818	0.729587025775482	1.1556999373946262
1.0645317331944328	0.7307186435103101	1.1551856789441084
1.063814335038	0.7343668603007003	1.1535219499161582
1.0626065053404166	0.740461435152833	1.1507190377300196
1.0609176060420948	0.7488879313386834	1.1467942566941787
1.058760682847572	0.7594938788956163	1.1417718120776457
1.0561523213176047	0.7720963762554772	1.1356826132430184
1.0531124661933717	0.7864903167580996	1.1285640403424657
1.0496642075177414	0.8024564973117186	1.120459670069608
1.0458335376684982	0.8197690351547176	1.1114189667297691
1.041649083835103	0.8382017270714145	1.1014969454055918
1.037141820745721	0.8575331842756889	1.090753814230466
1.032344768582842	0.8775507349070668	1.0792546027233803
1.0272926810178407	0.8980531934627177	1.0670687827787617
1.0220217281566548	0.91885265550184	1.0542698882447084
1.0165691789343207	0.9397754970650942	1.0409351380710248
1.0109730871428797	0.9606627538623922	1.027145066779687
1.0052719848450529	0.9813700364226331	1.0129831645265908
0.9995045864362299	1.0017671123257184	0.9985355273138901
0.993709506091083	1.0217372607340909	0.9838905160152787
0.9879249907890815	1.041176480734907	0.9691384208425391
0.9821886705742747	1.0599926148526806	0.9543711257772437
0.9765373271856804	1.0781044328080551	0.9396817654046308
0.9710066817094488	1.095440707919753	0.9251643646329109
0.9656312014637838	1.111939308954336	0.91091345010882
0.9604439259404512	1.1275463231353733	0.8970236209336704
0.9554763112977199	1.1422152208769079	0.883589065763199
0.9507580926311734	1.1559060691316403	0.8707030137857563
0.9463171630409906	1.1685847976587598	0.8584571086711976
0.9421794683649296	1.1802225207226462	0.8469406975969502
0.9383689163516672	1.190794915508191	0.8362400320463859
0.9349072990044004	1.20028165771712	0.8264373832655746
0.9318142268239965	1.2086659142742575	0.8176100828913251
0.9291070737183128	1.215933892739238	0.8098295079102265
0.9268009314134372	1.2220744468290017	0.8031600380819308
0.9249085722975288	1.2270787373684553	0.7976580223092712
0.9234404197431911	1.2309399479724596	0.7933707970388466
0.9224045250850167	1.2336530548017146	0.7903358034837615
0.9218065505709917	1.2352146498138463	0.7885798503156302
0.9216497577564545	1.235622817038345	0.7881185639211657
0.9219350009646204	1.2348770615317122	0.7889560593895547
0.9226607255962799	1.2329782908103946	0.7910848527861155
0.9238229712315825	1.2299288487077977	0.7944860202815002
0.9254153796275495	1.2257326017523467	0.79912959406406
0.9274292078749016	1.2203950783106703	0.8049751705030301
0.9298533471356119	1.21392366087792	0.8119726943790019
0.9326743475365998	1.2063278320197548	0.8200633752988608
0.9358764499429725	1.1976194745704734	0.8291806891664875
0.9394416254733511	1.1878132267602741	0.8392514186343947
0.9433496237464877	1.1769268929701113	0.8501966911214236
0.9475780309582469	1.1649819107792803	0.8619329802112432
0.9521023389760467	1.152003874856572	0.8743730448876073
0.956896026698363	1.1380231180188298	0.8874267900284918
0.9619306549538468	1.123075349395521	0.901002039990726
0.9671759762017755	1.1072023490291998	0.9150052243572875
0.9726000602368982	1.0904527173166854	0.92934198065216
0.9781694369916949	1.072882676324125	0.9439176829489172
0.9838492573630436	1.054556918010859	0.9586379078812313
0.98960347276499	1.0355494915286192	0.9734088507909693
0.9953950338232296	1.0159447177028864	0.9881377048635153
1.001186108280689	0.9958381131424262	1.0027330153552685
1.006938317780417	0.9753372986617158	1.017105019655152
1.0126129927378067	0.95456285626963	1.0311659821503982
1.018171444017962	0.9336490852954947	1.0448305308607295
1.0235752496076875	0.9127445908216814	1.0580160007025814
1.0287865539300167	0.8920126163368693	1.0706427861530892
1.033768376909773	0.871631007976917	1.0826347040834514
1.0384849293809082	0.8517916716553356	1.093919365684332
1.0429019309511434	0.8326993604468034	1.1044285547586987
1.046986926028173	0.8145696139597379	1.1140986082453506
1.0507095933852637	0.7976256732350289	1.1228707936862945
1.05404204442182	0.7820942255849186	1.1306916774828992
1.0569591051729215	0.768199906025433	1.1375134772124478
1.059438577153702	0.7561586044950827	1.1432943910046267
1.061461472297585	0.7461698004322308	1.147998897005383
1.06301221756414	0.7384083519963067	1.151598016274234
1.0640788252487974	0.7330163697819317	1.1540695330526771
1.0646530256128435	0.7300959510920629	1.1553981671792322
1.064730359151788	0.7297035842697923	1.155575694475798
1.064310226611779	0.7318469152802755	1.1546010121476047
1.0633958957210405	0.7364843023871306	1.1524801475759212
1.0619944644968304	0.7435272190208324	1.149226210284881
1.0601167818868573	0.7528451847300732	1.144859288274843
1.0577773273758762	0.764272599701543	1.1394062912776572
1.0549940520030703	0.7776166926096614	1.1329007447491826
1.0517881839665089	0.7926657810293288	1.1253825395204757
1.0481840026142533	0.8091971606914923	1.1168976429363453
1.0442085851196954	0.8269841312265325	1.107497777980874
1.0398915304993839	0.845801875604402	1.0972400772947832
1.0352646658492428	0.865432095807823	1.086186719108633
1.0303617397500717	0.8856664458676927	1.0744045519369285
1.025218107731805	0.9063088905013258	1.061964714397648
1.0198704144994954	0.9271771599804695	1.0489422557435084
1.014356277327845	0.9481034813022823	1.0354157616264656
1.0087139746439187	0.9689347543777377	1.0214669882832534
1.0029821433599742	0.9895323197841054	1.0071805067517297
0.9971994880114763	1.0097714387239896	0.9926433569381076
0.9914045042205039	1.0295405805547857	0.9779447093964623
0.9856352184618667	1.0487405908763519	0.9631755306105078
0.9799289455765152	1.0672837945637836	0.9484282454580639
0.9743220649698523	1.0850930733416728	0.933796388489126
0.9688498159642822	1.1021009461214477	0.9193742337870504
0.963546112355571	1.1182486718009101	0.9052563916716351
0.9584433758582864	1.1334853879731963	0.8915373595419109
0.9535723878206839	1.1477672944865447	0.8783110139773416
0.9489621583453576	1.1610568875984344	0.8656700320716212
0.9446398117678682	1.1733222482302137	0.8537052321126777
0.9406304873186081	1.1845363862851936	0.8425048273534854
0.9369572537191572	1.1946766419462769	0.832153591854619
0.9336410364379653	1.203724144174282	0.8227319441788266
0.9307005563454968	1.2116633261820218	0.8143149628197093
0.9281522785597272	1.2184814973890126	0.8069713561250573
0.9260103703530099	1.2241684712165721	0.800762418328367
0.9242866670949844	1.2287162480274758	0.7957410110949787
0.9229906453281677	1.2321187525236301	0.7919506155675309
0.9221294022085479	1.234371624971835	0.789424502161328
0.9217076406890825	1.2354720657189973	0.7881850634902613
0.9217276599764063	1.2354187325745356	0.7882433494598284
0.9221893509478979	1.2342116907715814	0.7895988330390896
0.9230901963756943	1.2318524153634565	0.7922394214731349
0.9244252759648596	1.2283438460620557	0.7961417122244584
0.9261872763734794	1.2236904946746476	0.8012714775423213
0.9283665065417223	1.2178986054397307	0.8075843480454571
0.9309509188134243	1.2109763686951232	0.8150266555269008
0.9339261364856504	1.202934188425887	0.823536389248031
0.9372754885664986	1.1937850043282476	0.8330442185152871
0.9409800526560259	1.1835446690785447	0.8434745369378966
0.9450187069856647	1.1722323815004352	0.8547464895908622
0.9493681927532568	1.159871176260987	0.8667749522429737
0.9540031879685336	1.1464884705714333	0.8794714407045439
0.9588963940716734	1.132116668084558	0.8927449371867938
0.9640186365993348	1.1167938197153169	0.9065026285662999
0.9693389811420902	1.1005643403891339	0.9206505581129883
0.9748248657585772	1.0834797796369036	0.935094197330263
0.9804422508797443	1.0655996423584302	0.9497389480454533
0.9861557875471281	1.0469922537632643	0.9644905869025657
0.9919290045795657	1.0277356591965763	0.9792556651606916
0.9977245149524215	1.0079185449122463	0.9939418764413545
1.0035042413038902	0.9876411594193961	1.008458404048278
1.0092296600585224	0.9670162062706069	1.0227162579329503
1.014862063185935	0.94616966749605	1.0366286094948314
1.020362836102855	0.92524150176201	1.0501111303453718
1.0256937496923693	0.9043861423765922	1.06308233905531
1.0308172638713917	0.8837726975721467	1.0754639578408705
1.035696839604245	0.8635847300380861	1.0871812791991295
1.0402972557570436	0.844019466897553	1.0981635407308303
1.0445849267354321	0.8252862698032263	1.1083443048319803
1.0485282164685183	0.8076041849123574	1.1176618386254642
1.0520977440149568	0.7911984044331455	1.1260594884645994
1.0552666758913811	0.7762955174511197	1.1334860425891273
1.0580110001739587	0.7631175193990262	1.1398960750609965
1.0603097775115533	0.7518746928179886	1.145250263955779
1.0621453644196226	0.7427576608337616	1.1495156769313202
1.0635036045973716	0.7359291247136287	1.1526660177256065
1.0643739845205573	0.7315159838769353	1.1546818278295221
1.0647497501960712	0.7296026441156581	1.1555506385071086
1.064627982703666	0.7302262956544543	1.1552670694578528
1.0640096309712912	0.7333747628534769	1.1538328716869053
1.0628995011058606	0.7389872128079459	1.1512569135186221
1.0613062025004407	0.7469576272959234	1.1475551101012644
1.0592420518302763	0.7571405826919136	1.1427502981490858
1.0567229369024593	0.7693586283773087	1.1368720589960764
1.0537681431082475	0.7834104512921987	1.1299564942396971
1.050400145917169	0.7990790600422376	1.1220459592844094
1.0466443734270088	0.816139375776498	1.1131887609114928
1.0425289434278855	0.8343648219257083	1.1034388255692837
1.0380843797424304	0.8535327087648678	1.0928553453707361
1.0333433127642522	0.8734283769880159	1.0815024087860585
1.0283401691362972	0.8938481822509184	1.0694486227186515
1.0231108553976729	0.9146014706345997	1.0567667320521088
1.017692440195148	0.9355117226779303	1.043533241861574
1.0121228393206785	0.9564170433805828	1.0298280463079243
1.0064405074184606	0.9771701588555225	1.0157340667985078
1.0006841397251494	0.9976380559622585	1.0013369003310573
0.9948923866863998	1.017701375207317	0.9867244770742853
0.9891035837525897	1.0372536429008914	0.9719867242271419
0.9833554981157668	1.0562004076461065	0.9572152311017565
0.9776850936257742	1.0744583291881513	0.9425029082759608
0.9721283146306791	1.091954254287943	0.9279436316694973
0.9667198890367953	1.1086243041224542	0.9136318606549477
0.9614931504853731	1.1244129901675501	0.8996622179972537
0.9564798792021834	1.139272370024365	0.8861290187376579
0.9517101607956381	1.153161250715215	0.8731257353414297
0.9472122620592405	1.166044444198444	0.8607443877689936
0.94301252267333	1.1778920779198025	0.8490748498452284
0.9391352615958818	1.1886789618938909	0.8382040675689063
0.9356026968778028	1.1983840129179313	0.8282151908826876
0.9324348776291637	1.206989735935294	0.8191866277912606
0.9296496268929957	1.2144817621978778	0.8111910382085289
0.9272624942464986	1.2208484436614597	0.8042942938964567
0.9252867170396876	1.226080502942397	0.7985544394239236
0.9237331892930601	1.2301707381369655	0.794020696123466
0.9226104374038169	1.233113781834611	0.7907325554004616
0.9219246019502062	1.234905913728198	0.7887190084377971
0.9216794250321955	1.235544926326676	0.7879979556865176
0.9218762427411008	1.235030043399779	0.7885758314416573
0.9225139825088752	1.2333618909233477	0.7904474668349296
0.92358916524782	1.2305425204415061	0.7935961999284001
0.9250959123522235	1.226575484912601	0.7979942259255844
0.9270259577936325	1.221465967254043	0.8036031656700181
0.9293686656998191	1.2152209619413972	0.8103748182713132
0.9321110539624246	1.2078495101431808	0.8182520551428216
0.9352378245676434	1.1993629889779298	0.8271698085891989
0.9387314014854551	1.189775455555697	0.8370561083180106
0.9425719770823626	1.179104046501357	0.8478331232667976
0.9467375681361806	1.1673694336371045	0.8594181729492693
0.9512040826241942	1.1545963364056586	0.8717246809799936
0.9559453985224609	1.1408140914144618	0.884663052421574
0.9609334558881347	1.1260572791322017	0.8981414651813637
0.9661383634922821	1.1103664072115482	0.912066573197848
0.9715285212215875	1.0937886490594975	0.926344125208291
0.9770707593679734	1.0763786350072915	0.9408795073328683
0.9827304957706243	1.0581992915765481	0.9555782205886826
0.9884719115616547	1.039322721667355	0.9703463059270167
0.994258145992772	1.0198311147030077	0.985090729702817
1.0000515104859746	0.999817670463356	0.9997197418916892
1.0058137216592098	0.9793875130421207	1.0141432181115466
1.0115061526334048	0.9586585615144927	1.0282729948003304
1.01709010143872	0.9377623109137904	1.0420232049292053
1.0225270748165949	0.9168444604845998	1.055310619537451
1.0277790851744615	0.8960653056801645	1.0680549982736622
1.0328089579087973	0.8755997863894345	1.0801794501037227
1.0375806457886245	0.855637057896551	1.0916108034642091
1.0420595466062808	0.8363794263063307	1.1022799834495203
1.0462128198766665	0.818040472243536	1.1121223921595227
1.0500096980213045	0.8008421840793579	1.1210782871302885
1.053421787229112	0.785010945989758	1.1290931518447156
1.0564233530590186	0.7707722892123157	1.1361180516869043
1.058991585853958	0.7583444269765447	1.142109968371715
1.0611068411802982	0.7479307567071576	1.147032105849312
1.0627528507948454	0.7397117144078634	1.150854160946084
1.0639169000706126	0.7338365731720208	1.1535525525420518
1.0645899683737485	0.7304159399441813	1.1551106038758436
1.0647668295624033	0.7295157646257382	1.1555186735781813
1.064446110553261	0.7311535898367962	1.1547742322221988
1.0636303067476864	0.7352975306379959	1.1528818824958034
1.0623257539979327	0.7418681216380559	1.149853322494568
1.0605425576936243	0.7507427840465438	1.1457072530471448
1.0582944804280903	0.7617623393643277	1.140469231361933
1.0555987905324744	0.7747388000399924	1.1341714745682157
1.0524760745148833	0.7894636268482396	1.1268526178653957
1.0489500170880663	0.8057157380582736	1.1185574329440193
1.0450471529932084	0.8232687366582592	1.1093365130629411
1.04079659521617	0.8418970318114359	1.0992459316272014
1.036229744438874	0.86138072333689	1.0883468812887434
1.0313799846717535	0.8815092668118814	1.0767053004733431
1.0262823699783534	0.902084034021832	1.0643914938168866
1.020973307040636	0.9229199339470762	1.0514797522748909
1.0154902380380473	0.9438462744976738	1.038047977660572
1.0098713279429639	0.9647070371196061	1.0241773150851916
1.0041551598899823	0.9853607157280593	1.009951795242977
0.9983804417779384	1.0056798458385074	0.9954579867324719
0.9925857267327693	1.0255503241242583	0.9807846566771473
0.986809149516698	1.0448705955676756	0.9660224358537328
0.9810881804332284	1.0635507659944805	0.9512634824273559
0.9754593977643264	1.0815116822512534	0.9366011363213285
0.9699582792993474	1.0986840102715933	0.9221295543378678
0.9646190130852491	1.1150073322316267	0.9079433145496096
0.959474327151874	1.13042927733464	0.8941369773924036
0.9545553376491459	1.1449046959481073	0.8808045905337969
0.9498914145768337	1.1583948833880457	0.8680391252191206
0.9455100640915911	1.1708668572402336	0.8559318336609768
0.9414368262379003	1.1822926904439317	0.8445715203581404
0.9376951868652988	1.1926489012309318	0.8340437251439707
0.9343065024587782	1.201915900257042	0.8244298222665848
0.9312899366166313	1.2100774947740787	0.8158060476809774
0.9286624069541596	1.2171204493898564	0.8082424755164448
0.9264385412863256	1.223034102796877	0.801801973622368
0.9246306420418008	1.2278100397792353	0.7965391761962789
0.9232486579795073	1.2314418178052053	0.7924995176164673
0.922300162412	1.233924747561266	0.7897183746106256
0.9217903372838812	1.2352557268685134	0.7882203628951596
0.9217219626046775	1.2354331275344292	0.7880188289663335
0.922095410891717	1.234456734823833	0.7891155679747757
0.9229086464375801	1.2323277393759806	0.7915007853967294
0.924157229377187	1.2290487815442714	0.7951533049387841
0.9258343246902434	1.2246240482853454	0.8000410095490607
0.9279307164343997	1.219059422870067	0.8061214883795687
0.9304348276616732	1.2123626878241895	0.8133428516026271
0.9333327466236628	1.2045437816251032	0.8216446681526672
0.9366082600175244	1.19561510977549	0.8309589791105882
0.9402428941615835	1.1855919109356414	0.841211341296201
0.9442159651130994	1.1744926788113923	0.8523218609044492
0.948504638846557	1.1623396404471882	0.8642061846335892
0.9530840026937877	1.1491592914399886	0.876776424549448
0.9579271493014437	1.1349829883353848	0.889942001854198
0.963005274380777	1.1198475980435811	0.9036104029494368
0.968287789503087	1.1037962034496147	0.9176878481452178
0.9737424511256423	1.0868788633899913	0.9320798787812757
0.9793355069119362	1.0691534236875757	0.9466918723308864
0.9850318602324648	1.050686373786593	0.9614294973516049
0.9907952534948181	1.0315537404519737	0.9761991211309231
0.9965884706536848	1.0118420056538069	0.9909081827957782
1.0023735588934846	0.9916490297202905	1.005465543766787
1.0081120690624985	0.9710849525953242	1.0197818259763693
1.0137653139741003	0.950273035001645	1.033769746437605
1.0192946431875716	0.9293503869161112	1.047344454714403
1.0246617323505305	0.9084685125869533	1.060423877734894
1.0298288846426078	0.8877935793351486	1.0729290743101965
1.034759341323536	0.8675062923403415	1.0847845997466343
1.0394175978781164	0.8478012316083654	1.0959188791290757
1.043769721786603	0.8288854844540944	1.1062645862503502
1.047783667553342	0.8109763938662004	1.1157590238001875
1.0514295843196098	0.7942982497417298	1.1243444993321998
1.054680111187414	0.7790777881750346	1.1319686907175026
1.0575106553053624	0.7655384457668287	1.1385849942803927
1.059899647827414	0.7538934488791899	1.144152848599808
1.0618287730571796	0.7443379987374162	1.1486380270473602
1.0632831664355573	0.7370410219177888	1.1520128925075768
1.0642515775127666	0.732137151671361	1.1542566083690255
1.0647264946559827	0.7297197334587268	1.1553553007579291
1.0647042289634714	0.7298356533810861	1.1553021680719848
1.0641849556627456	0.7324826394037078	1.1540975351172624
1.0631727121369137	0.7376093936214072	1.151748850504915
1.0616753526200804	0.7451185377163742	1.1482706273724854
1.0597044604979142	0.7548719819554846	1.1436843289000134
1.0572752200118927	0.7666980477343838	1.1380182014373266
1.0544062499655504	0.7803995392680565	1.1313070592915326
1.0511194027416677	0.7957619783937105	1.1235920262930408
1.0474395325386108	0.8125613530363631	1.1149202401208893
1.0433942372051692	0.8305709291199002	1.1053445259877752
1.0390135783854682	0.8495668831973928	1.0949230466344753
1.0343297848743949	0.8693326902032084	1.0837189356434758
1.029376944131037	0.8896623289230221	1.0717999208424818
1.024190686810237	0.9103624451447867	1.059237944027901
1.0188078689627122	0.9312536472349735	1.0461087824019348
1.0132662562384518	0.9521711132375333	1.0324916759967944
1.0076042140253276	0.9729646743596109	1.0184689639748834
1.0018604069858401	0.9934985163195085	1.0041257310705627
0.9960735109410057	1.0136506139813302	0.9895494636117081
0.9902819395126139	1.033311989875853	0.9748297125727712
0.9845235873930573	1.0523858655518676	0.960057759024946
0.9788355915833811	1.0707867568809009	0.9453262752420667
0.9732541114402008	1.0884395503724573	0.9307289726968174
0.9678141279130131	1.1052785868013606	0.916360226375322
0.9625492619444108	1.1212467704271534	0.9023146634191466
0.9574916116531256	1.1362947162233632	0.8886867032785137
0.9526716076271127	1.1503799433232214	0.875570036566831
0.9481178854219838	1.1634661199084648	0.86305703089916
0.9438571741876864	1.1755223626887807	0.8512380544208226
0.9399142002303219	1.186522592689971	0.8402007116807462
0.9363116042519061	1.1964449481028518	0.8300289920653828
0.9330698709932488	1.2052712543072013	0.8208023381020809
0.9302072700279413	1.212986550779396	0.812594649254926
0.9277398065125079	1.2195786743508823	0.8054732457893103
0.9256811807829876	1.2250378981599548	0.7994978260189268
0.9240427557958891	1.2293566255984953	0.7947194576997211
0.9228335315364562	1.2325291385753216	0.7911796493391224
0.9220601256550933	1.2345513994822588	0.7889095486835558
0.9217267597399424	1.2354209063460277	0.7879293128896411
0.9218352507870445	1.2351366007694526	0.788247687653638
0.9223850075870007	1.2336988284019927	0.789861821297789
0.9233730319068242	1.231109351825941	0.7927573255706929
0.9247939245063721	1.2273714158951028	0.7969085792998176
0.926639896189149	1.222489865711877	0.8022792558701335
0.9289007842461063	1.2164713175709219	0.8088230425447737
0.9315640748068148	1.2093243833269902	0.8164845102566437
0.9346149317630456	1.2010599487544285	0.8252000874527071
0.9380362330728197	1.1916915065480977	0.8348990909659789
0.9418086153850571	1.18123554465981	0.8455047702248901
0.9459105280420381	1.1697119906568607	0.8569353274581387
0.950318297614226	1.157144712710631	0.8691048847785734
0.9550062041941167	1.1435620776460198	0.8819243779955371
0.9599465707168188	1.1289975661673426	0.8953023657351573
0.9651098665787896	1.1134904448666523	0.9091457502182174
0.97046482678646	1.097086493835569	0.9233604124098221
0.9759785877775249	1.0798387875276372	0.9378517690228749
0.981616840914503	1.0618085247964764	0.9525252620384648
0.9873440044488395	1.0430659015491894	0.9672867931480408
0.99312341449214	1.0236910159160706	0.9820431160496739
0.9989175352087835	1.0037747908731856	0.9967021990976407
1.004688188063318	0.9834198923994237	1.011173569659932
1.0103967995215068	0.9627416119583125	1.0253686499055277
1.0160046661234197	0.9418686697803392	1.0392010918110712
1.021473235331287	0.9209438795497359	1.0525871170971015
1.0267644000176883	0.9001245953683108	1.0654458656960681
1.0318408039174178	0.8795828385078988	1.077699754308725
1.0366661548378295	0.8595049756888226	1.089274844690775
1.041205541927988	0.8400907952464244	1.1001012195797149
1.0454257528678546	0.8215518076679474	1.1101133626621191
1.04929558647623	0.8041085905317563	1.1192505377241693
1.052786155970325	0.7879870156225792	1.12745716114558
1.0558711779584218	0.7734132503129362	1.1346831612049015
1.0585272422244514	0.7606075270935597	1.1408843172715024
1.0607340574794142	0.7497768285217756	1.1460225718681905
1.0624746685139312	0.7411068304663312	1.150066308792414
1.063735640587533	0.7347536559769798	1.1529905909689429
1.0645072074259954	0.730836167864353	1.1547773524497662
1.064783379854308	0.7294296127291311	1.1554155399459098
1.0645620128502293	0.7305613745427472	1.1549012004311794
1.0638448296373557	0.7342093858144791	1.1532375126526453
1.0626374023188991	0.7403034096357555	1.1504347617648036
1.0609490894531641	0.7487290201609457	1.1465102577180104
1.058792931857428	0.7593337646757407	1.1414881994200634
1.0561855087675929	0.771934764494787	1.1353994879966924
1.0531467572479638	0.7863269405025868	1.1282814936495227
1.0496997584138676	0.8022911206839328	1.1201777816013219
1.0458704945794435	0.81960145569213	1.1111378033873935
1.0416875818593905	0.838031776896383	1.101216560266183
1.0371819830284965	0.857360730194044	1.0904742457574939
1.032386705574349	0.8773756775815765	1.078975874257839
1.027336489870755	0.8978754658337724	1.0667909023225264
1.022067492261395	0.9186722206340122	1.0539928485441012
1.0166169675890597	0.9395923455899122	1.0406589170049907
1.011022955352919	0.960476901170123	1.0268696280536003
1.005323973244496	0.9811815197336313	1.0127084586694666
0.9995587213235647	1.0015759877484043	0.9982614929734573
0.9937657995693291	1.021543600394062	0.983617081541795
0.9879834410005828	1.0409803700393385	0.9688655061480963
0.9822492620199915	1.0597941499365662	0.9540986444522764
0.9766000311189097	1.0779037181941034	0.9394096270670511
0.9710714565942532	1.0952378544116872	0.924892477477401
0.9656979934889681	1.1117344317737028	0.9106417236140457
0.9605126695806451	1.12733954030436	0.896751968673427
0.9555469299139538	1.1420066518438072	0.8833174082538954
0.9508304991042289	1.155695833631167	0.8704312812876984
0.9463912604316991	1.1683730147961462	0.858185243845805
0.9422551505964778	1.1800093082681093	0.8466686579078465
0.9384460689097801	1.1905803893867688	0.8359677917812953
0.9349857996520206	1.2000659316778763	0.8261649350506437
0.9318939463277154	1.2084490997222928	0.8173374385725475
0.9291878765843615	1.2157160987137388	0.8095566986905862
0.9268826766314822	1.2218557801105854	0.8028871138294067
0.9249911140908648	1.2268593026992765	0.7973850499903361
0.9235236083241881	1.230719848372831	0.7930978582830559
0.9224882074148705	1.2334323919673533	0.7900629913437901
0.921890571122963	1.2349935245781962	0.7883072653480597
0.9217339592818834	1.2354013298847364	0.7878463097694385
0.9220192252610704	1.2346553131403768	0.7886842380945543
0.9227448142772282	1.2327563826255146	0.7908135600756396
0.9239067664971203	1.2297068835098544	0.7942153410935978
0.9254987250355924	1.225510684221004	0.7988595985401716
0.9275119491124455	1.2201733155633225	0.8047059106477097
0.9299353327895737	1.2137021629688356	0.8117042015291893
0.9327554298637641	1.2061067123844815	0.8197956584842765
0.9359564856384925	1.1973988503998754	0.8289137343811589
0.939520476437117	1.1875932192882597	0.8389851889840327
0.9434271578464553	1.176707627658828	0.8499311277669327
0.9476541227895056	1.164763517385367	0.8616680039974656
0.9521768706139753	1.1517864873619872	0.8741085585287176
0.9569688884436698	1.137806874409912	0.8871626807159019
0.9620017460666269	1.1228603912743365	0.9007381822934732
0.9672452056209305	1.1069888210419703	0.9147414832958244
0.9726673472803748	1.0902407663852471	0.9290782148414194
0.9782347120320393	1.0726724506680236	0.9436537477231223
0.983912462471752	1.0543485659499223	0.958373658329327
0.989664562318117	1.0353431600587593	0.9731441446465356
0.9954539750597332	1.0157405508415018	0.9878724052059216
1.0012428818041021	0.995636250044199	1.002466993089388
1.0069929179936814	0.9751378715108358	1.0168381557452504
1.0126654282005727	0.9543659879605221	1.0308981695901247
1.018221737715362	0.9334548869209431	1.0445616763658498
1.0236234391196195	0.912553158994731	1.0577460261166343
1.0288326914903518	0.891824030380916	1.070371629558922
1.0338125293456546	0.8714453270268442	1.0823623206159774
1.0385271779234793	0.8516089317213761	1.0936457280421223
1.0429423709106078	0.8325195715021685	1.104153653414448
1.047025666328049	0.8143927571235277	1.1138224513579351
1.0507467559530133	0.7974516981346066	1.1225934067202124
1.0540777634356406	0.7819230479983975	1.1304131025443034
1.0569935261673424	0.7680314059268382	1.1372337721147654
1.059471855989602	0.7559926246526962	1.1430136280807635
1.061493774005279	0.7460061457423289	1.147717161687656
1.0630437150711367	0.7382467897627041	1.1513154054672736
1.0641096980066043	0.7328566311633392	1.1537861533284504
1.0646834581396822	0.7299377339170151	1.1551141328268775
1.0647605395101802	0.7295465573474075	1.1552911254419886
1.0643403448415873	0.7316907242093947	1.15431603190552
1.0634261422496287	0.7363285766993872	1.1521948809625095
1.0620250285485038	0.743371580316545	1.1489407813468702
1.060147849913636	0.752689255321262	1.144573818163839
1.0578090815309535	0.7641160112005642	1.1391208962337285
1.0550266686770446	0.7774590939127181	1.1326155342105493
1.0518218324047066	0.7925068452346307	1.125097614394438
1.048218843631275	0.8090365906356124	1.1166130940634797
1.044244769924779	0.8268216634848973	1.1072136848209517
1.0399291996434386	0.8456372829517802	1.096956506858966
1.0353039483015118	0.865265188251978	1.0859037251583938
1.0304027521095043	0.8854970704461924	1.0741221744660077
1.0252609535754016	0.9061369300699051	1.0616829794092335
1.0199151838672624	0.9270025312289851	1.048661175330835
1.0144030463416098	0.9479261322207345	1.0351353343611494
1.008762805255183	0.9687546613689281	1.0211871999118804
1.0030330832202607	0.9893494845881877	1.0069013311974115
0.9972525704572729	1.009585885288237	0.9923647575997074
0.9914597483639227	1.0293523519521772	0.9776666407337609
0.9856926293775382	1.0485497463505284	0.9628979399984428
0.9799885145749523	1.067090406755976	0.948151075286983
0.9743837699475592	1.0848972257372889	0.9335195784804527
0.9689136218211657	1.101902730739697	0.9190977234845796
0.9636119714707236	1.118048187139652	0.9049801230576923
0.95851122861586	1.1332827372125855	0.891261279714879
0.9536421631783462	1.1475625839485442	0.8780350778129323
0.9490337744386542	1.1608502254544417	0.8653942047754963
0.9447131765446507	1.1731137434455627	0.8534294915578835
0.9407054991985186	1.184326147786861	0.8422291660844233
0.9370338022739307	1.1944647779984996	0.8318780186322164
0.9337190030890155	1.203510761945806	0.8224564849417627
0.9307798150758652	1.2114485314881664	0.8140396609465265
0.9282326966380043	1.2182653945915893	0.806696271903799
0.9260918090672647	1.2239511632647473	0.8004876275749527
0.9243689824950962	1.228497836622927	0.7954666029081882
0.9230736889752227	1.2318993383936687	0.7916766892644636
0.922213021930183	1.234151308234548	0.7891511634977264
0.9217916813398255	1.2352509463248325	0.7879124203286332
0.9218119642022027	1.2351969108090874	0.7879715070976263
0.9222737599541286	1.2339892678045947	0.7893278894425133
0.923174550698097	1.2316294938292556	0.7919694626744695
0.9245094162428638	1.228120530656688	0.7958728081301646
0.9262710441255565	1.2234668927550252	0.8010036783666346
0.9284497449424228	1.2176748276099476	0.8073176815344828
0.9310334734718273	1.210752529364949	0.8147611250777308
0.9340078562249575	1.2027104063261815	0.8232719729638649
0.9373562262044571	1.1935614029677626	0.8327808691780129
0.9410596657857415	1.1833213771262867	0.8432121828296534
0.9450970587561414	1.1720095330775018	0.8544850360591444
0.9494451526486767	1.159648911125604	0.8665142838809752
0.9540786325848272	1.1462669341808647	0.8792114240088188
0.9589702078883476	1.1318960115176644	0.8924854235557806
0.9640907127438081	1.1165741994398786	0.9062434575128934
0.9694092221429308	1.1003459178586559	0.9203915605791598
0.9748931842830977	1.0832627207025316	0.934835199009024
0.9805085704503513	1.0653841164828628	0.9494797726330559
0.9862200432297422	1.0467784330251193	0.9642310592202353
0.9919911436363208	1.0275237170755738	0.978995614099457
0.9977844974497856	1.0077086548477054	0.9936811376952908
1.0035620406663814	0.9874334931368106	1.0081968226106686
1.0092852635573717	0.9668109318732886	1.0224536903367645
1.0149154723514386	0.9459669473207996	1.0363649257838705
1.0204140670488173	0.9250414899992566	1.04984621576594
1.0257428333410237	0.9041889824562674	1.0628160954607573
1.030864246067525	0.8835785193167324	1.0751963048032676
1.0357417811080096	0.8633936465842255	1.0869121548240268
1.0403402321061022	0.8438315713884853	1.0978929021728103
1.0446260279686719	0.825101631858338	1.108072128510751
1.048567546705568	0.8074228468910309	1.1173881201446838
1.0521354208881009	0.7910203775329291	1.1257842422385334
1.0553028298291516	0.7761207777208953	1.1332093011856197
1.0580457735385917	0.7629460038109285	1.1396178882730168
1.0603433235955744	0.7517062956273867	1.1449706976178866
1.0621778463099223	0.7425922305558345	1.1492348115016258
1.0635351939181914	0.7357664621369431	1.15238394665804
1.064404860069649	0.731355841586441	1.154398655765268
1.064780096490881	0.72944472797312	1.1552664793177627
1.0646579884565568	0.7300702685573912	1.154982044176025
1.0640394875145176	0.7332202508646317	1.153547106362502
1.0629294007881518	0.7388338134520158	1.1509705370407826
1.0613363370776054	0.7468049195236042	1.1472682520268092
1.05927261087218	0.7569881377855548	1.1424630865783425
1.0567541062380652	0.7692060209704644	1.1365846185360773
1.0538001033291855	0.7832572697121388	1.1296689440930487
1.0504330709585563	0.7989249153361407	1.1217584114996866
1.046678429242078	0.8159839089998598	1.1129013188279344
1.0425642867704712	0.8342077095020566	1.1031515824849907
1.038121157068614	0.8533736659272068	1.0925683834596105
1.033381659261617	0.8732671594613497	1.0812157982845636
1.0283802078863389	0.8936845864263016	1.069162421399157
1.02315269667412	0.9144353325252914	1.0564809849952823
1.0177361808983056	0.9353429159500846	1.0432479815359776
1.0121685625455188	0.9562454767280507	1.029543292960719
1.0064882821520997	0.9769957729523909	1.0154498291568577
1.0007340206676023	0.9974608201861545	1.001053176609389
0.994944414187132	1.0175212842867731	0.9864412562777571
0.9891577838543694	1.0370707136041897	0.9717039877363275
0.9834118826966808	1.0560146755983226	0.9569329545173263
0.9777436606299466	1.0742698458778264	0.9422210634947644
0.9721890483782251	1.0917630843045405	0.9276621891546617
0.9667827606037754	1.1084305226498714	0.9133507918521889
0.9615581181449687	1.1242166807467378	0.8993814978375605
0.9565468889189157	1.1390736225888525	0.8858486281530549
0.9517791467651707	1.1529601598964796	0.8728456637062648
0.9472831472870814	1.1658411078930375	0.8604646351651529
0.9430852195865462	1.1776865961065985	0.848795429037392
0.9392096726827188	1.1884714356873738	0.8379250055674771
0.935678715350844	1.1981745438418594	0.8279365299697441
0.93251238810833	1.2067784254001306	0.818908425891349
0.9297285061052897	1.2142687111649264	0.810913368503554
0.9273426117399067	1.2206337524765227	0.80401724361377
0.9253679359090862	1.2258642713219128	0.7982781077689587
0.9238153669163365	1.2299530652898643	0.7937451913810688
0.9226934261867004	1.2328947667035017	0.7904579912884566
0.9220082500785561	1.234685655333913	0.7884454998564501
0.9217635772306959	1.2353235242005904	0.7877256140613441
0.9219607410374926	1.2348075980886777	0.7883047598973226
0.9225986670030185	1.233138504551892	0.7901777554588867
0.9236738748850398	1.23031829731755	0.7933279213809855
0.9251804857005362	1.2263505321607029	0.7977274316283953
0.9271102338245908	1.221240395462521	0.8033378827597422
0.9294524845728283	1.214994885808181	0.8101110474477311
0.9321942578124697	1.2076230491055473	0.8179897694749703
0.9353202582964036	1.1991362678109636	0.8269089532803208
0.9388129135557479	1.1895486049240533	0.8367966013744159
0.9426524203157415	1.1788772034486221	0.8475748569725932
0.9468168005132815	1.1671427419967937	0.8591610160201664
0.9512819680870735	1.1543699471177058	0.8714684812549731
0.9560218077776738	1.1405881627309706	0.8844076399492782
0.9610082672086719	1.1258319766962708	0.897886655565877
0.9662114635156995	1.1101419039932003	0.9118121710828553
0.9715998057407497	1.0935651251331195	0.9260899277964509
0.9771401341097934	1.0761562771555324	0.9406253078560811
0.9827978771570605	1.0579782927062735	0.9553238116629146
0.9885372274460371	1.0391032800239197	0.9700914827412528
0.9943213363633401	1.0196134328696351	0.9848352930049415
1.0001125281273515	0.9996019541325661	0.9994635007444858
1.0058725327614817	0.9791739695456161	1.013885992399739
1.011562737337577	0.9584473980963243	1.028014617475031
1.0171444543066468	0.9375537327285487	1.0417635239797816
1.0225792052130829	0.9166386682974766	1.0550494996831563
1.0278290175491942	0.8958624932388713	1.0677923223689154
1.0328567319660522	0.8754001374295917	1.0799151202520434
1.0376263165335053	0.855440742733656	1.0913447418369187
1.0421031842573667	0.8361865979617656	1.1020121328066426
1.0462545096366174	0.817851262054384	1.1118527160720624
1.0500495396989964	0.8006566967596634	1.1208067699053386
1.0534598947093319	0.7848292541538776	1.1288197981576946
1.05645985361849	0.7705944274487969	1.1358428859286054
1.0590266193254994	0.7581703856791592	1.1418330337217109
1.0611405589700729	0.7477604760238988	1.1467534630914527
1.0627854147608786	0.7395450788380932	1.1505738870462248
1.0639484812739055	0.7336734074864414	1.1532707390125323
1.064620745716274	0.7302560071676719	1.1548273549554822
1.0647969883289385	0.7293587667569752	1.1552341042604062
1.0644758408762733	0.7309991717542194	1.1544884661672827
1.0636598020162547	0.7351452872786465	1.1525950498658264
1.062355209232899	0.7417176081042639	1.1495655577516068
1.0605721679117768	0.7505935278966925	1.145418692756189
1.058324439018155	0.7616138540741033	1.140180012040114
1.055629287665065	0.7745905985353924	1.1338817306211468
1.0525072956073536	0.7893152341102992	1.1265624796497398
1.0489821413434706	0.8055667020330808	1.1182670249929867
1.045080352030429	0.8231186370024337	1.1090459525083105
1.0408310318057452	0.8417454862947169	1.0989553268478263
1.0362655713563207	0.86122739196286	1.0880563308114508
1.03141734367731	0.8813538538840966	1.0764148921478156
1.0263213909291529	0.9019262884759149	1.064101304281611
1.021014107138516	0.922759648302599	1.0511898467266596
1.0155329212135427	0.9436832827745603	1.0377584099353714
1.009915984373616	0.9645412120291924	1.0238881280535683
1.0042018656489946	0.9851919654023203	1.0096630215180948
0.9984292586074304	1.0055081103115333	0.9951696496838972
0.9926367019344795	1.025375571733477	0.980496771737762
0.9868623159519408	1.0446928194013914	0.9657350121008017
0.9811435566232247	1.0633699804780177	0.9509765244114418
0.9755169880816733	1.0813279199362469	0.9363146461081618
0.9700180742413346	1.0984973188710982	0.9218435337182642
0.9646809896199267	1.1148177719268146	0.9076577673609952
0.959538449128177	1.130236918366032	0.8938519118826043
0.9546215562629455	1.1447096164947248	0.88052002168391
0.9499596688854511	1.158197167730845	0.8677550769283527
0.94558028157005	1.1706665942011332	0.8556483406836219
0.941508923370945	1.1820899720882354	0.8442886298731964
0.9377690697699597	1.1924438218185514	0.8337614978334713
0.9343820675329682	1.201708555426438	0.8241483327820467
0.9313670712099175	1.2098679809419637	0.8155253843907706
0.9287409900574304	1.2169088633493412	0.807962739452177
0.9265184442375886	1.222820541496681	0.8015232765801623
0.9247117292457835	1.2275946002667935	0.796261637998056
0.9233307876391069	1.231224597316822	0.7922232625939527
0.9223831872699471	1.2337058437428998	0.7894435274356593
0.9218741053732574	1.235035238111209	0.7879470439373072
0.9218063180071739	1.2352111534088375	0.7877471494054714
0.9221801945027421	1.2342333765986317	0.7888456249255895
0.9229936967375462	1.2321031006053103	0.7912326573092652
0.924242383208502	1.2288229687094965	0.7948870475226802
0.9259194180397402	1.2243971714765742	0.799776652430726
0.9280155852211107	1.2188315964928607	0.8058590326463406
0.9305193085300246	1.2121340313168116	0.8130822683230472
0.9334166777422708	1.2043144201714993	0.8213858978954154
0.9366914818838397	1.1953851749989526	0.8307019324236595
0.94032525041261	1.185361541557856	0.840955900058165
0.9442973033422836	1.174262021261278	0.8520678804243147
0.9485848114267045	1.162108849403691	0.8639534963556809
0.9531628676054777	1.1489285302927696	0.8765248392135587
0.9580045709658761	1.1347524295471993	0.8896913129665143
0.9630811244952925	1.1196174233980847	0.903360390433058
0.9683619478767519	1.103566604168337	0.917438282057237
0.9738148065112883	1.086650040102269	0.931830523003424
0.979405957829927	1.0689255862372355	0.9464424881604374
0.98510031578023	1.0504597408590008	0.9611798469370263
0.9908616341349225	1.0313285390044873	0.9759489707117808
0.9966527089718992	1.0116184701313886	0.9906573057183118
1.0024356003170798	0.9914274010356245	1.0052137232554736
1.0081718725278332	0.9708654768487123	1.0195288576479893
1.013822852531602	0.9500559619096496	1.0335154405483444
1.0193499045314636	0.9291359679087587	1.0470886381328932
1.0247147192602195	0.9082569985209568	1.0601663956353478
1.029879615322552	0.8875852177551978	1.072669791580455
1.0348078496287432	0.8673013242032186	1.084523402106381
1.0394639334131677	0.8475998873684435	1.095655673954071
1.0438139498673262	0.8286879793991729	1.1059993030995268
1.0478258690219353	0.8107829225984583	1.1154916146439775
1.0514698552061497	0.7941089797320153	1.124074938482653
1.0547185622131974	0.7788928523938504	1.1316969744636096
1.057547411226419	0.7653579345244292	1.1383111402354842
1.059934846619638	0.7537174011936719	1.1438768947718962
1.0618625649478355	0.7441663937797047	1.148360030647662
1.0633157127892405	0.7368737713173827	1.151732928517038
1.0642830495831808	0.7319740936432536	1.1539747678872794
1.0647570722179696	0.7295606297547403	1.1550716891635475
1.0647340988424931	0.7296801899173126	1.1550169030269521
1.0642143101813804	0.732330431055626	1.153810744452112
1.063201747499765	0.7374599931620366	1.1514606700237902
1.0617042672597738	0.7449714483125932	1.147981198619383
1.0597334534054985	0.7547266721684516	1.143393796928568
1.0573044890749785	0.7665539677001384	1.1377267126266497
1.054435990336899	0.7802561367078131	1.1310147592498583
1.0511498052597374	0.7956187132922811	1.1232990578892608
1.0474707822198353	0.812417710153777	1.1146267416816031
1.0434265118255532	0.8304264278730759	1.1050506296943092
1.0390470471665718	0.8494210847887291	1.0946288771505719
1.0343646072859884	0.8691852021352612	1.0834246090001658
1.0294132688198132	0.8895128072082965	1.071505543602096
1.0242286506610379	0.9102105946048968	1.0589436127444245
1.0188475962958772	0.9310992203033357	1.0458145833899437
1.0133078581442043	0.9520139076563541	1.032197685416124
1.0076477878336865	0.9728045301144703	1.0181752482328925
1.0019060358683882	0.9933353120977373	1.003832347538309
0.9961212636390568	1.0134842633830219	0.989256461644375
0.9903318701848687	1.033142437554052	0.9745371348181139
0.9845757355747731	1.0522130834136278	0.9597656429961003
0.97888998224835	1.0706107404440317	0.9450346551225645
0.9733107551564482	1.0882603153434067	0.9304378813358695
0.9678730210830289	1.1050961659168352	0.9160696974202668
0.9626103871208858	1.1210612105846482	0.9020247335194592
0.957554937921531	1.136106075912707	0.8883974142822704
0.9527370910469833	1.1501882903616032	0.8752814376166835
0.9481854695194012	1.1632715294744194	0.8627691803218178
0.9439267904921573	1.1753249156456553	0.8509510212933374
0.9399857688499772	1.1863223741859819	0.8399145769506106
0.9363850344816669	1.196242046432578	0.829743849101935
0.9331450619512942	1.20506576001798	0.820518292566384
0.9302841113164544	1.2127785560053237	0.812311818196185
0.9278181788992533	1.2193682723568429	0.8051917559091785
0.9257609569007901	1.2248251830781327	0.7992178110904083
0.924123800857528	1.229141692340086	0.7944410551825859
0.9229157040628914	1.2323120829005463	0.7909029962945164
0.9221432782152801	1.2343323182122496	0.7886347771506635
0.9218107397008088	1.2351998977006244	0.7876565449396015
0.9219199010724894	1.2349137648153956	0.7879770303732276
0.9224701674450468	1.233474267596397	0.7895933619719332
0.9234585376843224	1.2308831716402462	0.792491127325518
0.924879610430908	1.2271437255049016	0.7966446774370831
0.9267255951580512	1.2222607787381579	0.8020176550732472
0.9289863286226812	1.216240952858265	0.8085637150727779
0.9316492972241259	1.209092865744185	0.8162273951736078
0.9346996659357032	1.2008274100028162	0.8249450908738757
0.9381203146173179	1.1914580859627226	0.8346460872455111
0.9418918826491766	1.1810013899881924	0.8452536039674663
0.9459928229437042	1.1694772587999207	0.8566858162099933
0.9503994664899322	1.1569095704100043	0.8688568222421481
0.9550860986566069	1.143326702101746	0.8816775376137087
0.960025048521124	1.1287621455696502	0.8950565045026441
0.9651867924949586	1.1132551788253318	0.9089006125957774
0.9705400734763825	1.0968515936901369	0.92311573423792
0.976052036672164	1.0796044765210624	0.9376072813529476
0.9816883830866255	1.0615750380945126	0.9522806948197974
0.9874135414750034	1.0428334860860695	0.9670418787253832
0.9931908592963103	1.0234599300451135	0.9817975924405179
0.9989828128785486	1.0035453037972597	0.9964558130284844
1.0047512366283233	0.9831922833505645	1.0109260793481447
1.0104575706824896	0.9625161690873405	1.025119827578099
1.016063125919169	0.941645688705303	1.0389507259541377
1.0215293647300505	0.9207236614956967	1.0523350144313097
1.0268181954190583	0.8999074448101654	1.0651918528730968
1.0318922775506252	0.8793690602032996	1.0774436793241529
1.0367153350426883	0.85929487096224	1.0890165780083498
1.0412524733055246	0.8398846573631291	1.0998406549622541
1.0454704962889243	0.8213499161271333	1.1098504177050101
1.0493382189381835	0.8039112041244879	1.118985154088852
1.0528267702940102	0.7877943641599352	1.127189304492569
1.0559098823204471	0.7732255250506831	1.134412820828828
1.0585641595226445	0.760424870074458	1.1406115054442691
1.0607693245326686	0.7495993213223059	1.1457473229005088
1.0625084351010756	0.7409344831420547	1.1497886778285886
1.0637680683333348	0.7345863972879608	1.1527106525345934
1.0645384685458181	0.7306738380403367	1.1544951987770167
1.064813655772145	0.7292719600115077	1.155131279105244
1.0645914927077145	0.7304080564592316	1.1546149543034245
1.0638737087138013	0.7340599756162901	1.1529494147782628
1.0626658803843188	0.7401574076530477	1.1501449551106115
1.0609773690775777	0.7485858691665782	1.1462188924035932
1.05882121670041	0.7591928678502887	1.1411954304472927
1.0562140018720616	0.7717955043623187	1.1351054730259753
1.053175659361582	0.7861886972751573	1.1279863908656318
1.0497292663602056	0.8021532887507422	1.1198817477099552
1.0459007996992906	0.819463457410414	1.110840991781067
1.041718868540384	0.8378930732775903	1.1009191193947718
1.0372144273386619	0.8572208284517738	1.0901763177348187
1.0324204740123324	0.8772341357775352	1.0786775937312811
1.0273717382425709	0.8977318950192842	1.0664923956278423
1.022104364690541	0.9185262849536409	1.0536942331624888
1.0166555956639576	0.939443760815848	1.0403603013340939
1.011063457412907	0.9603254320964802	1.026571111498522
1.0053664538031257	0.9810269767993981	1.0124101320539487
0.9996032706257694	1.001418223191025	0.997963439265094
0.993812493277197	1.0213825041715245	0.9833193768783002
0.9880323400009947	1.0408158657018496	0.9685682211440698
0.9823004123462726	1.059626190581216	0.9538018457573841
0.9766534639778961	1.077732282597373	0.9391133791368695
0.9711271884897497	1.0950629434043682	0.9245968445072285
0.9657560264324502	1.1115560648995164	0.9103467715737755
0.9605729913801855	1.1271577527860086	0.8964577673683167
0.955609514532689	1.141821491867161	0.8830240333222938
0.950895307080176	1.1555073599487737	0.8701388160334201
0.9464582393513404	1.1681812946444412	0.8578937807912596
0.9423242356152061	1.1798144155879167	0.8463782999460835
0.9385171833130054	1.1903824033334505	0.8356786528030477
0.9350588554514401	1.1998649354053885	0.8258771399286395
0.931968844887932	1.2082451794241493	0.8170511224020538
0.9292645092756634	1.215509342903259	0.8092720052139182
0.9269609255051827	1.221646279122615	0.8026041930133244
0.9250708525741219	1.2266471483956827	0.7971040547774972
0.9236047019316888	1.2305051340344122	0.7928189405985401
0.9225705144751898	1.2332152123552396	0.7897862974997101
0.9219739435177862	1.2347739761483187	0.7880329310464548
0.921818243196628	1.235179511139463	0.7875744549485341
0.9221042619457863	1.2344313251018721	0.7884149618894055
0.9228304408169681	1.2325303294158014	0.7905469361666679
0.9239928165912894	1.2294788730228752	0.7939514136943263
0.9255850297860946	1.2252808288722086	0.7985983792309267
0.9275983378207298	1.2199417331024374	0.8044473762008127
0.930021633762959	1.2134689773414795	0.8114482928010124
0.9328414712316404	1.205872054628232	0.8195422803789807
0.936042096179168	1.1971628595602173	0.8286627568276478
0.9396054864161628	1.1873560433396277	0.8387364488173306
0.9435113998673766	1.1764694244156753	0.8496844313709468
0.9477374326574145	1.1645244553878777	0.8614231305483924
0.9522590882126335	1.151546746720724	0.8738652636755737
