1.0	1.0	1.0
1.0057630973392249	0.9794725456415754	1.0144351834143428
1.01145389191953	0.9586519663187504	1.0285701898201673
1.0170334686349052	0.9376717476729957	1.0423187342618632
1.0224631414026062	0.9166797641898202	1.0555972183956905
1.0277047539705797	0.8958386575643923	1.0683250853571777
1.0327209910090835	0.8753258579995433	1.0804251848919135
1.0374756960947682	0.8553331107980928	1.0918241479079334
1.0419341927056662	0.8360653456005929	1.1024527679006497
1.0460636039180484	0.8177387081099637	1.1122463852300624
1.0498331661524194	0.8005775730891959	1.1211452690232482
1.0532145320760247	0.7848103844913958	1.129094990553977
1.0561820576504113	0.7706642364672733	1.136046781329829
1.0587130683283614	0.7583582275704224	1.141957868802677
1.0607880995635353	0.7480957908060023	1.1467917826104488
1.062391107101493	0.7400564095749245	1.1505186245481847
1.0635096429691988	0.7343873390526452	1.1531152960373816
1.0641349936621003	0.73119611105642	1.1545656776881932
1.0642622777275752	0.7305446495467713	1.1548607565943774
1.0638905007394355	0.7324457214568671	1.1539986982229709
1.0630225665240092	0.7368621902180589	1.151984861109906
1.0616652444042545	0.7437091730916906	1.1488317539944735
1.0598290931425385	0.7528588127483995	1.1445589364620616
1.0575283431528932	0.7641470519890194	1.13919286555786
1.0547807393886361	0.7773816164272835	1.1327666921276804
1.0516073480630121	0.7923503850577261	1.125320011783325
1.0480323310048685	0.8088294382119653	1.1168985763324248
1.044082691969489	0.8265902633011646	1.1075539722172907
1.0397879996038168	0.8454058128843142	1.0973432729433268
1.0351800919988994	0.8650553018935566	1.0863286726231804
1.0302927678504614	0.8853277765079919	1.0745771076051114
1.0251614691968969	0.9060245800542925	1.0621598726886567
1.0198229605238505	0.926960887667419	1.0491522376609665
1.0143150087314294	0.9479664931456181	1.0356330688238484
1.0086760680727147	0.9688860210037887	1.02168445884211
1.0029449737114562	0.9895787146150814	1.0073913666528251
0.9971606470344682	1.009917924992242	0.9928412673652712
0.991361815311836	1.0297903988388395	0.9781238100954537
0.9855867477462442	1.049095441448067	0.9633304795738844
0.9798730094100611	1.0677440108097205	0.9485542552156119
0.9742572340515497	1.08565778397907	0.9338892592465384
0.968774916272957	1.1027682249771678	0.9194303835691314
0.9634602231535663	1.1190156746578888	0.9052728834884406
0.9583458250172862	1.1343484764949339	0.891511925408141
0.9534627447311892	1.1487221475703522	0.8782420753826604
0.9488402246702411	1.1620986007312937	0.8655567162339944
0.9445056102934107	1.1744454215631048	0.8535473830670905
0.940484249144722	1.1857352022283658	0.842303010661343
0.9367994040153073	1.1959449331373722	0.8319090914992431
0.9334721789737842	1.2050554526960973	0.8224467500800667
0.9305214569862671	1.2130509549157038	0.8139917473978168
0.9279638478977319	1.2199185543876088	0.8066134385080682
0.9258136456269956	1.2256479079771005	0.8003737151530456
0.9240827935323295	1.2302308925298941	0.7953259734023924
0.9227808570283182	1.233661337894118	0.7915141520158203
0.9219150026723091	1.2359348146170568	0.7889718896143117
0.921489983086735	1.2370484757683924	0.7877218469074138
0.9215081272386106	1.2370009524598564	0.7877752338094804
0.9219693357570805	1.2357923027673257	0.7891315705796039
0.9228710811322008	1.2334240139088122	0.7917786981109495
0.9242084128016506	1.2298990576846287	0.7956930367123336
0.9259739672955316	1.2252219993386197	0.8008400770198629
0.9281579837715581	1.2193991601460672	0.8071750728868846
0.9307483254322217	1.2124388341687913	0.814643895725199
0.9337305074700498	1.2043515597343435	0.82318400372855
0.9370877323343139	1.1951504462861093	0.8327254779368426
0.9408009332492783	1.184851557304511	0.8431920797928386
0.9448488270363133	1.1734743500029277	0.8545022908195573
0.949207977395186	1.1610421724368531	0.8665703031648964
0.9538528698781487	1.1475828185048074	0.8793069388416704
0.9587559998381116	1.133129141026823	0.8926204844969506
0.9638879746429111	1.1177197226064766	0.9064174366819474
0.9692176314151849	1.1013996032376792	0.9206031593556658
0.9747121714756191	1.0842210624975217	0.9350824605036984
0.9803373125310653	1.0662444525176424	0.9497600982667131
0.9860574594540628	1.0475390755378824	0.9645412289829272
0.9918358942440431	1.0281840964349116	0.9793318102759229
0.99763498544232	1.0082694758170136	0.99403897202154
1.003416416894651	0.987896902623094	1.0085713669628282
1.0091414353211783	0.967180696111174	1.022839511144217
1.0147711156713513	0.9462486350695168	1.0367561224044126
1.0202666427215474	0.9252426564671533	1.050236463063666
1.0255896068290469	0.9043193462180239	1.0631986907916693
1.0307023112042393	0.8836501213935851	1.075564219544338
1.0355680875222304	0.8634209771462157	1.087258090484371
1.040151616186019	0.8438316454039895	1.0982093510070834
1.0444192470978453	0.8250939909176616	1.1083514384214999
1.0483393164148778	0.8074294611911011	1.1176225635190211
1.051882454480859	0.7910654208776797	1.1259660882221063
1.0550218799551874	0.7762302509791322	1.1333308907603008
1.0577336751203947	0.7631471902752166	1.139671711380678
1.0599970374487757	0.7520270463370927	1.1449494714671817
1.0617945027545688	0.7430600987712195	1.1491315591133286
1.0631121356488487	0.7364077315270656	1.1521920746516738
1.0639396835433348	0.7321945175999405	1.1541120303687695
1.0642706911032196	0.730501579803195	1.1548794995947207
1.0641025728086926	0.7313620137439835	1.1544897115119683
1.06343664212552	0.7347589623075046	1.1529450893316366
1.0622780966783683	0.7406266006495228	1.150255230884695
1.0606359597352948	0.7488538983997374	1.1464368321127307
1.058522979215649	0.759290665627246	1.1415135553609952
1.0559554862948142	0.7717551434013945	1.1355158457172245
1.0529532164681898	0.7860423104976537	1.1284806998491481
1.049539096627601	0.8019321378072864	1.1204513928224415
1.0457390022749031	0.8191971869413445	1.1114771691868353
1.041581489434557	0.8376091606367652	1.1016129051669246
1.037097506120326	0.8569442179739696	1.0909187490604848
1.032320088358365	0.8769870338021821	1.079459746914271
1.0272840457733308	0.8975336959913702	1.0673054602075334
1.022025641614844	0.9183935982330399	1.054529581627151
1.0165822718525501	0.9393905104022816	1.0412095540731248
1.0109921476166979	0.9603630056838197	1.0274261968039158
1.0052939848277656	0.9811644052466493	1.0132633411393959
0.999526704364694	1.0016623759294205	0.9988074764141659
0.9937291455885999	1.0217382899030887	0.9841474049540404
0.9879397954885003	1.0412864308674725	0.9693739027841218
0.9821965351670723	1.0602131105070507	0.9545793806348816
0.9765364048550561	1.0784357420560886	0.9398575376815924
0.9709953881470937	1.0958819046639223	0.9253029984485686
0.9656082157011023	1.1124884222857219	0.9110109215827735
0.9604081882461571	1.1282004734512525	0.8970765679383622
0.9554270184057259	1.1429707429133293	0.8835948148380843
0.9506946905665806	1.1567586223575144	0.8706596037409846
0.9462393378089357	1.169529464667047	0.8583633101097303
0.9420871347583141	1.181253894372963	0.8467960272731653
0.9382622051206325	1.1919071756461312	0.8360447606875209
0.934786542614055	1.2014686383346826	0.826192535249156
0.9316799440084537	1.2099211619938706	0.8173174260419043
0.9289599530196168	1.2172507175085725	0.8094915316977253
0.926641813874334	1.2234459657101502	0.8027799187100149
0.9247384334580301	1.2284979122966742	0.7972395735976253
0.9232603510731378	1.2323996183489339	0.7929184066250351
0.922215714968867	1.2351459657733823	0.7898543546638399
0.9216102649472389	1.236733477082426	0.7880746307402008
0.921447320502696	1.2371601890311241	0.7875951632702995
0.9217277741105865	1.2364255797590455	0.7884202589569713
0.9224500894412028	1.234530549229538	0.7905425105055839
0.9236103044392391	1.2314774529100114	0.7939429550458964
0.9252020393721578	1.2272701887901873	0.7985914731792072
0.927216510113814	1.221914337985089	0.8044474037913599
0.9296425470903272	1.2154173593100428	0.8114603378547856
0.9324666204719477	1.207788838339773	0.8195710465634897
0.93567287234521	1.199040791565469	0.8287124958215099
0.9392431567411451	1.189188026333406	0.8388109001816492
0.9431570885239956	1.1782485572744117	0.8497867740955795
0.9473921022563522	1.1662440798990419	0.8615559457250221
0.9519235222457084	1.1532005019158889	0.8740305073886926
0.9567246450383574	1.139148532597442	0.8871196858677511
0.961766835653124	1.1241243301223847	0.9007306243620092
0.9670196388333399	1.1081702061978695	0.914769075255935
0.9724509065345064	1.091335386314437	0.929140008674111
0.9780269427516733	1.073676822575277	0.9437481459778958
0.9837126666199749	1.0552600539847183	0.958498429955754
0.98947179449073	1.0361601061265546	0.9732964446804959
0.9952670413925621	1.0164624179794617	0.9880487980956569
1.0010603419328437	0.9962637777814157	1.0026634796117586
1.0068130902828023	0.9756732418528907	1.0170502035868727
1.0124863984260157	0.9548129995342095	1.031120747748917
1.0180413713440555	0.9338191332917268	1.0447892935663867
1.023439397277023	0.9128422051286216	1.0579727734301638
1.0286424506459533	0.8920475785835837	1.070591227380011
1.033613404676423	0.8716153604324177	1.082568170077504
1.0383163502381643	0.8517398196161987	1.0938309668545507
1.0427169169354764	0.8326281167528845	1.1043112160001491
1.0467825920694944	0.8144981623354697	1.1139451330234116
1.0504830327673123	0.7975754248832732	1.1226739314751244
1.053790366354032	0.7820885439359495	1.1304441940430316
1.056679473948792	0.7682636793869113	1.1372082270705208
1.0591282523073537	0.7563176570090491	1.1429243913903189
1.0611178491196345	0.7464501488120008	1.1475574024123791
1.0626328673025442	0.7388353378964765	1.1510785927483025
1.063661534302326	0.7336137219797115	1.15346613127449
1.0641958330255128	0.7308848524428221	1.1547051934049415
1.064231591736714	0.7307018293377651	1.154788078425788
1.0637685310722576	0.7330682407747837	1.1537142709929176
1.0628102671941975	0.7379379529612105	1.1514904452607784
1.0613642710190583	0.7452177793625651	1.1481304115392021
1.059441784367878	0.754772672773871	1.1436550068080358
1.0570576947664323	0.7664327838345164	1.1380919317984433
1.0542303714463446	0.7800015745040488	1.1314755386190953
1.0509814658315249	0.7952641777710925	1.123846574013572
1.0473356804168164	0.8119953237850762	1.115251884236888
1.0433205104391539	0.8299663519022732	1.1057440881964633
1.0389659630942452	0.8489510410854195	1.0953812258869986
1.0343042592585374	0.8687301760816103	1.0842263892394544
1.0293695227380972	0.8890949027873756	1.0723473422903211
1.0241974619898766	0.9098490098492937	1.0598161370556989
1.0188250490587327	0.9308103125893592	1.0467087306701726
1.0132902001616837	0.9518113220881903	1.0331046082350157
1.0076314619484525	0.9726993689894957	1.0190864144326321
1.0018877069954681	0.9933363282318308	1.0047395953303455
0.9960978415710232	1.0135980643786295	0.990152049950948
0.9903005281636772	1.0333736916914524	0.9754137891749953
0.984533924714528	1.0525647207030366	0.9606165974201861
0.9788354419548371	1.0710841445592838	0.9458536903952918
0.9732415197393997	1.0888555037756014	0.9312193601542003
0.9677874227957373	1.1058119568548033	0.9168085968151999
0.962507055889361	1.1218953758545533	0.9027166748331857
0.9574327980426783	1.1370554798803172	0.8890386908270591
0.9525953551432714	1.151249015087999	0.8758690399129903
0.948023630037434	1.1644389866725664	0.8633008185369696
0.9437446090257682	1.17659394615077	0.8514251441895289
0.9397832635562942	1.1876873357553928	0.840330386324471
0.9361624658423852	1.197696890751016	0.8301013083893525
0.9329029171124065	1.206604099815965	0.8208181280356868
0.9300230872190752	1.2143937232113748	0.8125555110056443
0.9275391643929463	1.2210533682052904	0.8053815233064716
0.9254650140098521	1.2265731210880402	0.7993565752196365
0.9238121453507059	1.2309452350703565	0.7945323983591076
0.9225896854585992	1.234163873373969	0.7909511022039303
0.9218043593379976	1.236224906888589	0.788644358189074
0.9214604758902887	1.237125765867014	0.787632756769596
0.9215599191359503	1.2368653452520966	0.787925375630885
0.9221021444338208	1.235443963367952	0.7895195858207225
0.9230841795705731	1.232863373856646	0.7924011081162493
0.9245006307570923	1.229126830894804	0.7965443160274112
0.9263436937317833	1.224239207876524	0.8019127663528328
0.9286031703325643	1.2182071698940133	0.8084599249427246
0.9312664910578916	1.211039400479399	0.8161300456933052
0.9343187442905448	1.2027468831833354	0.8248591555955155
0.9377427130034967	1.1933432386500862	0.8345760979989293
0.941518919901573	1.1828451178941048	0.8452035896237963
0.9456256820717001	1.1712726524755819	0.8566592533126368
0.9500391763134259	1.1586499621921895	0.8688565968938674
0.9547335163945454	1.1450057207231652	0.8817059176692634
0.9596808435180283	1.1303737793395452	0.8951151209346633
0.9648514312897295	1.1147938482725823	0.9089904488581076
0.9702138064352492	1.0983122345282383	0.9232371225164157
0.9757348864229503	1.0809826337317716	0.937759904735798
0.9813801350033825	1.0628669718196893	0.9524635946064307
0.987113736469303	1.0440362898437272	0.9672534662972654
0.9928987891728548	1.02457166151581	0.9820356653168537
0.9986975185070655	1.0045651280193084	0.9967175749088957
1.0044715091698753	0.9841206275621589	1.0112081640921466
1.010181956085451	0.9633548875901838	1.0254183271814992
1.0157899328675444	0.9423982349126191	1.0392612226528077
1.0212566761842323	0.921395262673018	1.0526526170932908
1.0265438838366092	0.9005052728298122	1.0655112378329052
1.0316140238127667	0.8799023888543314	1.0777591357720315
1.0364306510419237	0.8597752070062769	1.0893220579767626
1.0409587280727266	0.8403258287696397	1.100129827857549
1.0451649454563272	0.8217680971632336	1.1101167292198402
1.049018037250501	0.8043248539465189	1.119221889207044
1.0524890867961716	0.7882240543708438	1.1273896541692103
1.055551817770334	0.7736936337856928	1.1345699518010768
1.058182865503876	0.7609551270614489	1.140718632509268
1.0603620236791482	0.7502162010862794	1.1457977828919408
1.062072461794547	0.7416624619570372	1.1497760044384087
1.0633009092002508	0.7354491116074751	1.152628651065981
1.0640378020623202	0.7316932038023907	1.1543380198823023
1.0642773902872753	0.7304673277845369	1.1548934905608066
1.0640178022156603	0.7317954814742218	1.1542916099033347
1.0632610657456765	0.7356516713890618	1.152536119489194
1.0620130854476033	0.7419614283434246	1.149637925720264
1.0602835761448883	0.7506060344081166	1.1456150130100464
1.0580859543361092	0.7614289121758083	1.140492302272548
1.0554371896821042	0.7742434086605592	1.1343014581875515
1.052357619555322	0.788841146137813	1.1270806498986568
1.0488707303188174	0.8050001955486925	1.1188742707913764
1.0450029095501838	0.8224925059270188	1.1097326237597211
1.0407831738368745	0.8410902368049492	1.099711578868368
1.0362428770359569	0.8605708406698374	1.0888722105299111
1.0314154040118357	0.8807208998154573	1.0772804212279516
1.0263358548445207	0.901338826476181	1.0650065584205757
1.0210407243485846	0.922236591028589	1.0521250305568686
1.015567581473732	0.9432406614166243	1.0387139271405708
1.0099547527899648	0.9641923304967516	1.0248546464957895
1.0042410138141988	0.9849475877551733	1.0106315333527653
0.9984652914324982	1.0053766659645857	0.9961315266077585
0.9926663801346342	1.0253633670524802	0.9814438156604968
0.9868826742262611	1.0448042476282606	0.9666595016484459
0.9811519176377944	1.0636077245060056	0.9518712577498005
0.975510972424805	1.0816931443956037	0.9371729806096949
0.9699956065664419	1.0989898494046724	0.9226594229787515
0.9646403012269739	1.1154362605485955	0.9084257959960959
0.9594780772589138	1.1309789945046451	0.8945673283942431
0.9545403403992349	1.145572023810008	0.8811787694803208
0.9498567443450495	1.159175887118041	0.8683538233122491
0.9454550706914937	1.1717569536112018	0.8561845032996219
0.9413611245701144	1.1832867439287593	0.8447603997461228
0.9375986447368092	1.1937413087823523	0.8341678577613199
0.9341892268191581	1.2031006656416356	0.8244890695094842
0.9311522584379194	1.2113482933598938	0.8158010927279605
0.9285048649602176	1.2184706842938067	0.8081748163710842
0.9262618647162465	1.2244569532951937	0.8016739033653467
0.9244357326111149	1.229298502875716	0.7963537487885227
0.9230365711832477	1.2329887438404175	0.7922604981419187
0.9220720882956719	1.2355228707331307	0.7894301736111745
0.9215475807924708	1.2368976915221395	0.7878879553732022
0.9214659236063414	1.2371115110675992	0.7876476596208553
0.9218275639619319	1.2361640680449149	0.7887114451812813
0.9226305204814614	1.2340565251436748	0.7910697672227437
0.9238703871624845	1.2307915125138584	0.7947015810057032
0.9255403423612468	1.2263732245841656	0.7995747827450759
0.9276311630776298	1.2208075705258832	0.8056468602824799
0.9301312449977711	1.2141023787737972	0.812865715020101
0.9330266289062348	1.206267656136866	0.821170609505499
0.9363010342287488	1.1973159021280173	0.8304931925701647
0.9399359006059365	1.1872624792050557	0.8407585557437167
0.9439104385243562	1.1761260396307438	0.8518862799973598
0.948201690138938	1.1639290096124024	0.8637914396112816
0.9527846015052607	1.1506981312455637	0.8763855389234436
0.9576321074952249	1.1364650625274197	0.8895773668190432
0.9627152306892581	1.121267035273921	0.9032737622071608
0.9680031955159649	1.1051475700975044	0.9173802908323667
0.9734635588399553	1.0881572465786333	0.931801839288959
0.9790623580749956	1.0703545252506088	0.9464431359795475
0.9847642777181701	1.051806615816811	0.9612092110907428
0.9905328349583911	1.032590382867331	0.9760058086525417
0.9963305847083119	1.0127932759102312	0.9907397636580075
1.0021193440436043	0.9925142643412079	1.0053193563062057
1.0078604356115834	0.9718647495139897	1.0196546539347728
1.013514949099003	0.9509694147490839	1.0336578493365276
1.0190440193363484	0.9299669593465439	1.0472436020771945
1.0244091190760252	0.9090106440213995	1.0603293872827548
1.0295723639302246	0.8882685526444293	1.0728358542482164
1.0344968264092995	0.8679234495521087	1.084687195212819
1.0391468554834995	0.848172085185166	1.0958115228087166
1.0434883976214004	0.8292237797094377	1.1061412530656374
1.0474893148591684	0.8112981015951232	1.1156134894768868
1.051119695146963	0.7946214659229789	1.124170402527944
1.0543521500214459	0.7794225177913449	1.1317595982763478
1.0571620945825404	0.7659262518387322	1.1383344690621842
1.059528004820163	0.7543469570094021	1.1438545192268281
1.061431647549285	0.7448802623376225	1.1482856588203558
1.062858278570167	0.7376947728603632	1.1516004586736062
1.0637968051694742	0.7329239823990706	1.1537783608786856
1.0642399097052635	0.7306592748002767	1.1548058396323555
1.0641841317565826	0.7309448220164726	1.1546765085122404
1.0636299071432156	0.733775025988011	1.1533911715305667
1.0625815630052433	0.7390948461841381	1.1509578166924817
1.0610472690447903	0.7468029683944738	1.1473915522198845
1.0590389459414398	0.7567573948298577	1.1427144870290944
1.0565721328262316	0.7687827587241086	1.136955558413706
1.0536658165068065	0.7826785410783103	1.1301503111274769
1.050342225851148	0.7982273964749851	1.122340633135515
1.0466265953373517	0.8152029412039533	1.1135744541614372
1.0425469022451315	0.8333765626994821	1.1039054137673847
1.0381335822909437	0.8525230196300803	1.0933925060354
1.0334192286885426	0.8724247789639885	1.0820997079541133
1.0284382796526592	0.8928751625483019	1.0700955983442668
1.0232266992632106	0.9136804504101143	1.0574529735788452
1.0178216563839162	0.9346611201404487	1.0442484654746118
1.0122612059991873	0.9556524039273904	1.030562165564901
1.006583976916391	0.9765043290305618	1.0164772585286002
1.0008288692983407	0.9970813831197333	1.002079665874752
0.995034764965026	1.0172619193073806	0.9874576991022134
0.9892402528554421	1.0369373906439179	0.9727017195167498
0.9834833714898887	1.05601148214419	0.9579037997565577
0.9778013697380092	1.0743991906536894	0.9431573799345995
0.9722304866933719	1.0920258889070389	0.9285569092618416
0.9668057509936884	1.1088263994989624	0.9141974622112946
0.9615607995160164	1.1247440965837128	0.9001743168971066
0.9565277150245629	1.1397300473591772	0.8865824825914836
0.9517368820582254	1.1537422012653546	0.8735161634315204
0.9472168601164456	1.1667446319144352	0.8610681466395687
0.9429942730337331	1.178706834743154	0.8493291062413996
0.9390937133219911	1.1896030819887975	0.8383868175041275
0.9355376602008221	1.1994118356547008	0.828325283201912
0.9323464100236376	1.2081152185165775	0.8192237802409418
0.9295380178354807	1.2156985428331626	0.8111558437819153
0.9271282488606347	1.2221498961970418	0.8041882151525067
0.9251305388081766	1.2274597838480206	0.7983797886322279
0.92355596199589	1.2316208267397168	0.7937805994983018
0.922413206422225	1.2346275146778487	0.7904309003564816
0.9217085550578936	1.2364760139198545	0.7883603736911914
0.9214458727795386	1.2371640287283885	0.787587525061988
0.9216265985248624	1.2366907164967884	0.7881192933174601
0.922249742409374	1.2350566562056113	0.7899509021387091
0.9233118877078073	1.2322638701193955	0.793065962363373
0.9248071977669149	1.2283158987861988	0.7974368185648985
0.9267274280794682	1.2232179295535872	0.8030251181569015
0.9290619439105834	1.216976978957844	0.8097825686072244
0.9317977440252895	1.2096021294721255	0.8176518394883859
0.934919491218438	1.201104821206975	0.8265675617332147
0.9384095504918551	1.1914991992344377	0.8364573765958186
0.9422480358555572	1.180802517243881	0.8472429908363514
0.9464128668456211	1.1690355982184022	0.858841201548828
0.9508798359458985	1.156223352724423	0.8711648626555079
0.9556226881685538	1.1423953552035366	0.8841237742544733
0.9606132140832615	1.1275864783017613	0.8976254847715549
0.9658213575805027	1.111837584704907	0.9115760035447642
0.9712153396045079	1.0951962750813078	0.9258804276546141
0.9767617989902238	1.0777176894399092	0.9404434913553668
0.9824259513813066	1.059465357319558	0.9551700494029622
0.9881717669889124	1.0405120894988946	0.9699655070862588
0.9939621676720463	1.020940900042969	0.9847362100889836
0.9997592434796787	1.0008459420808558	0.9993898067018782
1.0055244883954273	0.9803334332431473	1.0138355936188315
1.0112190545729252	0.9595225366060972	1.0279848548094277
1.0168040238525962	0.9385461496898482	1.0417512009487016
1.022240694820072	0.9175515370260457	1.0550509147513305
1.0274908831175664	0.8967007208224225	1.0678033054170613
1.0325172321694998	0.8761705197201637	1.0799310733344218
1.037283530952119	0.8561520991143051	1.0913606842767527
1.0417550349449123	0.836849871332876	1.102022750608268
1.0458987859710969	0.8184795659903387	1.111852415536154
1.0496839262868696	0.8012652888714771	1.1207897352265013
1.0530820020345182	0.7854354133454886	1.1287800526684466
1.056067251050305	0.7712172142588558	1.1357743565367617
1.0586168700279992	0.7588302706102921	1.1417296179757581
1.060711256191864	0.7484788316399742	1.1466090982067414
1.0623342189321612	0.7403435473784711	1.1503826201392195
1.0634731572988454	0.7345731750635202	1.1530267977257762
1.0641191998258013	0.731277034669126	1.154525217616111
1.0642673038531667	0.730519041486068	1.1548685687027143
1.0639163123076572	0.732314047958385	1.1540547163663009
1.0630689667642874	0.7366269755340402	1.1520887195741139
1.0617318765177703	0.7433748540706369	1.1489827904040013
1.059915444306356	0.7524314947570487	1.144756197004244
1.05763375022267	0.7636341964405424	1.1394351123953101
1.054904396184079	0.77679169465368	1.133052412818414
1.0517483140908637	0.7916925313148466	1.125647430484343
1.0481895414497107	0.8081131279936996	1.117265666527651
1.0442549687637357	0.8258250343366252	1.1079584706865135
1.0399740633753016	0.8446010374507933	1.0977826946762508
1.0353785746876247	0.8642200118885321	1.0868003263825725
1.0305022257852214	0.8844705377126648	1.075078111855724
1.0253803964272714	0.9051534091480926	1.0626871716340933
1.0200498022129325	0.9260832044020839	1.0497026171687005
1.014548174428874	0.9470891001238202	1.036203172068571
1.0089139447054507	0.9680151042383354	1.0222708015586557
1.0031859381497856	0.9887198590928018	1.0079903519608562
0.9974030781133867	1.0090761405804385	0.9934492002072297
0.9916041052103466	1.0289701529068422	0.9787369114148977
0.9858273126503821	1.0483006954640426	0.9639449004505749
0.9801102994075863	1.066978258894573	0.949166091263001
0.9744897422271386	1.0849240919635588	0.9344945656619487
0.9690011869917802	1.1020692689365752	0.920025191300822
0.9636788595379892	1.1183537782159199	0.9058532170393208
0.9585554956358189	1.1337256464191448	0.8920738228239226
0.9536621895306557	1.1481401073462623	0.8787816109623369
0.9490282601913854	1.1615588219184365	0.8660700264417271
0.9446811342168995	1.1739491528169084	0.8540306960066807
0.940646244218893	1.185283495926896	0.8427526792899758
0.9369469414192312	1.1955386695890107	0.8323216305037409
0.9336044211695229	1.2046953619284573	0.822818876022086
0.9306376601128583	1.212737636061279	0.8143204213702336
0.9280633637566883	1.2196524926904402	0.806895910161165
0.9258959233052303	1.2254294894489963	0.8006075665853627
0.9241473807036388	1.230060416285693	0.7955091611148588
0.9228274009690914	1.2335390261940815	0.7916450449487084
0.9219432510211573	1.235860820641316	0.7890493012677806
0.9214997843714081	1.2370228891439417	0.7877450597148123
0.9214994311869965	1.23702380255527	0.7877440142907156
0.9219421934023587	1.2358635597644123	0.7890461743236167
0.9228256447154244	1.233543587654132	0.7916398642684488
0.9241449354681974	1.2300667943174004	0.7955019723499048
0.9258928025750729	1.225437675685239	0.8005984323150381
0.9280595848244689	1.2196624758655463	0.8068849086588524
0.9306332440387955	1.2127494016281068	0.8143076451454262
0.9335993927325646	1.2047088915883077	0.8228044302148866
0.9369413290560348	1.1955539407332572	0.8323056312074602
0.9406400799490375	1.1853004809891738	0.8427352518705042
0.9446744535525596	1.1739678185347329	0.8540119734758859
0.9490211020295481	1.1615791285032762	0.8660501479281747
0.953654596025855	1.1481620075614296	0.8787607203079558
0.9585475120513105	1.1337490845654463	0.8920520673213312
0.9636705340733014	1.1183786890259277	0.9058307463124626
0.9689925705846556	1.1020955763798073	0.9200021563219176
0.9744808883280562	1.0849517079669546	0.9344711178907816
0.9801012637253034	1.0670070819857487	0.9491423818900849
0.9858181528672935	1.0483306093492446	0.9639210797235571
0.9915948806669117	1.0290010250018455	0.9787131280272048
0.9973938494614221	1.0091078205214519	0.993425600729055
1.0031767669750677	0.9887521772665948	1.0079670802947358
1.0089048931208027	0.9680478703871822	1.0222479984047077
1.014539304639711	0.9471221021024336	1.036180974387718
1.0200411760580848	0.9261162071912904	1.0496811576355982
1.025372074898795	0.9051861542638804	1.0626665780749085
1.0304942685317737	0.8845027431886896	1.075058506669159
1.0353710395068383	0.8642513730525474	1.0867818259455702
1.0399670057013644	0.844631228755214	1.0977654087385156
1.044248441157073	0.8258537125308958	1.1079425017603148
1.0481835930962087	0.8081399369268595	1.1172511092812785
1.0517429903184534	0.7917171086118987	1.1256343711490437
1.0548997380046867	0.7768136803987346	1.1330409286196064
1.0576297939075125	0.7636532438076358	1.1394252710193682
1.0599122210022969	0.7524472822548549	1.1447480561121357
1.0617294119119607	0.7433870987344521	1.1489763972025973
1.0630672808036008	0.7366354460646688	1.1520841104550608
1.0639154189784852	0.7323185765589428	1.154051916621039
1.0642672110260265	0.7305195330779264	1.1548675923205454
1.0641199091679299	0.7312734723432499	1.1545260671702675
1.0634746642565713	0.7345656210454672	1.1530294643503125
1.0623365127834028	0.7403321393768929	1.1503870835972716
1.0607143201676326	0.7484637750715813	1.1466153270484267
1.0586206815003811	0.7588118276991157	1.1417375697817833
1.056071781783051	0.7711956912878072	1.1357839782417427
1.0530872184911848	0.7854111473634569	1.1287912809561695
1.0496897899904336	0.8012386349731454	1.1208024969878383
1.045905253908132	0.8184508859756482	1.1118666283792698
1.0417620600068294	0.8368195242112945	1.102038323410063
1.037291062405602	0.8561204336161232	1.0913775177642797
1.0325252161481315	0.8761378687503443	1.0799490606852855
1.0274992631267337	0.8966673976500782	1.0678223328685716
1.0222494122475239	0.917517832933368	1.0550708622094196
1.016813018477512	0.9385123327888947	1.0417719425893295
1.0112282650669606	0.9594888515503789	1.0280062596673447
1.0055338528099513	0.9803001015970398	1.0138575261611202
0.9997686997142313	1.0008131631519772	0.9994121273865737
0.9939716539199129	1.0209088520236882	0.9847587759122471
0.9881812221565939	1.040480930799398	0.9699881721249252
0.982435315479523	1.0594352280049917	0.9551926653626831
0.9767710134949198	1.077688712708007	0.9404659081378874
0.9712243477870887	1.0951685587352609	0.9259024939607123
0.9658301048072043	1.111811222589944	0.9115975675317998
0.9606216480841636	1.1275615516839597	0.8976463947861014
0.9556307592772331	1.142371934076616	0.8841438796607276
0.9508874973111179	1.156201497035391	0.8711840147787178
0.9464200746167531	1.1690153590064938	0.8588592547494149
0.9422547493436458	1.1807839376896918	0.8472598037243988
0.938415732308339	1.1914823156178251	0.8364728133869842
0.9349251073936033	1.2010896637733905	0.8265814937359705
0.9318027641084947	1.2095887232077507	0.8176641466992434
0.9290663410542154	1.2169653442743193	0.809793141376139
0.926731179108457	1.223208082883356	0.8030338588707111
0.9248102832354688	1.228307853089557	0.7974436432841338
0.9233142919448252	1.2322576353043204	0.7930708023389889
0.9222514535537756	1.2350522394613472	0.7899537051320035
0.9216276085518357	1.236688122542005	0.7881200246500006
0.9214461775184577	1.2371632599745437	0.7875861683332303
0.9217081542024026	1.2364770705501644	0.7883569311191273
0.9224121035327215	1.2346303946420283	0.7904253927194357
0.9235541644943854	1.2316255256644129	0.7937730656813706
0.9251280579652441	1.2274662948626016	0.7983702848068792
0.9271250997738956	1.2221582096741845	0.8041768136395426
0.9295342193988294	1.215708646043437	0.8111426316640478
0.9323419848861517	1.2081270951960612	0.8192088578002369
0.9355326347140751	1.1994254654844951	0.8283087622590368
0.939088117474258	1.189618439985232	0.8383688197314203
0.9429881403693914	1.1787238905574544	0.8493097615117529
0.9472102276387018	1.1667633490407392	0.8610475914598162
0.9517297901131738	1.1537625361562067	0.8734945394943621
0.9565202071645066	1.1397519484481082	0.8865599354655626
0.9615529223399577	1.1247675032152766	0.9001509948619771
0.9667975539629514	1.1088512407678066	0.9141735152333712
0.9722220219204434	1.0920520824093798	0.9285324880994154
0.9777926917469022	1.074426641157232	0.9431326353546167
0.9834745369466448	1.0560400801863628	0.9578788818428408
0.9892313202677906	1.036967011073801	0.9726767770483621
0.9950257943507291	1.0172924197944273	0.987432878981284
1.0008199218223577	0.9971126026630908	1.002055112584881
1.006575114497682	0.9765360865173496	1.0164531136075965
1.0122524908887545	0.9556844968076698	1.0305385670787375
1.0178131507165065	0.934693323311686	1.0442255474828648
1.0232184645859759	0.9137125154352898	1.0574308655853384
1.0284303764349556	0.8929068173692065	1.0700744247299805
1.0334117158179157	0.8724557283129319	1.0820795873925704
1.0381265165611666	0.8525529463849875	1.0933735508935982
1.042540337842892	0.8334051304613027	1.103887729497835
1.0466205833348006	0.8152297983890303	1.1135581386929727
1.0503368137119842	0.7982521821913074	1.1223257762721797
1.0536610476138504	0.7827008929732212	1.130136993965997
1.0565680460385098	0.768802322833525	1.136943852790748
1.0590355751886569	0.7567738372169919	1.1427044550097196
1.0610446429666789	0.7468159880521632	1.1473832456383615
1.0625797046426566	0.7391041883327079	1.1509512767558785
1.0636288336870088	0.7337804946058258	1.1533864284944089
1.0641838543592703	0.7309462902871365	1.154673581435994
1.0642404333592508	0.7306566922307498	1.1548047362206717
1.0637981286543077	0.7329173776884944	1.1537790774122667
1.062860394469838	0.7376842521350739	1.151602980031351
1.0614345423391565	0.7448660029959335	1.1482899585921462
1.059531659021651	0.7543291979885213	1.1438605599140825
1.0571664829823004	0.7659052814959098	1.1383422023611665
1.054357241950563	0.7793986607190474	1.1317689654373122
1.0511254548145328	0.7945950699094673	1.1241813347815528
1.0474957017337436	0.8112695256711863	1.1156259085180678
1.0434953668530733	0.8291933838836576	1.1061550715841735
1.0391543583589178	0.8481402221455626	1.095826645055441
1.0345048108316799	0.8678904583523102	1.084703517590346
1.029580774916404	0.8882347542165674	1.0728532659156749
1.0244178992627981	0.9089763382610856	1.0603477707650337
1.0190531094887272	0.9299324234804538	1.0472628338706995
1.0135242886135964	0.9509349027025396	1.0336778005054197
1.0078699630089676	0.9718304920264275	1.019675190694023
1.0021289974443506	0.9924804696180322	1.0053403405905397
0.9963403022881799	1.0127601306414988	0.9907610536788626
0.9905425553790647	1.032558053482066	0.9760272594484194
0.9847739405307935	1.0517752498743023	0.9612306750797176
0.9790719040946023	1.0703242528963304	0.9464644635260334
0.9734729304896755	1.0881281820128361	0.9318228792999534
0.9680123371406163	1.1051198130199673	0.9174008914010376
0.9627240888385498	1.1212406722797241	0.9032937713235215
0.9576406311773542	1.1364401684368632	0.8895966331682069
0.952792742412116	1.1506747703572122	0.8764039127911685
0.9482094028444659	1.163907236872379	0.8638087739137879
0.9439176806579006	1.1761059017142352	0.8519024314473709
0.9399426330025114	1.1872440155079496	0.8407733861570831
0.9363072210582878	1.1972991456678812	0.8305065703072579
0.9330322377838615	1.2062526343633275	0.8211824110290995
0.9301362470770791	1.2140891142889063	0.8128758265374588
0.9276355331288475	1.220796081715333	0.8056551794247573
0.9255440588360118	1.2263635261603796	0.799581220224063
0.9238734322467661	1.230783615971969	0.7947060621773768
0.9226328801379545	1.2340504391313525	0.791072233481771
0.921829227963018	1.2361597986468675	0.7887118551114889
0.9214668855584677	1.237109062005391	0.7876459898348273
0.9215478381525445	1.2368970642697663	0.7878842009893965
0.9220716423798092	1.2355240645485532	0.7894243483380162
0.9230354271679557	1.2329917557130141	0.7922526339630448
0.924433899526724	1.2293033273893668	0.7963438952687959
0.9262593554321512	1.2244635824064598	0.8016621266204762
0.9285016961612231	1.2184791070244478	0.8081611977620257
0.9311484505907439	1.211358495402759	0.8157857273529678
0.9341848041279011	1.2031126288787914	0.8244720645710316
0.9375936350859655	1.1937550107142056	0.8341493308824882
0.9413555594535089	1.1833021570128772	0.8447404773026822
0.9454489851253292	1.1717740445095897	0.8561633188216876
0.9498501767631223	1.15919461585182	0.8683315159949853
0.9545333325282621	1.1455923428208101	0.8811554828284444
0.9594706739718785	1.131000847622677	0.8945432090114764
0.9646325503724053	1.1154595818683313	0.9084009925191433
0.9699875587716447	1.099014562070668	0.9226340851463513
0.9755026808712232	1.0817191593031974	0.937147258450933
0.9811434378069644	1.0636349389249968	0.9518453008720128
0.9868740636151668	1.04483254376241	0.9666334586033423
0.9926576979397426	1.0253926105544222	0.98141783336722
0.9984565982023116	1.0054067044351302	0.9961057498130097
1.0042323710708116	0.9849782492688619	1.0106061041104981
1.0099462226208524	0.9642234222127956	1.0248297036519662
1.0155592260958024	0.9432719683570141	1.038689605811802
1.0210326056473793	0.9222678751338915	1.052101461595215
1.0263280338923346	0.9013698260845512	1.0649838678601968
1.0314079405694034	0.8807513297506262	1.0772587297125442
1.0362358290431997	0.8606003931662433	1.088851632722857
1.0407765968989726	0.8411185835364982	1.0996922228501766
1.0449968564259209	0.8225193014297444	1.1097145904196166
1.048865250418673	0.8050250823215199	1.1188576532217354
1.0523527584571541	0.7888637616504108	1.127065532802388
1.0554329886724414	0.7742633943729054	1.1342879173094207
1.0580824499850172	0.7614459244668921	1.1404804038658898
1.0602807999221056	0.7506197570238683	1.145604813350245
1.0620110633871307	0.7419715856365819	1.1496294706758607
1.0632598181652673	0.7356580412993768	1.1525294441605283
1.064017343496714	0.7317979069753839	1.1542867383372555
1.0642777287194987	0.7304657254956816	1.1548904355483083
1.0640389397562569	0.7316875686834845	1.1543367828439648
1.06330284206937	0.7354395171170645	1.1526292220279435
1.0620751796071615	0.741649055657129	1.1497783620993474
1.0603655101789624	0.7501991962886111	1.1458018947792572
1.0581870985965673	0.7609347915771212	1.1407244552205023
1.055556769772247	0.7736702770725394	1.1345774313245436
1.052494724740041	0.78819801435468	1.1273987262760943
1.049024323242095	0.8042964845776812	1.119232479905753
1.0451718370751264	0.8217377574490671	1.110128755262351
1.0409661788091504	0.8402938736865092	1.1001431972868658
1.036438610763296	0.8597419804055664	1.0893366707044485
1.0316224392500721	0.8798682182669697	1.0777748841750958
1.0265526990842155	0.900470465946793	1.0655280073601465
1.0212658332050424	0.9213601052218584	1.052670286872489
1.0157993719965337	0.9423629896419554	1.039279666091916
1.0101916165251648	0.9633197940973449	1.025437412559171
1.004481329472205	0.9840859027361842	1.0112277551355155
0.9987074370364365	1.0045309669138782	0.9967375313594243
0.9929087445468202	1.0245382385065727	0.9820558434882343
0.9871236679734072	1.0440037599594083	0.9672737196326745
0.9813899829780185	1.0628354721650408	0.9524837742457827
0.9757445926207363	1.0809522849430317	0.9377798601068356
0.9702233143482137	1.0982831422190216	0.9232567019663122
0.9648606864462458	1.1147661044409791	0.9090095003444302
0.959689793750036	1.1303474637165682	0.8951334927957487
0.9547421120760679	1.144980902049408	0.8817234594938865
0.9500473705717838	1.1586266994142929	0.8688731605081342
0.9456334309731098	1.1712509958574184	0.8566746938979273
0.9415261826130153	1.1828251100398433	0.8452177669730004
0.9377494519328518	1.1933249154378278	0.8345888779090723
0.934324925207026	1.2027302746090198	0.8248704113832813
0.9312720831947833	1.2110245314113077	0.8161396598065135
0.9286081464741738	1.2181940607385833	0.8084677906264593
0.9263480302863877	1.224227875156372	0.801918789315079
0.92450430781749	1.2291172877399181	0.7965484160374999
0.923087180963642	1.232855630409673	0.7924032204620047
0.9221044577602716	1.2354380271043977	0.7895196625486388
0.9215615358012172	1.2368612212160957	0.7879233864990696
0.9214613911272574	1.2371234568231306	0.7876286898558507
0.9218045722220096	1.2362244133898947	0.7886382201155322
0.922589198914916	1.2341651937463904	0.7909429179632442
0.923810966154357	1.230948365313047	0.7945222107526394
0.9254631527775256	1.2265780546892848	0.7993444439424169
0.9275366355663259	1.2210600958732136	0.8053675237340472
0.9300199090387802	1.2144022325185067	0.812539732752203
0.9328991115814341	1.206614374756539	0.8208006733599162
0.9361580586777324	1.1977089112097279	0.8300822905243266
0.939778284127218	1.1877010768862764	0.840309927801419
0.9437390902769467	1.176609377664847	0.8514033752142284
0.9480176083951357	1.164456072033063	0.8632778754636115
0.9525888704025135	1.1512677106121916	0.8758450638455523
0.9574258932332866	1.13707573374761	0.8890138263640427
0.962499777118828	1.1219171270212083	0.9026910689591378
0.9677798190668355	1.1058351338770538	0.9167823979324291
0.973233642740642	1.088880023544816	0.9311927172407397
0.9788273458220929	1.071109910955697	0.9458267522703954
0.9845256657624338	1.0525916231786845	0.9605895120962016
0.9902921645858838	1.033401603798797	0.9753867032739235
0.9960894331088432	1.0136268422695733	0.990125108164981
1.0018793145750937	0.9933658091631562	1.0047129399077415
1.0076231472876123	0.9727293698861056	1.0190601846730838
1.0132820253473889	0.9518416382358381	1.0330789399819098
1.0188170760985862	0.9308407165546961	1.0466837557905775
1.0241897523403003	0.9098792507574833	1.0597919829023676
1.0293621368137096	0.8891247061257683	1.072324131143324
1.0342972559277832	0.8687592442399479	1.0842042377281662
1.038959399167183	0.8489790548839226	1.0953602443959658
1.043314440154037	0.8299929733901904	1.1057243802611079
1.0473301549327036	0.8120202006005354	1.115233545937048
1.0509765327346026	0.7952869493205525	1.1238296933744563
1.0542260742779117	0.7800218801260586	1.1314601950303593
1.0570540725805504	0.7664502729405525	1.138078195462729
1.0594388713265246	0.7547870167034189	1.1436429382304862
1.0613620960322163	0.7452286843680428	1.1481200610691376
1.0628088536116922	0.7379451734002039	1.1514818526959594
1.0637678964332913	0.7330715913125642	1.1537074652556365
1.0642317475820136	0.7307011948461811	1.1547830773184868
1.064196784775787	0.7308801943974661	1.154702003451207
1.0636632812053868	0.7336050805244596	1.1534647476492006
1.0626354024500442	0.7388228293037226	1.1510789992984964
1.0611211595329049	0.7464339586912204	1.1475595717681384
1.0591323190904083	0.756298030154882	1.1429282851627487
1.0566842725052041	0.7682409074915314	1.137213796131795
1.0537958666631495	0.7820629524711841	1.1304513788816122
1.05048919971419	0.7975473603144397	1.122682662617661
1.0467893858220358	0.8144679805412616	1.1139553315136086
1.042724293361591	0.8325961731873348	1.1043227939240658
1.0383242613553003	0.851706461435974	1.0938438279014384
1.0336217991256116	0.871580920569875	1.0825822101253866
1.028651274182505	0.892012371586813	1.070606335095817
1.0234485932702253	0.9128065245064285	1.0579888308752956
1.018050881278635	0.933783250076019	1.0448061768001582
1.0124961623986641	0.9547771617845411	1.0311383274242945
1.006823047487778	0.9756376748607691	1.0170683455353398
1.0010704311314202	0.9962286847729375	1.0026820454168945
0.9952772013619468	1.0164279811559496	0.9880676456580462
0.9894819644489316	1.036126487919853	0.9733154287798336
0.9837227866239665	1.0552273984348601	0.9585174028193242
0.9780369540670203	1.073645256763085	0.9437669578678433
0.9724607519754063	1.091305021800833	0.9291585085088873
0.9670292630727249	1.108141140436087	0.9147871112837388
0.9617761855030889	1.1240966478198882	0.9007480449056183
0.9567336697017098	1.1391223070120113	0.887136340160523
0.9519321735398583	1.1531757960757507	0.8740462465202807
0.9474003348110891	1.1662209477407435	0.8615706237121074
0.9431648599549458	1.1782270446947432	0.8498002490873322
0.9392504278008375	1.1891681721534668	0.8388230358015112
0.9356796070537586	1.199022628406158	0.8287231626362623
0.9324727862293533	1.2077723934087392	0.8195801236578459
0.9296481147723342	1.2154026551006152	0.8114677144757083
0.9272214541531508	1.2219013928879443	0.8044529810122206
0.9252063378268258	1.2272590176186435	0.7985951655214031
0.9236139390493329	1.2314680673398208	0.79394469198647
0.92245304567553	1.2345229581539783	0.790542237795536
0.9217300412041228	1.2364197895599738	0.7884179396777088
0.9214488914856711	1.2371562037664725	0.7875907785655893
0.9216111366663899	1.2367312985904113	0.7880681801777659
0.9222158881011511	1.2351455936934668	0.7898458562027856
0.9232598301319263	1.2324010500593252	0.7929078961902948
0.9247372267915516	1.2285011427679267	0.7972271042875888
0.9266399336558742	1.2234509872741561	0.8027655596855392
0.9289574152287332	1.217257519542045	0.8094753668173804
0.9316767684022089	1.2099297305151848	0.8172995523180627
0.9347827526870429	1.2014789555128131	0.8261730612019693
0.9382578280523401	1.1919192192202948	0.836023804669536
0.942082201346168	1.1812676369815545	0.8467737158277369
0.9462338823851971	1.1695448730845248	0.8583397764132848
0.9506887508971237	1.1567756566381018	0.8706349861645091
0.9554206355686305	1.1429893554408224	0.8835692556486376
0.9604014064880101	1.1282206078949018	0.8970502121482125
0.9656010822689239	1.112510012463258	0.910983915942806
0.9709879530939093	1.0959048733144374	0.9252754905742542
0.9765287208173054	1.0784599995279283	0.9398296752941094
0.9821886571123308	1.0602385533694092	0.9545513108967217
0.9879317804323511	1.041312940459459	0.9693457717073268
0.9937210522799623	1.0217657308411805	0.9841193568596861
0.9995185929394839	1.0016905946041503	0.9987796534234259
1.0052859164314156	0.9811932283529297	1.0132358826790895
1.0109841839968086	0.9603922388474287	1.0273992391125488
1.0165744749237495	0.939419936988624	1.0411832296968317
1.0220180729987878	0.9184229784540469	1.054504018898403
1.0272767663176556	0.8975627664622798	1.0672807827028807
1.0323131576392859	0.8770155077406472	1.0794360728905872
1.037090981934395	0.8569717862759059	1.0908961908721109
1.0415754272858793	0.837635494099714	1.1015915686687094
1.0457334548647634	0.8192219399256101	1.1114571531302617
1.0495341133539737	0.8019549536116983	1.1204327882538152
1.0529488429429568	0.7860628286608836	1.1284635895201443
1.0559517638866756	0.7717730090020414	1.135500303518942
1.0585199446266462	0.759305540434936	1.1414996457930333
1.0606336446185678	0.7488654734322502	1.1464246097987087
1.0622765273042603	0.7406346093531117	1.1502447401450528
1.0634358391023864	0.7347631932674394	1.1529363638235766
1.064102550863816	0.7313623216409871	1.1544827739450017
1.0642714589281053	0.7304978933458173	1.1548743615285753
1.0639412437063773	0.732186843428502	1.1541086920984531
1.0631144845769784	0.7363961535750148	1.1521905251823208
1.061797630784057	0.7430447731821477	1.1491317762252342
1.060000928943944	0.7520081926233122	1.1449514218691696
1.0577383086575702	0.7631250798290519	1.1396753509478137
1.0550272285679725	0.7762051942316409	1.1333361648499625
1.05188848596161	0.7910377543404593	1.1259729320607323
1.048345993666327	0.8073995353782368	1.117630902650446
1.0444265285280085	0.8250621598186432	1.1083611892068046
1.0401594561389886	0.8437982578500441	1.0982204211653066
1.0355764367371199	0.863386370139638	1.0872703796633298
1.0307111172944508	0.8836146152775216	1.075577619911185
1.025598814774149	0.9042832414524359	1.063213087633668
1.0202761953643686	0.925206231730361	1.050251735391014
1.01478095421337	0.9462121464038774	1.03677214354872
1.0091514998099298	0.9671443768574942	1.0228561493484756
1.0034266466975985	0.9878609639269325	1.0085884859612853
0.9976453197024482	1.008234107531474	0.9940564316107936
0.9918462723132867	1.0281494682832202	0.9793494668816959
0.986067821301534	1.0475053384323636	0.9645589362302418
0.9803475991238885	1.0662117399588438	0.9497777075644315
0.9747223251309771	1.0841894919984785	0.9350998216574614
0.9692275961229101	1.1013692777344353	0.9206201212258883
0.9638976963586098	1.1176907318279266	0.9064338479054384
0.9587654267473722	1.1331015628056251	0.8926361942915911
0.953861952632856	1.1475567200173198	0.879321797912986
0.9492166693233313	1.1610176113644002	0.8665841647309307
0.9448570843269699	1.1734513756097418	0.8545150117658112
0.9408087151145976	1.1848302114297558	0.8432035219619398
0.9370950011505021	1.1951307642487854	0.8327355095479883
0.9337372288993087	1.204333571150781	0.8231925009098754
0.9307544685276067	1.2124225636830117	0.8146507441286955
0.9281635210666103	1.2193846280736245	0.8071801693414123
0.9259788748804061	1.2252092222246973	0.8008433311646416
0.9242126703872872	1.2298880487772093	0.7956943725428611
0.9228746721038822	1.2334147835476865	0.791778055363394
0.9219722472185018	1.2357848586895994	0.7891289058799167
0.9215103500473487	1.2369953000224432	0.7877705215207063
0.9214915118817508	1.2370446180877916	0.787715079622931
0.9219158358938745	1.2359327526264838	0.7889630782649356
0.9227809969304933	1.233661070317825	0.7915033255828017
0.924082246187862	1.2302324157742688	0.7953131782535305
0.9258124209242582	1.2256512159378863	0.8003590140424612
0.9279619595290525	1.2199236381723677	0.8065969092989645
0.9305189224267697	1.2130578024804197	0.813973481579915
0.9334690194496066	1.2050640483946495	0.8224268511584926
0.9367956444598354	1.1959552571824754	0.8318876733296965
0.9404799181412745	1.1857472300625034	0.8422801957985548
0.9445007400026154	1.17445912313801	0.8535233011815451
0.94883485074019	1.162113939694679	0.8655315026375973
0.9534569061883433	1.1487390803589108	0.8782158696892465
0.9583395641360354	1.134366951333204	0.8914848703409064
0.9634535853023422	1.1190356304634703	0.9052451238345285
0.96876794973486	1.1027895901741864	0.9194020652722782
0.9742499898175956	1.0856804752238562	0.9338605286220234
0.9798655409433747	1.0677679316357076	0.9485252582676397
0.9855791107158629	1.0491204808412895	0.963301361393624
0.991354067295191	1.0298164297616166	0.9780947143178755
0.9971528471881457	1.0099448028813012	0.9928123356642298
1.002937182410443	0.9896062758922926	1.007362738256126
1.008668346519037	0.968914081653755	1.0216562700512446
1.014307418533872	0.9479948474355296	1.0356054525263942
1.0198155632512704	0.9269893071116286	1.0491253228271022
1.0251543259085223	0.9060528127593599	1.062133783846682
1.0302859386074323	0.8853555470727515	1.074551964294146
1.0351736353621759	0.8650823120806223	1.0863045888242564
1.0397819721243686	0.8454317433189635	1.0973203564928296
1.0440771476774018	0.8266147764814502	1.1075323242090616
1.0480273209045838	0.80885218311615	1.116878290516796
1.0516029196423573	0.7923710035934063	1.1253011739728749
1.0547769361495387	0.7773997518608623	1.1327493796205537
1.057525204171728	0.7641623593088407	1.1391771465900757
1.0598266526678612	0.7528709706479535	1.1445448697003346
1.061663531499271	0.7437178969336483	1.1488193880807207
1.0630216047604857	0.7368672450103931	1.1519742342678005
1.0638903079488953	0.7324469336224967	1.1539898379356974
1.0642628658145914	0.7305419161902178	1.154853679361188
1.064136368483267	0.7311894055914406	1.154560388865503
1.0635118042800504	0.7343767124587982	1.1531117897680914
1.0623940485722227	0.7400419871257616	1.1505168837807034
1.0607918088629342	0.7480777647234527	1.146791779206664
1.0587175272739968	0.7583368465616689	1.1419595637319302
1.0561872424217236	0.770639793385283	1.1360501249438943
1.0532204134858065	0.784783203395475	1.1290999229362222
1.0498397099710903	0.8005479968077202	1.1211517204036092
1.046070771244262	0.8177070871079867	1.1122542764563097
1.0419419403761474	0.8360320286213525	1.102462010955646
1.0374839771258302	0.8552984374494342	1.0918346464622783
1.0327297550620915	0.875290153231793	1.080436834881538
1.0277139478336303	0.8958022278440252	1.0683377755760803
1.0224727094809283	0.916642895103096	1.0556108310951393
1.0170433534428842	0.9376347026768571	1.0423331457489664
1.0114640345678225	0.9586149863731963	1.0285852710507324
1.0057734380111154	0.9794358494922795	1.0144508005773534
1.0000104784119146	0.9999637849207246	1.0000160150937953
0.9942140122112261	1.020079051094618	0.985369536879983
0.98842256542391	1.0396748882977789	0.9706019901447829
0.9826740786278549	1.0586566406059488	0.955805662272949
0.9770056704019766	1.0769408315858464	0.941074158514871
0.9714534199455925	1.0944542284066874	0.9265020407092147
0.9660521691569139	1.1111329188128225	0.9121844388718973
0.9608353440465544	1.126921417839897	0.8982166231750446
0.9558347950187788	1.1417718156575847	0.8846935231972757
0.9510806552715135	1.1556429739907046	0.8717091816017929
0.9466012163462726	1.168499775801533	0.859356130852872
0.9424228196992482	1.180312430993299	0.8477246844559586
0.9385697630613035	1.1910558395796569	0.8369021386769904
0.9350642203026103	1.2007090128819518	0.8269718868122518
0.9319261735114375	1.2092545527386924	0.8180124556990453
0.9291733560298812	1.2166781883499624	0.8100964828872735
0.9268212052558202	1.2229683701705196	0.8032896620561629
0.9248828241139383	1.2281159201650662	0.7976496929117878
0.9233689502136193	1.2321137377171392	0.7932252788005759
0.9222879318428316	1.2349565605178419	0.7900552194400022
0.9216457100904857	1.2366407798369445	0.7881676464834038
0.9214458065416277	1.2371643096854785	0.7875794454771128
0.9216893161474398	1.2365265095071285	0.7882958990957877
0.922374905033181	1.2347281601783535	0.7903105739989295
0.923498813170296	1.2317714932480475	0.7936054585214168
0.9250548620025539	1.2276602735009796	0.7981513424284187
0.9270344672790448	1.222399935079556	0.8039084150177719
0.9294266575077599	1.2159977715399726	0.8108270456432982
0.9322180986006279	1.2084631803451864	0.8188487024870078
0.9353931254320511	1.1998079624011935	0.8279069617019955
0.9389337811753474	1.1900466773158505	0.8379285597781307
0.9428198654113978	1.1791970550894417	0.848834446476978
0.9470289921169022	1.167280464917509	0.8605408028976052
0.951536658730794	1.154322441677056	0.8729599979851409
0.9563163275608713	1.1403532704454207	0.8860014659533362
0.96133952082238	1.1254086290213792	0.8995724957382094
0.9665759305898172	1.1095302878150801	0.9135789310839026
0.9719935448864016	1.0927668655541938	0.9279257858183816
0.9775587910267993	1.075174637887397	0.9425177831852721
0.9832366971630253	1.0568183939719331	0.9572598308237216
0.9889910727575306	1.0377723332640696	0.9720574443149382
0.9947847084196966	1.0181209906652322	0.986817132387337
1.0005795951928247	0.9979601724975024	1.001446756153526
1.0063371629713742	0.9773978779823447	1.0158558733894052
1.0120185372685804	0.9565551703947504	1.0299560770755785
1.017584813051733	0.9355669482642283	1.043661335384146
1.0229973438283417	0.9145825494048987	1.0568883381531065
1.0282180436162383	0.8937660990220698	1.0695568527568178
1.0332096988820263	0.8732964882003326	1.081590090238398
1.0379362870050461	0.853366842490216	1.09291508068208
1.0423632973394588	0.8341833157339771	1.1034630551183646
1.0464580505269852	0.81596302795264	1.1131698298088792
1.0501900113786948	0.7989309673110048	1.1219761875788397
1.053531090415689	0.7833157067672903	1.1298282499732757
1.0564559290526416	0.7693438586135106	1.1366778334222125
1.0589421634379397	0.7572333140183788	1.1424827823162556
1.0609706621377681	0.747185489689624	1.1472072719163926
1.062525733171376	0.739377013307423	1.1508220743409363
1.0635952963670563	0.7339514863843276	1.1533047814702406
1.0641710176029449	0.7310121133363814	1.1546399794590902
1.0642484022070873	0.7306160209086581	1.154819370611674
1.0638268455953606	0.7327709735260571	1.1538418396111692
1.0629096400970386	0.7374349190655755	1.1517134624549463
1.0615039378259903	0.7445184266222112	1.1484474578721653
1.0596206703687105	0.7538896900373986	1.1440640824353294
1.0572744269463952	0.7653814607449038	1.1385904719631124
1.0544832935362332	0.7787991051888138	1.1320604330922892
1.0512686561791011	0.7939289723732903	1.1245141900199662
1.047654972333335	0.8105463774633075	1.1159980923376511
1.0436695146389365	0.8284227030795623	1.1065642905577018
1.0393420918213103	0.8473313336041157	1.0962703863404937
1.0347047516825956	0.8670523262153704	1.0851790645464048
1.0297914712023954	0.887375862772404	1.0733577140483228
1.0246378387046877	0.9081046144815873	1.0608780437443015
1.0192807328555153	0.9290551935931441	1.0478156994103385
1.01375800295264	0.9500588753207386	1.0342498859414269
1.0081081545726682	0.9709617611560782	1.0202629981632318
1.002370044174254	0.9916245319286254	1.005940261782262
0.9965825857396478	1.0119219124967684	0.9913693842128343
0.9907844719926429	1.0317419442417355	0.9766402130185352
0.9850139121792728	1.0509851388417923	0.9618443975924481
0.9793083878568213	1.0695635679851379	0.947075047551281
0.9737044276227457	1.0873999287473486	0.9324263792355515
0.9682374012409924	1.1044266128970546	0.9179933398238372
0.9629413331988628	1.1205847998208223	0.9038711970522205
0.9578487353599509	1.135823586480184	0.8901550815863694
0.9529904580717102	1.1500991632965623	0.8769394689627349
0.9483955588411854	1.1633740416593352	0.8643175889568394
0.9440911875084038	1.1756163365168257	0.8523807525050631
0.9401024867209156	1.186799105971131	0.8412175901105671
0.9364525064405834	1.1968997487560147	0.830913201112676
0.933162131189545	1.2058994597875805	0.821548220236274
0.9302500187601788	1.213782743536644	0.8131978161793124
0.9277325491675982	1.2205369847066072	0.8059306460834024
0.9256237827064197	1.2261520755603295	0.7998077987226072
0.9239354260804218	1.2306200991885294	0.7948817670641217
0.9226768056989108	1.2339350680259735	0.7911954963149133
0.9218548473725247	1.236092716982583	0.7887815555590073
0.9214740617899866	1.2370903506520192	0.7876614787998263
0.9215365353128837	1.236926744180573	0.7878453143544034
0.9220419257854817	1.2356020975167215	0.7893314104624002
0.9229874632190617	1.2331180429099364	0.7921064507093296
0.9243679553738435	1.2294777056803814	0.7961457370019319
0.9261757984249399	1.2246858184334013	0.8014137022400188
0.9284009930607179	1.218748889038536	0.8078646213209623
0.9310311665208494	1.2116754228261561	0.8154434791401055
0.9340516012352613	1.2034761995689278	0.8240869486657667
0.9374452708715355	1.194164605902093	0.8337244311389712
0.9411928847337864	1.1837570238855946	0.8442791135155316
0.9452729415765789	1.172273276408595	0.85566900451255
0.949661793998222	1.159737130063706	0.8678079188882506
0.9543337246532887	1.1461768559469123	0.8806063887017622
0.9592610355684746	1.1316258485305475	0.8939724892496906
0.9644141518525849	1.1161233022543227	0.9078125753945391
