1.0	1.0	1.0
1.0057491595518238	0.9800593271691324	1.0142573297547275
1.0114387320562908	0.9598018219897417	1.0282508937807182
1.017031413165152	0.9393489578959096	1.0418981967371381
1.0224900247203204	0.9188353739508945	1.055119106933201
1.0277777888796968	0.8984093048101267	1.0678361817924817
1.0328586126162698	0.878232728052864	1.0799750027608301
1.037697379727365	0.8584811162660578	1.091464519380117
1.0422602470431352	0.8393426587303401	1.1022374007130957
1.0465149411222985	0.8210167992141723	1.1122303909550126
1.050431051387317	0.8037119287186344	1.1213846649324282
1.053980315398344	0.7876420839499828	1.129646178289867
1.0571368918112323	0.7730225443398983	1.1369660065154044
1.059877616522769	0.7600643023725818	1.1433006665664476
1.062182237585481	0.7489675087587302	1.1486124147300765
1.0640336246797921	0.7399141602435495	1.1528695144849554
1.0654179492629738	0.7330604828236369	1.1560464685135443
1.0663248319667826	0.7285296294336876	1.1581242096260778
1.0667474543782254	0.7264054103768826	1.1590902461760952
1.0666826329946935	0.7267277618130892	1.1589387585385273
1.0661308538754888	0.7294905096828362	1.157670644346609
1.0650962672927031	0.7346417182027621	1.1552935113991882
1.063586642489131	0.7420865773252798	1.1518216184078434
1.0616132834519711	0.7516924594693691	1.1472757650044645
1.059190907381124	0.7632955357448916	1.1416831336257007
1.056337488244181	0.7767082300732454	1.1350770869842006
1.053074068443717	0.7917268099168607	1.1274969257851133
1.0494245421570578	0.8081385342199513	1.1189876121125915
1.0454154143298273	0.8257279548854922	1.109599464464222
1.04107553960292	0.8442821511389691	1.099387830727985
1.0364358456241587	0.8635948332328025	1.0884127454604644
1.0315290452420969	0.8834693668255532	1.0767385776281286
1.0263893420064247	0.9037208399479636	1.0644336745139968
1.0210521332176674	0.9241773274733126	1.0515700067748668
1.0155537144922953	0.9446805137505273	1.0382228186703881
1.0099309894543822	0.9650858227789381	1.024470286291167
1.004221187749616	0.9852621853117316	1.010393185211203
0.9984615941203796	1.005091549405694	0.9960745674093741
0.9926892908001868	1.0244682187725251	0.9815994455830529
0.9869409149992677	1.0432980836979673	0.9670544811630678
0.9812524327763049	1.0614977929886085	0.9525276704969478
0.9756589301377243	1.078993902400508	0.9381080218799278
0.9701944217867549	1.095722024959727	0.9238852144878917
0.9648916775682209	1.111626001021793	0.9099492289385342
0.9597820663277431	1.1266571003379	0.8963899383413343
0.9548954166292175	1.1407732643499093	0.8832966484849752
0.9502598935533988	1.1539383940459222	0.8707575764615205
0.9459018906324255	1.1661216866714883	0.8588592587475001
0.9418459358578346	1.1772970231758275	0.8476858827297229
0.9381146106293925	1.1874424073035619	0.8373185399831728
0.9347284804843035	1.1965394565925294	0.8278344052642286
0.9317060364559229	1.20457294511526	0.8193058519883224
0.9290636459525308	1.2115303975400835	0.8117995225196426
0.9268155121146333	1.2174017339416305	0.8053753792881333
0.924973640698508	1.2221789647272876	0.8000857697423654
0.9235478136396044	1.225855935043431	0.7959745435002492
0.9225455685678455	1.2284281180669008	0.793076262836294
0.9219721836744087	1.229892456661538	0.7914155470847692
0.9218306674633764	1.2302472529779993	0.7910065872346399
0.9221217530596288	1.2294921056905554	0.7918528590243139
0.9228438968848098	1.2276278946914305	0.793947051834428
0.9239932816549504	1.2246568131963562	0.797271217736079
0.9255638237953783	1.2205824473496212	0.8017971316162836
0.9275471855099322	1.215409903548326	0.8074868408933329
0.9299327918812046	1.209145983828916	0.8142933732976603
0.932707853515195	1.2017994097691294	0.8221615644803365
0.9358573953755467	1.1933810954491364	0.8310289642518395
0.9393642925771251	1.1839044700794417	0.8408267809441434
0.9432093140230275	1.173385850930463	0.85148082717839
0.9473711748695074	1.1618448671765862	0.8629124363657817
0.9518265988854712	1.1493049351779043	0.875039326613054
0.9565503918322473	1.1357937855400972	0.8877763964311673
0.9615155270200331	1.1213440419804646	0.9010364439978918
0.9666932441943357	1.10599385153379	0.9147308081577675
0.9720531628634863	1.0897875648816013	0.9287699345372162
0.9775634110919371	1.0727764644790048	0.9430638739878942
0.9831907706492604	1.0550195365418331	0.9575227230808198
0.9889008392183475	1.036584280650047	0.9720570176930977
0.9946582101264377	1.0175475474655007	0.9865780910499322
1.0004266697692863	0.9979963905253064	1.0009984071179552
1.0061694125540181	0.9780289118516764	1.015231879196065
1.0118492727944353	0.9577550727445607	1.0291941820997825
1.0174289725606116	0.9372974300941203	1.04280306463894
1.0228713840220378	0.9167917444179838	1.055978667271398
1.0281398043423615	0.8963873883509879	1.0686438479756877
1.0331982406982694	0.8762474637103486	1.0807245175988112
1.0380117025215683	0.856548512585151	1.0921499842598998
1.042546497619807	0.8374796855605507	1.1028533048704596
1.0467705284353812	0.8192412125071844	1.112771640501812
1.0506535843744205	0.802042015048432	1.1218466112166248
1.0541676258924682	0.7860963139611898	1.1300246451042895
1.0572870558796006	0.7716191299216418	1.1372573156338772
1.0599889738560007	0.758820661717778	1.1435016610722284
1.0622534085791104	0.7478996565769216	1.1487204796111068
1.0640635248798418	0.7390360560558324	1.1528825940022653
1.0654058008874407	0.7323833858183368	1.155963079901585
1.066270172264578	0.7280615198704676	1.1579434527545138
1.0666501406449478	0.7261505407304953	1.158811808888729
1.0665428441288312	0.7266863927118815	1.1585629174831475
1.0659490884271887	0.7296588660200193	1.1571982612157499
1.0648733380277793	0.7350121729628235	1.1547260246118765
1.0633236675611293	0.7426480408913898	1.1511610303721036
1.0613116743424456	0.7524309274065248	1.146524625205358
1.0588523538305574	0.7641947334825119	1.1408445178798918
1.0559639404511683	0.7777502903609452	1.1341545732857554
1.0526677168564074	0.7928929267636619	1.126494567235233
1.0489877952171904	0.8094095513920142	1.117909907475561
1.0449508745551042	0.8270848635603419	1.108451326921083
1.0405859784076255	0.8457064864777589	1.0981745554069566
1.0359241772809835	0.8650689713934766	1.0871399763083336
1.0309983003805685	0.884976731674717	1.0754122741496477
1.0258426410261483	0.9052460328030245	1.0630600788473394
1.0204926599689992	0.925706194473258	1.0501556114914123
1.0149846905445248	0.946200164866511	1.0367743355880488
1.0093556492336566	0.9665846148593212	1.0229946164740515
1.003642754787336	0.9867296795189314	1.0088973901970049
0.9978832586092907	1.0065184513367642	0.9945658415624584
0.992114188611424	1.0258463076800552	0.9800850893194838
0.9863721082706074	1.0446201356384215	0.9655418746385006
0.9806928921410252	1.062757501440931	0.9510242471954914
0.9751115186257905	1.0801857988962817	0.9366212413996143
0.9696618803962713	1.0968414015063304	0.9224225336962271
0.9643766124757678	1.1126688355361314	0.908518070582066
0.9592869376816421	1.1276199858974805	0.8949976561509022
0.9544225288500476	1.141653342773423	0.8819504878398059
0.9498113870511399	1.154733294107266	0.869464629777755
0.9454797348392153	1.1668294671060295	0.857626414955976
0.9414519234691422	1.1779161205381101	0.8465197705155019
0.9377503529440077	1.1879715886686089	0.8362254648789935
0.9343954037344724	1.19697777704897	0.8268202812132074
0.9314053790226681	1.2049197099709896	0.8183761285931557
0.9287964563672445	1.2117851291452935	0.8109591098332161
0.9265826477559164	1.2175641430264559	0.8046285726127549
0.9247757671025171	1.2222489261496998	0.7994361774171257
0.9233854043525044	1.2258334678456584	0.7954250209889073
0.9224189054800102	1.2283133697444177	0.7926288565102976
0.921881357787499	1.229685691556647	0.7910714508789377
0.9217755800531996	1.2299488447195368	0.7907661148241029
0.9221021172095221	1.2291025336117705	0.7917154333618492
0.9228592393761503	1.2271477441691183	0.7939112128726064
0.9240429452131438	1.2240867798654964	0.7973346480479114
0.9256469697012573	1.2199233451586446	0.8019566985473061
0.927662796597829	1.2146626766303685	0.8077386529480594
0.9300796759559357	1.2083117221735926	0.8146328477795328
0.9328846472306846	1.2008793686870523	0.8225835030222364
0.9360625686276569	1.1923767188270902	0.8315276328043311
0.9395961534722083	1.1828174174271924	0.8413959909998836
0.9434660144915141	1.1722180282197423	0.8521140154422028
0.9476507170001811	1.1605984614677394	0.8636027406533157
0.9521268420605634	1.1479824530183191	0.8757796563975493
0.9568690607457635	1.1343980950985397	0.888559497087953
0.9618502206613587	1.119878418849425	0.9018549543665068
0.9670414458757852	1.1044620280831001	0.9155773115176039
0.9724122513636893	1.0881937829741328	0.9296370034577122
0.97793067297647	1.0711255312537908	0.9439441097665359
0.9835634138155217	1.0533168828185855	0.9584087906299166
0.9892760076932052	1.0348360212945698	0.9729416767941116
0.9950330001226751	1.0157605427555907	0.9874542248795004
1.000798146980496	0.9961783071433369	1.001859048880295
1.006534630637713	0.9761882815697053	1.0160702375884905
1.0122052929602858	0.9559013461234354	1.0300036662055945
1.0177728841456337	0.9354410215535628	1.043577308696537
1.0232003258981601	0.9149440638241075	1.0567115556192006
1.0284509869652176	0.894560852811093	1.0693295403264311
1.0334889685705158	0.8744554816128893	1.081357474659261
1.0382793968109123	0.8548054302114932	1.0927249935871075
1.0427887186426386	0.8358006850884411	1.1033655067462713
1.0469849976928458	0.8176421493567195	1.113216553515711
1.0508382058103063	0.800539182911828	1.1222201571747439
1.0543205060325622	0.7847061282839085	1.1303231728306256
1.0574065225112	0.7703577258606625	1.1374776231990054
1.0600735929146976	0.7577034112401596	1.1436410159752115
1.0623019989281424	0.7469406212795142	1.1487766364514052
1.0640751706951537	0.7382474063141405	1.1528538092092666
1.065379861398673	0.7317748305262076	1.1558481231383508
1.0662062886475834	0.727639800747644	1.157741614677315
1.0665482399138948	0.7259190471951062	1.1585229050222943
1.0664031399338236	0.7266449451110444	1.158187288060107
1.0657720787247942	0.7298036966754803	1.1567367669240312
1.0646597996547653	0.7353361092995452	1.154180038292073
1.0630746478039954	0.7431408685545012	1.15053242480421
1.0610284796548062	0.7530798898686465	1.1458157572169665
1.0585365359051269	0.7649851126022615	1.140058209092374
1.0556172799012313	0.7786660110094412	1.1332940878878346
1.052292204801779	0.7939171363033043	1.1255635872318774
1.0485856131006612	0.8105251379313182	1.116912505902034
1.0445243725365796	0.8282748916507434	1.1073919395355682
1.0401376526943338	0.8469545422300119	1.097057951379369
1.0354566467533883	0.8663594191706748	1.0859712284072371
1.030514282865553	0.8862948911049501	1.0741967288936982
1.0253449295524943	0.9065782882289233	1.0618033270328942
1.0199840993163063	0.9270400499004134	1.04886345943492
1.0144681543668514	0.9475242568346173	1.0354527773319133
1.0088340180047533	0.9678886941598052	1.02164980709963
1.0031188947768825	0.9880045708462604	1.0075356202704255
0.9973600020604995	1.0077559981225257	0.9931935126107015
0.9915943152511045	1.0270393077025415	0.9787086900990211
0.9858583282445371	1.0457622716036519	0.9641679578209931
0.98018783043129	1.0638432696065698	0.9496594059601143
0.9746177009735136	1.0812104379354661	0.9352720852965692
0.9691817207234825	1.0978008231464835	0.9210956630398681
0.9639124017745251	1.1135595580175457	0.9072200485558668
0.9588408343171512	1.1284390709398198	0.8937349777733001
0.9539965502074939	1.1423983364829193	0.8807295449644246
0.9494074024431698	1.1554021720771452	0.8682916713987961
0.945099459582249	1.1674205838372689	0.8565075022734712
0.9410969140316657	1.1784281632217262	0.8454607264954679
0.9374220030682922	1.188403535312979	0.8352318184227748
0.9340949414343341	1.1973288588980533	0.8258972065197887
0.9311338643635335	1.2051893781358787	0.817528380834926
0.9285547799404105	1.2119730253581855	0.8101909588301441
0.9263715297661196	1.2176700744199604	0.8039437367270245
0.9245957569963621	1.2222728439633828	0.7988377603332549
0.9232368809245894	1.2257754499644162	0.794915454323168
0.9223020774034931	1.2281736069786262	0.7922098512458765
0.9217962645261133	1.229464477581277	0.790743960408949
0.9217220931221807	1.2296465695980028	0.7905303118950068
0.9220799417634424	1.2287196808396512	0.7915707024760469
0.9228679161121439	1.2266848911827075	0.7938561588003135
0.9240818525883939	1.2235446019699847	0.7973671201134259
0.9257153264738269	1.2193026228403245	0.8020738294052481
0.9277596647098796	1.213964306226179	0.8079369097568667
0.9302039637880052	1.2075367298793045	0.8149080930944133
0.9330351132648604	1.200028927891997	0.8229310624140121
0.9362378255660345	1.1914521707681272	0.8319423661702005
0.9397946728647668	1.1818202951570265	0.8418723647370946
0.9436861319342176	1.1711500838839861	0.8526461730500018
0.9478906379694562	1.1594616968801994	0.8641845698432055
0.9523846484539875	1.146779153513442	0.8764048513571008
0.9571427182004635	1.13313086662161	0.8892216150984488
0.962137586720947	1.1185502282159698	0.9025474664736355
0.9673402790732806	1.1030762462946857	0.9162936473681438
0.9727202212814726	1.0867542314122591	0.9303705907300748
0.9782453713346624	1.0696365304784408	0.9446884088383107
0.9838823666270404	1.0517833035616375	0.9591573252491651
0.9895966885070703	1.0332633370453959	0.9736880615664049
0.9953528443569455	1.014154883066798	0.9881921903651006
1.0011145673226711	0.9945465104138856	1.0025824650310962
1.0068450334638928	0.9745379455610335	1.0167731361566055
1.0125070956953182	0.9542408737992495	1.0306802626371032
1.0180635334555956	0.9337796589745896	1.0442220238949338
1.0234773165746172	0.9132919257540429	1.0573190378314108
1.0287118813288043	0.8929289304021444	1.0698946872760204
1.0337314161905797	0.8728556250881115	1.081875455931246
1.0385011543094536	0.8532502979734415	1.0931912731600237
1.042987669325818	0.8343036494013034	1.103775865472447
1.0471591707331462	0.8162171480640509	1.1135671112719339
1.0509857946881656	0.7992005071212467	1.1225073943439865
1.054439885938976	0.7834681382593789	1.1305439507321926
1.0574962664132255	0.7692344922009215	1.137629203059736
1.0601324859945307	0.7567082862346183	1.143721076028283
1.062329051123732	0.7460857559704431	1.148783286761329
1.0640696270960541	0.7375432411417308	1.1527856038509314
1.065341210284552	0.7312295992261383	1.1557040694029523
1.066134266997686	0.7272590952371897	1.1575211790368125
1.0664428362626217	0.7257054922696701	1.1582260156541961
1.0662645944990026	0.7265980238071196	1.1578143338131357
1.065600880789482	0.729919750438083	1.1562885926894375
1.0644566822387247	0.7356085147071636	1.1536579368317212
1.0628405797154183	0.7435603693865974	1.1499381251716865
1.060764655064574	0.7536350450746693	1.1451514099885391
1.058244361633162	0.7656628109248259	1.139326368697521
1.0552983606457869	0.7794520025712227	1.1324976923914771
1.051948326576595	0.7947965387312043	1.1247059359699545
1.0482187251708617	0.8114828863825553	1.115997235406766
1.0441365681614754	0.8292961150521155	1.1064229982052418
1.0397311489937364	0.8480248595634521	1.0960395733489057
1.035033764013818	0.8674651583348008	1.084907907059804
1.0300774235944012	0.8874232384223368	1.0730931904203527
1.0248965575725235	0.907717379430232	1.0606645043972502
1.019526719170925	0.9281790141014764	1.0476944670340336
1.0140042912795546	0.9486532243719785	1.0342588865642839
1.0083661986052757	0.968998777785809	1.0204364229579794
1.0026496287732511	0.9890878281548562	1.0063082589727017
0.9968917650016288	1.0088053814640037	0.9919577801699627
0.9911295324899916	1.0280486064017031	0.9774702616144346
0.9853993601785805	1.0467260500839501	0.9629325571519567
0.979736959064678	1.064756804050341	0.948432785328308
0.9741771178177242	1.082069653356108	0.9340600042528363
0.9687535160262783	1.098602232178636	0.9199038661421028
0.9634985550457454	1.1143002023100417	0.9060542410402564
0.95844320610132	1.1291164657301593	0.8926007984758001
0.9536168750388023	1.1430104187132375	0.8796325357750264
0.9490472829076476	1.155947252257418	0.867237242621074
0.9447603614047235	1.1678973017543675	0.8555008934279058
0.9407801621011179	1.1788354475196803	0.8445069623552877
0.9371287783140949	1.1887405669207574	0.8343356604070591
0.9338262784672435	1.197595038249294	0.8250630999820148
0.9308906497987708	1.2053842961052923	0.8167603992549903
0.9283377513253545	1.2120964378282777	0.8094927464088358
0.9261812750416495	1.217721880386775	0.8033184513451436
0.9244327144284137	1.2222530670894434	0.7982880192145598
0.9231013394507503	1.2256842234896506	0.7944432849702829
0.9221941773481861	1.2280111619049443	0.7918166502482845
0.9217159986469456	1.229231134052959	0.7904304625184093
0.921669307959197	1.2293427314076226	0.7902965713213121
0.9220543392722153	1.2283458329975057	0.7914160877043808
0.9228690555707711	1.2262416004962808	0.7937793614330534
0.9241091527774993	1.2230325205885464	0.7973661773811487
0.9257680681375041	1.2187224947280255	0.8021461591713539
0.9278369933141245	1.2133169765346958	0.808079356148711
0.9303048926014673	1.2068231571978654	0.8151169804005366
0.9331585267946061	1.1992501993582045	0.823202254629666
0.9363824833883004	1.1906095200269387	0.8322713295547121
0.9399592138972336	1.1809151231571056	0.842254230938704
0.9438690792019361	1.1701839824997027	0.8530758007066885
0.9480904039209431	1.158436475342966	0.8646566030211664
0.9525995408869247	1.1456968676264783	0.8769137736815348
0.9573709468575825	1.131993850715812	0.8897617989120541
0.9623772706157411	1.117361129778635	0.9031132167878121
0.9675894546018978	1.1018380631636362	0.9168792407259375
0.9729768511712193	1.0854703513700452	0.9309703093675318
0.9785073544707883	1.0683107729974197	0.9452965707120226
0.9841475487877266	1.0504199633307054	0.9597683105998254
0.9898628740217538	1.031867228739589	0.9742963367229485
0.9956178086853169	1.0127313865845473	0.9887923294751388
1.0013760705310752	0.9931016154817972	1.0031691703444068
1.007100834552726	0.9730782941671973	1.017341257401783
1.012754967705833	0.9527737983354708	1.0312248159276767
1.0183012792578578	0.9323132132194579	1.0447382104889282
1.023702785210998	0.9118349048954034	1.0578022629542654
1.0289229847601524	0.891490875184296	1.0703405791061702
1.0339261462661036	0.8714468039224539	1.0822798847444641
1.0386775997573792	0.851881659586558	1.093550370535706
1.043144032541141	0.8329867375276241	1.1040860433845905
1.0472937841223187	0.8149639691677479	1.113825080821153
1.0510971363193218	0.7980233426410803	1.1227101838356768
1.0545265942411608	0.7823792950032155	1.1306889227705583
1.0575571536697008	0.7682459888563375	1.137714070308172
1.0601665503840458	0.7558314808633793	1.1437439152834783
1.0623354870797954	0.7453309286370084	1.1487425510009497
1.064047833777643	0.7369191564619246	1.1526801319419466
1.0652907979818305	0.7307430835976295	1.1555330931982577
1.0660550613324802	0.7269146700702761	1.1572843276400169
1.0663348800845225	0.7255051049158587	1.1579233166941556
1.0661281474227977	0.7265409104235945	1.1574462116385267
1.0654364163666457	0.7300024501592962	1.155855863466685
1.064264882803349	0.7358250350330809	1.1531618006040447
1.0626223289916141	0.743902483085721	1.1493801550099618
1.0605210286664284	0.7540926836688645	1.144533538433298
1.0579766156283117	0.7662245119877555	1.1386508717530233
1.0550079183883097	0.7801053682674025	1.1317671713850517
1.0516367640431825	0.7955286696892416	1.1239232976306996
1.0478877550553845	0.8122807653438016	1.1151656705456316
1.0437880229966592	0.8301469258843696	1.1055459593924075
1.0393669635746403	0.8489162370218096	1.0951207519835038
1.034655957396367	0.8683853712542581	1.0839512102112414
1.0296880809338314	0.8883613136102001	1.0721027177899274
1.0244978120520272	0.9086631757485458	1.0596445257039973
1.0191207342509172	0.9291232567068899	1.0466494000706323
1.0135932434738988	0.9495875084487551	1.033193276098562
1.0079522609635958	0.9699155498941451	1.0193549205744539
1.0022349552193	0.9899803518974304	1.0052156038584552
0.9964784756476215	1.009667692783319	0.9908587807519929
0.9907197000169167	1.028875462583846	0.9763697778540706
0.9849949973436453	1.0475128755103333	0.961835483199253
0.9793400073699903	1.065499634911849	0.9473440321397257
0.9737894373496873	1.0827650829039908	0.9329844816843759
0.9683768764533991	1.0992473576039374	0.9188464639541418
0.9631346277439533	1.1148925739870854	0.9050198081980195
0.958093557360569	1.129654039301272	0.8915941201104309
0.9532829602927251	1.143491510307396	0.8786583071955194
0.9487304419192302	1.1563704970056734	0.8663000398479581
0.9444618143351832	1.1682616156748338	0.8546051398654213
0.9405010063861237	1.1791399927834358	0.8436568914364927
0.9368699862708739	1.188984720468979	0.8335352743366841
0.9335886955576171	1.1977783637053891	0.8243161250572205
0.9306749934764202	1.2055065189095109	0.8160702386458915
0.928144610400294	1.2121574235132437	0.8088624316979249
0.926011109500665	1.21772161590853	0.8027505945154596
0.9242858556568362	1.2221916451284145	0.797784767090527
0.9229779908081118	1.2255618296384256	0.7940062783010634
0.9220944150578679	1.2278280646640942	0.7914469896369598
0.9216397729677026	1.2289876775618174	0.7901286832139229
0.9216164446143088	1.2290393308434908	0.7900626285014333
0.9220245411198689	1.2279829725838325	0.7912493533138637
0.9228619045070767	1.2258198340676882	0.7936786329563607
0.9241241118711981	1.2225524746678371	0.7973296981985908
0.9258044840029198	1.21818487407729	0.8021716494542698
0.9278940987361619	1.2127225721490755	0.8081640526700358
0.930381809433422	1.2061728567161787	0.81525768322938
0.933254269156106	1.1985449998692022	0.823395378472582
0.9364959611967532	1.1898505432531317	0.8325129575028293
0.940089236771539	1.180103632999446	0.8425401685535165
0.9440143607817582	1.1693214049253564	0.853401628684732
0.9482495666483243	1.1575244205942326	0.8650177270672333
0.9527711212992225	1.144737154720453	0.8773054706403112
0.9575534014413631	1.1309885341901005	0.8901792586153807
0.9625689822701565	1.1163125286160318	0.9035515794367704
0.9677887397569204	1.100748791794933	0.9173336299236827
0.9731819676007475	1.0843433526045185	0.931435861141636
0.9787165098328603	1.067149352658733	0.9457684590144788
0.9843589099138014	1.0492278262734198	0.9602417698554607
0.9900745769642018	1.0306485157768184	0.9747666820230788
0.9958279695169645	1.0114907116558811	0.9892549749945083
1.001582796873034	0.9918441021142821	1.0036196465073763
1.0073022377870957	0.9718096099095418	1.0177752272488108
1.0129491758085867	0.9515001853536926	1.0316380910442884
1.0184864501648478	0.9310415126095871	1.0451267667638588
1.023877120607164	0.910572571482536	1.0581622563369766
1.0290847441594482	0.8902459786434537	1.070668361440833
1.034073661228182	0.8702280110176301	1.0825720196710402
1.0388092880675797	0.8506981912812357	1.0938036493713656
1.0432584121636814	0.8318482938600318	1.1042975008321476
1.047389486723701	0.8138806144041193	1.1139920102967742
1.0511729201505873	0.7970053437337515	1.1228301521666761
1.054581356164487	0.7814369082843443	1.1307597839861798
1.057589940117425	0.7673891936713393	1.1377339782320626
1.0601765670468624	0.7550696647641165	1.1437113346359438
1.0623221071357085	0.7446725366209052	1.1486562667315712
1.0640106044940625	0.7363713256461162	1.1525392565378925
1.0652294455496112	0.7303112929214854	1.1553370717494398
1.0659694938219921	0.7266024397962684	1.1570329404875839
1.0662251884491112	0.7253137805725666	1.1576166795418
1.0659946045131408	0.7264695591118093	1.1570847730646188
1.065279473959254	0.7300478843177752	1.1554403998369929
1.064085166686489	0.7359819623097352	1.1526934084472868
1.0624206321908278	0.7441637646567395	1.1488602409793163
1.0602983029282993	0.7544496709441351	1.1439638070337812
1.0577339613139758	0.7666674255466239	1.13803331106523
1.0547465729563459	0.7806236834809597	1.1311040370581578
1.0513580893241632	0.7961114793966527	1.1232170954502387
1.047593223536913	0.8129170987825775	1.114419137903134
1.0434792033478792	0.8308260124301675	1.1047620459936576
1.0390455056429324	0.8496277114127058	1.0943026001294682
1.0343235769064631	0.8691194229605457	1.083102134970549
1.0293465441113505	0.889108786713651	1.0712261873543472
1.024148920380109	0.9094156274394865	1.0587441421792483
1.018766309550994	0.9298729828195745	1.0457288809047967
1.0132351134806195	0.9503275438679473	1.032256436290411
1.0075922455404467	0.9706396506148834	1.0184056557353538
1.0018748533365067	0.9906829643140348	1.0042578741256363
0.996120053218395	1.0103439146132358	0.9898965954696454
0.9903646786628588	1.0295209987965022	0.9754071808541234
0.9846450441359104	1.0481239917689646	0.9608765384285566
0.9789967255702225	1.0660731103485694	0.9463928092981991
0.9734543581543076	1.083298163517451	0.9320450414639715
0.968051451726865	1.0997377111693634	0.91792284240688
0.9628202237113612	1.1153382470740179	0.9041159997197297
0.9577914492175319	1.1300534167810834	0.8907140585133192
0.9529943276808109	1.1438432775806058	0.8778058443662096
0.9484563652082965	1.1566736050722348	0.8654789215572902
0.944203271649496	1.1685152490965771	0.853818978420046
0.9402588713089977	1.1793435405375081	0.8429091350453811
0.9366450261624124	1.1891377496575883	0.8328291733084036
0.9333815704217063	1.1978805960656014	0.8236546952394176
0.9304862553161225	1.2055578100536863	0.8154562228509528
0.9279747030049269	1.2121577448235603	0.8082982602024067
0.9258603686128687	1.2176710390061216	0.8022383460403835
0.9241545094735923	1.2220903288377492	0.7973261319235984
0.9228661607757833	1.2254100093698073	0.7936025253679477
0.9220021169277031	1.2276260441409501	0.7910989393310236
0.9215669180847748	1.2287358228242669	0.7898366876306799
0.9215628414194191	1.2287380664651992	0.7898265603945972
0.9219898968504742	1.2276327800450897	0.791068604617849
0.9228458270897452	1.2254212522336942	0.7935521231514931
0.9241261120044074	1.2221061023271749	0.7972558921927055
0.9258239774351418	1.217691374501259	0.802148584086221
0.9279304087500991	1.212182679637782	0.8081893704696006
0.9304341695528926	1.2055873851017938	0.815328671740506
0.9333218260973558	1.1979148529504138	0.8235090132865558
0.9365777780907951	1.1891767271372329	0.8326659471539763
0.9401842966883606	1.179387270329394	0.8427289995806221
0.9441215705907503	1.1685637509680749	0.8536226094201138
0.9483677612518898	1.1567268811627347	0.8652670290393769
0.9528990682780409	1.143901305895192	0.8775791668231478
0.9576898061500205	1.1301161437929754	0.890473358091969
0.9627124934205872	1.1154055793718671	0.9038620583411556
0.9679379555241933	1.0998095060873472	0.9176564587661209
0.9733354422809611	1.0833742186922162	0.9317670288025662
0.9788727610762091	1.0661531521592476	0.9461039938123303
0.9845164265471362	1.0482076626372387	0.9605777581583587
0.9902318274066314	1.029607843356418	0.9750992848933777
0.9959834107793096	1.0104333648096107	0.9895804433375415
1.0017348841174012	0.990774323559611	1.0039343351514038
1.0074494344067249	0.9707320772367993	1.018075608320497
1.0130899639708173	0.9504200342117767	1.0319207669304595
1.0186193417419518	0.9299643545625662	1.0453884828717046
1.024000668401495	0.9095045039011429	1.0583999137859215
1.0291975533114133	0.8891935832449189	1.0708790297435502
1.034174400678675	0.8691983368378338	1.0827529493911459
1.0388967019314095	0.8496987170400502	1.0939522846831633
1.0433313308579157	0.8308868640193756	1.1044114918548031
1.0474468376853987	0.8129653429627497	1.114069225032464
1.051213737972761	0.7961444802899406	1.1228686878402463
1.0546047919778274	0.7806386625270162	1.1307579775630132
1.0575952700487206	0.7666615176094469	1.1376904158813044
1.0601631995934004	0.7544199968732858	1.143624859907732
1.06228958930825	0.7441075184879644	1.14852598722906
1.063958626599086	0.7358965088494632	1.1523645488868035
1.0651578445040115	0.7299308603639706	1.1551175846986317
1.0658782549197126	0.7263189696190157	1.15676859601234
1.0661144455284977	0.72512808031978	1.1573076718656223
1.0658646385052124	0.7263805920219111	1.156731565563538
1.0651307098295224	0.7300527989872169	1.1550437198407695
1.0639181688153445	0.7360762235978761	1.152254240002517
1.0622360982687293	0.7443413706526052	1.1483798156882499
1.0600970564710046	0.7547034310898575	1.1434435931278253
1.0575169429288425	0.7669892704640794	1.1374750009118455
1.0545148305125551	0.781004977895428	1.1305095333326587
1.0511127671968883	0.7965433145821407	1.1225884962286445
1.0473355511076017	0.8133905482177206	1.1137587209477644
1.0432104829496942	0.8313323419268397	1.1040722525089588
1.0387671001420713	0.850158541476123	1.0935860182613835
1.034036897106729	0.8696668458753347	1.082361483308518
1.0290530361614354	0.8896654437358111	1.0704642986711015
1.0238500533510957	0.909974752791037	1.0579639476103753
1.018463563336305	0.9304284213640281	1.0449333947283623
1.012929967152752	0.9508737488212343	1.031448741417557
1.0072861662791492	0.9711716667668993	1.0175888899668002
1.0015692860223362	0.9911964012449889	1.0034352171676144
0.9958164107646016	1.0108349134357801	0.9890712566374005
0.990064333137939	1.0299861951161224	0.9745823873235316
0.9843493187095417	1.0485604768596064	0.960055523828773
0.9787068872971387	1.066478391987384	0.9455788023733959
0.9731716115943491	1.08367012749652	0.9312412544736898
0.9677769333852188	1.100074584182297	0.9171324588867491
0.9625549972710443	1.115638561439904	0.9033421611927579
0.9575365015265274	1.1303159772980502	0.8899598497329697
0.9527505654488974	1.1440671306801018	0.8770742766930814
0.9482246123634314	1.1568580103601351	0.8647729141284501
0.9439842673004554	1.1686596533084999	0.8531413368701124
0.9400532682596228	1.1794475538958717	0.842262527685208
0.9364533899230683	1.1892011245915215	0.832216104860691
0.9332043786651407	1.1979032082379004	0.8230774784650393
0.9303238977276173	1.2055396416288442	0.8149169486624277
0.9278274814801992	1.2120988699054474	0.8077987671309753
0.9257284977614154	1.2175716111718167	0.8017801901726523
0.9240381173898679	1.2219505706943303	0.7969105586199559
0.9227652900456155	1.2252302040629082	0.7932304441847524
0.921916725842545	1.2274065287470315	0.7907709035640633
0.9214968820416533	1.2284769835625284	0.789552879762268
0.9215079544897045	1.2284403356695335	0.7895867844611847
0.9219498735058019	1.2272966348412009	0.79087228613856
0.9228203040785136	1.2250472148713305	0.7933983168076482
0.9241146503772345	1.2216947421221143	0.79714329697383
0.9258260647224597	1.2172433113461307	0.8020755651731479
0.9279454612996374	1.211698589044805	0.8081539867589971
0.9304615350391335	1.20506800474395	0.8153287076633299
0.933360786219046	1.1973609906702356	0.8235420134532705
0.9366275514762183	1.1885892703941032	0.8327292523703881
0.9402440420311818	1.178767197056753	0.8428197829020165
0.9441903900417524	1.1679121418108853	0.853737911118877
0.9484447040936843	1.156044933062463	0.8654037896185237
0.9529831349106991	1.1431903469837725	0.8777342574821108
0.957779952415414	1.129377649547727	0.8906436083137989
0.9628076352918818	1.1146411899687028	0.9040442805016703
0.9680369741842736	1.0990210448678819	0.9178474698533282
0.9734371896094819	1.0825637116286473	0.931963669474014
0.9789760655593722	1.065322848155258	0.9463031451097361
0.984620099617153	1.0473600544383543	0.9607763562476913
0.9903346702091612	1.0287456887521849	0.9752943342114058
0.9960842213570413	1.009559707683665	0.9897690285104812
1.001832464986507	0.9898925141711196	1.0041136320152282
1.0075426004903922	0.9698457908850265	1.0182428943225006
1.013177550840726	0.9495332871310921	1.0320734311335797
1.0187002141047947	0.9290815155060539	1.0455240357215232
1.0240737287538517	0.9086302993909002	1.0585159967388276
1.0292617506729778	0.8883330939028052	1.070973424796019
1.0342287393015261	0.8683569815919709	1.0828235884964785
1.0389402498722449	0.8488822213974564	1.0939972589948515
1.0433632282914915	0.8301012081251649	1.1044290606959646
1.047466304831332	0.8122166850199983	1.1140578244592636
1.051220082504834	0.7954390513490682	1.1228269386443137
1.0545974157853246	0.7799826299709334	1.1306846925437986
1.0575736752234215	0.7660608171390417	1.1375846062140598
1.060126993523726	0.7538801365717656	1.1434857404361503
1.0622384887737237	0.7436333634430571	1.1483529805230477
1.0638924607735156	0.7354920602181977	1.1521572879247803
1.0650765567942644	0.7295990475601669	1.1548759140591887
1.0657819035881524	0.7260614770484337	1.1564925714909804
1.0660032030704343	0.724945229439519	1.1569975584673629
1.0657387897773187	0.7262712947871882	1.1563878338599267
1.0649906489503018	0.7300145904326645	1.154667040718915
1.0637643948835038	0.7361053710366162	1.1518454778724232
1.062069209968893	0.7444330471334828	1.1479400202516334
1.0599177456577904	0.7548519335794875	1.1429739898452222
1.0573259872992014	0.767188260059611	1.136976980333878
1.0543130854918727	0.7812477203124129	1.129984639484773
1.0509011571762088	0.7968229032162767	1.122038414255533
1.0471150601772001	0.8137000977380838	1.1131852642334457
1.042982145278007	0.831665146161417	1.1034773494907424
1.0385319901487227	0.8505081942674669	1.0929716991505287
1.0337961195743517	0.8700273271234449	1.0817298669174582
1.028807716423486	0.8900311749639773	1.0698175795269063
1.0236013276824167	0.9103406274993361	1.0573043835071716
1.018212569660322	0.9307898155124177	1.044263294838299
1.0126778361645212	0.9512265163398733	1.0307704550413501
1.00703401306761	0.9715121242898707	1.0169047959617277
1.0013182022586762	0.991521305488322	1.0027477140440277
0.9955674575071579	1.0111414339023446	0.9883827532654721
0.9898185342880905	1.0302718841645166	0.9738952941413842
0.9841076551379719	1.0488232386411407	0.9593722443929936
0.9784702916460614	1.0667164513328156	0.9449017250452549
0.972940963749031	1.0838819995096913	0.9305727439917763
0.9675530565975892	1.1002590450546708	0.9164748475424315
0.9623386549094368	1.1157946208214489	0.9026977393028337
0.9573283944186776	1.130442852431131	0.8893308550987027
0.9525513297801783	1.1441642224115034	0.8764628827515438
0.9480348180888318	1.1569248810823238	0.8641812165458173
0.9438044170268682	1.168696006837111	0.852571338401605
0.9398837965544365	1.1794532172605994	0.841716121235493
0.936294663005649	1.1891760316979243	0.8316950548214652
0.9330566944393738	1.1978473853451834	0.8225834005788923
0.9301874861160478	1.2054531945812617	0.8144512888542366
0.9277025050232923	1.2119819730511558	0.807362779944695
0.9256150524488804	1.217424497901684	0.8013749176318707
0.9239362336947288	1.221773525533656	0.7965368104710732
0.9226749341356222	1.2250235562506802	0.7928887805580117
0.9218378009475152	1.227170647239886	0.7904616210799231
0.9214292299593552	1.228212273403641	0.7892760020072738
0.9214513572168493	1.2281472356660799	0.7893420575593916
0.921904054984591	1.2269756164975942	0.7906591798663866
0.9227849320529451	1.2246987825289828	0.7932160313694059
0.9240893383569918	1.221319434259913	0.7969907752085649
0.9258103740556457	1.21684170299898	0.8019515096402526
0.9279389033588776	1.2112712953004148	0.8080568808857485
0.9304635735285913	1.2046156852803864	0.8152568399577792
0.9333708396126429	1.196884355298521	0.8234935037031106
0.9366449955997596	1.1880890855711752	0.8327020787609066
0.9402682128031041	1.1782442933342498	0.8428118090804381
0.9442205863887148	1.16736742218424	0.8537469123867355
0.9484801910581664	1.1554793821823697	0.865427477623254
0.953023146968025	1.1426050411877569	0.8777703029796841
0.9578236970170916	1.1287737676626541	0.8906896617657749
0.9628542966507443	1.1140200248246022	0.9040979904379023
0.9680857173145614	1.098384015448097	0.9179064990670799
0.9734871646316199	1.0819123757590778	0.9320257092161006
0.9790264122747604	1.0646589156036905	0.9463659275133197
0.9846699523527984	1.0466854002499313	0.9608376652491437
0.9903831629254471	1.0280623665841928	0.9753520152404263
0.9961304930044642	1.0088699628159445	0.9898209972101174
1.0018756650889202	0.9891987957501015	1.004157882225199
1.007581894923371	0.9691507628011576	1.0182775055222648
1.0132121277643351	0.9488398367224048	1.0320965754991396
1.0187292900005909	0.9283927590173638	1.0455339849054177
1.0240965545066762	0.9079495827954159	1.0585111284387971
1.0292776176293996	0.8876639873169169	1.0709522291363778
1.0342369852289937	0.8677032651073275	1.0827846742088003
1.0389402647365256	0.8482478597659497	1.093939359352166
1.0433544597651667	0.8294903114478668	1.1043510391279996
1.0474482634433138	0.8116334525416151	1.1139586797557823
1.0511923463403636	0.7948876958214948	1.122705809639558
1.0545596346479231	0.7794672810259194	1.130540862167481
1.0575255741749037	0.765585403881839	1.1374175047931638
1.060068375725715	0.753448252250198	1.1432949481367
1.062169237564001	0.7432481184200889	1.1481382288315984
1.0638125409228234	0.7351559331288484	1.1519184600850054
1.0649860149035515	0.7293137476817536	1.1546130443989338
1.0656808676022789	0.7258278325690449	1.1562058435985747
1.0658918809015487	0.7247631155811548	1.1566873022018889
1.0656174670489174	0.72613961222289	1.1560545212074773
1.064859685890783	0.7299312985188983	1.1543112805344946
1.0636242224152115	0.7360675732571671	1.151468009574011
1.06192032505464	0.7444371194676883	1.147541706557938
1.0597607059810934	0.7548936817861313	1.1425558086708643
1.0571614053665104	0.7672630899728772	1.13654001597431
1.0541416222545492	0.7813508061683488	1.1295300732374571
1.050723515276678	0.7969493420367368	1.1215675146332893
1.0469319769274144	0.8138450418281052	1.1126993769300781
1.0427943854791328	0.8318239098217817	1.1029778872579463
1.0383403388589043	0.8506763341962565	1.092460131738676
1.0336013749267368	0.8702006983651742	1.0812077112213951
1.02861068258973	0.8902059656551826	1.0692863900616418
1.0234028080680064	0.9105133762302013	1.0567657433177684
1.0180133604076709	0.9309574151168534	1.0437188069239045
1.0124787200283822	0.9513862075722771	1.0302217343456774
1.006835753715333	0.9716614823277747	1.016353461952096
1.0011215390356483	0.991658221640846	1.002195383868933
0.9953731006958293	1.0112640943788245	0.9878310354474025
0.9896271608775773	1.030378747302175	0.9733457827280687
0.9839199051107131	1.0489130116168495	0.9588265134575533
0.978286764778529	1.0667880670891334	0.9443613233951192
0.9727622169152573	1.083934594399772	0.9300391899193465
0.9673796015573466	1.1002919375421676	0.9159496234293547
0.9621709565573353	1.115807291448262	0.9021822858768118
0.9571668694661917	1.1304349251771544	0.88882656513984
0.9523963458396406	1.144135447507763	0.8759710940574235
0.9478866931266197	1.1568751192951294	0.8637032039938598
0.943663419152254	1.1686252152108743	0.8521083049964207
0.9397501441107238	1.1793614362868259	0.8412691880994119
0.9361685249311353	1.189063373864764	0.8312652501779162
0.9329381908672296	1.1977140250137186	0.8221716478878293
0.9300766891842167	1.2052993591299819	0.8140583943801541
0.9275994398678964	1.2118079352277529	0.8069894201611065
0.9255196983572357	1.2172305693206875	0.8010216269784243
0.9238485253968189	1.221560051258973	0.796203970065696
0.9225947632156981	1.224790910403447	0.7925766085115642
0.9217650173603033	1.2269192295738984	0.7901701650524289
0.9213636436381016	1.227942506792815	0.7890051345760428
0.9213927397631052	1.2278595644507329	0.7890914748411477
0.9218521414321931	1.226670505638703	0.7904284036575746
0.9227394227010721	1.2243767175218987	0.7930044148588946
0.9240499006694457	1.2209809217611467	0.7967975120982118
0.9257766446256277	1.2164872721216222	0.8017756463061098
0.9279104899404574	1.2109014995353735	0.807897331048246
0.9304400571377941	1.2042311050019194	0.8151124012189468
0.9333517767025787	1.1964856008133942	0.8233628752601607
0.9366299203154437	1.187676800671177	0.8325838796168669
0.9402566393225208	1.1778191593115979	0.8427045961350417
0.9442120113572343	1.1669301622685393	0.8536491978906052
0.9484740961235397	1.1550307663560926	0.8653377455996121
0.9530190014228481	1.1421458913343974	0.8776870243451799
0.9578209605547617	1.12830496299749	0.8906113080028191
0.962852422239504	1.1135425075518346	0.9040230457760763
0.9680841541921987	1.0978987965792961	0.9178334712154489
0.9734853614207584	1.0814205410153437	0.9319531387496711
0.9790238202154238	1.0641616313063091	0.9462923960561636
0.984666028645111	1.0461839190796736	0.9607618026163135
0.9903773741709779	1.027558033055304	0.9752725057041232
0.9961223187299307	1.008364218264178	0.9897365850463915
1.001864601330843	0.9886931825711165	1.0040673766793842
1.0075674578469653	0.9686469275920856	1.0181797853076007
1.013193857284603	0.94833953187128	1.0319905929163347
1.0187067533684317	0.9278978421493446	1.0454187696434256
1.0240693498180873	0.9074620133210074	1.0583857910905121
1.029245377211697	0.8871858191409542	1.0708159644385093
1.0341993788546853	0.8672366343628874	1.0826367639937937
1.038897002613231	0.8477949662637546	1.093779175182235
1.0433052952489705	0.8290533924279787	1.1041780445675566
1.0473929954233667	0.8112147473526629	1.113772432228943
1.0511308212444808	0.7944894004276106	1.1225059618140165
1.0544917480224745	0.7790914918569366	1.130327162804817
1.0574512717974305	0.7652340515835807	1.1371897990083257
1.059987654215377	0.7531230273791782	1.1430531770157417
1.0620821444630302	0.7429503929579769	1.1478824283662716
1.063719174231437	0.7348866835937682	1.151648759395072
1.064886522060976	0.7290734871422678	1.1543296632274425
1.0655754439173701	0.725616559489948	1.1559090890812567
1.0657807674475743	0.7245802866980491	1.1563775649285242
1.0655009480480544	0.7259841443994295	1.155732270609927
1.064738085624366	0.7298016010748961	1.1539770596523486
1.0634979017053974	0.7359616082812697	1.1511224292638436
1.0617896773716002	0.7443524840679676	1.1471854392253775
1.0596261532368052	0.7548277038903445	1.1421895816155763
1.0570233934615059	0.7672129285763589	1.1361646044461629
1.0540006164474196	0.7813135477604435	1.1291462933073
1.0505799954476769	0.7969220868544126	1.1211762159837557
1.046786432807156	0.8138249759708339	1.1123014356706382
1.0426473119112407	0.831808361561509	1.1025741988641027
1.038192231161676	0.850662814669048	1.0920516042079773
1.0334527244136844	0.8701869280911008	1.0807952585290577
1.0284619723024737	0.8901898890216193	1.0688709259864146
1.023254508767723	0.9104931663063754	1.0563481756946116
1.0178659268634616	0.9309314710889911	1.043300032364498
1.0123325876327658	0.9513531468317039	1.0298026334512058
1.0066913354489146	0.9716201289103845	1.0159348950255227
1.0009792227951155	0.9916075923729039	1.0017781871165954
0.995233246991955	1.0112033837696124	0.9874160176425721
0.9894901009031205	1.0303073119561519	0.9729337222926472
0.9837859391720497	1.048830354720972	0.9584181559027273
0.9781561610796906	1.0666938233615482	0.943957379048181
0.9726352106787813	1.0838285157575582	0.9296403318526072
0.967256394463006	1.1001738796505767	0.91555648549893
0.9620517164773618	1.1156772012446905	0.9017954607749548
0.9570517304739996	1.1302928294136874	0.8884466023654767
0.9522854084682087	1.14398144232144	0.8755984977167441
0.9477800248525127	1.1567093607911278	0.8633384303573086
0.9435610550816587	1.1684479110276194	0.8517517597610944
0.9396520878447333	1.1791728381013495	0.8409212233371354
0.936074749588745	1.1888637707898535	0.8309261609887398
0.9328486402459829	1.1975037378343452	0.8218416688249855
0.9299912790401191	1.2050787353243422	0.8137376957628328
0.9275180592979727	1.2115773447174136	0.8066781044415925
0.9254422112698948	1.216990400894358	0.800719725374787
0.9237747720569806	1.2213107096150488	0.7959114397041265
0.9225245618533373	1.2245328137574596	0.7922933303376277
0.9216981658326906	1.2266528077781966	0.7898959427630768
0.9212999211375221	1.2276681999170709	0.7887396947917604
0.9213319085632148	1.2275778217731428	0.7888344686808998
0.9217939486674055	1.2263817849989422	0.7901794098026608
0.9226836021744589	1.224081484987946	0.7927629441031224
0.9239961746855794	1.2206796515629978	0.796563013290762
0.9257247258455713	1.2161804468055808	0.8015475135104324
0.927860083256726	1.2105896102930882	0.8076749116743961
0.9303908615675568	1.2039146521285602	0.8148950048442173
0.9333034872976167	1.1961650942493463	0.8231497828364365
0.9365822300874243	1.187352760581379	0.8323743527717444
0.9402092411819784	1.1774921166561534	0.8424978863033626
0.9441646000642235	1.166600659317492	0.8534445550575106
0.9484263702472717	1.154699357100278	0.865134426488745
0.9529706653066878	1.1418131417430593	0.8774842999397501
0.9577717262817779	1.1279714510718395	0.8904084703376706
0.9628020115923264	1.1132088231219104	0.9038194139819399
0.9680323005992565	1.0975655407892797	0.9176283968302034
0.9734318118790934	1.0810883254397798	0.9317460103350781
0.9789683371782366	1.0638310766363752	0.9460826431726965
0.9846083918600513	1.045855653314547	0.9605488992146295
0.9903173824530314	1.0272326891286412	0.9750559729910496
0.9960597916506444	1.0080424310295866	0.9895159938777777
1.001799380803685	0.9883755850632605	1.003842349523455
1.0074994095869219	0.9683341464718811	1.0179499978120314
1.0131228721188064	0.9480321819551267	1.0317557751013586
1.0186327483737643	0.9275965199148568	1.0451787067328637
1.023992269261462	0.9071672892776748	1.058140323983386
1.0291651932691217	0.8868982289576881	1.0705649898163938
1.034116092086391	0.8669566686617541	1.082380234053576
1.0388106421740937	0.8475230590292125	1.0935170969806791
1.043215918816252	0.828789908055046	1.1039104789630234
1.047300688827372	0.810959966478541	1.1134994924067727
1.0510356977920938	0.7942435048709849	1.1222278113852346
1.0543939475085504	0.778854549232611	1.1300440134727963
1.057350959204613	0.7650060004582379	1.1369019078045022
1.0598850181088968	0.7529036641548897	1.142760843113111
1.0619773950932387	0.742739361952233	1.1475859894878044
1.0636125413630733	0.7346834719395149	1.1513485878429848
1.0647782525541702	0.7288774260592915	1.1540261615680152
1.065465799091008	0.7254268331027843	1.1556026855282158
1.0656700202606328	0.7243959488822498	1.1560687084755141
1.0653893801386822	0.7258041432096268	1.1554214259689453
1.0646259842496828	0.7296248093203842	1.1536647020599418
1.0633855566270913	0.735786857991633	1.150809039220118
1.0616773777333308	0.7441786021286529	1.1468714972323761
1.05951418447916	0.7546535461229948	1.1418755629812143
1.0569120343188285	0.7670374099583833	1.1358509742177798
1.0538901360682846	0.7811356671833952	1.1288335013950583
1.0504706506772654	0.7967409456257037	1.120864692528834
1.0466784656654444	0.8136397900009353	1.1119915867066277
1.042540947295885	0.8316184677415684	1.1022664023126012
1.0380876747990289	0.8504676722935174	1.0917462062413756
1.0333501610756484	0.869986116332652	1.0804925703253183
1.028361564301134	0.8899831014676928	1.0685712208926144
1.023156394734073	0.9102802034723568	1.0560516868085055
1.017770220811208	0.9307122316800949	1.043006950536703
1.0122393783033439	0.9511276183692942	1.029513105705039
1.0066006859295336	0.9713883781906317	1.0156490233873432
1.0008911703979972	0.9913697560975905	1.0014960278468037
0.9951478033799737	1.0109596595843424	0.987137580856344
0.9894072524447772	1.0300579500495288	0.9726589719599725
0.9837056475071767	1.0485756500766246	0.9581470102193479
0.9780783638763447	1.066434108709546	0.9436897111723023
0.9725598225615016	1.0835641552392286	0.9293759710065075
0.9671833080928041	1.0999052631878292	0.9152952184393126
0.9619808037644753	1.115404739589201	0.901537033640483
0.9569828439054366	1.1300169498406512	0.8881907229136554
0.952218382533376	1.1437025849256313	0.8753448379643234
0.9477146775516556	1.1564279753386209	0.8630866296377898
0.9434971895033729	1.168164454313908	0.8515014282088715
0.9395894938003642	1.1788877717652462	0.8406719457995999
0.9360132052930015	1.1885775595320194	0.8306775013549671
0.9327879140345283	1.1972168479893313	0.821593174742514
0.9299311311161998	1.2047916337354068	0.8134889036933208
0.9274582435012941	1.211290497863961	0.8064285449832872
0.9253824768619384	1.2167042742225174	0.8004689287569596
0.9237148655177432	1.2210257670226	0.7956589413387015
0.9224642286850981	1.2242495171849275	0.7920386762990539
0.9216371523668364	1.2263716168584518	0.7896386950617441
0.9212379763407212	1.2273895716361483	0.7884794363107966
0.9212687858393152	1.2273022100951876	0.7885708076615635
0.9217294076513541	1.2261096404082024	0.7899119837888251
0.9226174105143065	1.2238132539005577	0.7924914232880664
0.92392810980824	1.2204157755609335	0.7962871032460357
0.9256545767014709	1.2159213616445876	0.8012669573127996
0.9277876520377735	1.2103357446357446	0.8073894914787808
0.9303159653920355	1.2036664259527632	0.81460454297505
0.9332259598546062	1.1959229168816587	0.8228541424848835
0.9365019232322325	1.1871170283037755	0.8320734383915388
0.9401260264728092	1.1772632098339022	0.8421916437941106
0.9440783702289397	1.1663789389953207	0.853132971813166
0.9483370405676586	1.1544851610137181	0.8648175313726342
0.9528781749061211	1.141606779692224	0.8771621632284498
0.9576760393007031	1.127773199606108	0.8900812036562483
0.9627031182345035	1.1130189194865279	0.9034871702342515
0.9679302180304058	1.0973841760893015	0.9172913701112677
0.9733265849584585	1.0809156369839428	0.9314044357987002
0.9788600390027508	1.0636671394344952	0.9457367968168161
0.9844971241003414	1.0457004707184958	0.9601990975393295
0.9902032754605127	1.0270861826310105	0.9747025724796449
0.9959430043155361	1.007904429268609	0.9891593902496408
1.0016801001449944	0.9882458121310986	1.003482976707964
1.0073778500573647	0.9682122096905397	1.0175883265959613
1.0129992746103071	0.9479175593753182	1.0313923114069155
1.0185073789126315	0.9274885479138203	1.044813989490159
1.0238654173865482	0.90706515078742	1.0577749225692274
1.0290371700912322	0.8868009430482827	1.070199501040622
1.0339872280328062	0.8668630824329636	1.082015278684556
1.03868128442821	0.8474318430165889	1.093153315812716
1.0430864284688808	0.8286995566073417	1.103548528440122
1.0471714377629742	0.8108688047655234	1.1131400398289886
1.0509070653399577	0.794149704263461	1.12187152973552
1.0542663168954212	0.7787561526662976	1.1296915759133608
1.0572247138512971	0.764900958947144	1.1365539819019113
1.059760537818652	0.7527898847745181	1.1424180848602583
1.0618550521841108	0.7426147663489098	1.1472490371981636
1.0634926967995086	0.7345460628355059	1.1510180559978807
1.064661252135103	0.728725357558535	1.1537026347007906
1.065351969752025	0.7252584792360066	1.1552867122299357
1.0655596665467166	0.7242099641840124	1.155760795605192
1.0652827809014336	0.7255995095102796	1.1551220331471865
1.0645233896188473	0.7294008644239242	1.153374236518513
1.0632871853008419	0.7355433042297655	1.150527851071508
1.0615834146252032	0.7439154954032373	1.1465998752132194
1.0594247787521047	0.7543712683665619	1.1416137307119096
1.0568272978286992	0.7667366294846928	1.1355990870082444
1.0538101422306276	0.780817291971725	1.128591643613812
1.0503954337627022	0.7964060742748722	1.1206328755400472
1.046608020520602	0.8132896641831441	1.1117697473679793
1.0424752294789716	0.8312544288183886	1.1020544020162613
1.0380266011120127	0.8500911236093984	1.0915438304716845
1.0332936104687847	0.8695984917521562	1.0802995287002193
1.0283093791204159	0.8895858400418825	1.0683871476519935
1.0231083822781946	0.9098747297005375	1.0558761417116085
1.0177261551618273	0.9302999406266148	1.0428394201329745
1.0121990023908232	0.9507098648393676	1.0293530049481776
1.0065637137958723	0.9709664692069293	1.0154956975711498
1.0008572896192505	0.9909449460059127	1.0013487548533644
0.9951166776119452	1.0105331472212724	0.986995573722037
0.9893785240580634	1.0296308775087608	0.9725213817822537
0.9836789402805108	1.048149102703725	0.9580129294465567
0.9780532857205481	1.0660091160332454	0.943558177338917
0.972535968249954	1.0831416926104152	0.9292459709960079
0.9671602619781146	1.0994862539466375	0.9151656933743944
0.9619581424647602	1.114990057618047	0.9014068845136693
0.9569601389472291	1.129607422389069	0.8880588170778582
0.9521952029415486	1.1432989956134316	0.875210016599789
0.9476905923797874	1.1560310672589578	0.8629477162962879
0.94347177030066	1.1677749331688045	0.8513572385053201
0.9395623170134161	1.1785063089740397	0.8405212982738124
0.9359838546026834	1.1882047952588914	0.8305192294614419
0.9327559826293773	1.1968533940401946	0.8214261398458271
0.9298962239048887	1.204438076277321	0.8133120088550161
0.9274199792671578	1.210947399922259	0.806240749230312
0.9253404903627397	1.2163721779121457	0.8002692614315144
0.9236688095336869	1.2207051954708994	0.795446516056461
0.922413776017613	1.2239409761033633	0.7918127039990204
0.9215819977899052	1.2260755957206222	0.789398495626653
0.9211778385055477	1.2271065444188958	0.7882244482781999
0.9212034091319188	1.227032635538747	0.7883005956328746
0.9216585640013003	1.2258539617501831	0.789626243270426
0.9225409011512209	1.2235718980371257	0.7921899828525205
0.9238457669610383	1.2201891515869416	0.7959699240654915
0.9255662652333738	1.21570985872263	0.8009341302721957
0.9276932710081848	1.210139729142252	0.807041232206401
0.9302154495342324	1.2034862378473936	0.8142411852196605
0.9331192809559755	1.1957588652444848	0.8224761303155844
0.9363890914014917	1.186969385983256	0.8316813176985689
0.9400070912763154	1.1771322071475023	0.8417860535318199
0.9439534216758737	1.1662647564241924	0.8527146353597178
0.9482062099216393	1.1543879208333316	0.8643872482960268
0.9527416352987252	1.141526536482747	0.8767208016562392
0.9575340061205497	1.1277099295902477	0.8896296933563863
0.9625558492641081	1.1129725086493962	0.903026496433745
0.9677780133020375	1.097354407045858	0.9168225680123138
0.9731697862998704	1.0809021745764664	0.9309285857005556
0.9786990292440203	1.063669515067737	0.9452550197160104
0.9843323259142829	1.04571806547701	0.9597125510597615
0.9900351498113134	1.027118209276012	0.974212446975642
0.9957720484935085	1.0079499132864234	0.988666904927002
1.0015068453696996	0.9883035721091119	1.002989375618099
1.0072028586368735	0.9682808374384139	1.0170948743744581
1.0128231366510045	0.9479954003990851	1.0309002886484888
1.0183307085816877	0.9275736830983625	1.0443246876754884
1.0236888487378533	0.9071553804566896	1.0572896384845398
1.0288613524750478	0.8868937749542761	1.0697195306570515
1.0338128211194124	0.8669557256635163	1.081541910490513
1.038508952886132	0.8475212102771498	1.0926878236180886
1.0429168363485555	0.8287822777598619	1.1030921636954434
1.0470052426466019	0.81094125479314	1.1126940235252212
1.0507449123274017	0.7942080488200328	1.121437043970255
1.0541088325039916	0.7787964138736966	1.1292697552265203
1.0570724999137204	0.7649191029236608	1.1361459044980118
1.0596141654681543	0.7527819303785883	1.142024763844523
1.0617150560180384	0.7425769118239348	1.146871411959965
1.0633595693130868	0.7344748237205142	1.150656983876914
1.0645354385146693	0.7286177059699342	1.1533588830689578
1.0652338631123153	0.7251119722555711	1.1549609511152195
1.065449603689659	0.7240228484634529	1.1554535909730266
1.0651810386645433	0.7253707908798557	1.1548338409403776
1.0644301818700552	0.7291303352265879	1.1531053975391479
1.0632026606237295	0.7352315265460242	1.1502785867681853
1.0615076547246556	0.7435637440373349	1.1463702844151062
1.059357797595752	0.7539814421201945	1.1414037873284584
1.0567690415247541	0.7663111419350965	1.1354086386907545
1.0537604896282977	0.780358953436815	1.1284204113533562
1.0503541977477642	0.7959179752496769	1.120480454156477
1.0465749499663837	0.8127750679951115	1.1116356068276065
1.0424500118022735	0.8307166783544282	1.1019378895021525
1.0380088653746626	0.8495335643209039	1.0914441731209583
1.0332829309587703	0.8690244110865178	1.0802158369178336
1.0283052793419662	0.8889984220778542	1.0683184189106365
1.0231103392777787	0.909277023013983	1.0558212647527814
1.0177336041167204	0.9296948371379055	1.0427971794952668
1.0122113413885208	0.9501000874351461	1.0293220857650982
1.0065803087359682	0.9703545661503155	1.0154746906025165
1.0008774791741704	0.9903332904494898	1.00133616174081
0.99513977818888	1.009923940450654	0.9869898124900729
0.9894038347112226	1.0290261548339403	0.9725207926406729
0.9837057475301498	1.04755074116358	0.9580157809865087
0.9780808682427937	1.065418843280937	0.9435626732520271
0.9725636014090029	1.0825610965065375	0.9292502574811732
0.9671872221796677	1.0989167925086147	0.9151678674274144
0.9619837113163913	1.1144330690652602	0.9014050033170374
0.956983607217593	1.1290641350900659	0.8880509087175434
0.9522158743158122	1.1427705377900124	0.8751940923279343
0.9477077870133352	1.1555184763366382	0.8629217845285508
0.9434848281769312	1.16727916468774	0.8513193206848039
0.9395706011146938	1.1780282449917647	0.8404694466472006
0.9359867539047678	1.1877452521882295	0.8304515466966376
0.932752914932407	1.1964131298738916	0.8213408002771996
0.9298866385131709	1.2040177971564132	0.8132072809800073
0.9274033595308113	1.2105477660086612	0.8061150189123424
