1.0	1.0	0.9999999999999999
0.95553946054411	0.6363700922724597	0.8318704012742987
0.9109476871300026	0.40476908610990475	0.6887338074955675
0.8674147560374692	0.2581419188714634	0.5682716836589151
0.8254990448546115	0.16591844408283615	0.4677503499886614
0.7854188604286275	0.10828945266976964	0.3843795877514077
0.74722063541032	0.07243773750240154	0.31552993070066304
0.7108695336211851	0.05008738531622036	0.25884058635741325
0.6762957996793487	0.03594161071750909	0.21225681461041396
0.6434173429419785	0.026691852758119656	0.17402670552250865
0.6121501312499659	0.020354890844069745	0.1426771894162375
0.582412589982663	0.015793785580525115	0.11698134193216284
0.5541271874468493	0.01237371146733783	0.09592382662729985
0.5272207790218792	0.009736878434854653	0.07866805312768002
0.5016244560539922	0.007671278704116111	0.06452668960307252
0.477273235348976	0.006040942854416498	0.05293607175941555
0.45410572894202494	0.004751034273439281	0.04343446748098912
0.43206384420359223	0.0037308183604128323	0.03564387504104053
0.41109252603078156	0.002925240880066539	0.029254922348112843
0.3911395382874466	0.002290500343080215	0.02401441617121069
0.3721552774291066	0.0017914500303341408	0.01971511759355028
0.35409261113988716	0.0013998584316921004	0.016187366974037748
0.3369067360445813	0.0010931071936998897	0.013292234268257437
0.32055504999989076	0.0008531480545032766	0.010915921449091998
0.3049970357118277	0.0006656418615438578	0.00896518968407961
0.2901941533788773	0.0005192428564141802	0.007363623738118515
0.27610974074700995	0.00040500606975911864	0.006048579755966919
0.26270891943983604	0.00031590067514546073	0.004968690643963305
0.2499585067517935	0.00024641402164585083	0.004081826421346306
0.23782693231036478	0.00019223225057849965	0.0033534258885765215
0.22628415915916264	0.0001499846588409254	0.00275513145504828
0.2153016089114112	0.00011704041281772829	0.002263671591755089
0.20485209068931431	9.134775613006281e-5	0.0018599456461629044
0.19490973361004027	7.130737657124798e-5	0.001528274111309659
0.18544992261077162	5.567301501413792e-5	0.0012557842372175458
0.1764492374281807	4.34736614258514e-5	0.001031906402981501
0.16788539456484444	3.3952770522985425e-5	0.0008479611706874476
0.15973719208845477	2.652084304122841e-5	0.0006968206109500324
0.15198445712048878	2.071847132488046e-5	0.0005726304809714652
0.1446079958800782	1.6187559146266708e-5	0.0004705822764507758
0.13758954615668098	1.264891631759394e-5	0.0003867261711530561
0.13091173209215648	9.884819071886191e-6	0.0003178174857449348
0.12455802115918602	7.725435735777348e-6	0.0002611906581536671
0.11851268322882057	6.03825979652973e-6	0.0002146557760477306
0.11276075162536482	4.71988243472533e-6	0.0001764136226321771
0.10728798607188789	3.689584931196315e-6	0.0001449859160576679
0.1020808374344394	2.8843469439119616e-6	0.0001191580198812855
0.09712641417756682	2.2549565887139133e-6	9.793189125249074e-5
0.0924124504480102	1.7629781736898613e-6	8.048743445736446e-5
0.08792727570751006	1.3783877593579074e-6	6.615075616202691e-5
0.08365978583951497	1.0777289142636936e-6	5.436808824154655e-5
0.07959941565823672	8.426738147495285e-7	4.4684365163480435e-5
0.07573611275197996	6.589003052214084e-7	3.672562426648343e-5
0.07206031259598088	5.152153280072944e-7	3.0184546095059765e-5
0.06856291487313539	4.0287052014641037e-7	2.4808574083813436e-5
0.06523526094398996	3.150277433911228e-7	2.039015312962371e-5
0.062069112410214324	2.463416272761781e-7	1.6758708881518164e-5
0.059056630718483535	1.9263345569169312e-7	1.3774057139314351e-5
0.056190357754273036	1.5063637444399565e-7	1.1320988226063682e-5
0.0534631973775214	1.1779629730391676e-7	9.304816752967685e-6
0.05086839785444768	9.211631777587399e-8	7.647724606095878e-6
0.04839953514202863	7.203510822919297e-8	6.2857557099707965e-6
0.04605049698375271	5.633187417006646e-8	5.166346360247724e-6
0.04381546777727583	4.4052059199980567e-8	4.246295648080729e-6
0.041688914176515185	3.4449266672468104e-8	3.490097528145983e-6
0.03966557139253555	2.6939855901392877e-8	2.868570072164487e-6
0.037740430159312645	2.1067445267548683e-8	2.3577289431899844e-6
0.03590872433210438	1.647515946366998e-8	1.937861568795189e-6
0.03416591908772657	1.2883930632177861e-8	1.592766249746768e-6
0.032507699697520084	1.00755323118995e-8	1.3091268154956738e-6
0.030929960845214516	7.879313563921781e-9	1.0759986757788844e-6
0.029428796463241754	6.161826063465967e-9	8.843864216684052e-7
0.02800049006233733	4.8187131176676435e-9	7.268966661258086e-7
0.026641505530487677	3.768367267975077e-9	5.974527203906741e-7
0.02534847837844442	2.946970770930681e-9	4.910600907839679e-7
0.024118207410131418	2.304617391641069e-9	4.036137431129576e-7
0.022947646797322876	1.8022797223030196e-9	3.3173969471206516e-7
0.021833898538971615	1.4094376635503094e-9	2.726648195959134e-7
0.02077420528651862	1.1022239125025998e-9	2.2410984146747255e-7
0.019765943517421197	8.619737370107564e-10	1.8420138451047262e-7
0.01880661703999931	6.740908946330186e-10	1.5139968759011859e-7
0.017893850813519744	5.271607733632096e-10	1.244391921119561e-7
0.017025385068218133	4.12256858507903e-10	1.0227971070114774e-7
0.016199069710701838	3.2239838058398177e-10	8.406629225602426e-8
0.015412859000882576	2.5212618740009924e-10	6.909623457247341e-8
0.01466480648726061	1.9717106837833592e-10	5.679197159063982e-8
0.013953060188021326	1.5419437755156657e-10	4.667878903396482e-8
0.013275858006014059	1.2058519512848704e-10	3.836650854624216e-8
0.012631523366261724	9.430170314115662e-11	3.1534433578893986e-8
0.01201846106520092	7.374713732084771e-11	2.5918976150154696e-8
0.011435153321376334	5.7672778286932024e-11	2.1303487049076452e-8
0.010880156017811933	4.510208807221523e-11	1.7509897083425555e-8
0.010352095126756137	3.5271382796080225e-11	1.4391846853453366e-8
0.009849663307949506	2.7583437013080475e-11	1.1829039970408796e-8
0.009371616671993141	2.157120096519865e-11	9.722601846268956e-9
0.008916771700804824	1.6869426395589942e-11	7.99126498139383e-9
0.00848400231753866	1.3192477076161642e-11	6.568233567039413e-9
0.008072237098714172	1.0316975957290488e-11	5.398606430561877e-9
0.007680456621652787	8.068234696999932e-12	4.437258894187765e-9
0.007307690940654675	6.309641123456729e-12	3.6471018247341554e-9
0.0069530171856676095	4.934359891012916e-12	2.997650704897904e-9
0.006615557277502773	3.858842124894063e-12	2.4638495182645815e-9
0.006294475753941004	3.0177497515721545e-12	2.0251040715704645e-9
0.005988977701347485	2.3599861581464573e-12	1.664487458338435e-9
0.005698306786674071	1.8455920364454945e-12	1.3680870095937742e-9
0.0054217433849770465	1.4433178295750571e-12	1.1244675362134727e-9
0.005158602797814526	1.1287253036697774e-12	9.242301541994547e-10
0.004908233558112696	8.827029129694593e-13	7.596496719083464e-10
0.004670015817304215	6.903047649937491e-13	6.243765493046397e-10
0.004443359810745747	5.398426517917194e-13	5.131919305775738e-10
0.004227704397615393	4.2217598735579474e-13	4.2180629909562557e-10
0.004022515671675205	3.301565143335023e-13	3.4669398666929606e-10
0.0038272856394593715	2.5819404557670044e-13	2.8495715238714635e-10
0.003641530962615646	2.0191685905421348e-13	2.342139832522487e-10
0.003464791761286361	1.5790611492939723e-13	1.9250680334272614e-10
0.003296630475566525	1.2348816050914225e-13	1.582265463053831e-10
0.0031366307822202665	9.657210549972066e-14	1.300506772996121e-10
0.0029843965639737	7.552280020431557e-14	1.0689216939659095e-10
0.0028395509288324542	5.906150004539914e-14	8.785756592565982e-11
0.0027017352769959538	4.6188181752919446e-14	7.221251080007675e-11
0.0025706084130583643	3.612079190729705e-14	5.935341697232161e-11
0.00244584570129827	2.8247737173202638e-14	4.8784179980642146e-11
0.002327138261965769	2.2090729997181067e-14	4.009703819000395e-11
0.002214192206577235	1.727573263959462e-14	3.29568413114602e-11
0.0021067279103245133	1.3510234387176709e-14	2.7088120276367822e-11
0.002004479319797242	1.0565481534555555e-14	2.2264459618916734e-11
0.0019071932943043916	8.262580604714148e-15	1.829976235178379e-11
0.0018146289791643082	6.4616305782024044e-15	1.50410703325368e-11
0.0017265572094117012	5.053223913575445e-15	1.2362663129568073e-11
0.0016427599424452943	3.95180004583605e-15	1.0161207721088271e-11
0.0015630297182115341	3.090447587843155e-15	8.35177190202999e-12
0.0014871691455879204	2.416839468438214e-15	6.8645475956960735e-12
0.0014149904136943512	1.8900540669927104e-15	5.642157655212963e-12
0.001346314826922654	1.4780892283842792e-15	4.637442250961127e-12
0.0012809723625331238	1.1559181349014786e-15	3.811639442638411e-12
0.0012188012497228197	9.039689293836438e-16	3.1328897422971797e-12
0.0011596475691234872	7.069357267829896e-16	2.5750069742999065e-12
0.0011033648717375735	5.528487831739008e-16	2.116468011896733e-12
0.0010498138163689223	4.3234733503968986e-16	1.7395824144065642e-12
0.000998861824650522	3.381109338771854e-16	1.42980992956206e-12
0.0009503827528152405	2.6441472974150017e-16	1.1751995302270872e-12
0.0009042565793969475	2.0678168724383958e-16	9.659283434989535e-13
0.0008603691080888433	1.6171060615512812e-16	7.939226840617637e-13
0.0008186116850233564	1.26463423892418e-16	6.525465712436275e-13
0.000778880929773667	9.889887853469716e-17	5.363457127550732e-13
0.0007410784794108859	7.734242741295298e-17	4.4083707799308933e-13
0.0007051107449832422	6.048451884225293e-17	3.623359426425877e-13
0.0006708886798143874	4.7301037014336573e-17	2.9781373195118865e-13
0.0006383275590471801	3.699108708656646e-17	2.447811782671537e-13
0.0006073467698871628	2.892834091827534e-17	2.0119228505541702e-13
0.0005778696120264269	2.2622987713475834e-17	1.653653923212385e-13
0.0005498231077537696	1.7691978075835762e-17	1.359182981438085e-13
0.0005231378212810201	1.3835753805717467e-17	1.1171493330723479e-13
0.0004977476868382423	1.0820049777191192e-17	9.182153173514015e-14
0.0004735898451122169	8.461662361219138e-18	7.547060578342375e-14
0.000450604487623269	6.617319828431724e-18	6.203133655734848e-14
0.0004287347086551603	5.174978609816999e-18	5.098523691088921e-14
0.0004079263643714611	4.0470166642265e-18	4.190614820646513e-14
0.00038812793876961336	3.1649104506138976e-18	3.444379910973833e-14
0.0003692904161408202	2.4750721317314633e-18	2.8310292117537832e-14
0.0003513671597200078	1.9355941199295048e-18	2.3268996468963403e-14
0.00033431379622542753	1.513703196625394e-18	1.9125418928025733e-14
0.0003180881060020489	1.183769543521631e-18	1.5719700232495603e-14
0.0003026499184967678	9.257497344721236e-19	1.2920447721861027e-14
0.0002879610128066536	7.239690999509772e-19	1.0619666207101304e-14
0.00027398502305401847	5.661694929209904e-19	8.728591515171512e-15
0.0002606873483540426	4.427646080005507e-19	7.174265966293832e-15
0.0002480350671520591	3.462576146641485e-19	5.8967236659293076e-15
0.00023599685571842004	2.7078572576857884e-19	4.8466770199621574e-15
0.00022454291059915721	2.11764034001709e-19	3.983615218826282e-15
0.0002136448748304478	1.6560697936423292e-19	3.274241330070624e-15
0.00020327576773420975	1.295105268701072e-19	2.691187702377496e-15
0.00019340991812101958	1.0128182178930753e-19	2.2119601213071817e-15
0.00018402290073498087	7.920597401110127e-20	1.8180699822862234e-15
0.00017509147578319704	6.194187869528912e-20	1.4943210000642843e-15
0.00016659353140013994	4.8440744329591616e-20	1.22822293588303e-15
0.00015850802890447064	3.788237878332585e-20	1.0095097239452497e-15
0.0001508149507127826	2.9625362743476776e-20	8.29743406498514e-16
0.00014349525078131558	2.316808357593659e-20	6.819885973449276e-16
0.0001365308074529473	1.811826242409477e-20	5.605449145759588e-16
0.0001299043785927231	1.4169123320019595e-20	4.607270597846057e-16
0.00012359955890085266	1.1080756584866737e-20	3.786840592087575e-16
0.00011760073929749062	8.665544347540334e-21	3.1125069312730215e-16
0.00011189306827874893	6.776762783782547e-21	2.5582538165363853e-16
0.0001064624151482687	5.299668663216737e-21	2.1026981575933618e-16
0.00010129533503332263	4.144528713250909e-21	1.728264612918704e-16
9.63790355988363e-5	3.241168334617017e-21	1.4205075329065002e-16
9.170134537692214e-5	2.5347085037336263e-21	1.1675536465740665e-16
8.725068363351717e-5	1.9822318792725813e-21	9.596439906571836e-17
8.30160316975233e-5	1.5501755793433011e-21	7.887574087168725e-17
7.898690568146767e-5	1.2122922408526476e-21	6.483010948496783e-17
7.515333052614705e-5	9.48055495665537e-22	5.328562431749174e-17
7.150581530499776e-5	7.414129964535354e-22	4.379689902537092e-17
6.80353297270509e-5	5.798112387163747e-22	3.5997858499636956e-17
6.473328178030036e-5	4.534329370429622e-22	2.958761568515871e-17
6.15914964601349e-5	3.5460062632047547e-22	2.4318863355280594e-17
5.860219553017087e-5	2.77310256743771e-22	1.9988332996738964e-17
5.5757978265379167e-5	2.1686644858355057e-22	1.6428952708548227e-17
5.3051803129831144e-5	1.6959724848864556e-22	1.3503401566522727e-17
5.0476970343702656e-5	1.3263105880547744e-22	1.1098811780758098e-17
4.802710529637649e-5	1.037221884003348e-22	9.122414255258714e-18
4.5696142764578585e-5	8.11144272199769e-23	7.497959555361248e-18
4.3478311896475924e-5	6.343435676315476e-23	6.162776203844578e-18
4.1368121924561146e-5	4.960791508829935e-23	5.065352814762807e-18
3.936034857195237e-5	3.8795147692623327e-23	4.1633507837023245e-18
3.745002111845398e-5	3.0339180387170553e-23	3.4219708640347773e-18
3.563241009435709e-5	2.3726314276718155e-23	2.8126106116626636e-18
3.3903015571513124e-5	1.8554818619837714e-23	2.3117609024635294e-18
3.225755602269203e-5	1.4510525739490843e-23	1.9000989500656005e-18
3.069195772164389e-5	1.1347745378205156e-23	1.561742832572266e-18
2.9202344657621158e-5	8.874339047431761e-24	1.2836387678696202e-18
2.7785028939392782e-5	6.940047639781625e-24	1.0550574985927739e-18
2.6436501664992766e-5	5.427363208127977e-24	8.671803572783247e-19
2.5153424234599288e-5	4.2443903733625765e-24	7.12759042092748e-19
2.3932620085037266e-5	3.319263692271079e-24	5.858359772812056e-19
2.2771066825441064e-5	2.5957818413645013e-24	4.815144698403039e-19
2.1665888754607506e-5	2.0299933939119317e-24	3.957697950571348e-19
2.061434974151395e-5	1.5875267765808498e-24	3.2529392259295907e-19
1.9613846451375578e-5	1.2415022009041333e-24	2.6736789264241785e-19
1.866190190047125e-5	9.708987196866e-25	2.197569184393221e-19
1.7756159323781562e-5	7.592772072437727e-25	1.8062416816273245e-19
1.6894376340256807e-5	5.937816846912929e-25	1.484598999484741e-19
1.6074419401269623e-5	4.64358320928442e-25	1.220232160341827e-19
1.529425850850827e-5	3.6314466372881885e-25	1.0029418891226149e-19
1.4551962188233186e-5	2.8399199680773493e-25	8.243451251729282e-20
1.3845692709454697e-5	2.220918061213557e-25	6.775516037035327e-20
1.3173701534193061e-5	1.736836632746764e-25	5.568980293114387e-20
1.2534324988557081e-5	1.3582677999400978e-25	4.5772958599136653e-20
1.1925980143923918e-5	1.0622135562841192e-25	3.762203542916161e-20
1.1347160898022998e-5	8.306886456438965e-26	3.0922570730657125e-20
1.0796434246221863e-5	6.496279603281861e-26	2.541609909418697e-20
1.0272436733782533e-5	5.080320876579459e-26	2.0890180793576628e-20
9.773871080305219e-6	3.9729909710126477e-26	1.7170205859331238e-20
9.299502968002324e-6	3.1070197413155506e-26	1.4112657624412928e-20
8.848157985851334e-6	2.4297995498502366e-26	1.1599575849911839e-20
8.418718722061182e-6	1.9001893595800563e-26	9.534005817948334e-21
8.010121997653754e-6	1.4860154215124994e-26	7.836257817769117e-21
7.621356234311573e-6	1.1621167237044059e-26	6.440832715976356e-21
7.2514589499752416e-6	9.088164631151509e-27	5.293894999361218e-21
6.899514375990304e-6	7.107266824251239e-27	4.351195800311126e-21
6.564651189904264e-6	5.558134536643515e-27	3.576365775091945e-21
6.246040358300722e-6	4.3466581868038526e-27	2.9395119742335786e-21
5.942893084330099e-6	3.399240746755901e-27	2.416064572265598e-21
5.6544588548555285e-6	2.65832673235862e-27	1.9858289636255297e-21
5.380023582379185e-6	2.0789057152591834e-27	1.632206654591279e-21
5.118907837148934e-6	1.6257779453253518e-27	1.3415548932412916e-21
4.870465165068487e-6	1.2714159704817965e-27	1.102660331960458e-21
4.634080487246606e-6	9.942923476383617e-28	9.063064163864106e-22
4.409168577223109e-6	7.775718533703803e-28	7.449178106578037e-22
4.195172612101655e-6	6.08088746322898e-28	6.122681408873933e-22
3.991562794002302e-6	4.755469501651685e-28	5.032397816004384e-22
3.7978350384209162e-6	3.718945683157139e-28	4.136264176970088e-22
3.6135097262481613e-6	2.9083473229025418e-28	3.399707647769022e-22
3.438130516358381e-6	2.274430677743545e-28	2.7943118707581705e-22
3.2712632158286727e-6	1.778685395353099e-28	2.296720671315378e-22
3.1124947049910913e-6	1.3909950154124603e-28	1.8877369764084988e-22
2.9614319146567128e-6	1.0878073986311838e-28	1.5515821913419754e-22
2.8177008529794202e-6	8.507039374011513e-29	1.2752874614289633e-22
2.680945679550186e-6	6.65280627821135e-29	1.0481933334587256e-22
2.55082782442956e-6	5.202730283654242e-29	8.615385138941256e-23
2.4270251499372973e-6	4.068719465514137e-29	7.081218580867166e-23
2.3092311531239638e-6	3.1818828166172765e-29	5.82024550050246e-23
2.1971542069500165e-6	2.4883451278705968e-29	4.7838175448569363e-23
2.0905168382937587e-6	1.9459740764369404e-29	3.9319493139087485e-23
1.989055041000657e-6	1.5218206926967533e-29	3.2317757235053315e-23
1.8925176222733596e-6	1.1901177147028075e-29	2.6562840701157704e-23
1.8006655807842109e-6	9.307142304258803e-30	2.1832718804811518e-23
1.7132715149706548e-6	7.27851512514923e-30	1.7944903399928788e-23
1.63011906004861e-6	5.6920567769534325e-30	1.4749402532579202e-23
1.5510023523500179e-6	4.4513901249050905e-30	1.212293375003164e-23
1.4757255196583947e-6	3.4811448340310046e-30	9.964167862598624e-24
1.4041021962806004e-6	2.7223786312728904e-30	8.189819662570064e-24
1.3359550616542672e-6	2.1289965701970743e-30	6.73143478013696e-24
1.271115401348593e-6	1.6649507690969558e-30	5.53274871317717e-24
1.2094226893716677e-6	1.302050506948421e-30	4.547516142248181e-24
1.1507241907502168e-6	1.0182496408372289e-30	3.737726785739452e-24
1.094874583397875e-6	7.963073056936497e-31	3.0721389628597293e-24
1.0417355983358116e-6	6.227405340204238e-31	2.525074289305949e-24
9.911756773750106e-7	4.870051674010853e-31	2.0754270049616465e-24
9.430696474126994e-7	3.808553002711412e-31	1.705849713478339e-24
8.972984105365783e-7	2.978423422459522e-31	1.4020841195655105e-24
8.537486491696284e-7	2.329232671080064e-31	1.1524109438277052e-24
8.123125455255133e-7	1.821542496313923e-31	9.47197792858114e-25
7.72887514680021e-7	1.4245107872108793e-31	7.785275414127088e-25
7.353759505976972e-7	1.1140179199697601e-31	6.3989288964581585e-25
6.996849844849046e-7	8.712014939835155e-32	5.259453114224642e-25
6.657262548710471e-7	6.813104434978144e-32	4.322887081311103e-25
6.334156888487465e-7	5.328089123180172e-32	3.5530980715893983e-25
6.026732939313747e-7	4.166754520715334e-32	2.9203876180136948e-25
5.734229600126397e-7	3.258549704127121e-32	2.400345745489822e-25
5.455922709379234e-7	2.5483013509622504e-32	1.972909233812563e-25
5.191123252208792e-7	1.992861967730998e-32	1.6215875784463642e-25
4.93917565461422e-7	1.5584886853860554e-32	1.3328267867093196e-25
4.6994561604280325e-7	1.2187933844920521e-32	1.095486464611352e-25
4.4713712870594296e-7	9.531396204609778e-33	9.004100203520371e-26
4.2543563561870725e-7	7.453889622736306e-33	7.400714029250772e-26
4.047874095763675e-7	5.829205849303028e-33	6.08284747001542e-26
3.851413309871331e-7	4.55864556001767e-33	4.9996572218882056e-26
3.6644876131345106e-7	3.565022385399813e-33	4.1093537951750634e-26
3.4866342265574413e-7	2.7879738490466247e-33	3.377589275518795e-26
3.3174128318047e-7	2.1802943551772804e-33	2.7761321810485736e-26
3.15640448108851e-7	1.705067454934515e-33	2.2817782915507807e-26
3.003210559963903e-7	1.3334231770005547e-33	1.875455429440627e-26
2.8574518004639037e-7	1.0427841806590229e-33	1.5414876549762503e-26
2.718767342131529e-7	8.154941853333761e-34	1.2669904883598851e-26
2.5868138386239487e-7	6.377453538777872e-34	1.0413738263892575e-26
2.461264607676988e-7	4.9873946829729545e-34	8.559333761790373e-27
2.3418088223255408e-7	3.9003193943320506e-34	7.035148434615994e-27
2.228150741377521e-7	3.050187992889038e-34	5.782379198486501e-27
2.1200089772362508e-7	2.385355108477661e-34	4.752694204797465e-27
2.0171157992585694e-7	1.8654322313265584e-34	3.9063681970611166e-27
1.919216470923992e-7	1.458834115434001e-34	3.2107499101471874e-27
1.8260686191738934e-7	1.1408599790519798e-34	2.639002384175124e-27
1.7374416343593946e-7	8.921929354628988e-35	2.1690675943560886e-27
1.653116099312355e-7	6.977264946670875e-35	1.782815452194566e-27
1.5728832461260158e-7	5.456468461138868e-35	1.4653443465081436e-27
1.4965444393004246e-7	4.2671517127365296e-35	1.2044062391316103e-27
1.4239106839730348e-7	3.337063866343654e-35	9.89934135492355e-28
1.3548021580169996e-7	2.609702208341435e-35	8.136536998675506e-28
1.2890477668487517e-7	2.0408796142353504e-35	6.687640314361772e-28
1.2264847198426913e-7	1.5960401866880319e-35	5.496752854630568e-28
1.166958127304297e-7	1.2481599893277254e-35	4.517930170377707e-28
1.1103206170038668e-7	9.761053461889436e-36	3.71340927347933e-28
1.0564319693215338e-7	7.633489736935229e-36	3.05215174036421e-28
1.005158770100265e-7	5.9696595035979036e-36	2.5086462493480728e-28
9.563740803474027e-8	4.668485295325046e-36	2.0619243536093594e-28
9.099571219670137e-8	3.6509209511079336e-36	1.6947515183187864e-28
8.657929787450028e-8	2.8551495716579762e-36	1.3929622121277773e-28
8.237723118467094e-8	2.232828150953227e-36	1.1449134008392896e-28
7.837910891226306e-8	1.746150745018283e-36	9.410353590418469e-29
7.457503275521058e-8	1.3655517658294587e-36	7.734624700155122e-29
7.095558481873224e-8	1.0679098757538412e-36	6.357297701667913e-29
6.751180429909402e-8	8.351433693470185e-37	5.225235306739777e-29
6.423516529900976e-8	6.531117121395172e-37	4.294762537805435e-29
6.111755571975548e-8	5.107565050385616e-37	3.52998174691687e-29
5.815125717774091e-8	3.994296880461989e-37	2.9013876841567017e-29
5.532892589581614e-8	3.1236817175855304e-37	2.3847291848261327e-29
5.2643574522005555e-8	2.442829805792888e-37	1.960073559288729e-29
5.008855483065712e-8	1.9103794815185796e-37	1.6110375896216888e-29
4.7657541263179514e-8	1.4939844580055134e-37	1.3241554649183134e-29
4.534451526761811e-8	1.168348792663851e-37	1.088359270179893e-29
4.314375039829898e-8	9.136901619053132e-38	8.945519860536785e-30
4.1049798138651474e-8	7.145380876023622e-38	7.352565257429314e-30
3.9057474412110264e-8	5.587941075886856e-38	6.043272689298199e-30
3.716184674770148e-8	4.3699679568320225e-38	4.967129636872671e-30
3.5358222068538415e-8	3.417469813012987e-38	4.082618491333381e-30
3.3642135072994e-8	2.672582508207155e-38	3.3556148045838736e-30
3.200933717978536e-8	2.0900542371953068e-38	2.758070767730469e-30
3.045578600960076e-8	1.634496484581295e-38	2.2669331263582472e-30
2.897763537722878e-8	1.2782341771635875e-38	1.8632537857645634e-30
2.7571225769412626e-8	9.996244268996521e-39	1.5314587932918752e-30
2.62330752848551e-8	7.817417283207053e-39	1.2587474950915578e-30
2.495987101394426e-8	6.11349736313708e-39	1.034598686781185e-30
2.374846083685823e-8	4.780971599068994e-39	8.503647052830832e-31
2.2595845619743256e-8	3.7388892271272936e-39	6.9893780190359275e-31
2.149917178964496e-8	2.9239438810828194e-39	5.744759253233605e-31
2.0455724269810152e-8	2.2866277389797053e-39	4.721773352039309e-31
1.946291975786898e-8	1.788223929501382e-39	3.8809535100150717e-31
1.851830033025578e-8	1.3984544871602922e-39	3.189860889954237e-31
1.76195273570351e-8	1.0936409699002656e-39	2.621833132244894e-31
1.6764375712067327e-8	8.552659968742344e-40	2.1549557207918524e-31
1.595072826418002e-8	6.68848320007603e-40	1.7712165207849601e-31
1.5176570635706445e-8	5.230630900935679e-40	1.4558108703731462e-31
1.443998621541483e-8	4.090538737020706e-40	1.1965704166746127e-31
1.3739151413481643e-8	3.1989462602061557e-40	9.834936606111953e-32
1.3072331146761545e-8	2.5016893454822078e-40	8.083600989823228e-32
1.243787454317659e-8	1.9564097275256746e-40	6.644130773762431e-32
1.183421085458999e-8	1.5299817416855616e-40	5.460991183809323e-32
1.1259845568045712e-8	1.1964999442380178e-40	4.4885366837467213e-32
1.0713356705746418e-8	9.357053601073637e-41	3.6892499700551556e-32
1.0193391304609386e-8	7.317547528104866e-41	3.032294553999456e-32
9.698662066684826e-9	5.722581499365314e-41	2.492325089610909e-32
9.227944172143767e-9	4.4752615396212394e-41	2.048509550007635e-32
8.780072246945457e-9	3.4998131263371863e-41	1.6837255276066756e-32
8.353937477676892e-9	2.7369778974568547e-41	1.3838996514826166e-32
7.948484866421632e-9	2.140413713747992e-41	1.1374646365883812e-32
7.562710618861697e-9	1.6738793799750406e-41	9.349130177921649e-33
7.195659659146102e-9	1.3090329970832515e-41	7.684303517855678e-33
6.846423265373589e-9	1.0237101955807063e-41	6.315937357891819e-33
6.514136819835524e-9	8.005776530240042e-42	5.191240119045321e-33
6.197977668449247e-9	6.260800969730053e-42	4.2668209715399905e-33
5.8971630840823365e-9	4.896168239834381e-42	3.507015816197987e-33
5.610948328725536e-9	3.8289770827512064e-42	2.8825113631668957e-33
5.338624809716778e-9	2.9943957768758924e-42	2.3692142249287204e-33
5.079518325451623e-9	2.3417236182906614e-42	1.9473213931887616e-33
4.832987396236911e-9	1.831310859709239e-42	1.600556238634227e-33
4.598421676155302e-9	1.432149993574828e-42	1.3155405584262598e-33
4.37524044200888e-9	1.1199920500782863e-42	1.0812784450118767e-33
4.1628911556008365e-9	8.758734754503372e-43	8.887320639098619e-34
3.960848095795802e-9	6.849640985789397e-43	7.3047297397369934e-34
3.768611056972234e-9	5.356662000762486e-43	6.003955380641014e-34
3.585704110644484e-9	4.1890995236016596e-43	4.934813675122507e-34
3.411674427188699e-9	3.2760242882865733e-43	4.056057126389923e-34
3.246091154755455e-9	2.5619670950706404e-43	3.3337832987443167e-34
3.088544352593585e-9	2.0035490639349413e-43	2.740126861299561e-34
2.938643976144396e-9	1.5668463733660473e-43	2.2521845432615293e-34
2.7960189113936582e-9	1.2253293926871618e-43	1.8511315255310786e-34
2.6603160560906406e-9	9.582510105043493e-44	1.521495179010783e-34
2.5311994455595546e-9	7.493862504341664e-44	1.2505581304326338e-34
2.4083494209391426e-9	5.860466059349175e-44	1.027867625980878e-34
2.291461837791176e-9	4.583092152129214e-44	8.44832263954066e-35
2.180247313118606e-9	3.5841404868132686e-44	6.943905384087178e-35
2.0744305089291608e-9	2.802924881893555e-44	5.707384061953454e-35
1.973749450570702e-9	2.1919865927251279e-44	4.6910536692058347e-35
1.8779548781506954e-9	1.7142111990674413e-44	3.85570416998319e-35
1.786809629434099e-9	1.340573908964926e-44	3.169107772954249e-35
1.7000880526918751e-9	1.0483763064756403e-44	2.604775582832857e-35
1.617575448046493e-9	8.198674259057662e-45	2.1409356585552124e-35
1.539067535931351e-9	6.411653829921479e-45	1.759693051594212e-35
1.4643699513481468e-9	5.01414052269858e-45	1.4463394186813635e-35
1.3932977626701259e-9	3.9212355888645786e-45	1.1887855737887751e-35
1.3256750137998758e-9	3.0665451982791296e-45	9.770950872214633e-36
1.261334288548185e-9	2.398147022788727e-45	8.031009380687133e-36
1.200116296155468e-9	1.8754359616606387e-45	6.600904304625384e-36
1.1418694769296272e-9	1.4666573870854084e-45	5.4254621770960884e-36
1.0864496270240063e-9	1.1469780547385263e-45	4.4593344300528784e-36
1.0337195414264916e-9	8.96977487473129e-46	3.6652478461657237e-36
9.835486742758902e-10	7.01468183902632e-46	3.012566557754936e-36
9.358128156646158e-10	5.485729797007835e-46	2.4761101147354915e-36
8.903937841275412e-10	4.290035114401816e-46	2.0351820226221072e-36
8.471791340556861e-10	3.3549594974289827e-46	1.672771271582433e-36
8.060618773103833e-10	2.623697226067667e-46	1.3748960515219103e-36
7.669402183487105e-10	2.05182421407783e-46	1.1300643337222598e-36
7.297173022044259e-10	1.6045992516392306e-46	9.288305082682705e-37
6.943009747004759e-10	1.2548534814510744e-46	7.634309723307572e-37
6.606035542994242e-10	9.813398942453944e-47	6.274846102982975e-37
6.285416150269636e-10	7.674425757849796e-47	5.157466102784985e-37
5.980357799310866e-10	6.0016729227173e-47	4.239061192071489e-37
5.690105245655694e-10	4.693520923625439e-47	3.4841993009751648e-37
5.413939900112563e-10	3.670499699696385e-47	2.8637578508234707e-37
5.151178049722212e-10	2.870460846920989e-47	2.3538002047867118e-37
4.901169165063736e-10	2.244802110837365e-47	1.93465219220991e-37
4.663294289714361e-10	1.7555148060023669e-47	1.5901430789287275e-37
4.4369645078756986e-10	1.3728747933794179e-47	1.3069817001972957e-37
4.2216194863726913e-10	1.073636742824508e-47	1.074243687430581e-37
4.016726087415641e-10	8.396219823552772e-48	8.829500059643141e-38
3.8217770486908867e-10	6.566141462331042e-48	7.257205438154007e-38
3.636289727512366e-10	5.1349553262529435e-48	5.964893868940152e-38
3.45980490592491e-10	4.015717046896012e-48	4.902707959824569e-38
3.291885653801047e-10	3.1404330468632533e-48	4.029668568704649e-38
3.1321162471166055e-10	2.4559299389517485e-48	3.3120938278745083e-38
2.980101138727071e-10	1.920624249914848e-48	2.7222996972603975e-38
2.835463979096607e-10	1.50199622996389e-48	2.237531913901096e-38
2.6978466845553214e-10	1.174614282270861e-48	1.8390881322744415e-38
2.566908550778016e-10	9.185899968256641e-49	1.5115963876357901e-38
2.442325409289648e-10	7.183699321592242e-49	1.2424220454773712e-38
2.3237888249092096e-10	5.617907458319388e-49	1.0211803572132507e-38
2.2110053321451196e-10	4.3934027298967266e-49	8.393358164837677e-39
2.103695708651644e-10	3.4357966360731485e-49	6.898728592420007e-39
2.0015942839476038e-10	2.6869147333390607e-49	5.670252032285785e-39
1.9044482816859447e-10	2.1012625451795827e-49	4.6605338474929843e-39
1.8120171938458077e-10	1.6432617786451404e-49	3.8306191012239354e-39
1.7240721852977528e-10	1.2850889477617422e-49	3.1484896749660954e-39
1.6403955272679962e-10	1.0049851004390768e-49	2.5878290092065728e-39
1.5607800582990795e-10	7.859339650097093e-50	2.1270068103250757e-39
1.485028671372435e-10	6.146282139765194e-50	1.748244553667926e-39
1.4129538259231103e-10	4.806610456277954e-50	1.4369295879040711e-39
1.344377083538519e-10	3.7589397221005527e-50	1.1810513788028995e-39
1.279128666191732e-10	2.9396240787373474e-50	9.7073814271361e-40
1.2170470359156197e-10	2.2988902092485447e-50	7.978759930615436e-40
1.1579784948772105e-10	1.7978136158310516e-50	6.557959065298184e-40
1.1017768048621731e-10	1.4059539617266153e-50	5.390164320786795e-40
1.0483028252273544e-10	1.099505824790975e-50	4.430322165141774e-40
9.97424168425042e-11	8.598525212480271e-51	3.6414018792068022e-40
9.490148722461222e-11	6.724351446133943e-51	2.992966911124511e-40
9.029550879706875e-11	5.258681140516268e-51	2.4600006338870408e-40
8.591307836540427e-11	4.1124750184674766e-51	2.0219412036369453e-40
8.174334618135185e-11	3.216101209714855e-51	1.6618882835428346e-40
7.777598908171642e-11	2.5151051239659127e-51	1.3659510286496257e-40
7.400118493093027e-11	1.9669013417523762e-51	1.1227121769529463e-40
7.040958830402176e-11	1.538186555831504e-51	9.227875713264277e-41
6.699230734979417e-11	1.2029163996770797e-51	7.584641186538189e-41
6.374088177693455e-11	9.40723255658578e-52	6.234022186259148e-41
6.064726190855151e-11	7.356789249647274e-52	5.123911819025586e-41
5.770378875328653e-11	5.753269916330063e-52	4.211482016701743e-41
5.4903175043660334e-11	4.499260969278891e-52	3.461531229156701e-41
5.2238487194709965e-11	3.518581530864347e-52	2.8451263481379075e-41
4.970312813825105e-11	2.751655454945511e-52	2.338486467689789e-41
4.729082099026739e-11	2.1518920838737566e-52	1.922065416584163e-41
4.499559351099243e-11	1.6828558722044776e-52	1.5797976668552285e-41
4.281176331921016e-11	1.3160529321317197e-52	1.2984785255834918e-41
4.0733923824169676e-11	1.0292000335736701e-52	1.0672546977219878e-41
3.875693084028453e-11	8.048709008932375e-53	8.772055658739592e-42
3.687588985147854e-11	6.29437568958572e-53	7.209990327919827e-42
3.508614389364775e-11	4.922424860642716e-53	5.926086489990047e-42
3.338326202523887e-11	3.8495106907525952e-53	4.8708111231231964e-42
3.176302835740016e-11	3.010453786039844e-53	4.003451693999914e-42
3.0221431616546403e-11	2.354281550549431e-53	3.290545467900173e-42
2.8754655213497662e-11	1.8411316077861479e-53	2.7045885160912842e-42
2.7359067794605536e-11	1.4398301666162738e-53	2.222974614005475e-42
2.6031214251474017e-11	1.1259982175804585e-53	1.8271230928890052e-42
2.476780716701731e-11	8.805705112943835e-54	1.5017619974314572e-42
2.3565718676677487e-11	6.886373470709737e-54	1.2343388935899818e-42
2.242197272465215e-11	5.38538810576194e-54	1.014536595568952e-42
2.1333737695960917e-11	4.211564355758516e-54	8.338751286974705e-43
2.0298319406109465e-11	3.29359258318229e-54	6.853845719288936e-43
1.9313154430995347e-11	2.5757061242958682e-54	5.633361582230118e-43
1.8375803760542315e-11	2.014293471697454e-54	4.630212586611681e-43
1.7483946760351066e-11	1.5752488810159447e-54	3.805697234994471e-43
1.6635375426417214e-11	1.231900451452534e-54	3.128005717561066e-43
1.5827988918692467e-11	9.633898113358485e-55	2.5709926893616755e-43
1.5059788359955736e-11	7.534049748024485e-55	2.1131685826664853e-43
1.4328871887117393e-11	5.891893908136837e-55	1.7368705392458225e-43
1.363342994270516e-11	4.607669843677696e-55	1.4275809771378732e-43
1.2971740794874401e-11	3.603361112632543e-55	1.173367502203619e-43
1.2342166274851681e-11	2.8179560924592745e-55	9.644225562516672e-44
1.1743147721258585e-11	2.2037415320905484e-55	7.926850413533905e-44
1.1173202121274923e-11	1.7234039782438462e-55	6.515293226110087e-44
1.0630918439088029e-11	1.3477629880710884e-55	5.355096111025462e-44
1.0114954122538158e-11	1.053998421116152e-55	4.401498652953411e-44
9.624031779311488e-12	8.242641188012392e-56	3.6177110532271787e-44
9.156936014451804e-12	6.446037526543047e-56	2.97349477907034e-44
8.712510421361388e-12	5.041029792007818e-56	2.44399596072532e-44
8.289654718841577e-12	3.942263950414605e-56	2.0087865289305032e-44
7.887322027085129e-12	3.0829901222520833e-56	1.6510760998210078e-44
7.504516275876406e-12	2.411007536140317e-56	1.3570642017653945e-44
7.1402897385827805e-12	1.8854933388755444e-56	1.115407853043719e-44
6.7937406858320764e-12	1.4745226124988551e-56	9.167839495088834e-45
6.464011153067163e-12	1.1531289397538209e-56	7.535295791432475e-45
6.150284816450741e-12	9.017876975411957e-57	6.193463868428007e-45
5.851784971861649e-12	7.052299386487202e-57	5.0905758381956083e-45
5.567772611979184e-12	5.515148052280429e-57	4.184082270427175e-45
5.297544596694798e-12	4.313041232601933e-57	3.4390106349753044e-45
5.040431912321634e-12	3.372951097193596e-57	2.8266160613198905e-45
4.795798015292102e-12	2.63776729470221e-57	2.3232723612001693e-45
4.56303725624298e-12	2.0628275063903957e-57	1.9095605300552215e-45
4.341573380586437e-12	1.6132042161820844e-57	1.569519561650141e-45
4.130858101854831e-12	1.2615828686817685e-57	1.2900306723093057e-45
3.930369744287216e-12	9.86602513547904e-58	1.0603111781220079e-45
3.739611951296997e-12	7.715581305856935e-58	8.71498498898421e-46
3.5581124566232136e-12	6.0338580198030835e-58	7.163082397446965e-46
3.3854219151231434e-12	4.718690810179775e-58	5.88753159041242e-46
3.2211127903115976e-12	3.690183442997506e-58	4.839121806061961e-46
3.0647782958927175e-12	2.8858542317703014e-58	3.977405385312591e-46
2.9160313886638036e-12	2.2568402833279372e-58	3.2691373007590404e-46
2.7745038102978676e-12	1.764929083520365e-58	2.6869925632119533e-46
2.6398451756326057e-12	1.3802370920385613e-58	2.2085120233646933e-46
2.5117221052086353e-12	1.0793943212943154e-58	1.815235897607383e-46
2.3898173999094045e-12	8.441246127660701e-59	1.4919915894061499e-46
2.273829255659374e-12	6.6013536278664494e-59	1.2263083303898826e-46
2.1634705162362886e-12	5.162492487613574e-59	1.0079360579922467e-46
2.0584679623476883e-12	4.03725208299139e-59	8.284499679439928e-47
1.9585616352116063e-12	3.157274208287113e-59	6.80925485247083e-47
1.8635041929668095e-12	2.4691003240325235e-59	5.596711140078423e-47
1.7730602983192248e-12	1.9309239578037667e-59	4.600088594732489e-47
1.6870060359085284e-12	1.5100509665525655e-59	3.780937509505163e-47
1.6051283579524434e-12	1.180913371741422e-59	3.107655028025486e-47
1.5272245567963128e-12	9.235161080300855e-60	2.554265905991137e-47
1.4531017630621162e-12	7.222223257014547e-60	2.0994203860053475e-47
1.3825764681544751e-12	5.648034541100023e-60	1.7255705237409755e-47
1.3154740699415076e-12	4.416963176328832e-60	1.4182931880876383e-47
1.2516284404857449e-12	3.4542217401604565e-60	1.1657336166213683e-47
1.1908815147549318e-12	2.701323817717254e-60	9.581480587617156e-48
1.1330828992944682e-12	2.1125309598183329e-60	7.875278617851056e-48
1.0780894998926598e-12	1.652074078242953e-60	6.472904969294101e-48
1.0257651673169855e-12	1.2919804783533276e-60	5.320256053740128e-48
9.759803602443066e-13	1.0103745215961308e-60	4.372862665469546e-48
9.286118245505314e-13	7.901486833545084e-61	3.5941743588853674e-48
8.835422881657288e-13	6.179242730909082e-61	2.9541493319872954e-48
8.406601707392451e-13	4.832386806669084e-61	2.4280954133753873e-48
7.998593073960227e-13	3.7790977416150005e-61	1.995717438051283e-48
7.610386859002145e-13	2.955388364393733e-61	1.6403342597666755e-48
7.241021965753842e-13	2.3112184393148948e-61	1.3482351922482654e-48
6.889583943621551e-13	1.8074547286528875e-61	1.1081510507957543e-48
6.555202724242295e-13	1.4134936536323574e-61	9.108193870328892e-49
6.237050467422827e-13	1.1054021310664041e-61	7.48627143564268e-49
5.934339511624452e-13	8.644636417193007e-62	6.153169421512961e-49
5.646320423919659e-13	6.760412042390964e-62	5.057456740024256e-49
5.372280144592747e-13	5.286881804769414e-62	4.156860785888716e-49
5.111540221791021e-13	4.134528937339208e-62	3.4166365589469164e-49
4.863455131855947e-13	3.2333481558589216e-62	2.8082262017434633e-49
4.627410681175889e-13	2.5285928470788153e-62	2.3081572371248056e-49
4.4028224856038313e-13	1.977449219228812e-62	1.8971369998556494e-49
4.1891345236755045e-13	1.5464353698326972e-62	1.5593083254174698e-49
3.9858177600460835e-13	1.2093672645622933e-62	1.2816377804561497e-49
3.7923688357374373e-13	9.457680606161469e-63	1.0534128328037993e-49
3.6083088219533253e-13	7.396241412284017e-63	8.658285618895986e-50
3.4331820343773184e-13	5.784122905688565e-63	7.116479648235276e-50
3.2665549050179534e-13	4.523389100380871e-63	5.849227527585823e-50
3.1080149088081045e-13	3.537450584482125e-63	4.807638658525766e-50
2.9571695423011303e-13	2.7664117235900147e-63	3.95152853294649e-50
2.813645351935279e-13	2.163432008912899e-63	3.247868414361732e-50
2.677087009460632e-13	1.6918805025576697e-63	2.6695110889514186e-50
2.547156432239555e-13	1.3231105128989693e-63	2.1941435258038445e-50
2.4235319462427614e-13	1.0347193118528779e-63	1.8034260399787159e-50
2.305907489668791e-13	8.091871721096711e-64	1.4822847472941796e-50
2.193991855215268e-13	6.32813046017592e-64	1.2183300137370206e-50
2.0875079691260004e-13	4.948822287506414e-64	1.0013784632689501e-50
1.986192205229038e-13	3.870154414079413e-64	8.230601030857733e-51
1.8897937322674112e-13	3.0265979092907465e-64	6.76495409218343e-51
1.798073892906736e-13	2.366906827076062e-64	5.560299144348159e-51
1.710805612882251e-13	1.8510050214671908e-64	4.570160588430579e-51
1.6277728388224957e-13	1.4475515260266095e-64	3.75633886987436e-51
1.5487700033578353e-13	1.1320365942827386e-64	3.087436739323524e-51
1.4736015161895692e-13	8.85292735874401e-65	2.537647946454708e-51
1.4020812798596562e-13	6.923302940472205e-65	2.085761634603327e-51
1.334032229022218e-13	5.414268259889049e-65	1.7143440257191675e-51
1.2692858920761884e-13	4.234149659792671e-65	1.409065825049534e-51
1.2076819740738164e-13	3.311255091355553e-65	1.1581493968164413e-51
1.1490679598724194e-13	2.5895188316430364e-65	9.51914382920425e-52
1.0932987365468957e-13	2.025095498362462e-65	7.824042346363978e-52
1.0402362341281816e-13	1.5836964486895962e-65	6.4307924889095904e-52
9.897490837782254e-14	1.2385067487533992e-65	5.285642664579226e-52
9.417122925551988e-14	9.6855616995095e-66	4.344412982661392e-52
8.960069339637599e-14	7.574452503341506e-66	3.570790793406641e-52
8.525198535242435e-14	5.92349029466013e-66	2.9349297456676483e-52
8.111433886318494e-14	4.632379337708388e-66	2.4122983143985676e-52
7.717751020122708e-14	3.622684812663956e-66	1.9827333741940737e-52
7.343175281138737e-14	2.833067910711816e-66	1.6296623057265404e-52
6.98677931808555e-14	2.2155595095237823e-66	1.339463623940588e-52
6.647680788038876e-14	1.732646055423337e-66	1.1009414610348832e-52
6.325040171981582e-14	1.3549906199627746e-66	9.048936297798145e-53
6.018058696374764e-14	1.0596506854012462e-66	7.437566030498902e-53
5.72597635560399e-14	8.286843897872727e-67	6.113137128779593e-53
5.448070030404734e-14	6.480605612188821e-67	5.024553113480976e-53
5.183651697608759e-14	5.0680632600686956e-67	4.129816403322109e-53
4.9320667267792085e-14	3.963405080498789e-67	3.39440804782985e-53
4.692692259517346e-14	3.099523235215238e-67	2.789955985913446e-53
4.46493566742854e-14	2.4239370164076458e-67	2.293140451487771e-53
4.248233084929793e-14	1.895604650662731e-67	1.8847942966841756e-53
4.042048013266464e-14	1.4824300166592554e-67	1.5491635231101504e-53
3.845869992282069e-14	1.1593128100440404e-67	1.2732994924470487e-53
3.6592133366528215e-14	9.066237032632453e-68	1.046559367865153e-53
3.481615933458162e-14	7.09011866510417e-68	8.601955132813008e-54
3.312638098110383e-14	5.544724068466395e-68	7.070180094786742e-54
3.151861485810908e-14	4.336170725427319e-68	5.811172669575621e-54
2.998888055838305e-14	3.391039180287543e-68	4.776360339183305e-54
2.853339086103858e-14	2.651912816719641e-68	3.9258200344250474e-54
2.71485423553502e-14	2.0738898059224336e-68	3.226737902552875e-54
2.5830906519654217e-14	1.6218553264617704e-68	2.6521433485160214e-54
2.4577221233228443e-14	1.2683483435140611e-68	2.1798685091568311e-54
2.3384382700136883e-14	9.918933546338006e-69	1.7916930168470936e-54
2.2249437765045097e-14	7.756957558211902e-69	1.4726410575380643e-54
2.1169576601982193e-14	6.066215715510587e-69	1.2104036037172922e-54
2.0142125757948727e-14	4.743995674973159e-69	9.94863532014446e-55
1.916454153414829e-14	3.709972744065163e-69	8.177053044890228e-55
1.8234403688456495e-14	2.9013301665339893e-69	6.720941551004369e-55
1.7349409443536292e-14	2.2689430127771033e-69	5.524124043715725e-55
1.6507367785765277e-14	1.7743938468678672e-69	4.5404272926310305e-55
1.5706194040860657e-14	1.3876388724055847e-69	3.7319002680834164e-55
1.4943904712772508e-14	1.0851827758589106e-69	3.0673499900602493e-55
1.4218612573067833e-14	8.486513893772288e-70	2.5211381027485445e-55
1.3528521988647946e-14	6.636754625246082e-70	2.072191746532871e-55
1.287192447623194e-14	5.190177322168552e-70	1.7031905668783693e-55
1.2247194472600161e-14	4.0589026047582535e-70	1.3998984948941573e-55
1.1652785310126083e-14	3.1742056835988624e-70	1.1506145196651247e-55
1.1087225387632935e-14	2.482341337774332e-70	9.457212631436567e-56
1.0549114527095171e-14	1.94127889980868e-70	7.773139416164647e-56
1.0037120507164947e-14	1.5181488981774334e-70	6.388953990765279e-56
9.549975764941495e-15	1.1872462412611087e-70	5.251254468848316e-56
9.086474257817845e-15	9.284686364300802e-71	4.316148392437609e-56
8.645468477635677e-15	7.260953784268438e-71	3.5475593605402683e-56
8.225866609756101e-15	5.6783231860145256e-71	2.9158352012659162e-56
7.826629830012984e-15	4.440649970075352e-71	2.3966039907635647e-56
7.446769732856795e-15	3.4727456523253585e-71	1.9698337841762109e-56
7.0853458843217135e-15	2.7158101735138647e-71	1.6190597830247766e-56
6.741463493757808e-15	2.1238598034447685e-71	1.3307491231319775e-56
6.414271198564066e-15	1.6609336354507254e-71	1.093778776598409e-56
6.102958956437923e-15	1.2989089660706995e-71	8.990064252843127e-57
5.806756039922973e-15	1.0157928445353023e-71	7.389177500920019e-57
5.524929128289953e-15	7.943860039171973e-72	6.073365284662484e-57
5.2567804920269545e-15	6.212380079407047e-72	4.991863556715317e-57
5.001646265444168e-15	4.858301387575341e-72	4.1029479705084637e-57
4.758894803116561e-15	3.799363862291139e-72	3.372324154584174e-57
4.527925116095481e-15	2.9712371889896437e-72	2.771804635432045e-57
4.308165384017654e-15	2.3236127818279976e-72	2.2782213645028177e-57
4.099071539427951e-15	1.8171475437510974e-72	1.8725318946831416e-57
3.900125920811069e-15	1.421073778550541e-72	1.5390847225115204e-57
3.710835990997409e-15	1.1113300573904997e-72	1.2650154530314125e-57
3.5307331177702207e-15	8.690994901892395e-73	1.0397504913159786e-57
3.3593714136551627e-15	6.796666020361096e-73	8.545991130789562e-58
3.196326632019865e-15	5.315233700375621e-73	7.024181764520938e-58
3.0411951167505426e-15	4.156701124488639e-73	5.773365395064488e-58
2.893592802905341e-15	3.2506875919875544e-73	4.745285515429911e-58
2.7531542658702684e-15	2.5421529006374743e-73	3.900278794444361e-58
2.6195318166637087e-15	1.9880536616772083e-73	3.2057448650725046e-58
2.492394641149691e-15	1.554728419646613e-73	2.6348886019576906e-58
2.3714279810288662e-15	1.2158527234207639e-73	2.165686365240276e-58
2.2563323545795144e-15	9.50839919286806e-74	1.7800363283301147e-58
2.146822815219353e-15	7.43590514454491e-74	1.4630601092709094e-58
2.042628246052537e-15	5.815141349991138e-74	1.2025287626280584e-58
1.9434906886553446e-15	4.547646623112803e-74	9.883909866617825e-59
1.849164704438772e-15	3.556420826940139e-74	8.123853440139393e-59
1.7594167670069662e-15	2.7812471254936923e-74	6.6772153537907725e-59
1.674024684007126e-15	2.175033818965185e-74	5.488184296950366e-59
1.5927770470395099e-15	1.7009535291843317e-74	4.510887440554517e-59
1.5154727082656939e-15	1.3302059412672261e-74	3.7076206629320675e-59
1.4419202824192797e-15	1.0402681882973843e-74	3.0473939244449416e-59
1.3719376729861775e-15	8.135265901403208e-75	2.5047356714750545e-59
1.3053516213813961e-15	6.36206624705647e-75	2.0587101436524323e-59
1.2419972780062345e-15	4.97536127552435e-75	1.6921096720283718e-59
1.1817177941239118e-15	3.8909088432457435e-75	1.390790807049794e-59
1.1243639335432379e-15	3.04282860843154e-75	1.1431286641459404e-59
1.0697937031489455e-15	2.37959980901682e-75	9.395684355751547e-60
1.017872001363981e-15	1.860931383181546e-75	7.722567658546966e-60
9.684702836734374e-16	1.4553142926754638e-75	6.347387692342843e-60
9.2146624438205e-16	1.1381073529130044e-75	5.217090001447267e-60
8.767435138173754e-16	8.900402842697133e-76	4.2880676905926907e-60
8.341913702290061e-16	6.960430451444982e-76	3.5244790705171033e-60
7.937044656705573e-16	5.443303289261153e-76	2.89686488526401e-60
7.551825651857839e-16	4.2568560817571575e-76	2.381011773817808e-60
7.1853029865312e-16	3.32901231804273e-76	1.957018118414022e-60
6.836569246742735e-16	2.6034056122248897e-76	1.6085262399436663e-60
6.504761059223228e-16	2.035955452922134e-76	1.3220913185433953e-60
6.189056953931435e-16	1.5921893180298273e-76	1.0866626923220285e-60
5.888675330309703e-16	1.2451484735630125e-76	8.931575227235718e-61
5.60287252224602e-16	9.737502341334356e-77	7.341103785325344e-61
5.330940956951769e-16	7.615071926014265e-77	6.033852194692581e-61
5.072207403197094e-16	5.955256122734257e-77	4.9593866769972324e-61
4.826031304566963e-16	4.657221341036802e-77	4.076254342725208e-61
4.5918031936115e-16	3.64211213966229e-77	3.350383938331369e-61
4.3689431829644304e-16	2.8482607689250062e-77	2.7537713769657018e-61
4.156899529694069e-16	2.227440863078284e-77	2.2633993405461335e-61
3.9551472693325386e-16	1.7419376949756963e-77	1.8603492714161064e-61
3.7631869162014375e-16	1.3622570113865241e-77	1.529071494216907e-61
3.5805432268163205e-16	1.0653332610140432e-77	1.2567853092699004e-61
3.4067640233084776e-16	8.331283653057973e-78	1.0329859130658651e-61
3.241419073951135e-16	6.515359075679514e-78	8.49039122849393e-62
3.0840990280185465e-16	5.095241700174053e-78	6.9784826976909885e-62
2.9344144023409726e-16	3.984659583859535e-78	5.735804093283344e-62
2.7919946170465e-16	3.116145010098593e-78	4.714412863330824e-62
2.656487078102489e-16	2.4369358334387307e-78	3.874903724826571e-62
2.527556304385228e-16	1.9057701862564555e-78	3.184888407517736e-62
2.404883097116664e-16	1.4903798257580507e-78	2.617746114142449e-62
2.288163749611954e-16	1.1655298424989058e-78	2.151596489827637e-62
2.177109295381374e-16	9.114856429733085e-79	1.768455477797606e-62
2.071444792725083e-16	7.128140756698343e-79	1.4535414942989122e-62
1.9709086440495892e-16	5.574458691588185e-79	1.194705154963769e-62
1.875251948220727e-16	4.359424254497522e-79	9.819605514498528e-63
1.7842378843497294e-16	3.409224264120755e-79	8.070999950049944e-63
1.697641125486826e-16	2.6661341967528628e-79	6.633773637599418e-63
1.6152472807708175e-16	2.0850114291112112e-79	5.452478372848545e-63
1.5368523646535369e-16	1.6305528299434463e-79	4.48153977366334e-63
1.462262291885135e-16	1.275150099474476e-79	3.683499019994067e-63
1.3912923970099107e-16	9.972125688476843e-80	3.027567692254629e-63
1.3237669771830761e-16	7.79855569848311e-80	2.488439953812933e-63
1.2595188571766028e-16	6.098746935432252e-80	2.0453162515818375e-63
1.1983889754972027e-16	4.7694362418516806e-80	1.681100869070541e-63
1.1402259905917932e-16	3.7298681689726524e-80	1.38174237348578e-63
1.0848859061655064e-16	2.916889093901435e-80	1.1356915113259663e-63
1.0322317146846344e-16	2.2811106453836485e-80	9.33455638075306e-64
9.821330581819088e-17	1.783909366784597e-80	7.672324918914403e-64
9.344659055243687e-17	1.3950803462085466e-80	6.306091822720988e-64
8.891122453448063e-17	1.0910022720971357e-80	5.183147806807864e-64
8.459597938765766e-17	8.53202441677277e-81	4.260169680755663e-64
8.049017169684404e-17	6.672345467116082e-81	3.501548940007409e-64
7.658363655912298e-17	5.218010621843044e-81	2.878017989436562e-64
7.286670241815128e-17	4.0806692315101527e-81	2.3655209992589576e-64
6.933016711992265e-17	3.1912279571236456e-81	1.9442858308994046e-64
6.596527513064802e-17	2.4956533589366027e-81	1.598061227704348e-64
6.276369586035035e-17	1.9516893721328824e-81	1.3134898413113316e-64
5.97175030385091e-17	1.5262902564799697e-81	1.079592905026822e-64
5.681915509069315e-17	1.193613071981764e-81	8.873466729066186e-65
5.4061476467600855e-17	9.334477236928107e-82	7.293342835546731e-65
5.1437639880281905e-17	7.29989201124133e-82	5.994596175424964e-65
4.894114939756074e-17	5.708774259470127e-82	4.927121090657711e-65
4.6565824363814745e-17	4.464463788697444e-82	4.0497343826972705e-65
4.4305784097292094e-17	3.4913689024446943e-82	3.3285864643142344e-65
4.2155433331086177e-17	2.7303742151113593e-82	2.735855442212137e-65
4.0109448360722357e-17	2.1352494001206633e-82	2.248673748129247e-65
3.816276386406208e-17	1.6698407036962516e-82	1.848245907845578e-65
3.63105603608938e-17	1.3058746091033769e-82	1.519123411615326e-65
3.454825228116417e-17	1.0212402242478201e-82	1.2486087105193801e-65
3.28714766123093e-17	7.986460479064088e-83	1.026265344911718e-65
3.127608209758005e-17	6.2456951331535564e-83	8.435153057106757e-66
2.975811895861912e-17	4.884354940283807e-83	6.933080947300052e-66
2.831382911684595e-17	3.819738663841737e-83	5.698487163942712e-66
2.6939636889439822e-17	2.9871710058810113e-83	4.6837410675647334e-66
2.5632140136886993e-17	2.3360735913282586e-83	3.849693744473435e-66
2.438810184017572e-17	1.8268923383888407e-83	3.164167641304624e-66
2.3204442086786206e-17	1.4286945533107847e-83	2.6007151547190686e-66
2.207823044563502e-17	1.117289773331708e-83	2.1375982826234418e-66
2.100667871209637e-17	8.737601992663777e-84	1.7569499718504428e-66
1.9987134005138824e-17	6.83311441709008e-84	1.444084807083958e-66
1.9017072199487653e-17	5.34373763834141e-84	1.1869324474016536e-66
1.8094091676552707e-17	4.178992214151619e-84	9.755719524116366e-67
1.721590737865077e-17	3.2681200140956616e-84	8.018490322812679e-67
1.6380345151802048e-17	2.5557856725274868e-84	6.59061455160728e-67
1.5585336363095203e-17	1.9987149724378445e-84	5.417004750168649e-67
1.4828912779294845e-17	1.563065942496103e-84	4.452383041607778e-67
1.410920169401227e-17	1.2223729617691693e-84	3.659534311573081e-67
1.3424421291375685e-17	9.559389767511725e-85	3.007870448797836e-67
1.2772876234721443e-17	7.475781581011786e-85	2.4722502554873563e-67
1.2152953469385138e-17	5.846326136520989e-85	2.032009499677789e-67
1.1563118229201348e-17	4.572034231361601e-85	1.6701636889776812e-67
1.1001910236825194e-17	3.5754928008825454e-85	1.37275280869595e-67
1.0467940088468607e-17	2.7961620850235077e-85	1.1283027443472356e-67
9.959885814101029e-18	2.186697845900614e-85	9.273826102099589e-68
9.476489604598339e-18	1.7100752116185653e-85	7.622409056688062e-68
9.016554697737365e-18	1.3373394202013554e-85	6.265064622499895e-68
8.578942415326542e-18	1.0458468216329078e-85	5.149426438831706e-68
8.162569344137373e-18	8.178892791143241e-86	4.232453174339051e-68
7.766404653657432e-18	6.396184020961224e-86	3.4787679920789273e-68
7.389467544024418e-18	5.002042583844795e-86	2.8592937108164694e-68
7.030824817822946e-18	3.91177457193244e-86	2.350131007106589e-68
6.6895885697325026e-18	3.0591463477416934e-86	1.931636379176559e-68
6.364913988306783e-18	2.392360859454701e-86	1.5876643004476983e-68
6.055997264442126e-18	1.870910976872985e-86	1.3049443249720857e-68
5.762073601357016e-18	1.4631186886169285e-86	1.0725691135063405e-68
5.4824153211558484e-18	1.1442106671254257e-86	8.815736282637084e-69
5.216330063289322e-18	8.948132922840335e-87	7.245892616741338e-69
4.963159070451331e-18	6.997757065661241e-87	5.955595554367153e-69
4.722275557668647e-18	5.4724940244258395e-87	4.895065423029846e-69
4.4930831605457415e-18	4.279684271169621e-87	4.02338696054866e-69
4.275014458822958e-18	3.3468647711896405e-87	3.306930803857059e-69
4.067529571592777e-18	2.6173668632730605e-87	2.7180560678676085e-69
3.870114820696304e-18	2.046873646025684e-87	2.234043959872122e-69
3.682281458990879e-18	1.6007277319753332e-87	1.836221288310897e-69
3.5035644603403384e-18	1.2518258158680415e-87	1.5092400508713032e-69
3.3335213683322878e-18	9.789721524596134e-88	1.2404853084179861e-69
3.1717312008720697e-18	7.655909177962146e-88	1.0195885005254764e-69
3.017793407941523e-18	5.987192301021351e-88	8.380274263220099e-70
2.8713268799421944e-18	4.6821965642689343e-88	6.88797457901835e-70
2.7319690041679403e-18	3.661643649346621e-88	5.661413017164511e-70
2.599374767070974e-18	2.863535101690859e-88	4.653268821367755e-70
2.4732159000988175e-18	2.2393859326204109e-88	3.824647779320295e-70
2.3531800669874654e-18	1.7512791626884597e-88	3.143581683630307e-70
2.2389700904987245e-18	1.3695623701976099e-88	2.583794998087947e-70
2.130303216687313e-18	1.0710463105047342e-88	2.123691147237709e-70
2.026910414876263e-18	8.375961724768226e-89	1.745519320299537e-70
1.928535711607524e-18	6.550298911138653e-89	1.4346896447263479e-70
1.8349355569188228e-18	5.122565889763724e-89	1.1792103087875286e-70
1.7458782213778402e-18	4.006028068482347e-89	9.692249173625342e-71
1.6611432223809137e-18	3.1328559223683563e-89	7.96632232126859e-71
1.5805207782959465e-18	2.4500043590649977e-89	6.547736257032731e-71
1.5038112890981065e-18	1.9159902364420694e-89	5.381761917566214e-71
1.4308248422125212e-18	1.4983722671996885e-89	4.423416002172855e-71
1.361380742340554e-18	1.1717802149567564e-89	3.6357255166589494e-71
1.2953070641056413e-18	9.163736557472686e-90	2.9883013548786364e-71
1.2324402264111527e-18	7.166366748892441e-90	2.4561658867404463e-71
1.1726245874565046e-18	5.604352772205311e-90	2.018789321009591e-71
1.1157120594088828e-18	4.382802484980214e-90	1.6592976657740882e-71
1.061561741776614e-18	3.4275068688779243e-90	1.3638217296822409e-71
1.010039572576504e-18	2.6804318416047423e-90	1.1209620484132582e-71
9.6101799643153e-19	2.096192694090989e-90	9.21349093239345e-72
9.14375648777185e-19	1.639296975419375e-90	7.572817945215664e-72
8.699970553946512e-19	1.2819883311273785e-90	6.224304343726404e-72
8.277723465269186e-19	1.0025603083457847e-90	5.115924460828704e-72
7.875969848700864e-19	7.840376916586191e-91	4.204916990488331e-72
7.493715067664189e-19	6.131452610124276e-91	3.4561352561553115e-72
7.130012759584163e-19	4.795013238543261e-91	2.8406912516607236e-72
6.783962492942638e-19	3.749870286829e-91	2.3348411416740983e-72
6.454707538046057e-19	2.932531458936062e-91	1.9190692243188916e-72
6.141432745987455e-19	2.293343529202943e-91	1.5773350152153384e-72
5.843362530551557e-19	1.793475915462185e-91	1.29645440544616e-72
5.55975894806675e-19	1.4025617263109479e-91	1.0655910185137773e-72
5.289919870450104e-19	1.0968529764757938e-91	8.75838142835779e-73
5.033177246922408e-19	8.577778998491534e-92	7.198751107304951e-73
4.78889545008967e-19	6.70812717155317e-92	5.916848669907835e-73
4.5564697022964e-19	5.245993182809135e-92	4.863218308390261e-73
4.335324578354762e-19	4.1025525858818714e-92	3.9972109537543125e-73
4.1249125809427517e-19	3.208341515783932e-92	3.285416034326069e-73
3.9247127851444246e-19	2.509036768309964e-92	2.700372495594406e-73
3.7342295487764373e-19	1.9621556725681406e-92	2.2195093524764383e-73
3.5529912853080115e-19	1.5344752743438872e-92	1.8242749005062797e-73
3.3805492963363727e-19	1.2000140460267068e-92	1.499420990906829e-73
3.216476660727197e-19	9.38453512245167e-93	1.2324147568702892e-73
3.0603671776698613e-19	7.339039051761977e-93	1.0129550954419259e-73
2.91183436103078e-19	5.739388632520376e-93	8.325752508737242e-74
2.770510482515108e-19	4.488405313389858e-93	6.84316167110081e-74
2.6360456612679425e-19	3.5100920232368983e-93	5.624580073414373e-74
2.50810699766109e-19	2.7450163591144336e-93	4.622994826477774e-74
2.3863777491209073e-19	2.1467000756456555e-93	3.799764762290325e-74
2.2705565459567694e-19	1.678795537766393e-93	3.1231296574354207e-74
2.160356645248763e-19	1.3128776067037154e-93	2.566984923370218e-74
2.0555052209474228e-19	1.0267168165560868e-93	2.1098744911605573e-74
1.9557426884280012e-19	8.029289371807844e-94	1.734163036144955e-74
1.8608220618270192e-19	6.27918884512637e-94	1.4253556069476346e-74
1.770508342570053e-19	4.910548210056842e-94	1.1715384101216879e-74
1.6845779375769e-19	3.840222729088373e-94	9.62919175888769e-75
1.6028181057037636e-19	3.003190270854961e-94	7.914493722813544e-75
1.525026431051978e-19	2.34860122425736e-94	6.50513692705718e-75
1.451010321839336e-19	1.836689391316146e-94	5.346748373529524e-75
1.3805865335933544e-19	1.4363561959054892e-94	4.3946374212253893e-75
1.3135807154860187e-19	1.1232814493678132e-94	3.612071620884159e-75
1.2498269786868695e-19	8.784459022703851e-95	2.968859576760878e-75
1.1891674856657676e-19	6.86975827518498e-95	2.4401861623018604e-75
1.131452059428568e-19	5.372394434022454e-95	2.005655152334972e-75
1.0765378117182746e-19	4.2014028439651715e-95	1.6485023365156683e-75
1.0242887892611929e-19	3.285645920837995e-95	1.3549487559383541e-75
9.745756371822847e-20	2.5694915527145418e-95	1.1136691107755935e-75
9.272752787564281e-20	2.0094334564777115e-95	9.153548301070428e-76
8.822706107027247e-20	1.5714481768761612e-95	7.52354947168079e-76
8.39450213267494e-20	1.2289281661190465e-95	6.183809249819433e-76
7.987080743781882e-20	9.610653788678769e-96	5.0826404454558e-76
7.599433271853052e-20	7.515871862350838e-96	4.177559956031543e-76
7.230600003425266e-20	5.877678157319496e-96	3.4336497679747284e-76
6.879667804068384e-20	4.5965526227352364e-96	2.822209819416385e-76
6.545767857703934e-20	3.5946670518635033e-96	2.3196507515407406e-76
6.228073515644427e-20	2.811157028822151e-96	1.906583830906035e-76
5.925798250028006e-20	2.1984244233688936e-96	1.5670729319307578e-76
5.638193706581764e-20	1.7192458107862673e-96	1.288019721022741e-76
5.364547851892861e-20	1.3445111537546572e-96	1.0586583227492079e-76
5.104183210600547e-20	1.051455371436359e-96	8.701399722639635e-77
4.8564551881448726e-20	8.222753638264808e-97	7.15191629878581e-77
4.620750474919624e-20	6.430484757829735e-97	5.8783538712460675e-77
4.3964855278786113e-20	5.028866975687068e-97	4.831578389900913e-77
4.183105125836143e-20	3.932752197004058e-97	3.9712052470922614e-77
3.9800809948850017e-20	3.0755515939904383e-97	3.2640412390900953e-77
3.7869105005288116e-20	2.4051903434197906e-97	2.68280397198853e-77
3.603115403290862e-20	1.8809440880079726e-97	2.2050693066990267e-77
3.428240674718609e-20	1.4709649370958944e-97	1.8124062354589792e-77
3.261853370852564e-20	1.1503467115054179e-97	1.4896658133834057e-77
3.1035415603706253e-20	8.996118964493446e-98	1.2243967120325378e-77
2.9529133047541584e-20	7.035283850849474e-98	1.0063648470465664e-77
2.809595687951032e-20	5.501841300384622e-98	8.271585470773008e-78
2.6732338931332844e-20	4.302634881030847e-98	6.798640314305144e-78
2.5434903242637267e-20	3.364812961466036e-98	5.587986763434312e-78
2.4200437702966992e-20	2.6314029841493923e-98	4.592917793079114e-78
2.3025886099437775e-20	2.057850389988228e-98	3.7750436332490613e-78
2.1908340550356236e-20	1.609311934767603e-98	3.1028106913667103e-78
2.084503430606751e-20	1.2585389666739866e-98	2.5502842143770215e-78
1.9833334899208788e-20	9.842220743025543e-99	2.09614772573695e-78
1.8870737627410613e-20	7.696965427335502e-99	1.7228806355551648e-78
1.795485935231079e-20	6.019299743056395e-99	1.4160822960735689e-78
1.708343259952885e-20	4.707305721821517e-99	1.1639164245448875e-78
1.625429994499427e-20	3.68127990041615e-99	9.566544593358677e-79
1.5465408673730306e-20	2.878891345931953e-99	7.86300231930361e-79
1.4714805697870183e-20	2.2513950598390985e-99	6.462814746747281e-79
1.4000632721323752e-20	1.7606707257744858e-99	5.3119626263156605e-79
1.3321121639123851e-20	1.3769069053659564e-99	4.366046072661433e-79
1.2674590160062116e-20	1.0767899972952046e-99	3.5885716164806384e-79
1.2059437641777232e-20	8.42087939102055e-100	2.949544286132659e-79
1.147414112798428e-20	6.585426118020874e-100	2.424310401359592e-79
1.0917251578034436e-20	5.150036610446644e-100	1.9926064340760907e-79
1.03873902794704e-20	4.027511145613113e-100	1.6377772412702288e-79
9.88324543469596e-21	3.1496564500404716e-100	1.346133509433551e-79
9.403568913309252e-21	2.463142967111856e-100	1.1064236207205303e-79
8.947173162059233e-21	1.9262650935642954e-100	9.093995654290313e-80
8.512928264775335e-21	1.5064075696081022e-100	7.474601537012944e-80
8.099759144991394e-21	1.1780641062096088e-100	6.143577615496049e-80
7.706642904338285e-21	9.212878814068199e-101	5.04957297465618e-80
7.3326062901159e-21	7.204797735141654e-101	4.150380905429365e-80
6.976723285774699e-21	5.634407165438487e-101	3.4113105695488134e-80
6.638112818341639e-21	4.4063060856101054e-101	2.8038486266868508e-80
6.3159365771146026e-21	3.445887517533296e-101	2.304559189523903e-80
6.009396938224959e-21	2.69480616025967e-101	1.894179667001057e-80
5.7177349899301e-21	2.1074339207020558e-101	1.5568776133805698e-80
5.44022865374701e-21	1.6480880130160007e-101	1.2796399123442954e-80
5.176190896775334e-21	1.288863234080514e-101	1.0517707308469363e-80
4.924968030784135e-21	1.0079367261002918e-101	8.644788737791905e-81
4.6859380938512816e-21	7.88242240881789e-102	7.10538619579912e-81
4.458509310548866e-21	6.164333675133105e-102	5.840109518321003e-81
4.242118626862468e-21	4.820727396678384e-102	4.80014431955133e-81
4.036230316217094e-21	3.7699796697951676e-102	3.945368732596159e-81
3.8403346531587016e-21	2.948257709088024e-102	3.242805507481569e-81
3.653946651407668e-21	2.3056420141568656e-102	2.665349748547615e-81
3.476604863159974e-21	1.8030937665519427e-102	2.190723207325505e-81
3.3078702366634707e-21	1.4100832267178136e-102	1.8006147875076183e-81
3.147325029240909e-21	1.1027350563543986e-102	1.4799741026842405e-81
2.994571773068631e-21	8.623778947739299e-103	1.2164308322980252e-81
2.8492322911505068e-21	6.744100762093712e-103	9.998174745635852e-82
2.710946761050868e-21	5.274125805508525e-103	8.217770841554884e-82
2.579372824068552e-21	4.1245532938471873e-103	6.754408611810565e-82
2.4541847376465472e-21	3.225546849113399e-103	5.5516315281759e-82
2.33507256891886e-21	2.522491948727102e-103	4.563036439747613e-82
2.2217414273980405e-21	1.972678100503184e-103	3.7504833389592447e-82
2.1139107349036765e-21	1.5427041859017844e-103	3.082623919739923e-82
2.0113135309244134e-21	1.206449346495924e-103	2.5336921595790055e-82
1.9136958116937552e-21	9.434861452778265e-104	2.082510266141624e-82
1.8208159013433536e-21	7.378396025632225e-104	1.7116716378464307e-82
1.732443853576956e-21	5.770167180890013e-104	1.406869317017157e-82
1.6483608823836833e-21	4.5124752290003723e-104	1.1563440273244159e-82
1.5683588203812584e-21	3.528915550277205e-104	9.504305007972134e-83
1.4922396034481635e-21	2.7597370243619006e-104	7.811845916960947e-83
1.419814780368829e-21	2.15821215756654e-104	6.420767912977562e-83
1.3509050462778533e-21	1.6877983938143538e-104	5.277403193886924e-83
1.2853397987481846e-21	1.3199181591925973e-104	4.337640738354038e-83
1.2229567154242614e-21	1.032222778118133e-104	3.565224502236829e-83
1.1636013521544358e-21	8.072347942524555e-105	2.9303546600710643e-83
1.1071267606277625e-21	6.312862173413776e-105	2.4085379275309914e-83
1.0533931245685262e-21	4.93688194615346e-105	1.9796426102957105e-83
1.0022674135878143e-21	3.860816643978148e-105	1.6271219230978837e-83
9.536230538351676e-22	3.0192954421428976e-105	1.337375614596555e-83
9.073396146349255e-22	2.3611960389685017e-105	1.0992252695558554e-83
8.633025103314617e-22	1.8465389827779157e-105	9.034830454828117e-84
8.214027166051568e-22	1.4440589254960994e-105	7.425972055798149e-84
7.81536500556777e-22	1.1293052568908313e-105	6.103607726697964e-84
7.436051638920258e-22	8.831567332358916e-106	5.016720639598878e-84
7.075147985704553e-22	6.906598642844094e-106	4.123378680725427e-84
6.731760543137887e-22	5.401204907146972e-106	3.3891167091218406e-84
6.405039173980671e-22	4.223933654985818e-106	2.7856068911982875e-84
6.09417500181968e-22	3.303265813543475e-106	2.289565812651519e-84
5.798398408502221e-22	2.5832709332556193e-106	1.8818562041277855e-84
5.516977128763442e-22	2.020209420399262e-106	1.546748625195886e-84
5.249214437329615e-22	1.57987536256077e-106	1.2713146223912581e-84
4.994447424009092e-22	1.2355185239821467e-106	1.0449279493629037e-84
4.752045352500565e-22	9.662192722777557e-107	8.588546061918331e-85
4.521408098855404e-22	7.55617713534537e-107	7.059158815941951e-85
4.301964665728179e-22	5.909198309211849e-107	5.802113981741936e-85
4.093171768737e-22	4.62120249858279e-107	4.768914758101128e-85
3.8945124914338814e-22	3.6139441283628477e-107	3.9197003095080307e-85
3.705495005555211e-22	2.8262323858202854e-107	3.221707934757668e-85
3.5256513533839625e-22	2.2102138868090025e-107	2.648009081639014e-85
3.354536289209136e-22	1.7284655890126037e-107	2.176470443144041e-85
3.191726177014161e-22	1.351721347074706e-107	1.7889000542806235e-85
3.0368179416652372e-22	1.0570939981404137e-107	1.4703454458965192e-85
2.8894280710030267e-22	8.266849697408285e-108	1.2085167782825138e-85
2.7491916663671364e-22	6.464969438835254e-108	9.933126990438787e-86
2.6157615392027505e-22	5.055835218363423e-108	8.164306328324573e-86
2.4888073515128315e-22	3.9538423185259696e-108	6.710464679136878e-86
