1.0	1.0	0.9999999999999999
0.9801601441356228	0.7836527119258159	0.9172900108779719
0.95924411651727	0.6131107042277855	0.8390715311604461
0.9376946244918238	0.47933280797295746	0.7655948229961502
0.9158586563586834	0.374980523251482	0.6970094861500865
0.8939962066067906	0.2941076159159648	0.6333558395433002
0.8722948633704648	0.23189678768968866	0.574575910435346
0.8508851094207212	0.1844366087776115	0.5205320645269523
0.8298540628773126	0.14853523015161083	0.4710270433540764
0.8092568722029302	0.12157168571302175	0.42582241747226623
0.7891257091019123	0.10138813756696362	0.38465424496652845
0.7694766228979438	0.08622263436218777	0.3472456615693353
0.7503146267946369	0.0746711470714818	0.31331658674878615
0.7316373888069424	0.06565843148228899	0.2825909238491034
0.7134378570612756	0.05840014435297668	0.2548016856589171
0.695706091400607	0.0523518555708533	0.229694460086633
0.6784305158659911	0.047152127995460126	0.2070295830356236
0.6615987561596905	0.04256947147103839	0.18658332806198927
0.6451981846535121	0.038459275511902424	0.16814836560395577
0.6292162627332358	0.03473217306164708	0.15153369337512707
0.6136407451775971	0.031332424505187674	0.13656419567860753
0.5984597924889662	0.02822392847378088	0.12307995308279941
0.5836620232895148	0.025381560287540957	0.11093539449705678
0.5692365289079766	0.022786026436791854	0.09999836028884579
0.55517286515367	0.020420945332212295	0.0901491267253851
0.5414610312536361	0.018271289575030148	0.08127942779082033
0.5280914424383826	0.01632263239052119	0.07329149952105324
0.515054900268455	0.014560849384910604	0.06609716373007608
0.5023425631778498	0.012972062859533187	0.059616961809302454
0.4899459186380738	0.011542702436723335	0.053779344705708915
0.4778567576508064	0.010259609670960661	0.04851992185711476
0.466067151838291	0.009110147299646269	0.04378076949099088
0.45456943313481957	0.008082293542559313	0.03950979704640753
0.4433561759314258	0.007164713370016754	0.035660169377088186
0.4324201814488802	0.006346805099617222	0.03218978169733921
0.42175446408382467	0.005618724049874906	0.029060783834212723
0.4113522394709514	0.004971386525701644	0.026239150166218358
0.40120691401838177	0.004396457909571357	0.023694291598588636
0.39131207569592197	0.003886328557364909	0.021398706000294372
0.38166148588172344	0.0034340808352465294	0.01932766367339559
0.3722490720990492	0.003033450151997494	0.01745892461478975
0.3630689214996211	0.0026787823359145694	0.015772484544903195
0.35411527497251294	0.0023649892280898544	0.014250346903642583
0.34538252177740675	0.0020875039392761687	0.012876318241303558
0.3368651946181925	0.0018422368545492561	0.011635824654484933
0.32855796508750634	0.0016255331686939453	0.010515747129995343
0.3204556394251066	0.001434132491102746	0.009504273860544636
0.31255315454324967	0.0012651308652960123	0.008590767783169407
0.30484557428070996	0.001115945397620527	0.007765647764199377
0.2973280858540858	0.000984281575107223	0.007020282013081901
0.2899959964807489	0.0008681032673239729	0.00634689245190889
0.28284473015246236	0.0007656053455924327	0.005738468898666073
0.2758698245424887	0.0006751888102304552	0.005188692040844986
0.269066928032083	0.0005954382884167254	0.004691864283006805
0.2624317968447609	0.0005251017484629081	0.004242847648083266
0.255960292278737	0.0004630722679701466	0.0038370079985597305
0.24964837802956238	0.0004083716913364107	0.003470164921097268
0.24349211759629408	0.0003601360146223565	0.003138546687459879
0.23748767176559085	0.00031760234150828655	0.0028387497666109477
0.2316312961689823	0.0002800972619251069	0.0025677024182638045
0.22591933890924495	0.00024702651410945	0.002322631947688122
0.22034823825238395	0.00021786580070885274	0.0021010352458018544
0.21491452038216077	0.00019215263969702028	0.0019006522780749978
0.20961479721448248	0.0001694791409261131	0.0017194422210400977
0.20444576426926303	0.0001494856089137773	0.0015555619766988403
0.1994041985976109	0.000131854881782872	0.0014073468232407632
0.194486956762402	0.00011630732504378397	0.0012732929856136964
0.18969097287045708	0.0001025964070776477	0.001152041931931559
0.1850132566546857	9.050479071997757e-5	0.0010423662217643815
0.18045089160467045	7.984088225717415e-5	0.0009431567502870784
0.17600103314426466	7.04357854482024e-5	0.0008534112482985131
0.17166090685485766	6.21406138964528e-5	0.0007722239124664102
0.16742780674303398	5.4824120255421454e-5	0.0006987760529896932
0.1632990935514146	4.837060539348172e-5	0.00063232765736071
0.1592721931115191	4.267807480669613e-5	0.0005722097792004329
0.15534459473754086	3.765661329370629e-5	0.0005178176703590152
0.1515138496599645	3.322695223186231e-5	0.00046860458273677687
0.14777756949799636	2.9319206756012676e-5	0.0004240761736888146
0.14413342476981353	2.587176277587291e-5	0.00038378545552096696
0.14057914343966768	2.283029610742657e-5	0.0003473282355466444
0.13711250950091164	2.0146908068748457e-5	0.0003143389985252391
0.13373136159404359	1.777936372885615e-5	0.0002844871881076542
0.1304335916588895	1.5690420625134096e-5	0.00025747384823025614
0.12721714362007053	1.3847237203620154e-5	0.00023302858927630696
0.12408001210492473	1.2220851507853838e-5	0.00021090684730931444
0.12102024119307477	1.0785721764829818e-5	0.00019088740781639146
0.11803592319685516	9.51932150771626e-6	0.0001727701682180342
0.11512519747183313	8.401782749445452e-6	0.0001563741159361719
0.11228624925667731	7.4155814925051704e-6	0.00014153550109395038
0.1095173085416471	6.54526054022018e-6	0.00012810618497446192
0.10681664896499458	5.77718517415503e-6	0.00011595214721476473
0.10418258673658885	5.099327790433311e-6	0.00010495213637684922
0.10161347958808928	4.5010780531261095e-6	9.499645003734122e-5
0.09910772574901278	3.973075532823675e-6	8.598583188938227e-5
0.09666376294805411	3.5070621596242488e-6	7.783047456825727e-5
0.09428006743903729	3.0957521378455362e-6	7.044911801036843e-5
0.09195515305088861	2.7327172499029684e-6	6.376823414513616e-5
0.08968757026103955	2.412285723519626e-6	5.772128961212813e-5
0.08747590529168059	2.1294530537182233e-6	5.224807900089781e-5
0.08531877922830229	1.879803362407041e-6	4.729412183735649e-5
0.08321484715997443	1.6594400469042826e-6	4.281011719583915e-5
0.0811627973408256	1.464924617175756e-6	3.875145040739345e-5
0.0791613503722018	1.2932227522911025e-6	3.507774686854522e-5
0.07720925840499285	1.1416567217495334e-6	3.175246843656526e-5
0.07530530436162969	1.007863418749807e-6	2.8742548332195486e-5
0.07344830117726742	8.897573418211889e-7	2.601806086349717e-5
0.07163709105968048	7.854979399359613e-7	2.3551922639101562e-5
0.06987054476740914	6.934608055609075e-7	2.1319622259408463e-5
0.06814756090570659	6.122122611936357e-7	1.9298975763551438e-5
0.06646706523984779	5.404869387545939e-7	1.746990537125678e-5
0.06482801002537232	4.771679986339307e-7	1.5814239294796517e-5
0.06322937335484312	4.212696769870687e-7	1.4315530609529702e-5
0.06167015852071393	3.7192188670568197e-7	1.2958893364259077e-5
0.060149393393908235	3.2835662995301123e-7	1.1730854286799427e-5
0.058666129817722595	2.8989600876468413e-7	1.0619218597559546e-5
0.0572194430166759	2.5594164543675786e-7	9.612948586209114e-6
0.0558084310199361	2.2596534665508706e-7	8.702053735098601e-6
0.054432214098965356	1.9950086491967417e-7	7.877491289348072e-6
0.05308993421903261	1.7613662809727889e-7	7.131076278612584e-6
0.051780754504251555	1.5550932317079977e-7	6.455400090544469e-6
0.050503858715810604	1.3729823368749642e-7	5.843756781878882e-6
0.04925845074306978	1.212202422537491e-7	5.290076390745348e-6
0.04804375410720676	1.0702541987006743e-7	4.788864584047977e-6
0.04685901147710278	9.44931331123379e-8	4.335148037275292e-6
0.045703484197167	8.342860828999005e-8	3.924425001543798e-6
0.044576451826804094	7.365989887764018e-8	3.552620564631142e-6
0.0434772116912388	6.503520883729955e-8	3.2160461597420784e-6
0.042405078443416726	5.742053002341184e-8	2.9113629182497105e-6
0.04135938363670878	5.069755678093031e-8	2.6355485010963225e-6
0.040339475308152246	4.476184518503434e-8	2.3858670783107583e-6
0.03934471757196932	3.9521188198377685e-8	2.159842157554773e-6
0.03837449022310912	3.4894181398304647e-8	1.95523199106616e-6
0.03742818835056634	3.080895690547187e-8	1.770007316108992e-6
0.036505221960235215	2.7202065773674407e-8	1.6023312073303976e-6
0.03560501560706396	2.4017491419750225e-8	1.4505408404933309e-6
0.03472700803627991	2.1205778718693715e-8	1.3131309861179635e-6
0.03387065183346223	1.8723265194698808e-8	1.1887390688121161e-6
0.03303541308324342	1.653140233213269e-8	1.0761316436769744e-6
0.032220771036427294	1.4596156436417428e-8	9.741921552948314e-7
0.031426217785315624	1.2887479715524674e-8	8.819098575824615e-7
0.030651257947041242	1.1378843347719376e-8	7.983697843551006e-7
0.029895408354709985	1.0046825267480577e-8	7.227436709077435e-7
0.02915819775615885	8.87074625431426e-9	6.542817363873524e-7
0.028439166520142854	7.832348661806635e-9	5.923052452964033e-7
0.027737866349767135	6.9155127885225165e-9	5.361997742206906e-7
0.027053860002985774	6.1060064786235145e-9	4.854091168899955e-7
0.0263867210199929	5.391264057530405e-9	4.3942976702925325e-7
0.025736033457336337	4.760191164671391e-9	3.9780592420366687e-7
0.025101391628587943	4.202992448478094e-9	3.6012497306119327e-7
0.02448239985140887	3.7110194446103415e-9	3.260133910819225e-7
0.02387867220085211	3.276636272464558e-9	2.951330442030213e-7
0.023289832268748582	2.893101062250692e-9	2.671778335426426e-7
0.022715512929026543	2.554461269635306e-9	2.418706599349338e-7
0.022155356108818275	2.255461250960521e-9	2.1896067614583796e-7
0.021609012565211163	1.991460662729028e-9	1.9822079949719476e-7
0.021076141667503993	1.7583624173668359e-9	1.794454602132349e-7
0.02055641118483274	1.5525490758617693e-9	1.6244856314467506e-7
0.020049497079033456	1.3708266890421495e-9	1.4706164264457494e-7
0.019555083302613057	1.2103752150502827e-9	1.3313219228801496e-7
0.019072861601702122	1.0687047427829254e-9	1.2052215286359635e-7
0.018602531323866755	9.436168413076153e-10	1.0910654363601214e-7
0.018143799230659802	8.331704349247451e-10	9.877222330114534e-8
0.017696379314794446	7.356516738705717e-10	8.94167683424496e-8
0.017259992621826235	6.495473327406642e-10	8.094745766257477e-8
0.016834367076232412	5.735213235227029e-10	7.328035341889853e-8
0.01641923731178006	5.063939585149525e-10	6.633946894630067e-8
0.01601434450607726	4.4712364112489153e-10	6.005601551466484e-8
0.015619436219204228	3.9479070025587023e-10	5.4367720450798774e-8
0.015234266236323707	3.485831172849131e-10	4.921820986250365e-8
0.014858594414172564	3.0778392402961054e-10	4.455644984343271e-8
0.014492186531338812	2.7176007605355453e-10	4.033624061752682e-8
0.014134814142230815	2.39952628571452e-10	3.651575860695996e-8
0.01378625443464748	2.1186806244306903e-10	3.3057141882893746e-8
0.013446290090860815	1.8707062560395507e-10	2.992611488864157e-8
0.013114709152124015	1.651755710480535e-10	2.709164871435727e-8
0.012791304886520891	1.458431863978421e-10	2.452565355495632e-8
0.012475875660073958	1.2877352238791797e-10	2.2202700302152267e-8
0.012168224811031024	1.1370173843889673e-10	2.0099768510412317e-8
0.011868160527251781	1.0039399307874304e-10	1.819601823817679e-8
0.011575495726618043	8.86438154270223e-11	1.6472583502439077e-8
0.011290047940393011	7.826890142547181e-11	1.491238529909873e-8
0.011011639199456845	6.910828509172882e-11	1.3499962335505718e-8
0.010740095923347659	6.101984089444638e-11	1.2221317797234308e-8
0.010475248812038693	5.387807848779279e-11	1.1063780630103758e-8
0.010216932740384242	4.7572195581287124e-11	1.0015879962376295e-8
0.009964986655168519	4.2004358727556006e-11	9.067231422339823e-9
0.009719253474693242	3.7088185348116806e-11	8.208434224415054e-9
0.009479579990841355	3.2747403440638676e-11	7.430978003684444e-9
0.009245816773555854	2.8914668168802715e-11	6.727158475383022e-9
0.009017818077674093	2.553051697069165e-11	6.09000108337642e-9
0.008795441752059553	2.254244697139636e-11	5.513191880848132e-9
0.00857854915097437	1.990410038360376e-11	4.9910149581109464e-9
0.008367005047637403	1.7574545255799052e-11	4.518295797357855e-9
0.008160677549913937	1.551764040739015e-11	4.090349992919501e-9
0.007959438018084415	1.3701474696515153e-11	3.702936828780426e-9
0.007763160984640993	1.2097871919804783e-11	3.3522172532530972e-9
0.007571724076061897	1.0681953661847589e-11	3.034715834293892e-9
0.0073850079365147476	9.431753311354812e-12	2.7472863184013172e-9
0.007202896153441391	8.327875255003255e-12	2.487080451754918e-9
0.00702527518497775	7.353193960971242e-12	2.2515197545876976e-9
0.006852034289163477	6.4925882831568205e-12	2.038269969056136e-9
0.006683065454897301	5.732706863584557e-12	1.8452179273701602e-9
0.006518263334594949	5.061760993051069e-12	1.6704506109334448e-9
0.006357525178507745	4.469341716117684e-12	1.5122361929600653e-9
0.006200750770660838	3.946258342744864e-12	1.3690068766920104e-9
0.006047842366371235	3.484395861014473e-12	1.239343359138332e-9
0.0058987046313065585	3.0765890386581116e-12	1.1219607663671305e-9
0.005753244582046642	2.716511260053226e-12	1.015695920965949e-9
0.005611371528110814	2.3985763739824463e-12	9.194958154889065e-10
0.005472997015414814	2.117852029323301e-12	8.32407177661085e-10
0.005338034771121988	1.8699831540779437e-12	7.5356702393063e-10
0.005206400649854491	1.6511243905317388e-12	6.821941077540944e-10
0.005078012581230865	1.4578804382874882e-12	6.175811778677511e-10
0.004952790518697333	1.2872533796153008e-12	5.590879698248826e-10
0.004830656389620896	1.1365961698901241e-12	5.06134861345968e-10
0.004711534046613136	1.0035715715410764e-12	4.581971286072408e-10
0.004595349220054304	8.86115894392951e-13	4.147997465485151e-10
0.004482029471788225	7.824069798511826e-13	3.755126816725001e-10
0.004371504149958999	6.908359322242495e-13	3.399466306884507e-10
0.004263704344961454	6.09982158613521e-13	3.077491627713546e-10
0.0041585628464778385	5.385913301320904e-13	2.786012272076754e-10
0.004056014101573969	4.75555922537499e-13	2.5221399181964746e-10
0.003955994173828716	4.198980343818327e-13	2.2832598083809868e-10
0.003858440703471341	3.7075421611724746e-13	2.0670048386127733e-10
0.0037632928685018374	3.2736207479389326e-13	1.8712321022357829e-10
0.00367049134677002	2.8904844653447253e-13	1.6940016553002336e-10
0.0035799782789897477	2.55218953292715e-13	1.53355729313964e-10
0.003491697232665187	2.2534878187925508e-13	1.3883091476855067e-10
0.0034055931669066514	1.9897454220097297e-13	1.256817933068079e-10
0.0033216123981140698	1.7568707840300664e-13	1.1377806833855395e-10
0.0032397025665066846	1.5512512138613323e-13	1.0300178413108626e-10
0.0031598126034781127	1.3696968422542608e-13	9.324615695918313e-11
0.003081892699756431	1.2093911354152882e-13	8.441451696181056e-11
0.0030058942743494185	1.0678472005236909e-13	7.641935021997344e-11
0.00293176994425559	9.428692051855034e-14	6.918143156330057e-11
0.0028594734949221536	8.325183122941098e-14	6.262903951202812e-11
0.0027889598514314684	7.350826018191878e-14	5.6697245574966925e-11
0.002720185050398027	6.490505128985836e-14	5.132727086086824e-11
0.0026531062125584484	5.730873942212701e-14	4.646590362764199e-11
0.0025876815160374004	5.060147989111339e-14	4.2064971997739796e-11
0.0025238701702727626	4.4679220269909e-14	3.808086661468203e-11
0.002461632390583802	3.945008617654411e-14	3.447410851059307e-11
0.0024009293733664766	3.4832955982879055e-14	3.120895790262403e-11
0.0023417232719004154	3.075620233671414e-14	2.8253060041720197e-11
0.0022839771727524946	2.715658097357878e-14	2.557712460435698e-11
0.0022276550727622943	2.3978249579671252e-14	2.3154635450255794e-11
0.002172721856595081	2.1171901484995482e-14	2.0961587869998534e-11
0.0021191432748483272	1.8694000747180287e-14	1.8976250718865285e-11
0.002066885922698117	1.650610675940783e-14	1.7178951079825276e-11
0.0020159172190721314	1.4574277904723545e-14	1.5551879321858913e-11
0.0019662053863362047	1.286854500529637e-14	1.407891262189222e-11
0.0019177194304818217	1.1362446397970138e-14	1.274545520158584e-11
0.0018704291218021687	1.0032617423492915e-14	1.1538293695852835e-11
0.0018243049760447191	8.858427960962463e-15	1.0445466219923598e-11
0.0017793182360285819	7.821662384379136e-15	9.456143837518566e-12
0.0017354408537151608	6.906236976315583e-15	8.560523255575091e-12
0.001692645472720951	6.09795041480549e-15	7.7497296822211e-12
0.0016509054112615544	5.384263462636395e-15	7.015728885398437e-12
0.0016101946455162992	4.754104441263931e-15	6.3512475807097214e-12
0.0015704877934030795	4.197697471575052e-15	5.749701359598718e-12
0.0015317600987532953	3.7064108169215966e-15	5.205129443692993e-12
0.0014939874158770416	3.2726229757020564e-15	4.712135618779293e-12
0.0014571461945089132	2.8896044461269484e-15	4.265834763117392e-12
0.0014212134651250357	2.5514133289332944e-15	3.861804440233375e-12
0.001386166824622178	2.2528031484884132e-15	3.4960410765183214e-12
0.001351984422350013	1.989141462272869e-15	3.1649202893898775e-12
0.001318644946487816	1.7563379960974168e-15	2.8651609729029045e-12
0.0012861276107571113	1.5507811901859125e-15	2.5937927849286117e-12
0.001254412141461977	1.3692821717376376e-15	2.3481267137282224e-12
0.001223478764848936	1.2090252847927285e-15	2.1257284322614983e-12
0.0011933081947785424	1.0675244099507445e-15	1.924394176194482e-12
0.0011638816207009894	9.425843963128296e-16	1.7421289065786071e-12
0.001135180695928226	8.322670073260642e-16	1.577126540812406e-12
0.0011071875261952895	7.348608522346308e-16	1.4277520559920213e-12
0.0010798846585036994	6.488548366728065e-16	1.2925252873104406e-12
0.0010532550702399824	5.729147205286645e-16	1.1701062609618843e-12
0.0010272821585625197	5.058624194117405e-16	1.0592819162133834e-12
0.0010019497300501196	4.466577286205284e-16	9.589540850710257e-13
0.0009772419906058465	3.9438218608688517e-16	8.681286104300255e-13
0.0009531435356098215	3.48224823957208e-16	7.859054948791522e-13
0.0009296393403148512	3.074695877694122e-16	7.114699825429303e-13
0.0009067147504788959	2.714842280547889e-16	6.440844855906296e-13
0.0008843554732285379	2.397104920361207e-16	5.830812754109412e-13
0.0008625475681477566	2.116554632623156e-16	5.278558660284294e-13
0.0008412774385864462	1.8688391482819588e-16	4.778610241973334e-13
0.0008205318231832666	1.6501155755220004e-16	4.3260134681811974e-13
0.0008002977875975364	1.4569907836857683e-16	3.916283519438538e-13
0.0007805627164450158	1.2864687644953514e-16	3.54536034732673e-13
0.0007613143054325461	1.1359041539695546e-16	3.209568443098507e-13
0.0007425405536866535	1.0029611940058185e-16	2.9055804167377647e-13
0.0007242297562713196	8.855774969836064e-17	2.6303840255598955e-13
0.0007063704968902668	7.819320512569401e-17	2.3812523256357734e-13
0.0006889516407691985	6.904169711941884e-17	2.1557166502670309e-13
0.0006719623277135635	6.096125535137172e-17	1.951542147753724e-13
0.0006553919653375153	5.3826525295574423e-17	1.766705636055792e-13
0.0006392302224598366	4.752682356194425e-17	1.599375554908102e-13
0.0006234670226627249	4.1964420828255584e-17	1.447893816732662e-13
0.0006080925380094111	3.7053025732891e-17	1.3107593765070455e-13
0.000593097182916704	3.271644620849484e-17	1.1866133577813102e-13
0.0005784716081786329	2.8887407489344065e-17	1.0742255874557701e-13
0.000564206695137464	2.5506508455785658e-17	9.724824058914898e-14
0.000550293549998462	2.2521300125159522e-17	8.80375631562791e-14
0.0005367234982848439	1.9885471993526674e-17	7.96992570901514e-14
0.0005234880794294712	1.7558133605649152e-17	7.215069743396885e-14
0.000510579041499914	1.5503180207975893e-17	6.531708489332363e-14
0.0004979883360535884	1.3688732643797595e-17	5.913070464372606e-14
0.00048570811311976557	1.2086642801477251e-17	5.3530255338751336e-14
0.000473730716305324	1.067205694361022e-17	4.846024166988647e-14
0.00046204867802119247	9.423030142894037e-18	4.387042445889993e-14
0.0004506547148265047	8.320185843323765e-18	3.97153228336512e-14
0.00043954172288756843	7.34641526537299e-18	3.595376355435711e-14
0.00042870277354881294	6.486611991933721e-18	3.254847302455043e-14
0.0004181311090129569	5.727437617559266e-18	2.9465707943931404e-14
0.0004078201381277006	5.057114825449611e-18	2.667492094322022e-14
0.0003977634322763173	4.465244682114403e-18	2.4148457887757324e-14
0.00038795472136958205	3.942645315345693e-18	2.1861283850407016e-14
0.00037838788993653624	3.481209472858797e-18	1.9790735038406817e-14
0.0003690569733116545	3.0737787518618536e-18	1.7916294215984394e-14
0.0003599561539160344	2.7140325484361377e-18	1.6219387397385998e-14
0.0003510797576302894	2.3963900039625905e-18	1.4683199795730346e-14
0.00034242225025688677	2.1159234274574094e-18	1.32925092039097e-14
0.00033397823406972163	1.8682818507091532e-18	1.203353515649547e-14
0.0003257424444487788	1.6496235303032463e-18	1.08938023779811e-14
0.0003177097465977813	1.4565563494158137e-18	9.862017164259314e-15
0.0003098751323427813	1.2860851948104619e-18	8.927955472387652e-15
0.00030223371700969674	1.1355654926802475e-18	8.08236160971431e-15
0.00029478073637884594	1.0026621825212257e-18	7.316856518466516e-15
0.000287511543714584	8.85313492585984e-19	6.623854746985724e-15
0.000280421606868186	7.816989549539799e-19	5.996489284870802e-15
0.00027350650545217287	6.902111640261219e-19	5.428543517214398e-15
0.00026676192808431623	6.094308403239496e-19	4.9143896236613794e-15
0.0002601836696996071	5.381048127500512e-19	4.448932811880577e-15
0.00025376762892850857	4.751265777414005e-19	4.0275608328546495e-15
0.0002475098055398612	4.1951913372346773e-19	3.646098277730997e-15
0.00024140629794684474	3.704198245704317e-19	3.300765203357416e-15
0.00023545330077444284	3.2706695694319907e-19	2.9881396765195655e-15
0.0002296471024868919	2.887879838956673e-19	2.705123865727985e-15
0.00022398408307363783	2.5498907143769943e-19	2.4489133445554595e-15
0.00021846071179235506	2.2514588619753355e-19	2.2169693023489453e-15
0.0002130735449676223	1.987954612696605e-19	2.0069933869497613e-15
0.00020781922384388268	1.7552901406044473e-19	1.8169049301364862e-15
0.00020269447249134838	1.5498560471241045e-19	1.6448203301156436e-15
0.00019769609576354583	1.3684653672828452e-19	1.4890343867595598e-15
0.0001928209773052262	1.2083041292987411e-19	1.348003404640789e-15
0.00018806607760940076	1.0668877005327374e-19	1.2203298964296633e-15
0.00018342843212228928	9.420222425847347e-20	1.1047487350797147e-15
0.00017890514939499885	8.317706775741646e-20	1.0001146175818376e-15
0.00017449340928078232	7.344226376290214e-20	9.053907160645189e-16
0.00017019046117675227	6.484679314000991e-20	8.196384037829674e-16
0.00016599362230895246	5.725731159779327e-20	7.420079541911331e-16
0.00016190027605971944	5.055608107650594e-20	6.7173012093297e-16
0.00015790787033629125	4.463914323930416e-20	6.081085153183967e-16
0.0001540139159796451	3.941470673321544e-20	5.505127057517384e-16
0.00015021598521257272	3.480172320043426e-20	4.983719707343407e-16
0.00014651171012602585	3.0728629949150455e-20	4.511696435393408e-16
0.00014289878120278776	2.7132239778558635e-20	4.0843799251953023e-16
0.00013937494587755038	2.395676073554801e-20	3.697535863168646e-16
0.00013593800713249986	2.1152930596242368e-20	3.3473309804710147e-16
0.000132585822127534	1.8677252645325042e-20	3.030295068829018e-16
0.00012931630086425864	1.6491320897547862e-20	2.7432865939656806e-16
0.00012612740488292888	1.4561224293368714e-20	2.4834615658849206e-16
0.00012301714599152337	1.2857020625813436e-20	2.2482453575462276e-16
0.00011998358502615977	1.1352272037420566e-20	2.0353071926785434e-16
0.00011702483064207717	1.0023634881283926e-20	1.8425370499310172e-16
0.00011413903813443308	8.85049758357586e-21	1.6680247545020232e-16
0.00011132440828817872	7.814660889596183e-21	1.510041050063686e-16
0.00010857918625629632	6.90005553290121e-21	1.367020463422116e-16
0.00010590166046569845	6.0924929476235524e-21	1.2375457921178653e-16
0.00010329016155010762	5.379445156702862e-21	1.1203340612530231e-16
0.00010074306130925096	4.749850421363106e-21	1.0142238103899814e-16
9.825877169372011e-5	4.193941636814307e-21	9.181635845467612e-17
9.583574381486501e-5	3.703094812026346e-21	8.312015152452298e-17
9.347246697910265e-5	3.269695282992843e-21	7.524758883699785e-17
9.116746774603977e-5	2.887019584008696e-21	6.812066053740242e-17
8.89193090098219e-5	2.5491311443924596e-21	6.166874532197256e-17
8.672658910313595e-5	2.2507881925634075e-21	5.582791064571463e-17
8.4587940923308e-5	1.987362438759694e-21	5.054027920968929e-17
8.250203107995076e-5	1.7547672748965623e-21	4.575345545021414e-17
8.046755906363031e-5	1.5493943777059682e-21	4.142000634702127e-17
7.848325643503294e-5	1.368057731661828e-21	3.749699140565558e-17
7.654788603412682e-5	1.2079442033005703e-21	3.394553715667176e-17
7.466024120882557e-5	1.066569900180593e-21	3.073045195530847e-17
7.281914506267264e-5	9.417416374631777e-22	2.781987726465879e-17
7.102344972107777e-5	8.315229143335834e-22	2.5184971966873538e-17
6.927203561564751e-5	7.342038724436314e-22	2.2799626574212232e-17
6.756381078616404e-5	6.482747703314891e-22	2.0640204508035868e-17
6.589771019977712e-5	5.724025623188082e-22	1.8685307882054284e-17
6.427269508698412e-5	5.054102185461603e-22	1.6915565468955547e-17
6.268775229398494e-5	4.46258465331845e-22	1.5313440749361702e-17
6.114189365100747e-5	3.9402966258641176e-22	1.3863058141052573e-17
5.963415535621001e-5	3.479135681680561e-22	1.255004568654896e-17
5.8163597374776326e-5	3.071947683367807e-22	1.1361392640234082e-17
5.672930285282888e-5	2.7124157931192665e-22	1.0285320543832383e-17
5.5330377545794934e-5	2.394962477593815e-22	9.311166512722475e-18
5.3965949260868514e-5	2.1146629818548444e-22	8.429277576558824e-18
5.263516731322161e-5	1.867168930069775e-22	7.630915027214962e-18
5.133720199562451e-5	1.6486408677632115e-22	6.908167826224317e-18
5.007124406114564e-5	1.4556886991301048e-22	6.2538742136660445e-18
4.883650421860731e-5	1.2853190953938835e-22	5.661550741712045e-18
4.763221264048377e-5	1.1348890583385704e-22	5.125328029622883e-18
4.6457618482934185e-5	1.0020649186310791e-22	4.6398926035836515e-18
4.531198941767122e-5	8.84786132861535e-23	4.20043424506619e-18
4.419461117537409e-5	7.812333176735164e-23	3.802598325988221e-18
4.310478710036037e-5	6.898000250874304e-23	3.442442658354726e-18
4.204183771623977e-5	6.090678211585849e-23	3.1163984308012306e-18
4.100510030227858e-5	5.377842813571915e-23	2.8212348449560308e-18
3.999392848021092e-5	4.7484356130558555e-23	2.5540271012002403e-18
3.9007691811239e-5	4.192692414602854e-23	2.3121274165940283e-18
3.8045775402971296e-5	3.7019917960294973e-23	2.0931387877832943e-18
3.710757952605347e-5	3.2687213615207747e-23	1.894891238901395e-18
3.6192519240253e-5	2.886159648096212e-23	1.7154203191044026e-18
3.530002402976446e-5	2.548371853402385e-23	1.5529476366703003e-18
3.442953744750812e-5	2.2501177672236492e-23	1.4058632367729227e-18
3.3580516768199874e-5	1.9867704784231095e-23	1.2727096483105893e-18
3.275243264997647e-5	1.7542445961885994e-23	1.1521674417081886e-18
3.1944768804364915e-5	1.5489328720568598e-23	1.0430421545838056e-18
3.115702167439033e-5	1.3676502395130772e-23	9.442524557252802e-19
3.0388700120621448e-5	1.207584403034186e-23	8.54819430092594e-19
2.963932511495833e-5	1.0662522100479195e-23	7.738568786703097e-19
2.890842944197096e-5	9.414611289918549e-24	7.005625370505283e-19
2.819555740760287e-5	8.312752358692487e-24	6.342101257305968e-19
2.7500264555057997e-5	7.339851816401968e-24	5.741421533513319e-19
2.682211738769366e-5	6.480816745426551e-24	5.197634015624653e-19
2.6160693098746846e-5	5.7223206596606884e-24	4.705350269563264e-19
2.5515579307725514e-5	5.052596766467716e-24	4.2596922162534695e-19
2.488637380330022e-5	4.461255424658053e-24	3.8562437943442475e-19
2.4272684292536074e-5	3.9391229666587635e-24	3.491007201103531e-19
2.3674128156308476e-5	3.478099384471157e-24	3.160363277870657e-19
2.3090332210750263e-5	3.0710326716531827e-24	2.8610356475232625e-19
2.252093247458147e-5	2.711607871953491e-24	2.5900582485939063e-19
2.1965573942176663e-5	2.394249113373129e-24	2.3447459443293694e-19
2.1423910362228318e-5	2.1140331078779012e-24	2.1226679154554584e-19
2.0895604021868383e-5	1.8666127748547217e-24	1.921623572994085e-19
2.0380325536113204e-5	1.6481498034581812e-24	1.7396207524507924e-19
1.987775364250078e-5	1.4552551076654308e-24	1.5748559732971865e-19
1.9387575000792086e-5	1.2849362502995756e-24	1.4256965681379033e-19
1.890948399761181e-5	1.1345510203936141e-24	1.2906645044785996e-19
1.844318255590647e-5	1.0017664437257134e-24	1.1684217387835596e-19
1.7988379949101327e-5	8.845225906431212e-25	1.057756957695109e-19
1.754479261984006e-5	7.810006197139142e-25	9.575735750325213e-20
1.7112144003194265e-5	6.895945614574949e-25	8.668788656317032e-20
1.6690164354232583e-5	6.088864044258382e-25	7.847741283520216e-20
1.627859057984188e-5	5.376240971378755e-25	7.104457807747051e-20
1.5877166074695683e-5	4.747021246039849e-25	6.431572973494826e-20
1.5485640561267567e-5	4.19144358117992e-25	5.822419111039041e-20
1.5103769933789751e-5	3.700889122600102e-25	5.270960065960002e-20
1.4731316106059629e-5	3.267747741919647e-25	4.771731386405101e-20
1.4368046862999357e-5	2.88529997821773e-25	4.3197861753976875e-20
1.4013735715875903e-5	2.5476127968847484e-25	3.910646071638637e-20
1.3668161761091315e-5	2.249447548556769e-25	3.540256873065501e-20
1.3331109542455225e-5	1.986178700270651e-25	3.2049483634394856e-20
1.3002368916853609e-5	1.7537220780901769e-25	2.9013979438787384e-20
1.2681734923230133e-5	1.5484715080081107e-25	2.6265977089598768e-20
1.2369007654798371e-5	1.3672428722142004e-25	2.3778246411421782e-20
1.206399213440525e-5	1.2072247128561046e-25	2.15261362816865e-20
1.176649819296795e-5	1.065934616993556e-25	1.9487330360712017e-20
1.147634035090853e-5	9.411807061315998e-26	1.764162595730885e-20
1.1193337702512326e-5	8.310276329077139e-26	1.5970733838693593e-20
1.0917313803138054e-5	7.337665574285159e-26	1.4458097001016207e-20
1.0648096559209252e-5	6.478886374893617e-26	1.3088726604682564e-20
1.0385518120918497e-5	5.720616214221293e-26	1.184905344874217e-20
1.0129414777577513e-5	5.0510918044853066e-26	1.0726793512589022e-20
9.879626855547889e-6	4.459926599151417e-26	9.710826232617373e-21
9.63599861868883e-6	3.9379496631120886e-26	8.791084307666179e-21
9.398378171259765e-6	3.4770634010338346e-26	7.958453941325417e-21
9.16661736321741e-6	3.0701179367681545e-26	7.204684532597414e-21
8.940571697848154e-6	2.7108001950335976e-26	6.522306920030618e-21
8.720100241678171e-6	2.3935359646576248e-26	5.904559369200485e-21
8.505065536605142e-6	2.1134034240539547e-26	5.3453205701413955e-21
8.295333514196799e-6	1.8660567874284444e-26	4.839048980795868e-21
8.09077341210279e-6	1.6476588872126354e-26	4.380727915430399e-21
7.891257692527828e-6	1.4548216468546988e-26	3.9658158338946715e-21
7.696661962715278e-6	1.2845535205030985e-26	3.590201339136403e-21
7.506864897391543e-6	1.1342130841979765e-26	3.2501624370386052e-21
7.321748163123016e-6	1.001468058615536e-26	2.9423296548817415e-21
7.141196344538285e-6	8.842591276721564e-27	2.66365265296863e-21
6.965096872369734e-6	7.807679916946393e-27	2.411369998564033e-21
6.793339953269587e-6	6.893891595552004e-27	2.182981802636485e-21
6.625818501356665e-6	6.087050421735683e-27	1.976224948257629e-21
6.462428071451187e-6	5.374639610036992e-27	1.7890506651952807e-21
6.30306679395597e-6	4.7456073034373634e-27	1.6196042284850886e-21
6.147635311343437e-6	4.190195122363623e-27	1.46620657981228e-21
5.996036716208839e-6	3.699786779821279e-27	1.3273376895883285e-21
5.8481764908510515e-6	3.266774414175636e-27	1.2016214948559972e-21
5.7039624483433025e-6	2.8844405659583987e-27	1.087812263771264e-21
5.563304675057078e-6	2.5468539677681842e-27	9.847822515466924e-22
5.426115474603338e-6	2.2487775306202588e-27	8.915105255379949e-22
5.292309313156167e-6	1.985587099308341e-27	8.070728487406794e-22
5.161802766124688e-6	1.7531997164043307e-27	7.3063252145153675e-22
5.034514466140058e-6	1.5480102820324734e-27	6.614320903442557e-22
4.910365052325067e-6	1.366835626800713e-27	5.987858428037401e-22
4.789277120814724e-6	1.2068651302747435e-27	5.420730121448752e-22
4.671175176497027e-6	1.0656171189233175e-27	4.907316263857194e-22
4.555985585943744e-6	9.409003671221834e-28	4.442529396221191e-22
4.4436365315019295e-6	8.307801039693994e-28	4.0217639082379e-22
4.334057966517525e-6	7.335479985648668e-28	3.6408504009817725e-22
4.227181571663131e-6	6.476956581261073e-28	3.2960143719965967e-22
4.122940712342712e-6	5.718912278080816e-28	2.983838813448312e-22
4.021270397146706e-6	5.049587292125464e-28	2.7012303527206653e-22
3.922107237331592e-6	4.458598170586461e-28	2.4453885999381577e-22
3.825389407298701e-6	3.936776710001165e-28	2.213778398678448e-22
3.731056606047594e-6	3.4760277269771045e-28	2.0041047049042853e-22
3.6390500195799813e-6	3.069203475020122e-28	1.8142898451883048e-22
3.5493122842307607e-6	2.709992759254482e-28	1.6424529288806012e-22
3.4617874509032984e-6	2.3928230288360767e-28	1.486891210212612e-22
3.3764209501866454e-6	2.1127739281869756e-28	1.3460632156529001e-22
3.2931595583329595e-6	1.8655009659439768e-28	1.2185734693224526e-22
3.211951364073912e-6	1.6471681174730912e-28	1.103158665112408e-22
3.1327457362553923e-6	1.4543883153911836e-28	9.986751484826354e-23
3.0554932922703183e-6	1.2841709049052128e-28	9.040875838972762e-23
2.9801458672699017e-6	1.1338752488268867e-28	8.184586956019887e-23
2.9066564841341338e-6	1.0011697625224964e-28	7.409399800834179e-23
2.8349793241828036e-6	8.839957432939749e-29	6.707632981799127e-23
2.765069698608769e-6	7.805354330647967e-29	6.072332635290426e-23
2.6968840206156583e-6	6.891838189169352e-29	5.497203519284262e-23
2.630379778242677e-6	6.085237340115802e-29	4.9765466332998595e-23
2.5655155078595172e-6	5.373038726262247e-29	4.505202746547187e-23
2.502250768314884e-6	4.744193782483549e-29	4.078501274695769e-23
2.440546115722518e-6	4.188947035826228e-29	3.6922139986804403e-23
2.3803630788689743e-6	3.698684765733077e-29	3.342513166939923e-23
2.3216641352278406e-6	3.265801376638263e-29	3.025933565919986e-23
2.264412687565436e-6	2.883581409928177e-29	2.739338182994764e-23
2.2085730411234185e-6	2.5460953648818453e-29	2.479887121557351e-23
2.1541103813640384e-6	2.2481077124277656e-29	2.245009460256838e-23
2.1009907522641987e-6	1.9849956747051266e-29	2.03237777753271e-23
2.049181035144783e-6	1.7526775104307596e-29	1.8398850890081593e-23
1.998648928022032e-6	1.5475491935397371e-29	1.6656239692131214e-23
1.949362925468118e-6	1.3664285027751056e-29	1.5078676507524968e-23
1.9012922989683403e-6	1.2065056548706633e-29	1.3650529136297138e-23
1.8544070777627188e-6	1.0652997154835233e-29	1.2357645951745612e-23
1.808678030160016e-6	9.406201116653188e-30	1.1187215670829285e-23
1.7640766453125554e-6	8.305326488026876e-30	1.0127640406138171e-23
1.720575115440463e-6	7.333295048369579e-30	9.168420741498008e-24
1.678146318494256e-6	6.475027362737432e-30	8.300051692414353e-24
1.6367638012449643e-6	5.7172088497271165e-30	7.513928520419813e-24
1.5964017627912422e-6	5.048083228111552e-30	6.80226146803134e-24
1.557035038473196e-6	4.4572701378851234e-30	6.1579985694192775e-24
1.518639084182879e-6	3.935604106415404e-30	5.5747557719131234e-24
1.4811899610616985e-6	3.4749923615316295e-30	5.04675367591219e-24
1.444664320575169e-6	3.0682892857589234e-30	4.5687602663520175e-24
1.4090393899557221e-6	2.7091855640665553e-30	4.136039068247994e-24
1.3742929580044876e-6	2.3921103054437737e-30	3.74430221258532e-24
1.3404033612432053e-6	2.1121446198839056e-30	3.389667947481467e-24
1.3073494704076152e-6	1.86494531006877e-30	3.0686221735958287e-24
1.2751106772739279e-6	1.646677493958099e-30	2.7779836226378615e-24
1.2436668818101386e-6	1.4539551130366084e-30	2.5148723339247506e-24
1.2129984796441946e-6	1.2837884033041228e-30	2.2766811166203204e-24
1.1830863498411866e-6	1.1335375141093884e-30	2.0610497148721866e-24
1.1539118429819554e-6	1.0008715553017094e-30	1.865841419847444e-24
1.125456769535673e-6	8.837324373857413e-31	1.6891218969136926e-24
1.0977033885191532e-6	7.803029437202062e-31	1.529140018162203e-24
1.0706343964358169e-6	6.889785394543036e-31	1.384310510341209e-24
1.044232916487427e-6	6.083424798648418e-31	1.2531982462562609e-24
1.0184824880518468e-6	5.371438319417374e-31	1.134504023979899e-24
9.933670564202802e-7	4.742780682637132e-31	1.0270516929556824e-24
9.688709627875897e-7	4.187699321107689e-31	9.297764994281084e-25
9.449789344894433e-7	3.697583079944319e-31	8.417145357123632e-25
9.216760754802151e-7	3.264828628974755e-31	7.619931887558536e-25
8.98947857045697e-7	2.882722509843837e-31	6.898224933455733e-25
8.767801087448301e-7	2.5453369879845586e-31	6.2448730427952755e-25
8.551590095748095e-7	2.2474380937738194e-31	5.653402099356375e-25
8.340710793540587e-7	1.9844044262858712e-31	5.117951170181195e-25
8.135031703176913e-7	1.7521554600200992e-31	4.633214429120672e-25
7.934424589202301e-7	1.5470882424024479e-31	4.194388580978204e-25
7.738764378404663e-7	1.366021500028566e-31	3.7971252652727457e-25
7.547929081834765e-7	1.2061462865509161e-31	3.437487967986521e-25
7.36179971874936e-7	1.064982406594731e-31	3.111913014332262e-25
7.180260242429838e-7	9.403399396930665e-32	2.817174256014292e-25
7.003197467830206e-7	8.302852673494443e-32	2.550351103066631e-25
6.830501001009178e-7	7.331110761950147e-32	2.3087995834930627e-25
6.662063170302504e-7	6.473098718896255e-32	2.0901261439368474e-25
6.497778959192541e-7	5.71550592879466e-32	1.8921639317687634e-25
6.337545940833248e-7	5.046579612130041e-32	1.7129513235708347e-25
6.181264214189749e-7	4.455942500778323e-32	1.550712487252746e-25
6.028836341752706e-7	3.9344318521237183e-32	1.4038397851894118e-25
5.880167288788598e-7	3.473957304498838e-32	1.270877844010968e-25
5.735164364088111e-7	3.06737536881382e-32	1.150509133191468e-25
5.593737162175615e-7	2.7083786093229097e-32	1.0415409095333636e-25
5.455797506943738e-7	2.391397794354244e-32	9.428933981796141e-26
5.32125939667793e-7	2.111515499035798e-32	8.53589093038137e-26
5.190038950436646e-7	1.8643898197089113e-32	7.727430705956376e-26
5.062054355753833e-7	1.646187016586658e-32	6.995542211396272e-26
4.937225817631007e-7	1.4535220397210624e-32	6.332973104981124e-26
4.815475508787204e-7	1.2834060156394523e-32	5.733157936360904e-26
4.6967275211357264e-7	1.1331998799933068e-32	5.19015308898205e-26
4.5809078184574643e-7	1.0005734369080592e-32	4.6985778843149277e-26
4.4679441902412883e-7	8.834692099084232e-33	4.253561264279246e-26
4.3577662066626984e-7	7.800705236270763e-33	3.850693523539382e-26
4.250305174672704e-7	6.887733211380364e-33	3.4859826133809454e-26
4.1454940951695373e-7	6.081612797079851e-33	3.155814584180314e-26
4.0432676212264796e-7	5.369838389282365e-33	2.856917774488291e-26
3.943562017349792e-7	4.7413680037071956e-33	2.5863303918747506e-26
3.846315119741329e-7	4.18645197804225e-33	2.3413711642901971e-26
3.751466297541052e-7	3.696481722311005e-33	2.1196127711262307e-26
3.6589564150253086e-7	3.2638561710599524e-33	1.9188577907012144e-26
3.568727794737266e-7	2.881863865596534e-33	1.7371169258328034e-26
3.4807241815265583e-7	2.544578836981616e-33	1.572589291732813e-26
3.394890707475681e-7	2.2467686745759743e-33	1.4236445708955913e-26
3.3111738576913133e-7	1.983813353978763e-33	1.2888068581512665e-26
3.2295214369391926e-7	1.751633565109771e-33	1.1667400358031891e-26
3.149882537101776e-7	1.5466274285660502e-33	1.0562345339306491e-26
3.0722075054383755e-7	1.3656146185135064e-33	9.561953446636387e-27
2.9964479136280006e-7	1.205787025273972e-33	8.656311716621532e-27
2.922556527575576e-7	1.0646651922206813e-33	7.836446072813491e-27
2.8504872779627393e-7	9.400598511737597e-34	7.094232400873109e-27
2.780195231524845e-7	8.300379595819998e-34	6.4223160460707045e-27
2.7116365630362666e-7	7.328927126148504e-34	5.8140389354232295e-27
2.6447685279865303e-7	6.471170649526069e-34	5.263373602315731e-27
2.5795494359302485e-7	5.713803515098441e-34	4.764863459851844e-27
2.5159386244942316e-7	5.045076444019031e-34	4.3135687310971475e-27
2.453896434025577e-7	4.454615259124325e-34	3.905017500433813e-27
2.3933841828649307e-7	3.93325994700199e-34	3.5351614009905314e-27
2.3343641432294952e-7	3.4729225557700007e-34	3.2003354990508996e-27
2.2767995176907634e-7	3.0664617240895345e-34	2.8972219779316386e-27
2.2206544162322933e-7	2.707571894940033e-34	2.622817261471313e-27
2.165893833873239e-7	2.3906854954942574e-34	2.374402251353555e-27
2.1124836288436696e-7	2.1108865655784206e-34	2.149515383344023e-27
2.0603905012980873e-7	1.863834494808044e-34	1.9459282354532313e-27
2.0095819725538535e-7	1.645696685309309e-34	1.7616234463245467e-27
1.960026364841593e-7	1.4530890954011322e-34	1.594774725038906e-27
1.9116927815549443e-7	1.2830237418730836e-34	1.4437287542518106e-27
1.864551087987349e-7	1.132862346445165e-34	1.3069888073393156e-27
1.818571892543858e-7	1.0002754073121409e-34	1.1831999172140234e-27
1.7737265284162532e-7	8.832060608361824e-35	1.071135449847673e-27
1.7299870357100556e-7	7.798381727627016e-35	9.696849494562982e-28
1.6873261440122692e-7	6.885681639481735e-35	8.778431349049117e-28
1.645717255389004e-7	6.079801335234607e-35	7.946999382962089e-28
1.6051344278023735e-7	5.368238935702912e-35	7.194314870348767e-28
1.565552358936314e-7	4.739955745558041e-35	6.512919400080478e-28
1.5269463704212704e-7	4.1852050065105467e-35	5.896060969859706e-28
1.4892923924478844e-7	3.695380692728129e-35	5.337627080088453e-28
1.4525669487601065e-7	3.2628840028014565e-35	4.832084164620075e-28
1.4167471420183728e-7	2.881005477104959e-35	4.374422758209093e-28
1.3818106395237232e-7	2.5438209118014504e-35	3.96010785731879e-28
1.347735659293958e-7	2.2460994547712272e-35	3.5850339824078814e-28
1.314500956483144e-7	1.9832224577283339e-35	3.2454844964048887e-28
1.2820858101360226e-7	1.7511118256509352e-35	2.938094776253671e-28
1.2504700102690412e-7	1.5461667519875333e-35	2.659818872594047e-28
1.2196338452699654e-7	1.3652078581920462e-35	2.407899327205589e-28
1.1895580896082118e-7	1.2054278710064664e-35	2.1798398491332306e-28
1.1602239918482405e-7	1.0643480723319843e-35	1.973380578740233e-28
1.1316132629585318e-7	9.397798460815035e-36	1.7864756945780218e-28
1.1037080649088605e-7	8.29790725477536e-36	1.617273141177569e-28
1.0764909995487582e-7	7.32674414076358e-36	1.4640962768833964e-28
1.0499450977602273e-7	6.469243154449632e-36	1.3254272598771046e-28
1.0240538088779454e-7	5.712101608482236e-36	1.1998920077612094e-28
9.988009903703683e-8	5.043573723640808e-36	1.086246581666595e-28
9.741708977752854e-8	4.453288412801722e-36	9.833648599626145e-29
9.501481748835675e-8	3.932088390943177e-36	8.902273794276472e-29
9.26717844164979e-8	3.4718881152507354e-36	8.059112333063696e-29
9.038652974300833e-8	3.065548351502836e-36	7.295809261527895e-29
8.815762867224246e-8	2.7067654208445237e-36	6.604800948389447e-29
8.59836915435306e-8	2.3899734087990807e-36	5.979240136920809e-29
8.386336296476246e-8	2.1102578194546808e-36	5.412928094931095e-29
8.179532096733588e-8	1.8632793353158145e-36	4.900253191032261e-29
7.977827618194478e-8	1.6452065000816387e-36	4.436135288534168e-29
7.78109710346914e-8	1.4526562800376382e-36	4.015975405963176e-29
7.589217896302241e-8	1.2826415819704552e-36	3.6356101453863207e-29
7.402070365099978e-8	1.1325249134344749e-36	3.2912704369676957e-29
7.219537828342953e-8	9.999774664870556e-37	2.9795441909535297e-29
7.041506481838324e-8	8.829429901452891e-37	2.697342487001488e-29
6.867865327765936e-8	7.796058911061426e-37	2.441868965821575e-29
6.698506105474105e-8	6.883630678662407e-37	2.210592119827917e-29
6.533323223981988e-8	6.077990412949679e-37	2.0012202082273212e-29
6.372213696146406e-8	5.366639958535165e-37	1.811678547976169e-29
6.215077074452085e-8	4.738543908062718e-37	1.640088955579952e-29
6.061815388385304e-8	4.18395840640055e-37	1.48475113602257e-29
5.9123330833518793e-8	3.694279991096819e-37	1.34412583440682e-29
5.7665369611014075e-8	3.2619121241120117e-37	1.2168195833543144e-29
5.62433612162063e-8	2.8801473442920953e-37	1.1015708950256118e-29
5.4856419064596906e-8	2.54306321237609e-37	9.972377609361604e-30
5.350367843455937e-8	2.2454304342995874e-37	9.02786335702746e-30
5.218429592820832e-8	1.9826317374816346e-37	8.172806925867765e-30
5.0897448945563274e-8	1.750590241596853e-37	7.398735493212547e-30
4.9642335171679344e-8	1.5457062126256395e-37	6.697978723229274e-30
4.8418172076425274e-8	1.3648012190277671e-37	6.063592760950624e-30
4.722419642659655e-8	1.2050688237162502e-37	5.489291425059408e-30
4.605966381005984e-8	1.0640310469002611e-37	4.969383917614339e-30
4.492384817163171e-8	9.394999243912468e-38	4.498718433477372e-30
4.381604136040252e-8	8.295435650139406e-38	4.072631110663917e-30
4.273555268822318e-8	7.324561805600177e-38	3.6868998157608404e-30
4.168170849907928e-8	6.467316233494666e-38	3.337702306468252e-30
4.0653851749084536e-8	5.710400208793971e-38	3.0215783566943897e-30
3.9651341596831434e-8	5.042071450861139e-38	2.7353954688980927e-30
3.8673553003843444e-8	4.451961961692023e-38	2.4763178339197395e-30
3.771987634488028e-8	3.9309171838426885e-38	2.2417782307211256e-30
3.6789717027852574e-8	3.4708539828487137e-38	2.0294525875865518e-30
3.588249512310964e-8	3.0646352509722264e-38	1.8372369527100244e-30
3.4997645001868677e-8	2.705959186964442e-38	1.6632266459682744e-30
3.413461498356017e-8	2.389261534205209e-38	1.5056973852928441e-30
3.329286699186981e-8	2.1096292606085206e-38	1.3630882006209462e-30
3.2471876219262077e-8	1.8627243411827363e-38	1.2339859661180744e-30
3.167113079977672e-8	1.6447164608599584e-38	1.1171113974009099e-30
3.089013148989396e-8	1.4522235935920136e-38	1.0113063750058932e-30
3.012839135726927e-8	1.2822595358975206e-38	9.155224684906848e-31
2.9385435477144165e-8	1.1321875809311782e-38	8.288105474529347e-31
2.866080063624306e-8	9.996796144062677e-39	7.503113765210911e-31
2.7954035043972152e-8	8.826799978123165e-39	6.792471011222791e-31
2.7264698050739963e-8	7.793736786367203e-39	6.149135396590248e-31
2.6592359873224036e-8	6.881580328739812e-39	5.5667320571740145e-31
2.593660132641241e-8	6.076180030063886e-39	5.039489911630866e-31
2.5297013562252896e-8	5.3650414576368316e-39	4.562184475306316e-31
2.4673197814747153e-8	4.737132491095614e-39	4.13008609039766e-31
2.4064765151330713e-8	4.182712177601359e-39	3.738913059395947e-31
2.34713362303838e-8	3.6931796173191694e-39	3.3847892174023815e-31
2.28925410647219e-8	3.260940534905178e-39	3.064205522899848e-31
2.232801879091862e-8	2.8792894670816323e-39	2.7739852863794245e-31
2.177741744431687e-8	2.5423057386381626e-39	2.511252692269572e-31
2.1240393739588257e-8	2.244761613101573e-39	2.273404302249275e-31
2.0716612856703772e-8	1.9820411931861486e-39	2.058083257569172e-31
2.0205748232182426e-8	1.750068812901164e-39	1.86315592474941e-31
1.9707481355487555e-8	1.5452458104394424e-39	1.6866907532345816e-31
1.9221501570443948e-8	1.3643947009845378e-39	1.5269391355045488e-31
1.874750588155199e-8	1.204709883371427e-39	1.3823180799824494e-31
1.8285198765077998e-8	1.06371411589735e-39	1.2513945250443636e-31
1.7834291984803018e-8	9.392200860781262e-40	1.1328711386968839e-31
1.739450441231516e-8	8.292964781692622e-40	1.025573463210474e-31
1.6965561851733557e-8	7.322380120464491e-40	9.28438277323746e-32
1.6547196868754458e-8	6.465389886490038e-40	8.405030606988135e-32
1.6139148623913045e-8	5.708699315882551e-40	7.608964562301602e-32
1.5741162709956964e-8	5.04056962554661e-40	6.888296356972844e-32
1.5352990993230138e-8	4.450635905677438e-40	6.235884832026717e-32
1.4974391458968043e-8	3.929746325596521e-40	5.64526518940163e-32
1.4605128060407892e-8	3.469820158472109e-40	5.11058493174771e-32
1.4244970571619756e-8	3.0637224224166282e-40	4.626545869561731e-32
1.3893694443966809e-8	2.7051531932282034e-40	4.1883516210029385e-32
1.3551080666105208e-8	2.3885498716494372e-40	3.791660084161169e-32
1.3216915627436346e-8	2.1090008889841322e-40	3.432540410821205e-32
1.2890990984926288e-8	1.862169512359535e-40	3.107434055372931e-32
1.2573103533209425e-8	1.644226567600768e-40	2.813119512897827e-32
1.2263055077895333e-8	1.4517910360258508e-40	2.5466803970186825e-32
1.1960652311999825e-8	1.2818776036203661e-40	2.3054765411933608e-32
1.166570669542318e-8	1.1318503489053323e-40	2.08711783709305e-32
1.1378034337400384e-8	9.993818510433402e-41	1.8894405508273728e-32
1.1097455881850102e-8	8.824170838139212e-41	1.7104858823319463e-32
1.0823796395550977e-8	7.791415353338219e-41	1.5484805554616284e-32
1.0556885259075336e-8	6.879530589531954e-41	1.4018192464551564e-32
1.0296556060412572e-8	6.074370186416552e-41	1.269048676653401e-32
1.004264649121562e-8	5.36344343286605e-41	1.1488532118447177e-32
9.794998245606048e-9	4.735721494531465e-41	1.0400418255401572e-32
9.553456921474507e-9	4.181466320002378e-41	9.415362969965799e-33
9.317871924215138e-9	3.6920795712975303e-41	8.523605270409418e-33
9.088096372833835e-9	3.2599692350947346e-41	7.716308658254e-33
8.863987008371814e-9	2.878431845397443e-41	6.98547356670186e-33
8.645404104587493e-9	2.5415484905204515e-41	6.323858092287858e-33
8.43221138084085e-9	2.244092991117837e-41	5.724906234277851e-33
8.224275917126088e-9	1.9814508247894787e-41	5.182682930732269e-33
8.021468071199531e-9	1.7495475395176007e-41	4.6918152475019216e-33
7.823661397751115e-9	1.5447855453880875e-41	4.247439137393121e-33
7.630732569569104e-9	1.363988304026284e-41	3.84515124193441e-33
7.442561300648849e-9	1.2043510499401423e-41	3.4809652581447464e-33
7.259030271197638e-9	1.0633972792951263e-41	3.151272437937933e-33
7.08002505448894e-9	9.389403311173099e-42	2.8528058287487633e-33
6.90543404552037e-9	8.290494649215749e-42	2.5826079010383596e-33
6.73514839143092e-9	7.320199085162916e-42	2.338001241897053e-33
6.569061923634111e-9	6.463464113264818e-42	2.116562024345395e-33
6.4070710916246766e-9	5.706998929597057e-42	1.9160959894384588e-33
6.249074898417581e-9	5.039068247563977e-42	1.7346167031781808e-33
6.094974837579073e-9	4.4493102446403133e-42	1.5703258727797577e-33
5.944674831810547e-9	3.92857581610079e-42	1.4215955272443878e-33
5.798081173046889e-9	3.4687866420292025e-42	1.2869518856642373e-33
5.655102464031993e-9	3.062809865755058e-42	1.1650607534093693e-33
5.515649561334988e-9	2.704347439564298e-42	1.0547143014862805e-33
5.3796355197716784e-9	2.3878384210686298e-42	9.54819098063652e-34
5.246975538196526e-9	2.1083727045257706e-42	8.643852735687438e-34
5.117586906631396e-9	1.8616148487969857e-42	7.825167119905095e-34
4.9913889546980705e-9	1.643736820260597e-42	7.084021711942544e-34
4.868303001322412e-9	1.451358607300766e-42	6.413072442583439e-34
4.748252305678799e-9	1.2814957851051025e-42	5.8056708217718535e-34
4.631162019344262e-9	1.131513217327013e-42	5.25579805819175e-34
4.516959139632474e-9	9.990841763718504e-43	4.758005418581705e-34
4.405572464078518e-9	8.821542481267742e-43	4.307360235800549e-34
4.296932546046031e-9	7.789094611768493e-43	3.89939703063353e-34
4.19097165142908e-9	6.8774814608569516e-43	3.53007326300109e-34
4.087623716421738e-9	6.072560881847065e-43	3.1957292741053786e-34
3.986824306329051e-9	5.361845884080998e-43	2.893052022578075e-34
3.888510575393723e-9	4.734310918245048e-43	2.619042255288081e-34
3.7926212276134474e-9	4.180220833493037e-43	2.370984787501989e-34
3.6990964785244812e-9	3.690979852934268e-43	2.146421597901066e-34
3.6078780179276206e-9	3.2589982245944825e-43	1.9431274718511026e-34
3.51890897353333e-9	2.8775744791634144e-43	1.7590879515723606e-34
3.432133875503384e-9	2.5407914679557507e-43	1.59247937471606e-34
3.3474986218668965e-9	2.2434245682890367e-43	1.4416508035480882e-34
3.2649504447891763e-9	1.9808606322392255e-43	1.305107665674741e-34
3.1844378776723823e-9	1.7490264213998957e-43	1.1814969442051544e-34
3.1059107230674616e-9	1.5443254174307224e-43	1.0695937705985494e-34
3.029320021377381e-9	1.363582028116935e-43	9.682892873437453e-35
2.9546180203321107e-9	1.2039923233905485e-43	8.765796602012577e-35
2.8817581452163513e-9	1.0630805370654682e-43	7.935561311294066e-35
2.810694969831438e-9	9.386606594839655e-44	7.183960133280862e-35
2.74138418817331e-9	8.288025252489525e-44	6.503545391693627e-35
2.6737825868088886e-9	7.318018699501857e-44	5.88757480235391e-35
2.6078480179336575e-9	6.461538913648061e-44	5.329944663350114e-35
2.5435393730936145e-9	5.705299049786557e-44	4.825129372966341e-35
2.480816557555251e-9	5.037567316779959e-44	4.368126676052362e-35
2.4196404653075404e-9	4.447984978462967e-44	3.954408096276625e-35
2.359972954680387e-9	3.927405655251591e-44	3.579874063091542e-35
2.3017768245643017e-9	3.46775343342824e-44	3.240813288760537e-35
2.2450157912164942e-9	3.061897580906496e-44	2.933865992910578e-35
2.189654465638931e-9	2.703541925901192e-44	2.655990610199323e-35
2.135658331514229e-9	2.387127182399617e-44	2.4044336512005043e-35
2.082993723685645e-9	2.1077447071776588e-44	2.176702417856635e-35
2.0316278071677504e-9	1.861060350445847e-44	1.970540303134287e-35
1.9815285566746856e-9	1.6432472187959708e-44	1.783904430124226e-35
1.93266473665324e-9	1.4509263073783734e-44	1.614945409010482e-35
1.8850058818083224e-9	1.281114080317836e-44	1.4619890113185137e-35
1.8385222781086511e-9	1.131176186166295e-44	1.3235195798511415e-35
1.7931849442608459e-9	9.98786590365376e-45	1.1981650099199763e-35
1.7489656136403618e-9	8.818914907275451e-45	1.0846831530501432e-35
1.7058367166679976e-9	7.786774561452025e-45	9.81949508431547e-36
1.6637713636209947e-9	6.875432942532935e-45	8.889460801502669e-36
1.622743327868009e-9	6.070752116194846e-45	8.047512897854997e-36
1.5827270295175016e-9	5.360248811139888e-45	7.285308444151655e-36
1.5436975194693569e-9	4.732900762111171e-45	6.595294695405129e-36
1.5056304638597787e-9	4.178975717962791e-45	5.970634250106092e-36
1.4685021288897729e-9	3.689880462131779e-45	5.405137297864169e-36
1.4322893660277541e-9	3.2580275033182316e-45	4.8932002840809125e-36
1.3969695975770489e-9	2.876717368303446e-45	4.4297503838784496e-36
1.3625208025993028e-9	2.540034670876867e-45	4.010195235071394e-36
1.328921503185008e-9	2.2427563445558486e-45	3.6303774320820936e-36
1.2961507510625993e-9	1.9802706154830075e-45	3.286533329875731e-36
1.264188114537759e-9	1.7485054585018015e-45	2.97525574970019e-36
1.2330136657548008e-9	1.5438654265265132e-45	2.6934602170788745e-36
1.20260796827218e-9	1.363175873220437e-45	2.438354397506034e-36
1.1729520649443857e-9	1.2036337036908105e-45	2.2074104269804812e-36
1.1440274661026667e-9	1.0627638891802665e-45	1.9983398631986977e-36
1.1158161380272127e-9	9.383810711532748e-46	1.8090710091967406e-36
1.0883004917036068e-9	8.285556591294819e-46	1.637728384739079e-36
1.0614633718565441e-9	7.315838963287835e-46	1.482614142034698e-36
1.0352880462539722e-9	6.459614287468939e-46	1.342191241627342e-36
1.009758195274987e-9	5.7035996763001924e-46	1.2150682217484103e-36
9.84857901734985e-10	5.036066833061367e-46	1.0999854102108367e-36
9.605716409617178e-10	4.4466601070278006e-46	9.958024422164805e-37
9.368842711160738e-10	3.9262358429450855e-46	9.014869603899927e-37
9.137810237515423e-10	3.46672053257754e-46	8.1610438506689e-37
8.912474946064777e-10	3.0609855677899957e-46	7.388086534687948e-37
8.692696346234258e-10	2.7027366521674124e-46	6.688338359995889e-37
8.478337411899099e-10	2.386416155579297e-46	6.05486546587694e-37
8.26926449595215e-10	2.10711689688408e-46	5.481390718679445e-37
8.065347246978446e-10	1.8605060172569157e-46	4.9622315111956956e-37
7.866458527984567e-10	1.6427577631634445e-46	4.4922434532519114e-37
7.672474337132097e-10	1.4504941362203131e-46	4.066769395533913e-37
7.48327373042576e-10	1.280732489224695e-46	3.6815932815215216e-37
7.298738746308057e-10	1.130839255393271e-46	3.3328983702467643e-37
7.118754332113367e-10	9.984890929975087e-47	3.0172294159019e-37
6.94320827233565e-10	8.816288115929161e-47	2.7314584295319184e-37
6.771991118665064e-10	7.784455202182934e-47	2.472753683541427e-37
6.604996121749859e-10	6.873385034378098e-47	2.238551651879076e-37
6.442119164640975e-10	6.068943889299364e-47	2.0265316078525563e-37
6.283258697877893e-10	5.358652213900987e-47	1.8345926278619155e-37
6.128315676175233e-10	4.731491026004693e-47	1.6608327731793108e-37
5.977193496670658e-10	4.177730973301151e-47	1.503530243485801e-37
5.829797938695553e-10	3.6887813987925054e-47	1.36112631541406e-37
5.686037105030925e-10	3.2570570711798516e-47	1.2322098970336756e-37
5.545821364611945e-10	2.875860512741486e-47	1.1155035452281706e-37
5.409063296645339e-10	2.5392780992166505e-47	1.0098508074088374e-37
5.275677636104856e-10	2.2420883198589737e-47	9.142047621333967e-38
5.14558122057078e-10	1.9796807744684675e-47	8.27617645077566e-38
5.018692938380367e-10	1.7479846507770851e-47	7.492314575624477e-38
4.894933678056883e-10	1.5434055726346382e-47	6.782694645768932e-38
4.774226278985695e-10	1.3627698393007446e-47	6.140284980480558e-38
4.656495483306676e-10	1.203275190809102e-47	5.558719890926306e-38
4.541667888992916e-10	1.0624473356114218e-47	5.032236602047986e-38
4.42967190408652e-10	9.381015661004271e-48	4.5556181487625864e-38
4.320437702062919e-10	8.283088665412554e-48	4.1241416806373665e-38
4.2138971782958775e-10	7.313659876327409e-48	3.733531662786603e-38
4.109983907596075e-10	6.457690234556638e-48	3.379917509253913e-38
4.008633102796756e-10	5.701900808987158e-48	3.0597952290659674e-38
3.9097815743606565e-10	5.034566796275037e-48	2.769992704905247e-38
3.813367690983003e-10	4.445335630217237e-48	2.507638260345451e-38
3.719331341166026e-10	3.925066379077461e-48	2.270132204179744e-38
3.627613895741042e-10	3.4656879393854405e-48	2.055121069872349e-38
3.5381581713147166e-10	3.0600738263246237e-48	1.8604742948701238e-38
3.450908394616741e-10	2.7019316182914945e-48	1.684263108687549e-38
3.365810167726675e-10	2.3857053405445638e-48	1.5247414205654872e-38
3.2828104341582896e-10	2.1064892735893158e-48	1.3803285173179835e-38
3.201857445780253e-10	1.859951849180998e-48	1.2495933999186784e-38
3.1229007305525463e-10	1.642268453319581e-48	1.1312406036168311e-38
3.045891061058485e-10	1.4500620937882306e-48	1.0240973610733329e-38
2.9707804238127326e-10	1.2803510117918163e-48	9.27101981315198e-39
2.8975219893261646e-10	1.1305024249780396e-48	8.392933293546665e-39
2.826070082908922e-10	9.981916842418485e-49	7.598013022256213e-39
2.756380156193462e-10	8.813662106995776e-49	6.878382070635953e-39
2.688408759359823e-10	7.782136533755396e-49	6.226909557940837e-39
2.622113514045828e-10	6.871337736210707e-49	5.637139990856892e-39
2.5574530869252866e-10	6.067136201000166e-49	5.103229295500866e-39
2.4943871639377714e-10	5.3570560922226156e-49	4.6198869080239995e-39
2.43287642515387e-10	4.7300817098005106e-49	4.182323349991027e-39
2.3728825202602477e-10	4.176486599397656e-49	3.786202769054733e-39
2.314368044649252e-10	3.687682662818913e-49	3.427599974647698e-39
2.2572965160981284e-10	3.256086928093216e-49	3.102961542954562e-39
2.2016323520233213e-10	2.8750039124014878e-49	2.8090706057507757e-39
2.1473408472956802e-10	2.5385217529079522e-49	2.5430149741976934e-39
2.0943881526027315e-10	2.2414204941391266e-49	2.3021582817300854e-39
2.0427412533445296e-10	1.979091109143257e-49	2.0841138600886597e-39
1.9923679490499318e-10	1.7474639981795286e-49	1.8867210896331005e-39
1.9432368333004578e-10	1.5429458557142875e-49	1.708023989588977e-39
1.8953172741492216e-10	1.3623639263218242e-49	1.546251836077565e-39
1.8485793950227242e-10	1.2029167847136067e-49	1.399801615871093e-39
1.8029940560936054e-10	1.0621308763308396e-49	1.2672221420062584e-39
1.7585328361127324e-10	9.378221443006154e-50	1.1471996738563646e-39
1.7151680146893086e-10	8.280621474623713e-50	1.0385448991702118e-39
1.6728725550079383e-10	7.311481438427193e-50	9.401811490817323e-40
1.6316200869718973e-10	6.455766754740419e-50	8.51133729311951e-40
1.5913848907620759e-10	5.700202447696696e-50	7.70520261845298e-40
1.5521418808013515e-10	5.033067206287862e-50	6.9754194137517e-40
1.5138665901143972e-10	4.444011547913744e-50	6.314756198781588e-40
1.4765351550731736e-10	3.923897263544936e-50	5.716666408823623e-40
1.440124300518592e-10	3.4646556537603053e-50	5.175223524239611e-40
1.404611325249064e-10	3.0591623564294634e-50	4.685062344114362e-40
1.3699740878669112e-10	2.7011268242019965e-50	4.241325822050059e-40
1.3361909929737896e-10	2.3849947372323434e-50	3.839616937304411e-40
1.3032409777065264e-10	2.105861837237672e-50	3.4759551243599095e-40
1.271103498604993e-10	1.859397846168917e-50	3.1467368291812512e-40
1.239758518803795e-10	1.641779289220959e-50	2.8486998013097485e-40
1.2091864955398234e-10	1.4496301800437864e-50	2.578890767962206e-40
1.1793683679678572e-10	1.2799696479853457e-50	2.334636169814354e-40
1.150285545276633e-10	1.1301656948907101e-50	2.113515668487327e-40
1.1219198950979683e-10	9.978943640720024e-51	1.913338163220797e-40
1.0942537322017117e-10	8.811036880242245e-51	1.7321200790800213e-40
1.067269807469469e-10	7.779818555963644e-51	1.5680657115529222e-40
1.0409512971402367e-10	6.869291047849089e-51	1.4195494327702306e-40
1.0152817923212345e-10	6.065329051136827e-51	1.2850995830287131e-40
9.90245288757395e-11	5.355460445963123e-51	1.163383887997286e-40
9.658261768531352e-11	4.728672813373553e-51	1.0531962571039457e-40
9.420092319401882e-11	4.1752425961418655e-51	9.53444832287679e-41
9.187796047854268e-11	3.686584254113489e-51	8.631411686894752e-41
8.961228123327599e-11	3.255117073972225e-51	7.813904400730376e-41
8.740247286733339e-11	2.87414756720743e-51	7.0738257191993e-41
8.524715762383988e-11	2.5377656318836518e-51	6.403842143362838e-41
8.314499172093639e-11	2.240752867337042e-51	5.797314752299529e-41
8.109466451396727e-11	1.9785016194550518e-51	5.248233417505944e-41
7.909489767832809e-11	1.746943500662925e-51	4.751157248051904e-41
7.714444441246432e-11	1.5424862757246632e-51	4.301160676356403e-41
7.524208866052354e-11	1.3619581342476523e-51	3.893784650343901e-41
7.338664435417677e-11	1.2025584853725175e-51	3.5249924483401116e-41
7.157695467313673e-11	1.0618145113104359e-51	3.1911296788735824e-41
6.981189132391063e-11	9.375428057290445e-52	2.888888069017864e-41
6.809035383633946e-11	8.278155018709334e-52	2.6152726824500745e-41
6.641126887748382e-11	7.309303649393845e-52	2.3675722423869773e-41
6.477358958242941e-11	6.45384384784956e-52	2.1433322653261433e-41
6.317629490159458e-11	5.698504592278063e-52	1.9403307393723173e-41
6.161838896413297e-11	5.031568062966733e-52	1.7565561061435493e-41
6.009890045703442e-11	4.442687859999792e-52	1.5901873280780577e-41
5.861688201953714e-11	3.922728496243744e-52	1.4395758436271563e-41
5.717140965247338e-11	3.463623675610512e-52	1.3032292315268102e-41
5.5761582142180585e-11	3.0582511580236186e-52	1.1797964222757826e-41
5.438652049861838e-11	2.7003222698274874e-52	1.06805431027972e-41
5.3045367407341766e-11	2.3842843455795614e-52	9.668956339998425e-42
5.173728669498828e-11	2.105234587773456e-52	8.753180040096586e-42
5.046146280794608e-11	1.8588440081714997e-52	7.924139702378438e-42
4.921710030387788e-11	1.641290270824161e-52	7.17362029972794e-42
4.800342335578383e-11	1.4491983949486478e-52	6.494184875264475e-42
4.6819675268293905e-11	1.2795883977714377e-52	5.879100848941406e-42
4.5665118005888507e-11	1.1298290651013958e-52	5.3222733038710973e-42
4.4539031732752774e-11	9.975971324615806e-53	4.8181845913052287e-42
4.3440714363978184e-11	8.80841243543557e-53	4.3618396558113654e-42
4.236948112783111e-11	7.777501268601946e-53	3.948716538868562e-42
4.132466413881596e-11	6.867244969111582e-53	3.574721570418137e-42
4.0305611981266215e-11	6.063522439548958e-53	3.2361488043591525e-42
3.931168930320402e-11	5.353865274980892e-53	2.9296432960316364e-42
3.8342276420215166e-11	4.727264336598779e-53	2.6521678578011927e-42
3.739676892909225e-11	4.1739989634233845e-53	2.400972963323454e-42
3.647457733100531e-11	3.685486172578756e-53	2.1735695022672773e-42
3.5575126663964965e-11	3.254147508730817e-53	1.967704115521087e-42
3.469785614434886e-11	2.873291477083324e-53	1.7813368664769352e-42
3.3842218817268013e-11	2.537009736076653e-53	1.6126210271352453e-42
3.3007681215554876e-11	2.2400854393934743e-53	1.459884778729137e-42
3.2193723027160764e-11	1.9779123053515346e-53	1.3216146455383395e-42
3.139983677075506e-11	1.7464231581810869e-53	1.1964404977370497e-42
3.062552747932413e-11	1.5420268326249819e-53	1.0831219746677306e-42
2.9870312391572453e-11	1.3615524630422212e-53	9.80536194008e-43
2.913372065093383e-11	1.2022002927540396e-53	8.876666250397505e-43
2.841529301200477e-11	1.0614982405221366e-53	8.03593015764834e-43
2.7714581554217184e-11	9.372635503609228e-54	7.274822740542967e-43
2.7031149402571805e-11	8.275689297450541e-54	6.585802124717406e-43
2.6364570455258197e-11	7.307126509034122e-54	5.962040749696002e-43
2.57144291179916e-11	6.451921513713441e-54	5.397357714047767e-43
2.508032004490089e-11	5.696807242580609e-54	4.886157528338982e-43
2.4461847885806242e-11	5.0300693661786366e-54	4.423374668980191e-43
2.3858627039728746e-11	4.441364566357931e-54	4.004423383547159e-43
2.327028141447844e-11	3.921560077070164e-54	3.625152250192779e-43
2.2696444192170812e-11	3.462592004844484e-54	3.281803040875435e-43
2.213675760052555e-11	3.0573402310262304e-54	2.9709734807762944e-43
2.1590872689805057e-11	2.6995179550965745e-54	2.6895835348855828e-43
2.1058449115253572e-11	2.3835741655231788e-54	2.434844887688958e-43
2.0539154924901184e-11	2.104607525141009e-54	2.2042333135257147e-43
2.0032666352600634e-11	1.8582903351396e-54	1.9954636638345177e-43
1.953866761616766e-11	1.6408013980857922e-54	1.8064672234332532e-43
1.9056850720499275e-11	1.448766738464495e-54	1.635371211454578e-43
1.8586915265546903e-11	1.2792072611162562e-54	1.4804802238102891e-43
1.8128568259024982e-11	1.1294925355802234e-54	1.3402594332964027e-43
1.7681523933738017e-11	9.972999893842075e-55	1.2133193808674435e-43
1.7245503569412326e-11	8.80578877234286e-55	1.0984022073754637e-43
1.682023531892134e-11	7.775184671464663e-55	9.94369189342984e-44
1.640545403879616e-11	6.865199499816624e-55	9.001894552608405e-44
1.6000901123915594e-11	6.0617163660762326e-55	8.149297705998216e-44
1.560632434627276e-11	5.3522705791343594e-55	7.377452903149637e-44
1.5221477697717612e-11	4.7258562793511956e-55	6.678711872083241e-44
1.4846121236577373e-11	4.1727557011318394e-55	6.04615073195011e-44
1.4480020938059312e-11	3.684388418117258e-55	5.473501383741868e-44
