1.0	1.0	0.9999999999999999
1.000572924450566	0.9362346927257998	0.9941294279642512
1.000692669033974	0.8756235663824778	0.987332936972048
1.0003367422635503	0.8182620533554418	0.9795578508053487
0.9994929086656467	0.7642420326239368	0.9707756132186093
0.9981578355550732	0.7136510713304343	0.960978238110216
0.9963358346802869	0.6665709235976168	0.9501751203444779
0.994037695357008	0.6230750412561546	0.9383901786255231
0.9912796066336773	0.5832248404557346	0.9256593022720319
0.9880821666292119	0.5470645250844898	0.9120280756090083
0.9844694774657587	0.5146144331357869	0.897549756096061
0.9804683242275455	0.4858631777348186	0.8822834847361766
0.9761074361678271	0.4607592944407169	0.8662927094899331
0.9714168280209056	0.43920360010232296	0.8496438042519763
0.9664272188160755	0.4210438431584938	0.8324048674199813
0.9611695250899169	0.4060732546462772	0.8146446852434864
0.9556744248991473	0.3940341265490651	0.7964318460462377
0.9499719885850336	0.384626581597327	0.777833992141248
0.944091371858852	0.3775215429219004	0.7589171968674033
0.9380605664834749	0.37237599162165375	0.7397454547238747
0.9319062036277347	0.3688482535651017	0.7203802731050275
0.9256534048694927	0.3666113483416544	0.700880354672154
0.9193256758167407	0.3653631543505708	0.6813013599563554
0.912944837395264	0.3648329698502815	0.6616957403768606
0.9065309900059961	0.3647847170602762	0.6421126324813945
0.9001025059723581	0.36501742887978267	0.6225978048651915
0.8936760459647639	0.36536378987283136	0.603193649894624
0.887266595393106	0.3656874558194039	0.5839392130404492
0.8808875170861015	0.3658797386080251	0.5648702533036262
0.8745506169180197	0.3658560825409709	0.5460193288835875
0.8682662193887324	0.3655526125471411	0.5274159028853316
0.8620432505042002	0.3649229199362535	0.5090864644800817
0.8558893256348356	0.3639351689669942	0.4910546615180985
0.8498108403435294	0.3625695529206361	0.4733414411369403
0.843813062469845	0.36081609490992816	0.4559651954108922
0.8379002240292895	0.3586727700145518	0.43894190954573487
0.8320756117353794	0.35614391645761573	0.4222853105370012
0.8263416551766573	0.35323890071735875	0.40600701458001687
0.820700011881095	0.34997100216159444	0.3901166718477244
0.8151516486770818	0.34635648534171787	0.3746221075396084
0.8096969189144806	0.34241383145685333	0.3595294583545581
0.8043356352425035	0.3381631040868773	0.34484330375501404
0.7990671377549088	0.3336254277573236	0.3305667915722769
0.7938903574090042	0.32882256107030716	0.31670175765651853
0.7888038747047927	0.3237765489454404	0.30324883940277714
0.7838059736761293	0.318509440952562	0.2902075830890865
0.7788946912985385	0.313043064803918	0.27757654504757223
0.774067862459999	0.30739884584145033	0.26535338675649917
0.7693231606729445	0.3015976648442437	0.25353496399323966
0.764658134729404	0.29565974773091186	0.24211741022709385
0.7600702415177013	0.2896045817777785	0.2310962144587925
0.7555568752297481	0.2834508538482606	0.22046629373203827
0.7511153931934432	0.2772164068596394	0.2102220605530894
0.7467431385662076	0.27091821132416083	0.20035748545844817
0.7424374601237123	0.2645723493120805	0.19086615496929085
0.7381957293732463	0.2581940086116376	0.18174132516526917
0.7340153552144797	0.25179748521889916	0.17297597110053395
0.7298937963620232	0.24539619259057016	0.16456283227185056
0.7258285717346308	0.23900267634479908	0.15649445433308937
0.7218172690055343	0.23262863330670472	0.14876322723252494
0.7178575514974558	0.22628493397339922	0.14136141992969942
0.713947163594607	0.21998164762316363	0.1342812118273721
0.7100839348326508	0.2137280694197296	0.1275147210316501
0.7062657828163154	0.20753274896908805	0.12105402953013919
0.7024907151032789	0.20140351987607508	0.11489120535433199
0.6987568301821296	0.19534752992380772	0.10901832176913151
0.6950623176618035	0.18937127156305214	0.10342747351020835
0.6914054577798905	0.18348061245268188	0.09811079007003591
0.687784620327696	0.17768082583804684	0.09306044601746515
0.6841982630809205	0.17197662059265956	0.0882686683256538
0.680644929816306	0.1663721707811716	0.08372774068159185
0.6771232479866387	0.16087114462914115	0.07943000476046441
0.6736319261190196	0.1554767328083004	0.07536785847320117
0.6701697509944026	0.1501916759656258	0.07153375123961633
0.666735584659932	0.14501829144103	0.06792017640628098
0.6633283613196962	0.13995849913240144	0.06451966102082381
0.659947084144024	0.13501384647841974	0.061324753294413635
0.6565908220324376	0.13018553253941104	0.05832800823100656
0.6532587063607826	0.12547443116475082	0.055521972071205385
0.6499499277388705	0.1208811132422283	0.05289916638121315
0.6466637328011599	0.11640586803054626	0.05045207279873635
0.6433994210495891	0.11204872358092931	0.048173119607429406
0.6401563417645435	0.10780946625778488	0.04605467142440511
0.636933890997163	0.10368765937164186	0.04408902332383587
0.6337315086537136	0.09968266094027281	0.0422684006575763
0.63054867568051	0.09579364059608877	0.04058496565150163
0.6273849113558957	0.09201959565964588	0.03903083154654653
0.6242397706940757	0.08835936640048798	0.03759808462588869
0.6211128419640413	0.08481165050762243	0.03627881395335447
0.6180037443254868	0.08137501679273092	0.035065148090021425
0.6149121255824774	0.07804791814979457	0.03394929751586429
0.6118376600546113	0.07482870379519288	0.03292360102437673
0.6087800465645757	0.07171563081254313	0.03198057403628866
0.6057390065402568	0.06870687502661414	0.03111295663217582
0.60271428222898	0.06580054123058089	0.030313759146962535
0.5997056350209379	0.06299467279071495	0.02957630338987799
0.5967128438784741	0.06028726065233259	0.028894257916412137
0.5937357038675641	0.05767625177046344	0.02826166623407622
0.5907740247875851	0.055159556988271505	0.027672967315546613
0.587827629895294	0.05273505838575833	0.02712300826886124
0.5848963547188086	0.05040061612071301	0.02660704943311402
0.5819800459573158	0.048154074783261135	0.026120762502253897
0.5790785604621971	0.045993269284691524	0.02566022251674123
0.5761917642952745	0.043916030300528854	0.025221894703527575
0.5733195318599312	0.04192018928706338	0.0248026171992746
0.5704617451009074	0.04000358308975276	0.02439958067585638
0.5676182927686821	0.03816405816108439	0.024010305819231737
0.5647890697444496	0.03639947440462461	0.023632619510553444
0.5619739764218334	0.03470770866109847	0.023264630437568257
0.5591729181416015	0.03308665785143884	0.02290470473754175
0.5563858046758052	0.03153424179082847	0.022551442149416363
0.5536125497579071	0.030048405686844196	0.0222036530389013
0.5508530706556275	0.028627122333906976	0.021860336559330024
0.5481072877833818	0.027268394015368527	0.021520660125006964
0.5453751243513564	0.025970254123740016	0.021183940302547756
0.5426565060484178	0.024730768508821176	0.020849625168568697
0.539951360756217	0.023548036562851166	0.020517278137604286
0.5372596182919894	0.022420192051313532	0.02018656323065456
0.5345812101777149	0.02134540369773638	0.019857231730550286
0.5319160694334497	0.020321875530788538	0.019529110153703528
0.5292641303927684	0.019347847002241927	0.019202089457270935
0.5266253285384005	0.018421592885020977	0.018876115394965403
0.5239996003562923	0.017541422961654837	0.01855117993258254
0.5213868832064105	0.01670568151505789	0.01822731363482686
0.5187871152087686	0.015912746635746378	0.01790457893746977
0.5162002351432395	0.01516102936239262	0.01758306422264485
0.5136261823618363	0.014448972676041756	0.01726287861971949
0.5110648967122466	0.013775050372337526	0.016944147459307942
0.5085163184714987	0.013137765840645042	0.01662700831334935
0.5059803882887333	0.012535650783867739	0.01631160755955965
0.5034570471361267	0.01196726391780047	0.01599809741384255
0.5009462362671069	0.011431189693722442	0.015686633379313673
0.49844789718106697	0.01092603709220026	0.01537737206539151
0.4959619715938565	0.010450438539259274	0.01507046933490178
0.4934884014133886	0.010003048997652792	0.014766078741310508
0.49102712871976606	0.009582545285368515	0.014464350222040331
0.48857809574938443	0.009187625670265199	0.014165429017340655
0.48614124488251814	0.00881700978345493	0.01386945478738587
0.4837165186339494	0.008469438884556578	0.013576560903184083
0.4813038596462363	0.008143676499329804	0.0132868738895097
0.4789032106852563	0.00783850943485106	0.013000513000446976
0.47651451463771205	0.007552749160041355	0.012717589910268315
0.4741377145102993	0.007285233521028423	0.012438208504290966
0.4717727534302842	0.007034828742780233	0.012162464756077787
0.4694195746472584	0.006800431652049506	0.011890446678890351
0.4670781215358667	0.006580972043248422	0.011622234340683055
0.46474833759932865	0.0063754150995616364	0.01135789993316074
0.4624301664735908	0.0061827637772016355	0.011097507886524447
0.4601235519319739	0.006002061061572062	0.010841115022513441
0.4578284378901899	0.005832392010113901	0.010588770739229118
0.4555447684116178	0.005672885507188575	0.01034051722200827
0.45327248771275563	0.005522715670548418	0.010096389675310371
0.45101154016875866	0.005381102865555224	0.009856416571203652
0.4487618703190021	0.005247314301023172	0.009620619910587191
0.446523422872604	0.00512066419811625	0.009389015493777925
0.4442961427138665	0.00500051354001672	0.009161613197527705
0.44207997490759054	0.004886269424240582	0.008938417255924484
0.4398748647042288	0.004777384050940095	0.008719426542976218
0.43768075754485275	0.004673353389024382	0.008504634854982096
0.43549759906591134	0.004573715567433455	0.008294031191067515
0.4333253351037636	0.004478049041616407	0.008087600030499508
0.4311639116989741	0.004385970585539361	0.00788532160561256
0.42901327510036386	0.004297133157821032	0.00768717216936318
0.42687337176880635	0.004211223687333769	0.007493124256698033
0.42474414838077207	0.0041279608192783136	0.00730314693906745
0.42262555183161715	0.00404709265775919	0.007117206071545476
0.4205175292386238	0.003968394535614846	0.006935264532131548
0.41842002794378647	0.003891666836980091	0.006757282452908786
0.4163329955163577	0.003816732892997868	0.0065832174428214745
0.4142563797551577	0.003743436966405828	0.00641302480191079
0.4121901286906509	0.003671642336497647	0.006246657726914452
0.41013419058680434	0.0036012294922496573	0.006084067508193808
0.40808851394272794	0.0035320944382233876	0.0059252037180020575
0.4060530474941142	0.003464147115191091	0.005770014390150093
0.40402774021447824	0.0033973099352522158	0.005618446191163714
0.4020125413162182	0.003331516429470715	0.005470444583057069
0.4000074002514904	0.0032667100047164273	0.005325953977873704
0.3980122667129269	0.003202842805387367	0.00518491788416907
0.3960270906341867	0.003139874674972569	0.005047279045626171
0.394051822190364	0.003077772211940108	0.004912979572011471
0.39208641179825676	0.00301650791415825	0.004781961062689698
0.3901308101165013	0.0029560594059409007	0.004654164722925719
0.38818496804558933	0.0028964087418175866	0.0045295314732084965
0.3862488367277665	0.0028375417812348245	0.00440800205183704
0.3843223675468305	0.002779447628574586	0.004289517111011344
0.3824055121278279	0.002722118133107479	0.004174017306672929
0.38049822233665925	0.002665547443765717	0.004061443382339582
0.3786004502796045	0.0026097316139114582	0.003951736247178096
0.3767121483027682	0.0025546682515782968	0.0038448370485565956
0.3748332689914526	0.0025003562109699525	0.0037406872393151423
0.3729637651694718	0.002446795321303739	0.0036392286399897548
0.37110358989840136	0.002393986149382789	0.0035404034962205327
0.3692526964767746	0.002341929792566677	0.003444154531569825
0.3674110384392335	0.0022906276990826966	0.0033504249959710967
0.36557856955563117	0.002240081512878032	0.003259158710023536
0.3637552438300978	0.0021902929404557067	0.00317030010534142
0.36194101550007035	0.0021412636373637807	0.003083794261161352
0.36013583903528845	0.0020929951122182085	0.002999586937403897
0.35833966913676374	0.002045488646335056	0.002917624604379937
0.3565524607357242	0.001998745227228016	0.0028378544693254282
0.35477416899253716	0.0019527654943930681	0.002760224499941884
0.35300474929561115	0.0019075496959543078	0.002684683445113124
0.3512441572602827	0.0018630976548843603	0.0026111808529625737
0.349492348727691	0.0018194087436400747	0.002539667086408812
0.3477492797636375	0.0017764818661703252	0.0024700933363707264
0.34601490665743745	0.0017343154463584363	0.0024024116327673096
0.3442891859207628	0.001692907422057894	0.002336574853451036
0.34257207428648245	0.0016522552439672752	0.002272536731207665
0.34086352870749265	0.0016123558786694115	0.0022102518589493295
0.33916350635554976	0.001573205815231606	0.0021496756932221465
0.3374719646200962	0.0015348010748285144	0.0020907645561438325
0.3357888611070886	0.001497137222908041	0.0020334756358813613
0.33411415363782787	0.00146020938347356	0.0019777669857734756
0.3324478002477865	0.0014240122551036315	0.0019235975221976102
0.3307897591854435	0.0013885401283735457	0.0018709270212758544
0.3291399889111167	0.0013537869043818373	0.0018197161145098203
0.3274984480958044	0.001319746114120012	0.0017699262834295535
0.3258650956200278	0.0012864109384551506	0.001721519853337192
0.32423989057267977	0.0012537742285233773	0.0016744599862217803
0.32262279224987805	0.001221828526357641	0.0016287106729174798
0.3210137601538266	0.0011905660855960174	0.0015842367245734235
0.3194127539916806	0.0011599788921372426	0.0015410037634996964
0.31781973367442024	0.0011300586846284834	0.0014989782134501547
0.3162346593157287	0.0011007969746867057	0.0014581272893994194
0.3146574912308812	0.001072185066769707	0.0014184189868678778
0.3130881899356355	0.0010442140776258893	0.001379822070845418
0.3115267161451383	0.0010168749552635107	0.001342306064361504
0.30997303077282884	0.0009901584973905156	0.0013058412367462492
0.3084270949293594	0.0009640553692852454	0.0012703985916243928
0.3068888699215173	0.000938556121066473	0.0012359498546813804
0.3053583172511592	0.0009136512043384627	0.0012024674612382022
0.30383539861414877	0.0008893309881930703	0.001169924543669275
0.302320075899306	0.000865585774556571	0.0011382949186952952
0.3008123111873616	0.000842405812873774	0.0011075530745808149
0.29931206674992294	0.000819781314126336	0.0010776741582642657
0.29781930504844084	0.0007977024641859002	0.0010486339624461184
0.29633398873319317	0.0007761594365059897	0.0010204089126590267
0.29485608064226754	0.0007551424041593489	0.000992976054342066
0.29338554380055837	0.0007346415512298946	0.0009663130399394208
0.29192234141876694	0.000714647083570445	0.000940398116042383
0.2904664368924105	0.0006951492389391672	0.0009152101105919469
0.2890177938008394	0.0006761382965291377	0.0008907284201579167
0.28757637590626084	0.0006576045859065702	0.0008669329973090839
0.28614214715277086	0.0006395384953742987	0.0008438043380877756
0.2847150716653901	0.0006219304797778244	0.0008213234696008935
0.2832951137491115	0.0006047710677718509	0.0007994719377384272
0.2818822378879515	0.000588050868565667	0.0007782317950293907
0.2804764087440092	0.0005717605781660353	0.0007575855886441281
0.2790775911565318	0.0005558909851364086	0.0007375163485510021
0.27768575014098695	0.0005404329758913751	0.0007180075758346298
0.27630085088814194	0.0005253775395451924	0.0006990432311819671
0.27492285876314965	0.0005107157723331739	0.000680607723541835
0.2735517393046391	0.0004964388816245056	0.0006626858989627027
0.2721874582238145	0.0004825381895448221	0.0006452630296129208
0.27082998140355957	0.00046900513622659276	0.0006283248029869379
0.2694792748975465	0.00045583128270500564	0.000611857311300486
0.26813530492935317	0.0004430083134766936	0.0005958470410771261
0.2667980378915858	0.0004305280387382098	0.0005802808629280876
0.2654674403450051	0.0004183823963207402	0.0005651460215268437
0.26414347901766255	0.00040656345333709196	0.0005504301257794173
0.26282612080403656	0.0003950634075565156	0.0005361211391910407
0.2615153327641807	0.00038387458852244836	0.000522207370429378
0.26021108212287153	0.0003729894584277697	0.0005086774640842144
0.2589133362687653	0.00036240061276166864	0.0004955203916231634
0.25762206275355826	0.0003521007807417235	0.0004827254425426789
0.2563372292911554	0.0003420828255443013	0.00047028221571336913
0.2550588037568378	0.0003323397443458746	0.0004581806109183795
0.2537867541864432	0.000322864668187384	0.0004464108205833764
0.252521048775545	0.0003136508616732662	0.0004349633216964704
0.2512616558786397	0.0003046917225162995	0.00042382886791621986
0.25000854400833866	0.00029598078093894475	0.0004129984818656942
0.24876168183456387	0.00028751169894139684	0.0004024634476104327
0.2475210381837492	0.00027927826944610024	0.0003922153033179858
0.2462865820380465	0.00027127441532805966	0.0003822458340966095
0.2450582825345356	0.00026349418833981767	0.00037254706501058885
0.24383610896443872	0.0002559317679395765	0.0003631112542695478
0.2426200307723415	0.00024858146003051325	0.00035393088658904883
0.2414100175554163	0.0002414376956189572	0.00034499866671968576
0.2402060390626507	0.0002344950293987002	0.0003363075131418409
0.23900806519407977	0.00022774813826834835	0.0003278505519232018
0.23781606600002494	0.00022119181978826167	0.0003196211107361077
0.23663001168033354	0.0002148209905832818	0.0003116127130317577
0.2354498725836266	0.0002086306846971121	0.0003038190723682737
0.23427561920654705	0.00020261605190389446	0.0002962340868896214
0.23310722219301505	0.0001967723559822185	0.0002888518339523503
0.23194465233348546	0.0001910949729564962	0.0002816665648971238
0.23078788056421093	0.00018557938931035612	0.000274672699962008
0.22963687796650825	0.00018022120017643022	0.0002678648233344942
0.22849161576602733	0.0001750161075066494	0.00026123767833923173
0.2273520653320273	0.00016995991822690688	0.00025478616275847305
0.22621819817665337	0.00016504854237971156	0.00024850532428224444
0.22508998595422094	0.00016027799125822124	0.00024239035608527595
0.2239674004604993	0.00015564437553482787	0.00023643659252775857
0.22285041363200306	0.00015114390338724979	0.0002306395049770124
0.22173899754528523	0.00014677287862489816	0.0002249946977471906
0.22063312441623448	0.000142527698818082	0.00021949790415417373
0.21953276659937637	0.0001384048534324388	0.00021414498268284096
0.21843789658717847	0.0001344009219708087	0.00020893191326395064
0.21734848700935847	0.00013051257212459772	0.00020385479365789372
0.21626451063219615	0.00012673655793652672	0.00019890983594262726
0.21518594035785021	0.0001230697179765101	0.00019409336310314185
0.21411274922367596	0.00011950897353226687	0.00018940180571985082
0.2130449104015496	0.00011605132681613826	0.0001848316987533437
0.21198239719719375	0.00011269385918945393	0.00018037967842298277
0.21092518304950736	0.000109433729405673	0.0001760424791768726
0.20987324152989983	0.00010626817187341015	0.00017181693075077708
0.20882654634162748	0.00010319449494035372	0.00016769995531360637
0.20778507131913346	0.0001002100791989783	0.00016368856469714055
0.20674879042739197	9.731237581486137e-5	0.00015977985770770605
0.205717677761255	9.449890487832272e-5	0.00015597101751756975
0.20469170754480262	9.176725378002188e-5	0.00015225930913385935
0.2036708541306977	8.911507561106797e-5	0.00014864207694286895
0.20265509199954146	8.654008758812428e-5	0.00014511674232765248
0.20164439575923485	8.404006950391516e-5	0.00014168080135686193
0.20063874014434235	8.16128622034834e-5	0.0001383318225428217
0.19963810001545773	7.925636608647838e-5	0.00013506744466689068
0.1986424503585762	7.69685396357028e-5	0.00013188537467019636
0.1976517662844654	7.474739797208784e-5	0.00012878338560788275
0.196666023028044	7.259101143621924e-5	0.00012575931466504882
0.19568519594776015	7.049750419648879e-5	0.0001228110612326039
0.1947092605249746	6.846505288390265e-5	0.00011993658504131066
0.19373819236334708	6.649188525353508e-5	0.00011713390435232538
0.19277196718822454	6.457627887258259e-5	0.00011440109420259306
0.1918105608460344	6.271655983493583e-5	0.00011173628470349249
0.19085394930368	6.091110150215342e-5	0.00010913765939117031
0.1899021086479369	5.915832327069671e-5	0.00010660345362704235
0.18895501508485715	5.745668936525093e-5	0.00010413195304698234
0.18801264493917205	5.580470765793904e-5	0.00010172149205775336
0.1870749746536992	5.4200928513206544e-5	9.937045237928161e-5
0.18614198078875402	5.2643943658138275e-5	9.707726163140391e-5
0.18521364002156265	5.113238507794662e-5	9.484039196376141e-5
0.18428992914567874	4.9664923936354193e-5	9.265835872754751e-5
0.1833708250704022	4.824026952057864e-5	9.052971918785013e-5
0.18245630482020134	4.6857168210611546e-5	8.845307127537013e-5
0.18154634553413865	4.551440247247328e-5	8.642705237632338e-5
0.18064092446529836	4.4210789875111985e-5	8.44503381593748e-5
0.17974001898021738	4.294518213060557e-5	8.252164143847938e-5
0.17884360655831896	4.171646415731834e-5	8.063971107054106e-5
0.1779516647913502	4.0523553165654116e-5	7.880333088682849e-5
0.17706417138282032	3.936539776604295e-5	7.701131865711985e-5
0.17618110414744328	3.824097709879149e-5	7.526252508557512e-5
0.17530244101058332	3.714929998542516e-5	7.355583283736627e-5
0.17442816000770217	3.608940410114266e-5	7.189015559512263e-5
0.17355823928380987	3.506035516800474e-5	7.026443714427537e-5
0.17269265709291876	3.4061246168474146e-5	6.86776504864134e-5
0.1718313917974984	3.309119657892331e-5	6.712879697978798e-5
0.17097442186793527	3.214935162272659e-5	6.561690550612977e-5
0.1701217258819944	3.123488154255184e-5	6.414103166296603e-5
0.16927328252428328	3.034698089146876e-5	6.270025698064888e-5
0.1684290705857185	2.9484867842490864e-5	6.129368816333334e-5
0.1675890689629957	2.86477835161703e-5	5.992045635315936e-5
0.1667532566580626	2.783499132586663e-5	5.8579716416922744e-5
0.1659216127775924	2.704577634031296e-5	5.7270646254534565e-5
0.16509411653246203	2.627944466310569e-5	5.5992446128593786e-5
0.16427074723723303	2.5535322828747166e-5	5.474433801441701e-5
0.16345148430963286	2.481275721487424e-5	5.3525564969889326e-5
0.16263630727004105	2.411111347030895e-5	5.23353905245192e-5
0.16182519574097795	2.3429775958572586e-5	5.117309808709998e-5
0.1610181294465928	2.276814721650703e-5	5.003799037139848e-5
0.1602150882121595	2.2125647427653395e-5	4.892938883930872e-5
0.15941605196356992	2.1501713910041675e-5	4.7846633160926354e-5
0.15862100072683377	2.0895800618049757e-5	4.678908069101631e-5
0.157829914627578	2.030737765799595e-5	4.5756105961362196e-5
0.15704277389055024	1.9735930817133637e-5	4.4747100188502064e-5
0.1562595588391244	1.9180961105721684e-5	4.37614707963695e-5
0.15548024989480846	1.8641984311850418e-5	4.279864095337634e-5
0.1547048275767556	1.8118530568707504e-5	4.185804912348464e-5
0.1539332725012766	1.761014393397348e-5	4.0939148630832335e-5
0.15316556538135537	1.7116381981043154e-5	4.0041407237488636e-5
0.1524016870261664	1.6636815401773447e-5	3.916430673392983e-5
0.15164161834059553	1.6171027620464694e-5	3.830734254183823e-5
0.15088534032476217	1.5718614418787323e-5	3.747002332883991e-5
0.15013283407354455	1.527918357137214e-5	3.665187063480786e-5
0.14938408077610663	1.4852354491787185e-5	3.5852418509370986e-5
0.1486390617154287	1.4437757888630644e-5	3.5071213160278555e-5
0.14789775826783863	1.4035035431474214e-5	3.430781261228188e-5
0.14716015190254575	1.3643839426396936e-5	3.356178637620551e-5
0.1464262241811791	1.3263832500855451e-5	3.283271512789049e-5
0.14569595675732605	1.2894687297641474e-5	3.212019039670198e-5
0.14496933137607262	1.2536086177683304e-5	3.1423814263303994e-5
0.14424632987354802	1.2187720931453265e-5	3.07431990664123e-5
0.14352693417646972	1.1849292498748312e-5	3.007796711824718e-5
0.14281112630169307	1.1520510696616467e-5	2.9427750428414604e-5
0.14209888835576065	1.1201093955206792e-5	2.879219043595519e-5
0.1413902025344547	1.0890769061326039e-5	2.8170937749306656e-5
0.14068505112235313	1.0589270909489747e-5	2.7563651893934525e-5
0.1399834164923855	1.0296342260261176e-5	2.697000106739393e-5
0.13928528110539326	1.001173350567591e-5	2.638966190159154e-5
0.13859062750969045	9.735202441555057e-6	2.5822319232025577e-5
0.1378994383406282	9.466514046514895e-6	2.526766587378787e-5
0.13721169632016034	9.205440267485228e-6	2.4725402404118905e-5
0.13652738425641128	8.951759811553708e-6	2.4195236951314172e-5
0.1358464850432463	8.705257943957638e-6	2.3676884989785473e-5
0.13516898165984423	8.465726292049583e-6	2.3170069141087986e-5
0.13449485717027138	8.232962655067116e-6	2.2674518980729055e-5
0.1338240947230587	8.006770819541823e-6	2.218997085058163e-5
0.13315667755078003	7.786960380186582e-6	2.171616767672976e-5
0.1324925889696341	7.573346566104399e-6	2.1252858792579733e-5
0.1318318123790255	7.365750072166197e-6	2.079979976707545e-5
0.13117433126115122	7.1639968954089685e-6	2.0356752237862173e-5
0.13052012918058745	6.967918176309538e-6	1.9923483749246666e-5
0.12986918978387832	6.777350044793051e-6	1.949976759480828e-5
0.12922149679912753	6.592133470839161e-6	1.908538266451836e-5
0.12857703403559118	6.412114119552324e-6	1.8680113296231064e-5
0.12793578538327308	6.237142210566405e-6	1.8283749131412703e-5
0.1272977348125226	6.06707238165732e-6	1.7896084974980756e-5
0.12666286637363317	5.90176355644073e-6	1.7516920659127846e-5
0.126031164196444	5.7410788160352054e-6	1.714606091101019e-5
0.12540261248994342	5.58488527457466e-6	1.6783315224183387e-5
0.1247771955418739	5.433053958456913e-6	1.6428497733672755e-5
0.12415489771833939	5.285459689218519e-6	1.6081427094568066e-5
0.12353570346341422	5.1419809699288444e-6	1.5741926364036997e-5
0.12291959729875498	5.002499874999597e-6	1.5409822886654356e-5
0.12230656382321253	4.866901943308681e-6	1.50849481829474e-5
0.12169658771244805	4.735076074540375e-6	1.476713784106108e-5
0.12108965371854946	4.606914428646195e-6	1.4456231411449675e-5
0.12048574666964987	4.482312328333944e-6	1.4152072304504331e-5
0.11988485146954918	4.361168164494769e-6	1.385450769102905e-5
0.11928695309733595	4.243383304480644e-6	1.3563388405480271e-5
0.11869203660701226	4.128862003147465e-6	1.3278568851887746e-5
0.11810008712712008	4.017511316580898e-6	1.2999906912377218e-5
0.11751108986036948	3.909241018424979e-6	1.2727263858217726e-5
0.11692503008326881	3.8039635187355002e-6	1.2460504263318924e-5
0.11634189314575628	3.70159378528245e-6	1.2199495920105899e-5
0.11576166447083437	3.6020492672281404e-6	1.1944109757701591e-5
0.11518432955420482	3.505249821109612e-6	1.1694219762348637e-5
0.1146098739639064	3.4111176390560918e-6	1.1449702900005223e-5
0.11403828333995412	3.319577179174254e-6	1.1210439041050658e-5
0.11346954339398015	3.230555098035995e-6	1.0976310887039478e-5
0.11290363990887665	3.1439801852053685e-6	1.0747203899443693e-5
0.11234055873844061	3.0597832997431486e-6	1.0523006230325603e-5
0.11178028580701976	2.9778973086293686e-6	1.0303608654884737e-5
0.11122280710916126	2.89825702704583e-6	1.0088904505824537e-5
0.11066810870926101	2.8207991604624157e-6	9.878789609485875e-6
0.1101161767412158	2.7454622484726186e-6	9.673162223696555e-6
0.10956699740807656	2.672186610325315e-6	9.471922977286858e-6
0.10902055698170333	2.6009142921014226e-6	9.274974811223285e-6
0.10847684180242198	2.5315890154856236e-6	9.082222921313884e-6
0.10793583827868324	2.464156128084729e-6	8.893574702440027e-6
0.10739753288672249	2.3985625552458153e-6	8.708939694270742e-6
0.10686191217022169	2.33475675332857e-6	8.528229528417394e-6
0.10632896273997332	2.2726886643877207e-6	8.351357876987341e-6
0.1057986712735454	2.212309672222716e-6	8.17824040249691e-6
0.10527102451494874	2.1535725597530768e-6	8.008794709104805e-6
0.10474600927430519	2.0964314676791348e-6	7.842940295128673e-6
0.1042236124275184	2.0408418543890757e-6	7.680598506808313e-6
0.10370382091594536	1.986760457074366e-6	7.5216924932803545e-6
0.10318662174606982	1.9341452540168e-6	7.366147162730151e-6
0.10267200198917804	1.8829554280115058e-6	7.213889139687877e-6
0.10215994878103557	1.8331513308913469e-6	7.064846723436474e-6
0.10165044932156483	1.7846944491191332e-6	6.918949847500443e-6
0.10114349087452608	1.737547370415205e-6	6.776130040185101e-6
0.10063906076719864	1.6916737513887729e-6	6.6363203861370825e-6
0.100137146390064	1.6470382861425087e-6	6.499455488897428e-6
0.09963773519649113	1.6036066758206764e-6	6.365471434419913e-6
0.09914081470242228	1.5613455990721176e-6	6.234305755527627e-6
0.09864637248606072	1.5202226834001713e-6	6.105897397281797e-6
0.09815439618756124	1.4802064773725326e-6	5.9801866832378375e-6
0.09766487350872036	1.441266423664844e-6	5.857115282563931e-6
0.09717779221266894	1.4033728329126042e-6	5.736626177998484e-6
0.09669314012356646	1.3664968583467929e-6	5.618663634623536e-6
0.09621090512629675	1.330610471189323e-6	5.5031731694314825e-6
0.09573107516616512	1.2956864367851734e-6	5.3901015216636674e-6
0.09525363824859664	1.2616982914487584e-6	5.27939662389962e-6
0.09477858243883673	1.2286203200028193e-6	5.171007573876577e-6
0.09430589586165271	1.1964275339886936e-6	5.064884607019406e-6
0.09383556670103708	1.165095650527575e-6	4.960979069661582e-6
0.09336758319991208	1.134601071812917e-6	4.859243392938695e-6
0.09290193365983497	1.1049208652147787e-6	4.7596310673361165e-6
0.09243860644070719	1.076032743977515e-6	4.662096617873365e-6
0.0919775899604822	1.047915048492721e-6	4.566595579907896e-6
0.09151887269487602	1.0205467281299843e-6	4.473084475541815e-6
0.09106244317707986	9.939073236084508e-7	4.381520790615281e-6
0.0906082899974727	9.679769498927816e-7	4.291862952270955e-6
0.09015640180333652	9.42736279597573e-7	4.204070307074257e-6
0.08970676729857266	9.181665268847814e-7	4.118103099674632e-6
0.08925937524341875	8.942494318391928e-7	4.033922451993451e-6
0.08881421445416843	8.709672453074378e-7	3.951490342924608e-6
0.08837127380289139	8.483027141864545e-7	3.8707695885342276e-6
0.0879305422171556	8.26239067147808e-7	3.7917238227463244e-6
0.08749200867974995	8.047600007846268e-7	3.714317478501609e-6
0.08705566222840923	7.838496661683578e-7	3.6385157693769914e-6
0.08662149195554027	7.634926558029216e-7	3.564284671653736e-6
0.0861894870079488	7.436739909642486e-7	3.4915909068224677e-6
0.08575963658656845	7.243791094135127e-7	3.420401924513669e-6
0.08533192994619082	7.055938534727755e-7	3.3506858858425554e-6
0.08490635639519667	6.873044584520834e-7	3.2824116471575152e-6
0.08448290529528885	6.694975414173817e-7	3.215548744181715e-6
0.08406156606122626	6.521600902889791e-7	3.1500673765375978e-6
0.08364232816055929	6.352794532605511e-7	3.08593839264444e-6
0.08322518111336634	6.188433285290447e-7	3.023133274979319e-6
0.08281011449199258	6.028397543260797e-7	2.9616241256920855e-6
0.08239711792078802	5.872570992417951e-7	2.9013836525653516e-6
0.08198618107584944	5.720840528322908e-7	2.8423851553105326e-6
0.08157729368476152	5.573096165021691e-7	2.7846025121914055e-6
0.08117044552634026	5.429230946538736e-7	2.7280101669668066e-6
0.08076562643037757	5.289140860958106e-7	2.672583116144331e-6
0.08036282627738661	5.152724757014906e-7	2.6182968965370915e-6
0.0799620349983496	5.019884263121319e-7	2.565127573115913e-6
0.07956324257446541	4.8905237087544e-7	2.5130517271493904e-6
0.07916643903689968	4.764550048134681e-7	2.462046444624599e-6
0.07877161446653509	4.6418727861270086e-7	2.412089304941322e-6
0.07837875899372385	4.5224039062970697e-7	2.363158369872938e-6
0.07798786279804071	4.4060578010590227e-7	2.315232172787265e-6
0.07759891610803754	4.292751203851826e-7	2.2682897081207914e-6
0.07721190920099893	4.182403123283482e-7	2.2223104210999942e-6
0.07682683240269933	4.0749347791846124e-7	2.177274197703579e-6
0.07644367608716171	3.970269540514253e-7	2.1331613548595576e-6
0.0760624306764158	3.868332865062683e-7	2.0899526308713985e-6
0.07568308664025983	3.769052240897758e-7	2.0476291760675103e-6
0.0753056344960208	3.6723571295028347e-7	2.0061725436685e-6
0.07493006480831918	3.57817891055596e-7	1.96556468086689e-6
0.07455636818883236	3.486450828301527e-7	1.9257879201139417e-6
0.07418453529605899	3.3971079394670753e-7	1.8868249706085479e-6
0.07381455683508714	3.310087062679435e-7	1.8486589099831993e-6
0.0734464235573608	3.225326729335697e-7	1.8112731761821748e-6
0.07308012626044914	3.1427671358859024e-7	1.77465155952722e-6
0.07271565578781632	3.0623500974856534e-7	1.7387781949661767e-6
0.0723530030285925	2.9840190029781597e-7	1.7036375545000274e-6
0.07199215891734652	2.9077187711663377e-7	1.6692144397840544e-6
0.07163311443385895	2.8333958083369166e-7	1.6354939748988227e-6
0.07127586060289609	2.7609979669996187e-7	1.6024615992869037e-6
0.07092038849398692	2.690474505805474e-7	1.5701030608512847e-6
0.07056668922119828	2.621776050609705e-7	1.538404409211553e-6
0.07021475394291488	2.5548545566452974e-7	1.5073519891140521e-6
0.06986457386161571	2.4896632717747463e-7	1.4769324339922648e-6
0.06951614022365639	2.4261567007881986e-7	1.4471326596738387e-6
0.06916944431904805	2.3642905707172754e-7	1.417939858230686e-6
0.0688244774812421	2.30402179713483e-7	1.3893414919687478e-6
0.06848123108691176	2.245308451411706e-7	1.361325287554063e-6
0.06813969655573736	2.1881097289024446e-7	1.333879230271877e-6
0.06779986535019134	2.1323859180328112e-7	1.306991558415614e-6
0.0674617289753261	2.0780983702627464e-7	1.2806507578026163e-6
0.06712527897855959	2.0252094708991878e-7	1.2548455564136141e-6
0.0667905069494655	1.9736826107339492e-7	1.2295649191530129e-6
0.0664574045195621	1.9234821584826012e-7	1.2047980427270981e-6
0.06612596336210426	1.874573434001052e-7	1.180534350637375e-6
0.06579617519187407	1.826922682257139e-7	1.1567634882863268e-6
0.06546803176497468	1.780497048035336e-7	1.1334753181929184e-6
0.06514152487862346	1.735264551353244e-7	1.1106599153152642e-6
0.06481664637094756	1.6911940635692109e-7	1.0883075624779442e-6
0.0644933881207796	1.648255284161062e-7	1.0664087459014797e-6
0.06417174204745421	1.6064187181564688e-7	1.0449541508315956e-6
0.0638517001106072	1.5656556541961153e-7	1.0239346572659346e-6
0.06353325430997345	1.5259381432113638e-7	1.0033413357758984e-6
0.06321639668518751	1.4872389776986523e-7	9.83165443421448e-7
0.06290111931558409	1.449531671573419e-7	9.633984197566535e-7
0.06258741432000081	1.4127904405868242e-7	9.440318829238855e-7
0.06227527385658064	1.3769901832890798e-7	9.250576258346071e-7
0.06196469012257577	1.3421064625236274e-7	9.064676124347234e-7
0.06165565535415323	1.3081154874369082e-7	8.882539740525474e-7
0.06134816182620017	1.2749940959889403e-7	8.704090058274545e-7
0.061042201852130974	1.242719737950276e-7	8.529251632173724e-7
0.060737767783695246	1.2112704583714453e-7	8.3579505858327e-7
0.06043485201078652	1.1806248815113143e-7	8.190114578488852e-7
0.060133446961251946	1.1507621952112449e-7	8.02567277233932e-7
0.05983354510070277	1.1216621357022926e-7	7.864555800591348e-7
0.059535138932326946	1.0933049728330867e-7	7.706695736213999e-7
0.05923822099670036	1.065671495706376e-7	7.552026061375436e-7
0.058942783871601796	1.0387429987125888e-7	7.40048163754985e-7
0.058648820171825815	1.0125012679491083e-7	7.251998676278914e-7
0.058356322548999695	9.869285680142667e-8	7.106514710572682e-7
0.058065283691398566	9.620076291654272e-8	6.963968566935261e-7
0.057775696323763434	9.377216348307868e-8	6.824300338001251e-7
0.05748755320711896	9.140542094648849e-8	6.687451355768845e-7
0.05720084713859247	8.909894067380571e-8	6.553364165416118e-7
0.05691557095123405	8.685116980503763e-8	6.421982499687187e-7
0.0566317175138374	8.466059613609073e-8	6.293251253835445e-7
0.05634927973076115	8.252574703233497e-8	6.167116461111203e-7
0.056068250541752226	8.044518837194229e-8	6.043525268781269e-7
0.05578862292176869	7.841752351815851e-8	5.922425914668777e-7
0.05551038988080453	7.644139231969264e-8	5.803767704201157e-7
0.05523354446371479	7.45154701384333e-8	5.687500987955134e-7
0.05495807975004156	7.263846690372071e-8	5.573577139687277e-7
0.054683988853841375	7.080912619242941e-8	5.461948534839437e-7
0.054411264923512635	6.902622433413614e-8	5.352568529508186e-7
0.05413990114162472	6.728856954066899e-8	5.245391439868047e-7
0.053869890724747335	6.559500105935467e-8	5.140372522038208e-7
0.05360122692328067	6.394438834929866e-8	5.037467952382868e-7
0.05333390302128776	6.233563028005526e-8	4.936634808235512e-7
0.053067912336325164	6.076765435206109e-8	4.837831049037625e-7
0.052803248219276656	5.92394159382233e-8	4.741015497882665e-7
0.052539904054187715	5.7749897546073275e-8	4.64614782345619e-7
0.05227787325809818	5.6298108099911315e-8	4.553188522363396e-7
0.05201714928087976	5.48830822423862e-8	4.4620989018354123e-7
0.05175772560507113	5.3503879654968225e-8	4.37284106280596e-7
0.05149959574571535	5.215958439679062e-8	4.2853778833501886e-7
0.05124275325019777	5.084930426134874e-8	4.1996730024775853e-7
0.05098719169808471	4.957217015056175e-8	4.115690804271243e-7
0.05073290470096282	4.83273354657149e-8	4.0333964023657395e-7
0.05047988590227964	4.711397551481484e-8	3.952755624756168e-7
0.050228128977184525	4.5931286935903275e-8	3.873734998931046e-7
0.049977627632370486	4.4778487135888634e-8	3.796301737321937e-7
0.0497283756059172	4.365481374446543e-8	3.720423723062829e-7
0.04948036666713401	4.255952408270599e-8	3.646069496052446e-7
0.04923359461640451	4.149189464591881e-8	3.573208239312848e-7
0.04898805328503145	4.045122060038132e-8	3.5018097656378007e-7
0.04874373653508257	3.943681529356415e-8	3.431844504524613e-7
0.048500638259237096	3.844800977747624e-8	3.3632834893831386e-7
0.048258752380633166	3.748415234476963e-8	3.296098345015992e-7
0.048018072852715976	3.6544608077253813e-8	3.2302612753639355e-7
0.04777859365908638	3.562875840647928e-8	3.165745051510754e-7
0.04754030881335067	3.473600068605878e-8	3.10252299994185e-7
0.047303212358970975	3.386574777540499e-8	3.040568991051145e-7
0.04706729836911627	3.3017427634572246e-8	2.979857427890759e-7
0.04683256094651432	3.2190482929898426e-8	2.920363235158274e-7
0.046598994223304026	3.138437065015192e-8	2.862061848416366e-7
0.04636659236088904	3.0598561732896764e-8	2.804929203539801e-7
0.04613534954979175	2.983254070079757e-8	2.7489417263848157e-7
0.045905260009507745	2.908580530759257e-8	2.694076322676094e-7
0.045676317988361755	2.8357866193472134e-8	2.640310368106626e-7
0.045448517763363665	2.764824654960647e-8	2.5876216986458035e-7
0.045221853640065396	2.6956481791573784e-8	2.535988601051295e-7
0.044996319952418706	2.6282119241447e-8	2.4853898035802937e-7
0.04477191106263341	2.5624717818303994e-8	2.435804466895772e-7
0.044548621361036614	2.4983847736933108e-8	2.3872121751636476e-7
0.04432644526593224	2.435909021451141e-8	2.339592927336619e-7
0.044105377223461785	2.375003718503985e-8	2.2929271286207673e-7
0.043885411707465245	2.3156291021325705e-8	2.247195582120908e-7
0.04366654321934321	2.2577464264307936e-8	2.2023794806608883e-7
0.04344876628791914	2.20131793595269e-8	2.158460398775066e-7
0.04323207546930285	2.1463068400546158e-8	2.1154202848672898e-7
0.04301646534675422	2.092677287913806e-8	2.0732414535337948e-7
0.04280193053054793	2.040394344205125e-8	2.0319065780464936e-7
0.042588465657838755	1.989423965418266e-8	1.9913986829932405e-7
0.0423760653925273	1.939732976798159e-8	1.9517011370716873e-7
0.0421647244251268	1.891289049891841e-8	1.9127976460334667e-7
0.04195443747263045	1.844060680685451e-8	1.8746722457754866e-7
0.04174519927837915	1.7980171683155492e-8	1.8373092955751867e-7
0.041537004611930224	1.7531285943393005e-8	1.8006934714666895e-7
0.0413298482689265	1.709365802548588e-8	1.7648097597548578e-7
0.04112372507096649	1.666700379313421e-8	1.729643450664282e-7
0.040918629865474836	1.6251046344405174e-8	1.695180132120371e-7
0.040714557525573375	1.5845515825332406e-8	1.661405683659699e-7
0.0405115029499531	1.545014924839498e-8	1.6283062704668836e-7
0.04030946106274667	1.5064690315745706e-8	1.595868337535289e-7
0.040108426813401446	1.4688889247061683e-8	1.564078603948947e-7
0.0399083951765532	1.4322502611894103e-8	1.5329240572831033e-7
0.03970936115190071	1.3965293166396996e-8	1.5023919481208833e-7
0.039511319764080496	1.3617029694318457e-8	1.472469784683616e-7
0.03931426606254262	1.3277486852140852e-8	1.4431453275724142e-7
0.03911819512142685	1.2946445018259503e-8	1.4144065846186436e-7
0.03892310203943959	1.2623690146092512e-8	1.3862418058409963e-7
0.03872898193973126	1.2309013621017269e-8	1.3586394785069027e-7
0.03853582996977465	1.200221212103203e-8	1.3315883222960748e-7
0.03834364130124318	1.1703087481043694e-8	1.3050772845640431e-7
0.038152411129890595	1.1411446560685592e-8	1.2790955357035607e-7
0.03796213467543067	1.1127101115571768e-8	1.2536324646018228e-7
0.03777280718141781	1.0849867671896779e-8	1.2286776741914715e-7
0.037584423915128035	1.0579567404292348e-8	1.20422097709342e-7
0.037396980167440856	1.0316026016854777e-8	1.1802523913495693e-7
0.03721047125272134	1.0059073627259343e-8	1.1567621362435108e-7
0.03702489250870319	9.8085446538801e-9	1.1337406282073786e-7
0.03684023929637198	9.564277705835688e-9	1.1111784768130436e-7
0.036656506999849445	9.326115475883987e-9	1.0890664808458594e-7
0.03647369102627782	9.09390463609059e-9	1.067395624459255e-7
0.03629178680570531	8.867495736197814e-9	1.0461570734084624e-7
0.03611078979097158	8.646743104623209e-9	1.0253421713617222e-7
0.03593069545759435	8.431504752018459e-9	1.0049424362873463e-7
0.035751499303656044	8.22164227732113e-9	9.849495569150579e-8
0.03557319684969146	8.017020776233918e-9	9.653553892700313e-8
0.035395783638575665	7.817508752067487e-9	9.46151953278146e-8
0.03521925523541268	7.622978028884875e-9	9.273314294409309e-8
0.03504360722742445	7.433303666887099e-9	9.088861555787702e-8
0.0348688352238408	7.248363879981146e-9	8.908086236409282e-8
0.03469493485578933	7.0680399554731285e-9	8.730914765810144e-8
0.03452190177618653	6.892216175830953e-9	8.557275052965062e-8
0.03434973165962898	6.72077974246235e-9	8.387096456310057e-8
0.034178420202285106	6.553620701455454e-9	8.220309754379276e-8
0.03400796312178784	6.390631871230648e-9	8.056847117043237e-8
0.033838356157127436	6.231708772053717e-9	7.896642077336027e-8
0.03366959506854489	6.076749557361645e-9	7.739629503859237e-8
0.03350167563742604	5.925654946853786e-9	7.585745573750513e-8
0.03333459366619616	5.778328161302285e-9	7.434927746205071e-8
0.033168344978214886	5.634674859036923e-9	7.287114736538788e-8
0.03300292541767201	5.494603074060709e-9	7.142246490781335e-8
0.032838330849483406	5.358023155753859e-9	7.000264160788666e-8
0.03267455715918773	5.224847710124541e-9	6.86111007986393e-8
0.03251160025284354	5.0949915425663885e-9	6.724727738876253e-8
0.03234945605692713	4.9683716020834525e-9	6.591061762867083e-8
0.03218812051823043	4.8449069269444e-9	6.460057888134142e-8
0.03202758960375991	4.724518591728918e-9	6.331662939782796e-8
0.03186785930063562	4.607129655730103e-9	6.205824809735541e-8
0.031708925615990986	4.492665112677601e-9	6.082492435189714e-8
0.03155078457687286	4.381051841747317e-9	5.961615777514612e-8
0.03139343223014235	4.272218559824176e-9	5.843145801578481e-8
0.03123686464237598	4.166095774985609e-9	5.7270344554968496e-8
0.031081077899767214	4.0626157411740206e-9	5.613234650793346e-8
0.030926068108028882	3.9617124140274855e-9	5.501700242964456e-8
0.03077183139229558	3.8633214078386765e-9	5.3923860124399536e-8
0.03061836389702698	3.767379953612826e-9	5.285247645930876e-8
0.030465661785911237	3.6738268581963074e-9	5.180241718156902e-8
0.030313721241769405	3.5826024644481482e-9	5.0773256739454975e-8
0.03016253846645982	3.493648612427522e-9	4.9764578106950007e-8
0.030012109680783088	3.4069086015709733e-9	4.87759726119429e-8
0.029862431124387814	3.322327153833848e-9	4.7807039767916095e-8
0.02971349905567641	3.2398503777709974e-9	4.6857387109054024e-8
0.029565309751711764	3.159425733532563e-9	4.592663002870069e-8
0.02941785950812396	3.0810019987512458e-9	4.501439162109861e-8
0.02927114463901783	3.0045292352980627e-9	4.4120302526340276e-8
0.029125161476880757	2.929958756884227e-9	4.3244000778467423e-8
0.02897990637249099	2.8572430974873803e-9	4.238513165665283e-8
0.028835375694826474	2.786335980580912e-9	4.1543347539401015e-8
0.028691565830974083	2.7171922891457365e-9	4.071830776170688e-8
0.02854847318603916	2.6497680364444117e-9	3.990967847511033e-8
0.02840609418305587	2.5840203375379645e-9	3.9117132510588716e-8
0.028264425262897595	2.519907381526355e-9	3.8340349244227994e-8
0.028123462884188113	2.457388404494001e-9	3.757901446561594e-8
0.02798320352321301	2.396423663142227e-9	3.683282024890186e-8
0.027843643673831547	2.3369744090910535e-9	3.610146482646774e-8
0.02770477984738912	2.279002863833076e-9	3.538465246515802e-8
0.027566608572629946	2.222472194322796e-9	3.468209334501466e-8
0.02742912639561035	2.1673464891850433e-9	3.399350344046726e-8
0.027292329879612456	2.1135907355266626e-9	3.331860440392715e-8
0.02715621560505815	2.061170796335984e-9	3.265712345173685e-8
0.02702078016942376	2.010053388455043e-9	3.200879325242669e-8
0.0268860201871549	1.9602060611098618e-9	3.137335181723095e-8
0.026751932289581875	1.9115971749845456e-9	3.0750542392818056e-8
0.02661851312483542	1.864195881825249e-9	3.0140113356188985e-8
0.026485759357763015	1.8179721045604747e-9	2.9541818111700073e-8
0.026353667669845416	1.7728965179245076e-9	2.8955414990166682e-8
0.026222234759113772	1.7289405295711245e-9	2.838066715000513e-8
0.026091457340066966	1.6860762616650467e-9	2.7817342480371618e-8
0.025961332143589668	1.6442765329389439e-9	2.7265213506256956e-8
0.025831855916870455	1.6035148412041035e-9	2.672405729549783e-8
0.025703025423320595	1.5637653463031851e-9	2.6193655367664976e-8
0.025574837442493073	1.5250028534937686e-9	2.5673793604790397e-8
0.025447288770002175	1.4872027972517448e-9	2.5164262163895942e-8
0.025320376217443225	1.4503412254837937e-9	2.466485539128661e-8
0.025194096612313057	1.4143947841385806e-9	2.4175371738572875e-8
0.02506844679793067	1.3793407022064538e-9	2.3695613680386304e-8
0.024943423633358237	1.3451567770977968e-9	2.3225387633754775e-8
0.02481902399332268	1.3118213603903616e-9	2.27645038791028e-8
0.024695244768137496	1.2793133439362132e-9	2.2312776482844326e-8
0.024572082863625007	1.2476121463191022e-9	2.187002322153552e-8
0.02444953520103911	1.2166976996533946e-9	2.1436065507555875e-8
0.024327598716988124	1.186550436715831e-9	2.1010728316286468e-8
0.024206270363358488	1.1571512784016933e-9	2.0593840114755135e-8
0.024085547107238276	1.128481621497077e-9	2.0185232791718536e-8
0.02396542593084161	1.100523326759313e-9	1.978474158915222e-8
0.023845903831433094	1.0732587072976395e-9	1.9392205035119778e-8
0.02372697782125279	1.0466705172465415e-9	1.900746487799335e-8
0.02360864492744151	1.0207419407243198e-9	1.8630366021998047e-8
0.02349090219196662	9.954565810696368e-10	1.8260756464053252e-8
0.023373746671547898	9.707984503490079e-10	1.7898487231884665e-8
0.02325717543758408	9.46751959128348e-10	1.7543412323381204e-8
0.023141185576079654	9.233019065018862e-10	1.7195388647171762e-8
0.023025774187572016	9.004334703719084e-10	1.6854275964396828e-8
0.022910938387058936	8.781321979730097e-10	1.651993683165083e-8
0.022796675303926473	8.563839966346051e-10	1.619223654507153e-8
0.022682982081877225	8.351751247757147e-10	1.587104308555337e-8
0.022569855878858916	8.144921831261026e-10	1.5556227065061656e-8
0.02245729386699342	7.943221061680655e-10	1.52476616740258e-8
0.022345293232505923	7.746521537932736e-10	1.494522262978914e-8
0.02223385117565471	7.554699031692184e-10	1.4648788126094664e-8
0.022122964910661156	7.367632408099719e-10	1.4358238783585054e-8
0.02201263166564001	7.185203548460912e-10	1.4073457601297e-8
0.021902848682530236	7.007297274886225e-10	1.3794329909129343e-8
0.021793613217025967	6.83380127682309e-10	1.3520743321265667e-8
0.021684922538507956	6.664606039432122e-10	1.3252587690531759e-8
0.02157677392997525	6.499604773760893e-10	1.2989755063669189e-8
0.02146916468797737	6.338693348669906e-10	1.2732139637506542e-8
0.021362092122546663	6.18177022446646e-10	1.2479637716010045e-8
0.021255553557131088	6.028736388203274e-10	1.2232147668195945e-8
0.02114954632852725	5.879495290599854e-10	1.1989569886887166e-8
0.02104406778681395	5.73395278454574e-10	1.1751806748297145e-8
0.020939115295285776	5.592017065145487e-10	1.1518762572424357e-8
0.02083468623038735	5.453598611266801e-10	1.1290343584240968e-8
0.020730777981647706	5.318610128553601e-10	1.1066457875659607e-8
0.020627387951614905	5.186966493867312e-10	1.0847015368262684e-8
0.020524513555791275	5.058584701120253e-10	1.0631927776778822e-8
0.020422152222568744	4.933383808466037e-10	1.04211085732912e-8
0.020320301393164486	4.811284886812857e-10	1.02144729521633e-8
0.020218958521557112	4.692210969626228e-10	1.0011937795667384e-8
0.020118121074422908	4.576087003988818e-10	9.813421640301618e-9
0.020017786531072456	4.4628398028856075e-10	9.618844643782003e-9
0.01991795238338779	4.3523979986835615e-10	9.428128552695481e-9
0.019818616135759574	4.244691997775787e-10	9.241196670800789e-9
0.01971977530502477	4.139653936360768e-10	9.057973827964236e-9
0.019621427420404552	4.0372176373282313e-10	8.878386349717505e-9
0.019523570023442485	3.937318568223696e-10	8.702362027424786e-9
0.019426200667943212	3.839893800264639e-10	8.529830089047412e-9
0.019329316919911185	3.744881968381798e-10	8.36072117049342e-9
0.019232916357489815	3.6522232322598883e-10	8.194967287540739e-9
0.019136996570901014	3.5618592383524686e-10	8.032501808322155e-9
0.01904155516238491	3.47373308284668e-10	7.873259426360951e-9
0.01894658974613989	3.3877892755538013e-10	7.71717613414597e-9
0.01885209794826299	3.30397370470243e-10	7.564189197235377e-9
0.018758077406690565	3.222233602611657e-10	7.414237128878534e-9
0.018664525771139192	3.142517512222045e-10	7.2672596651453386e-9
0.018571440703046983	3.064775254462922e-10	7.123197740553091e-9
0.018478819875515064	2.988957896435004e-10	6.981993464180746e-9
0.01838666097324946	2.9150177203878256e-10	6.843590096260753e-9
0.018294961692503216	2.842908193472068e-10	6.707932025238968e-9
0.018203719741018726	2.7725839382473426e-10	6.574964745293143e-9
0.018112932837970566	2.704000703926429e-10	6.444634834300848e-9
0.018022598713908357	2.637115338337564e-10	6.316889932247763e-9
0.017932715110700125	2.5718857605866967e-10	6.1916787200675186e-9
0.017843279781475797	2.5082709344022025e-10	6.068950898904408e-9
0.017754290490571048	2.446230842144928e-10	5.948657169790467e-9
0.01766574501347144	2.3857264594668854e-10	5.830749213728633e-9
0.017577641136756736	2.3267197306023416e-10	5.715179672173819e-9
0.01748997665804571	2.2691735442754517e-10	5.601902127903925e-9
0.017402749385940955	2.2130517102089706e-10	5.4908710862729415e-9
0.01731595713997416	2.158318936219014e-10	5.382041956838503e-9
0.017229597750551644	2.1049408058811602e-10	5.275371035356352e-9
0.017143669058900034	2.052883756753601e-10	5.170815486134421e-9
0.01705816891701238	2.0021150591433565e-10	5.068333324739204e-9
0.016973095187594434	1.9526027954020086e-10	4.967883401047506e-9
0.01688844574401115	1.9043158397376598e-10	4.86942538263646e-9
0.01680421847023366	1.8572238385301813e-10	4.772919738505241e-9
0.016720411260786272	1.8112971911372069e-10	4.6783277231216304e-9
0.016637022020693896	1.7665070311785287e-10	4.585611360787056e-9
0.016554048665429626	1.7228252082869687e-10	4.494733430313673e-9
0.016471489120862694	1.6802242703140388e-10	4.4056574500072385e-9
0.016389341323206536	1.6386774459790108e-10	4.318347662949654e-9
0.01630760321896732	1.5981586279503069e-10	4.232769022575148e-9
0.016226272764892496	1.5586423563484076e-10	4.148887178534289e-9
0.016145347927919742	1.520103802659713e-10	4.066668462839979e-9
0.016064826685126272	1.4825187540511239e-10	3.986079876289846e-9
0.015984707023678085	1.4458635980752762e-10	3.9070890751594495e-9
0.01590498694077976	1.410115307756704e-10	3.829664358160913e-9
0.01582566444362434	1.375251427049389e-10	3.753774653661671e-9
0.015746737549343578	1.3412500566564143e-10	3.679389507158095e-9
0.015668204284958288	1.3080898402026967e-10	3.606479068998922e-9
0.015590062687329091	1.2757499507519537e-10	3.5350140823534605e-9
0.015512310803107327	1.2442100776593095e-10	3.464965871419734e-9
0.015434946688686179	1.2134504137511718e-10	3.3963063298676803e-9
0.015357968410152169	1.1834516428241834e-10	3.3290079095127764e-9
0.015281374043236746	1.1541949274553045e-10	3.263043609215412e-9
0.015205161673268216	1.1256618971152414e-10	3.198386964001575e-9
0.01512932939512388	1.097834636577646e-10	3.1350120344003524e-9
0.015053875313182393	1.0706956746167199e-10	3.072893395993948e-9
0.014978797541276387	1.0442279729860086e-10	3.012006129175965e-9
0.014904094202645343	1.0184149156713765e-10	2.9523258091137616e-9
0.014829763429888667	9.93240298411314e-11	2.8938284959108393e-9
0.01475580336491894	9.68688318477915e-11	2.8364907249652628e-9
0.01468221215891558	9.447435647120149e-11	2.780289497520125e-9
0.014608987972278593	9.213910078061493e-11	2.7252022714023235e-9
0.014536128974582526	8.986159908291596e-11	2.6712069519458243e-9
0.014463633344530756	8.764042199864053e-11	2.618281883095708e-9
0.01439149926991001	8.547417556097129e-11	2.5664058386894458e-9
0.014319724947544969	8.336150033713461e-11	2.5155580139118e-9
0.014248308583253242	8.130107057163873e-11	2.46571801691996e-9
0.01417724839180054	7.9291593350811e-11	2.4168658606354115e-9
0.014106542596856014	7.73318077881008e-11	2.36898195469931e-9
0.014036189430947855	7.542048422963271e-11	2.3220470975880002e-9
0.013966187135419125	7.355642347950448e-11	2.2760424688855995e-9
0.013896533960383777	7.173845604433705e-11	2.2309496217103684e-9
0.01382722816468291	6.996544139659769e-11	2.186750475291895e-9
0.013758268015841284	6.82362672562284e-11	2.1434273076960705e-9
0.01368965179002398	6.654984889012342e-11	2.1009627486948813e-9
0.013621377771993287	6.490512842901078e-11	2.0593397727781246e-9
0.013553444255065876	6.33010742013056e-11	2.0185416923042467e-9
0.0134858495410701	6.173668008351106e-11	1.978552150787488e-9
0.01341859194030358	6.021096486675556e-11	1.9393551163186604e-9
0.013351669771490899	5.872297163906425e-11	1.9009348751168325e-9
0.013285081361741646	5.7271767182973475e-11	1.863276025209363e-9
0.013218825046508592	5.5856441388104815e-11	1.8263634702377018e-9
0.013152899169545998	5.4476106678328553e-11	1.7901824133864358e-9
0.013087302082868311	5.312989745315069e-11	1.7547183514331438e-9
0.013022032146708936	5.1816969542971846e-11	1.7199570689166388e-9
0.012957087729479237	5.053649967787137e-11	1.6858846324212326e-9
0.012892467207727732	4.928768496958065e-11	1.6524873849747218e-9
0.012828168966099566	4.806974240631702e-11	1.6197519405578217e-9
0.01276419139729607	4.688190836015874e-11	1.587665178722809e-9
0.01270053290203461	4.572343810664841e-11	1.5562142393192256e-9
0.012637191889008635	4.4593605356321295e-11	1.525386517324493e-9
0.01257416677484787	4.349170179786136e-11	1.495169657777337e-9
0.012511455984078709	4.2417036652595926e-11	1.4655515508119893e-9
0.012449057949084876	4.136893624004705e-11	1.4365203267911457e-9
0.012386971110068241	4.034674355426428e-11	1.4080643515357267e-9
0.012325193915009799	3.934981785067148e-11	1.3801722216494895e-9
0.012263724819630879	3.837753424316495e-11	1.3528327599366215e-9
0.012202562287354557	3.742928331120938e-11	1.3260350109104523e-9
0.01214170478926724	3.65044707166819e-11	1.2997682363914607e-9
0.012081150804080428	3.560251683022264e-11	1.2740219111928244e-9
0.012020898818092712	3.472285636685478e-11	1.2487857188917343e-9
0.011960947325151919	3.386493803064461e-11	1.224049547684782e-9
0.011901294826617465	3.302822416817583e-11	1.199803486325755e-9
0.011841939831322916	3.22121904306198e-11	1.1760378201441815e-9
0.011782880855538637	3.141632544418761e-11	1.152743027143014e-9
0.011724116422934814	3.0640130488756326e-11	1.1299097741738943e-9
0.011665645064544487	2.988311918446524e-11	1.1075289131884395e-9
0.011607465318726784	2.914481718608511e-11	1.0855914775640333e-9
0.011549575731130485	2.8424761884966755e-11	1.0640886785026589e-9
0.011491974854657597	2.772250211838066e-11	1.0430119015012868e-9
0.011434661249427202	2.7037597886064324e-11	1.0223527028924245e-9
0.011377633482739433	2.63696200737979e-11	1.002102806453409e-9
0.01132089012903974	2.5718150183833683e-11	9.822541000830852e-10
0.011264429769883143	2.508278007200951e-11	9.627986325445208e-10
0.011208250993898857	2.4463111691379423e-11	9.437286102724543e-10
0.011152352396755015	2.3858756842200517e-11	9.250363942441661e-10
0.011096732581123517	2.3269336928117406e-11	9.067144969125469e-10
0.011041390156645094	2.2694482718390775e-11	8.887555792000747e-10
0.010986323739894612	2.2133834116020164e-11	8.711524475525387e-10
0.010931531954346412	2.158703993161394e-11	8.538980510512893e-10
0.010877013430339985	2.1053757662864533e-11	8.369854785828563e-10
0.010822766805045663	2.0533653279489228e-11	8.204079560647978e-10
0.01076879072243063	2.0026401013501133e-11	8.04158843726663e-10
0.010715083833224892	1.9531683154677874e-11	7.882316334449595e-10
0.010661644794887707	1.9049189851098997e-11	7.726199461310677e-10
0.01060847227157389	1.8578618914626372e-11	7.573175291710342e-10
0.01055556493410052	1.8119675631204802e-11	7.423182539162178e-10
0.010502921459913677	1.7672072575863354e-11	7.276161132237802e-10
0.010450540533055355	1.7235529432300506e-11	7.132052190460238e-10
0.010398420844130597	1.6809772816939576e-11	6.99079800067608e-10
0.010346561090274764	1.639453610734352e-11	6.852341993896891e-10
0.010294959975120916	1.5989559274880818e-11	6.716628722600553e-10
0.010243616208767499	1.559458872153687e-11	6.583603838483341e-10
0.010192528507746013	1.520937712076851e-11	6.453214070653854e-10
0.010141695594988996	1.483368326230068e-11	6.325407204259919e-10
0.010091116199798052	1.4467271900767963e-11	6.200132059539952e-10
0.0100407890578121	1.410991360810543e-11	6.077338471290249e-10
0.00999071291097577	1.3761384629595872e-11	5.956977268739944e-10
0.009940886507507973	1.3421466743482464e-11	5.839000255825653e-10
0.009891308601870583	1.308994712405891e-11	5.723360191857657e-10
0.009841977954737308	1.2766618208150224e-11	5.610010772570012e-10
0.009792893332962694	1.2451277564900633e-11	5.498906611546872e-10
0.009744053509551364	1.2143727768786132e-11	5.390003222017485e-10
0.009695457263627272	1.1843776275772085e-11	5.283256999012722e-10
0.009647103380403225	1.1551235302537558e-11	5.178625201875735e-10
0.009598990651150502	1.1265921708690655e-11	5.07606593711987e-10
0.009551117873168629	1.0987656881900476e-11	4.975538141626818e-10
0.009503483849755327	1.0716266625873377e-11	4.877001566178304e-10
0.009456087390176617	1.04515810511032e-11	4.780416759314692e-10
0.009408927309637018	1.0193434468326588e-11	4.685745051513952e-10
0.009362002429249928	9.941665284616218e-12	4.592948539684666e-10
0.009315311576008227	9.696115902046774e-12	4.501990071966842e-10
0.009268853582754866	9.456632618869775e-12	4.4128332328343627e-10
0.009222627288153712	9.22306553313507e-12	4.3254423284931395e-10
0.009176631536660559	8.995268448698275e-12	4.239782372569042e-10
0.009130865178494202	8.773098783555243e-12	4.155819072079887e-10
0.009085327069607707	8.556417480445684e-12	4.0735188136858205e-10
0.00904001607165982	8.345088919669766e-12	3.992848650212559e-10
0.008994931051986498	8.138980834062887e-12	3.913776287442082e-10
0.0089500708835726	7.937964226075111e-12	3.8362700711654435e-10
0.008905434445023713	7.741913286903033e-12	3.7602989744925247e-10
0.008861020620538148	7.550705317623399e-12	3.685832585413584e-10
0.008816828299878995	7.364220652278762e-12	3.6128410946076383e-10
0.008772856378346404	7.182342582866723e-12	3.5412952834927415e-10
0.008729103756749974	7.004957286185777e-12	3.471166512513403e-10
0.008685569341381243	6.831953752491688e-12	3.402426709660345e-10
0.008642252043986401	6.663223715919469e-12	3.3350483592181076e-10
0.008599150781739041	6.498661586627331e-12	3.2690044907358586e-10
0.008556264477213105	6.3381643846198725e-12	3.204268668217057e-10
0.008513592058355942	6.181631675208957e-12	3.1408149795235733e-10
0.008471132458461535	6.0289655060716856e-12	3.0786180259900357e-10
0.008428884616143818	5.880070345865891e-12	3.017652912244213e-10
0.008386847475310143	5.734853024364642e-12	2.9578952362293605e-10
0.008345019985134879	5.593222674072007e-12	2.8993210794244767e-10
0.008303401100033168	5.455090673283545e-12	2.8419069972586143e-10
0.00826198977963473	5.320370590555625e-12	2.7856300097152734e-10
0.008220784988757926	5.188978130548739e-12	2.730467592123282e-10
0.008179785697383849	5.060831081210751e-12	2.6763976661302345e-10
0.008138990880630564	4.935849262266933e-12	2.6233985908550783e-10
0.008098399518727505	4.8139544749843715e-12	2.5714491542161425e-10
0.008058010596989972	4.695070453179275e-12	2.5205285644312057e-10
0.00801782310579379	4.579122815436324e-12	2.470616441686148e-10
0.00797783604055005	4.466039018510072e-12	2.421692809968854e-10
0.007938048401679979	4.355748311879174e-12	2.3737380890650863e-10
0.007898459194590006	4.248181693424828e-12	2.3267330867131208e-10
0.00785906742964686	4.143271866205662e-12	2.2806589909139703e-10
0.007819872122152838	4.040953196301879e-12	2.2354973623941292e-10
0.007780872292321181	3.941161671702169e-12	2.1912301272177976e-10
0.007742066965251608	3.843834862207648e-12	2.1478395695456347e-10
0.007703455170905925	3.748911880327577e-12	2.1053083245371124e-10
0.007665035944083788	3.656333343142334e-12	2.0636193713936303e-10
0.007626808324398554	3.566041335109707e-12	2.0227560265396013e-10
0.007588771356253311	3.4779793717911064e-12	1.9827019369387532e-10
0.007550924088816957	3.3920923644749976e-12	1.9434410735429838e-10
0.007513265576000441	3.3083265856753066e-12	1.9049577248711253e-10
0.007475794876433122	3.226629635483121e-12	1.8672364907150445e-10
0.007438511053439228	3.1469504087506107e-12	1.83026227597054e-10
0.007401413175014435	3.0692390630865565e-12	1.7940202845905862e-10
0.007364500313802599	2.9934469876433577e-12	1.7584960136584654e-10
0.007327771547072538	2.9195267726760106e-12	1.723675247578432e-10
0.007291225956694984	2.8474321798538665e-12	1.6895440523815633e-10
0.007254862629119624	2.777118113306591e-12	1.6560887701445087e-10
0.007218680655352281	2.708540591386172e-12	1.6232960135189276e-10
0.007182679130932171	2.6416567191271744e-12	1.5911526603693592e-10
0.007146857155909315	2.5764246613880704e-12	1.5596458485174437e-10
0.007111213834822004	2.5128036166566945e-12	1.52876297059033e-10
0.007075748276674458	2.450753791503463e-12	1.4984916689712243e-10
0.007040459594914532	2.390236375666273e-12	1.4688198308500617e-10
0.007005346907411563	2.3312135177515073e-12	1.439735583372288e-10
0.0069704093364343096	2.2736483015358284e-12	1.4112272888838448e-10
0.006935646008629008	2.217504722853985e-12	1.3832835402703999e-10
0.006901056054997558	2.1627476670580407e-12	1.3558931563889933e-10
0.006866638610875786	2.1093428870339666e-12	1.329045177590245e-10
0.006832392815911824	2.0572569817617467e-12	1.3027288613293426e-10
0.006798317814044634	2.006457375405597e-12	1.2769336778640292e-10
0.006764412753482564	1.95691229692114e-12	1.2516493060378824e-10
0.006730676786682089	1.9085907601667796e-12	1.226865629147179e-10
0.006697109070326621	1.861462544506791e-12	1.2025727308896995e-10
0.006663708765305407	1.8154981758939581e-12	1.1787608913938383e-10
0.0066304750366925815	1.7706689084198999e-12	1.1554205833264291e-10
0.006597407053726271	1.7269467063215097e-12	1.1325424680777234e-10
0.006564503989787851	1.6843042264322287e-12	1.1101173920220008e-10
0.006531765022381252	1.6427148010671681e-12	1.0881363828522889e-10
0.006499189333112426	1.6021524213313148e-12	1.0665906459877525e-10
