1.0	1.0	0.9999999999999999
0.9660727807155581	0.6920607170445987	0.867061564911512
0.9312993850683167	0.4782704386076412	0.7486659274040239
0.8966178631107895	0.3307558407491456	0.6442927044974096
0.862585365016906	0.22968989942308315	0.5530432949299796
0.8295079595806606	0.160998477750395	0.47378946861889426
0.7975360229893197	0.11469265701143229	0.40530323533965784
0.7667278942616105	0.08367060815879959	0.34635088632109157
0.7370899333453795	0.06288219965811886	0.29575345827072375
0.7086006744391778	0.04877266566764248	0.25242122156013724
0.6812248688553921	0.03891341406020129	0.2153699349387639
0.6549213601813633	0.03172451606031604	0.1837251522362424
0.6296473201973469	0.026233165397387837	0.15671919749968344
0.6053604024863003	0.02186595664719571	0.13368400263533242
0.582019742552116	0.01829089763715384	0.11404192062077917
0.5595863433177771	0.015312395320264537	0.09729585466133492
0.5380231501132396	0.012808614919126325	0.08301951307124356
0.517294981554922	0.010696945547053152	0.07084824657725253
0.49736840390347564	0.008916009133228764	0.060470696579787236
0.47821159253428025	0.007416666997796099	0.051621340172712235
0.4597942003822746	0.0061576457462615775	0.044073932067047884
0.4420872408688163	0.005103419142568683	0.03763579522259565
0.42506298676516924	0.004223135304690022	0.03214288747838659
0.40869488376473717	0.0034899980191529963	0.027455561750765804
0.3929574765824534	0.0028808293728380075	0.02345493648270704
0.37782634527763004	0.0023756979637420505	0.020039797126972608
0.36327804973124783	0.001957570644052856	0.017123956087782066
0.34929008055994026	0.0016119777737074838	0.014634006224446702
0.33584081510355224	0.0013266939910603836	0.012507410840050493
0.32290947743442566	0.0010914395089075182	0.01069088053478981
0.3104761015909027	0.0008976063003052302	0.009138994139881841
0.29852149743664713	0.0007380117700242143	0.007813027058264296
0.2870272186989499	0.0006066807042189989	0.006679955706442496
0.2759755328524228	0.0004986548517266029	0.005711611411713372
0.2653493925979265	0.00040982849821867096	0.004883961129958535
0.25513240874757287	0.00033680780236819175	0.004176495780988054
0.24530882437092177	0.0002767913833602039	0.0035717099223151363
0.23586349008956942	0.00022746959194798697	0.0030546589661702575
0.2267818404305445	0.0001869399868383108	0.00261258225061675
0.21804987116576913	0.00015363671580715418	0.002234582059094167
0.20965411757711075	0.0001262717241354689	0.0019113501919467818
0.20158163359556852	0.00010378595261440389	0.0016349349702703122
0.19381997176982324	8.530892465802132e-5	0.0013985426325165322
0.1863571640244154	7.012534561731311e-5	0.001196367998202916
0.17918170317167645	5.764754108483172e-5	0.0010234500466189164
0.17228252514454592	4.739274220425508e-5	0.0008755487134469381
0.16564899191982818	3.8964384402185364e-5	0.0007490397631620035
0.1592708751034123	3.203672255585096e-5	0.0006408250654842354
0.15313834015064193	2.6342182170208896e-5	0.0005482560031315576
0.14724193119644965	2.1660964779108152e-5	0.0004690680766935045
0.14157255647112624	1.7812508713411336e-5	0.0004013250599219309
0.13612147427871601	1.4648475730108924e-5	0.00034337130295241194
0.13088027951605577	1.2046991748075445e-5	0.00029379098854585606
0.12584089071141336	9.90791786491727e-6	0.00025137332295662454
0.12099553756256254	8.14896749770233e-6	0.0002150827932072743
0.11633674895495129	6.7025182504809865e-6	0.00018403375036725328
0.11185734144140119	5.512994119745162e-6	0.00015746868726561878
0.10755040816551177	4.534715884981488e-6	0.00013473967177069315
0.10340930821164708	3.7301358191653367e-6	0.00011529247576075122
0.09942765636505262	3.06838788236539e-6	9.865300723933757e-5
0.09559931326629119	2.5240969040459874e-6	8.441571045559457e-5
0.091918375944803	2.0764003917724856e-6	7.223364785009057e-5
0.0883791687169812	1.7081449191566335e-6	6.181001941369462e-5
0.0849762344347224	1.405225868545109e-6	5.289091068635187e-5
0.08170432607095185	1.1560449014397394e-6	4.5259091039913436e-5
0.07855839862914617	9.510641217815952e-7	3.8728709854919704e-5
0.0755336013643752	7.824396646585673e-7	3.3140760371094774e-5
0.07262527030386749	6.437205339963953e-7	2.835919992349266e-5
0.06982892105556517	5.296010490385386e-7	2.426763144617676e-5
0.0671402418935785	4.3571734070365766e-7	2.0766464938082e-5
0.06455508710987844	3.5848004705771315e-7	1.7770489386540418e-5
0.06206947062197471	2.949367592362887e-7	1.5206795727177813e-5
0.059679559826724043	2.426589201984601e-7	1.3013000035517849e-5
0.05738166969078993	1.996488237732352e-7	1.113572350977073e-5
0.05517225706864275	1.6426313753837675e-7	9.529292098624075e-6
0.05304791523933895	1.3515001045880045e-7	8.154624008301604e-6
0.051005368653654876	1.1119734976333423e-7	6.9782779227926855e-6
0.049041467883476186	9.149028164066398e-8	5.9716387036038685e-6
0.047153184765655096	7.527616371109839e-8	5.110220697664504e-6
0.04533760773284756	6.193580760128802e-8	4.373071656993906e-6
0.04359193732413113	5.0959808573816924e-8	3.7422627321869415e-6
0.04191348186848106	4.192907528404439e-8	3.20245210416528e-6
0.04029965333444902	3.4498813938990576e-8	2.7405116166362904e-6
0.03874796333964511	2.8385353646069374e-8	2.345207309448294e-6
0.03725601931386985	2.3355308677863823e-8	2.0069260682584043e-6
0.03582152080998028	1.921666294369109e-8	1.7174417308840155e-6
0.034442255956801775	1.5811435600012234e-8	1.4697149529551774e-6
0.03311609804861614	1.3009647284587225e-8	1.2577219585853142e-6
0.03184100226596756	1.0704356252818646e-8	1.0763080058767501e-6
0.0306150025227299	8.80757464292591e-9	9.21061999398406e-7
0.029436208434573827	7.246908772386933e-9	7.882091970425152e-7
0.02830280240415974	5.962795064297077e-9	6.745193994780703e-7
0.027213036818561583	4.906225981611931e-9	5.772283875396632e-7
0.02616523135460069	4.036879083253834e-9	4.939706955306863e-7
0.02515777038793451	3.3215777269788283e-9	4.2272208445584714e-7
0.0241891005019051	2.7330246202210467e-9	3.617503153658871e-7
0.023257728092306692	2.248759847391389e-9	3.095730250590571e-7
0.02236221706437861	1.8503035795604748e-9	2.649216792675555e-7
0.021501186618472917	1.522450728424576e-9	2.2671072637837519e-7
0.02067330912098204	1.2526906109450458e-9	1.9401120130287266e-7
0.01987730805724404	1.0307294661262614e-9	1.660281374026222e-7
0.019111956063268598	8.480975936890965e-10	1.4208123703966129e-7
0.0183760730332492	6.978261161214737e-10	1.215883306045914e-7
0.017668524299943224	5.741810242992295e-10	1.0405122171752953e-7
0.016988218885114335	4.724443541986225e-10	8.90435743469195e-8
0.016334107817339485	3.887341417633085e-10	7.620054726334886e-8
0.015705182514586802	3.198562835096657e-10	6.520992374922328e-8
0.015100473229070313	2.631826485227625e-10	5.58045208552117e-8
0.01451904755198373	2.1655078964526884e-10	4.7755693616140904e-8
0.013960008975807653	1.781814261744576e-10	4.0867776270001645e-8
0.013422495511973416	1.466105487505339e-10	3.497332531206909e-8
0.012905678361752135	1.2063355525089584e-10	2.992904871640936e-8
0.01240876063831961	9.925928571371313e-11	2.5612322343751445e-8
0.011930976138026538	8.167220213553899e-11	2.191820883386594e-8
0.011471588158979532	6.720126984781877e-11	1.87569064996209e-8
0.011029888365111304	5.529435294487877e-11	1.6051566196048113e-8
0.010605195693988363	4.5497146675999544e-11	1.3736423085415858e-8
0.0101968553066724	3.7435842860272774e-11	1.175519787612278e-8
0.009804237578015896	3.080286684482236e-11	1.0059728665447188e-8
0.00942673712583526	2.5345141742762438e-11	8.608800123176309e-9
0.009063771877464467	2.085443213120162e-11	7.3671415512738295e-9
0.008714782172249937	1.715939874289882e-11	6.304569460715432e-9
0.008379229898602783	1.4119060976601682e-11	5.395253820288656e-9
0.008056597664277815	1.1617417772628285e-11	4.61709013896366e-9
0.007746387998599987	9.55902160221574e-12	3.951162116516516e-9
0.007448122585408119	7.86533668851481e-12	3.381281798996583e-9
0.007161341525533256	6.471742501856618e-12	2.8935960599182525e-9
0.006885602627674371	5.325068194073661e-12	2.476249840543673e-9
0.006620480726578082	4.381563895861759e-12	2.1190979625152117e-9
0.00636556702747103	3.6052314705437305e-12	1.813458506947045e-9
0.006120468475734103	2.966451033258583e-12	1.5519017646059112e-9
0.005884807150846608	2.4408508299444702e-12	1.3280696265719077e-9
0.005658219683665913	2.0083773561560054e-12	1.1365210247965386e-9
0.005440356696143988	1.6525302360898782e-12	9.725996652597903e-10
0.005230882262617058	1.3597326687330875e-12	8.323208383675797e-10
0.005029473391837611	1.1188134206786553e-12	7.122745550016029e-10
0.004835819528950153	9.205806012513892e-13	6.095426535106934e-10
0.004649622076642791	7.574709575531271e-13	5.216278625651379e-10
0.004470593934736327	6.232613084980665e-13	4.4639309544004807e-10
0.004298459057500874	5.12831107811834e-13	3.820095000168999e-10
0.004132952028017516	4.219670767783895e-13	3.269120016404167e-10
0.003973817648928629	3.4720245267238557e-13	2.797612581157282e-10
0.003820810548945896	2.8568471955757536e-13	2.394111020062928e-10
0.0036736948045092426	2.3506677485829027e-13	2.048806787859043e-10
0.003532243576013356	1.9341737928565574e-13	1.7533060355104091e-10
0.0033962387580408564	1.5914747344063882e-13	1.500425566879633e-10
0.0032654706430628347	1.309495497946331e-13	1.284018224871451e-10
0.003139737598088185	1.0774776686331854e-13	1.0988234623810846e-10
0.0030188457537631825	8.865690224654866e-14	9.403394655967232e-11
0.0029026087054418964	7.29485784440146e-14	8.047137211231298e-11
0.002790847225766544	6.002347284058167e-14	6.886493667440569e-11
0.0026833889883145752	4.9388451573760864e-14	5.893250493248601e-11
0.0025800683018864226	4.0637754860141466e-14	5.0432634170063974e-11
0.0024807258550241587	3.3437515935595067e-14	4.3158705138126107e-11
0.002385208470367173	2.7513022953482588e-14	3.693389943633089e-11
0.002293368868466082	2.2638237838748413e-14	3.1606901311581814e-11
0.0022050654406907074	1.862717220663705e-14	2.7048219390377068e-11
0.0021201620308819572	1.5326791308286864e-14	2.3147038931162956e-11
0.002038527725410941	1.2611175264983503e-14	1.980852807919731e-11
0.001960036651321615	1.0376714822743534e-14	1.6951532642651623e-11
0.0018845677822456925	8.538158329380116e-15	1.4506603353131561e-11
0.0018120047517905724	7.025359113223561e-15	1.2414307656055856e-11
0.0017422356741125476	5.78059916534909e-15	1.0623784992878066e-11
0.0016751529713986233	4.756387015068734e-15	9.09151045609566e-12
0.0016106532079909431	3.913645780492818e-15	7.780236763251229e-12
0.001548636930898052	3.2202222624342627e-15	6.658088830821568e-12
0.0014890085164470878	2.6496601987874605e-15	5.697788938383103e-12
0.0014316760228404461	2.180190875099623e-15	4.875993647910163e-12
0.0013765510483895705	1.793902579898742e-15	4.172726359673292e-12
0.0013235485952072853	1.4760572168497562e-15	3.5708917109957164e-12
0.0012725869381484897	1.2145280003186955e-15	3.0558600136098198e-12
0.0012235874987971385	9.993367806462425e-16	2.6151116278937963e-12
0.0011764747243051957	8.222733466251493e-16	2.2379326292483045e-12
0.0011311759708967565	6.765821803683451e-16	1.9151543687108873e-12
0.0010876213918576982	5.567047132783475e-16	1.6389305969112293e-12
0.0010457438298381635	4.580672493720882e-16	1.4025467335806004e-12
0.0010054787133017985	3.769064645697203e-16	1.2002566462402616e-12
0.0009667639569620974	3.1012582419791314e-16	1.0271429704014983e-12
0.0009295398660523187	2.5517744058567164e-16	8.789975758694922e-13
0.0008937490442813828	2.0996486325042077e-16	7.522192734653305e-13
0.0008593363053338113	1.727630928162771e-16	6.437262755695539e-13
0.0008262485877772566	1.421527669459007e-16	5.508812825341673e-13
0.0007944348732464171	1.1696600727408792e-16	4.714273739261737e-13
0.0007638461077771821	9.624186123499246e-17	4.034331462150573e-13
0.0007344351261697107	7.918963875006084e-17	3.4524576328390413e-13
0.000706156579263821	6.515874495736257e-17	2.954507784927817e-13
0.0006789668640145537	5.361385800724098e-17	2.528377516292965e-13
0.0006528240562600897	4.411450488014768e-17	2.1637082494627212e-13
0.0006276878460783638	3.6298255980763886e-17	1.8516354303445923e-13
0.0006035194756326915	2.9866897330082655e-17	1.584573044394397e-13
0.0005802816794105738	2.457505278174294e-17	1.3560292121412461e-13
0.0005579386267635405	2.02208221649404e-17	1.160448381474804e-13
0.0005364558666594243	1.6638078170094884e-17	9.930762806283485e-14
0.0005158002745618825	1.3690128079634616e-17	8.498443490693223e-14
0.0004959400013552625	1.1264498519328661e-17	7.272708369875778e-14
0.00047684442423605083	9.268644252311779e-18	6.22376169259922e-14
0.0004584840994951897	7.626417293035357e-18	5.326105165174173e-14
0.000440830717118455	6.275161626935922e-18	4.5579181267806857e-14
0.0004238570571348901	5.163322690406049e-18	3.90052712245288e-14
0.00040753694764599353	4.248480405349476e-18	3.337951979846737e-14
0.00039184522447094036	3.495730722518646e-18	2.8565173556073716e-14
0.0003767576923456186	2.876353924519706e-18	2.4445203086187625e-14
0.0003622510876156476	2.3667188801369067e-18	2.0919458193473543e-14
0.00034830304236585995	1.947381443899724e-18	1.7902233399876622e-14
0.00033489204993093254	1.60234260205628e-18	1.532018457514474e-14
0.00032199743173399055	1.3184380609349927e-18	1.3110546052876458e-14
0.0003095993054020517	1.0848359886090155e-18	1.121960489290078e-14
0.00029767855410914627	8.926237471601224e-19	9.601395201631122e-15
0.0002862167970998447	7.344678481044868e-19	8.216580771310388e-15
0.0002751963613477411	6.043341572321869e-19	7.0314988768095335e-15
0.0002646002543051921	4.972576738131407e-19	6.017341986137031e-15
0.0002544121377022961	4.0915310053705126e-19	5.1494574932888285e-15
0.00024461630235471013	3.3665897684713354e-19	4.4067484510118415e-15
0.00023519764394146244	2.7700942887430685e-19	3.771160736208023e-15
0.0002261416397154112	2.2792864283690985e-19	3.2272441817519177e-15
0.000217434326110439	1.875440357412146e-19	2.7617770065053724e-15
0.00020906227721085555	1.54314810577628e-19	2.363444413995827e-15
0.0002010125840498109	1.2697317017336396e-19	2.0225635469822067e-15
0.00019327283470479777	1.04475946829095e-19	1.7308481119734636e-15
0.0001858310951595532	8.596480226132503e-20	1.481206952080829e-15
0.00017867589090284948	7.073347935577742e-20	1.2675716718171018e-15
0.00017179618923580218	5.820085628539202e-20	1.0847491236648228e-15
0.0001651813822604137	4.788877492459982e-20	9.282951705868573e-16
0.00015882127052312272	3.9403797645643006e-20	7.944066558386374e-16
0.0001527060472881391	3.2422196462576116e-20	6.79828954033039e-16
0.00014682628341631583	2.6677601812597047e-20	5.817768561653501e-16
0.00014117291282624098	2.1950839737707328e-20	4.978668654340161e-16
0.0001357372185151339	1.8061569723908897e-20	4.2605925807189245e-16
0.00013051081911798928	1.4861404155771068e-20	3.6460850077522406e-16
0.00012548565598424595	1.2228246872387969e-20	3.120208194537356e-16
0.00012065398075205287	1.0061634823216072e-20	2.6701788786289587e-16
0.00011600834340097278	8.278905093628743e-21	2.2850575344443706e-16
0.00011154158076470299	6.81204106041945e-21	1.9554824500973342e-16
0.0001072468054860995	5.605077348382334e-21	1.6734421584741887e-16
0.00010311739539747492	4.611964579079574e-21	1.4320806906992108e-16
9.914698330979543e-5	3.794812445391546e-21	1.2255309179981586e-16
9.532944719503232e-5	3.122444079738499e-21	1.0487719307550969e-16
9.165890074653043e-5	2.5692065606738553e-21	8.975069878651171e-17
8.81296843028386e-5	2.113992175016145e-21	7.68059069517995e-17
8.473635612100655e-5	1.7394330936588345e-21	6.572814944604317e-17
8.147368398589362e-5	1.4312387354626734e-21	5.62481428978946e-17
7.833663714255091e-5	1.1776505376244966e-21	4.813544282235879e-17
7.532037853923706e-5	9.689933303347117e-22	4.119284186719598e-17
7.242025736910801e-5	7.973061992865395e-22	3.525157600327815e-17
6.963180189907965e-5	6.56038752306127e-22	3.016722212870508e-17
6.695071257480658e-5	5.398012017411043e-22	2.5816187363699123e-17
6.43728553911458e-5	4.441587274818917e-22	2.20927046963974e-17
6.18942555178822e-5	3.654622749324202e-22	1.8906261948277367e-17
5.951109117088842e-5	3.007093323523445e-22	1.6179401561290478e-17
5.721968771926788e-5	2.4742937579807326e-22	1.3845837722888004e-17
5.5016512019395696e-5	2.0358961103472128e-22	1.1848845059123462e-17
5.289816696712023e-5	1.6751741618296492e-22	1.013987972742067e-17
5.086138625972575e-5	1.3783652604920228e-22	8.677399389877944e-18
4.8903029359579515e-5	1.1341452337490213e-22	7.425853382461184e-18
4.702007665169746e-5	9.331963363477952e-23	6.354818532640538e-18
4.5209624787762116e-5	7.678517497244509e-23	5.4382596185169266e-18
4.346888220941357e-5	6.318030692921287e-23	4.6538964923288574e-18
4.1795164843910774e-5	5.1985961940092106e-23	3.982662484078224e-18
4.0185891965526134e-5	4.277504130949698e-23	3.408240919894182e-18
3.863858221629237e-5	3.519612008222771e-23	2.9166684886041204e-18
3.71508497799655e-5	2.8960039100425845e-23	2.4959958149586863e-18
3.572040070330513e-5	2.3828872692232405e-23	2.1359969885641792e-18
3.434502935899912e-5	1.9606851075534474e-23	1.827920987614159e-18
3.3022615044779365e-5	1.6132891138579985e-23	1.5642789549107127e-18
3.175111871348441e-5	1.3274450623765096e-23	1.338662155180247e-18
3.052857982902716e-5	1.0922471232800603e-23	1.1455861885040917e-18
2.9353113343419755e-5	8.987217717164223e-24	9.803576729302885e-19
2.8222906790194536e-5	7.394854202340135e-24	8.38960155524385e-19
2.713621748973938e-5	6.084627122084171e-24	7.17956478531093e-19
2.609136986223811e-5	5.006547282991348e-24	6.144052273172602e-19
2.508675284407317e-5	4.11948262299891e-24	5.257892290732216e-19
2.4120817403706366e-5	3.389588896694998e-24	4.499543641851293e-19
2.3192074153207904e-5	2.7890184132501607e-24	3.850572028761499e-19
2.2299091051750403e-5	2.2948575613518275e-24	3.2952019424322565e-19
2.1440491197527315e-5	1.8882525844497587e-24	2.8199331840329976e-19
2.0614950704690807e-5	1.5536902519489396e-24	2.4132126957123533e-19
1.9821196662035586e-5	1.2784059817432349e-24	2.0651537234015528e-19
1.9058005170281266e-5	1.0518968321438351e-24	1.767295484918604e-19
1.8324199454926702e-5	8.655207823464907e-25	1.5123975012717831e-19
1.7618648051766706e-5	7.121670127547486e-25	1.294263591670479e-19
1.694026306227328e-5	5.859846053392857e-25	1.1075912538308116e-19
1.6287998476151198e-5	4.8215931311752035e-25	9.478427682412444e-20
1.5660848558481726e-5	3.967298818224868e-25	8.111348931296808e-20
1.505784629896735e-5	3.264369158676383e-25	6.941444687851168e-20
1.4478061920886519e-5	2.6859852237924332e-25	5.940276366190409e-20
1.3920601447459276e-5	2.210079887336901e-25	5.083507093053002e-20
1.3384605323413318e-5	1.8184958968299834e-25	4.350310115570812e-20
1.2869247089624946e-5	1.496293118513987e-25	3.722862534706263e-20
1.2373732108791435e-5	1.2311785252942975e-25	3.1859120577896735e-20
1.1897296340169832e-5	1.0130371799421053e-25	2.7264062385724836e-20
1.1439205161492985e-5	8.335463191253765e-26	2.3331751921881108e-20
1.0998752236246296e-5	6.858578143867412e-26	1.9966600723056163e-20
1.0575258424558594e-5	5.643368949778647e-26	1.7086807101703697e-20
1.016807073602791e-5	4.643471640227292e-26	1.4622367671915405e-20
9.776561322867401e-6	3.820737057151686e-26	1.2513375673994477e-20
9.400126511818985e-6	3.1437753454610657e-26	1.0708564732596272e-20
9.038185873342031e-6	2.586758333508052e-26	9.164062649419966e-21
8.690181326641754e-6	2.1284341088923538e-26	7.842324937054282e-21
8.355576279157497e-6	1.7513161926314135e-26	6.711222169813521e-21
8.033854799183928e-6	1.4410163761984848e-26	5.7432589664560826e-21
7.724520820349515e-6	1.185695767108941e-26	4.9149056194479244e-21
7.4270973767255805e-6	9.756130987553338e-27	4.206026123698855e-21
7.141125867386562e-6	8.027530711220045e-27	3.5993887010235574e-21
6.866165349287531e-6	6.605205424342775e-27	3.0802469219243004e-21
6.601791857368581e-6	5.434889042129804e-27	2.6359812424055295e-21
6.3475977508378195e-6	4.4719303946861876e-27	2.255792242127533e-21
6.103191084624924e-6	3.6795896475344725e-27	1.930438106987137e-21
5.868195005036145e-6	3.0276365639169867e-27	1.652009974727767e-21
5.64224716867888e-6	2.4911971282747916e-27	1.4137396825736713e-21
5.424999183759872e-6	2.0498045260411993e-27	1.209835243526853e-21
5.216116072895542e-6	1.68661827170977e-27	1.0353400520066687e-21
5.01527575660618e-6	1.3877816925106118e-27	8.860123963361824e-22
4.8221685566975715e-6	1.1418932537208414e-27	7.582223492077792e-22
4.636496718764306e-6	9.395715550435861e-28	6.488635296926907e-22
4.4579739530785566e-6	7.730974013293076e-28	5.552775918636098e-22
4.286324993156349e-6	6.361192915364711e-28	4.751896044641082e-22
4.121285171320744e-6	5.234110894294805e-28	4.0665275080328205e-22
3.962600010607435e-6	4.306726304056059e-28	3.480010046145043e-22
3.81002483238353e-6	3.543656569880103e-28	2.978086315006635e-22
3.6633243790745124e-6	2.9157882341926575e-28	2.54855531507861e-22
3.522272451417652e-6	2.399166188653591e-28	2.180975803584469e-22
3.386651559682525e-6	1.974079713087417e-28	1.8664124838405756e-22
3.2562525883208853e-6	1.6243104508780823e-28	1.597218801836682e-22
3.130874473528785e-6	1.3365136287761284e-28	1.3668510701831214e-22
3.0103238932237827e-6	1.0997089127504688e-28	1.1697094010616306e-22
2.894414968959208e-6	9.048614744694148e-29	1.0010015815027041e-22
2.7829689793158587e-6	7.445372848085288e-29	8.566265820053265e-23
2.675814084329212e-6	6.126194827723322e-29	7.33074866771477e-23
2.57278506052724e-6	5.04074998431757e-29	6.273430822494376e-23
2.4737230461702643e-6	4.147625258245443e-29	5.368610501946344e-23
2.3784752963000584e-6	3.412745193940559e-29	4.5942929056080395e-23
2.286894947220487e-6	2.808071856446213e-29	3.9316555549835685e-23
2.1988407900465377e-6	2.3105350979516123e-29	3.364590747830742e-23
2.1141770529725753e-6	1.9011523606887303e-29	2.8793140045136984e-23
2.0327731919240974e-6	1.5643044339627896e-29	2.464028988349877e-23
1.9545036892701944e-6	1.2871395332192985e-29	2.1086407546765562e-23
1.8792478602863424e-6	1.0590829649309888e-29	1.8045103581596227e-23
1.8068896670691241e-6	8.714336695118163e-30	1.5442448532229276e-23
1.737317539615931e-6	7.170322491291478e-30	1.3215175828292812e-23
1.6704242037937806e-6	5.8998781465401576e-30	1.1309143871077803e-23
1.606106515931993e-6	4.85453230120376e-30	9.678019933939779e-24
1.5442653037836755e-6	3.994401795781285e-30	8.282153884457517e-24
1.4848052136107913e-6	3.286670005714958e-30	7.087614350253896e-24
1.427634563157044e-6	2.7043347862188553e-30	6.0653638991417295e-24
1.3726652002818584e-6	2.2251782573962725e-30	5.19055318348323e-24
1.3198123670374921e-6	1.8309191237790848e-30	4.441916890490335e-24
1.2689945689796982e-6	1.5065151866720712e-30	3.801256814939846e-24
1.2201334495104215e-6	1.2395894380026348e-30	3.2529994885905193e-24
1.1731536690587816e-6	1.019957839390944e-30	2.7838176129485355e-24
1.1279827889140469e-6	8.39240769759474e-31	2.3823060929899816e-24
1.0845511595314794e-6	6.9054331701304005e-31	2.0387047967147542e-24
1.042791813138833e-6	5.681922159335009e-31	1.744661301239946e-24
1.0026403604779079e-6	4.67519395660629e-31	1.493027858152503e-24
9.64034891521946e-7	3.8468387842972716e-31	1.2776876426588869e-24
9.269158800157915e-7	3.1652523445499317e-31	1.0934060629138484e-24
8.912260916916101e-7	2.6044300181165664e-31	9.357035150851382e-25
8.569104960186576e-7	2.142974708144843e-31	8.007464910240478e-25
8.239161813510155e-7	1.76328047511505e-31	6.852543915355332e-25
7.92192273342465e-7	1.4508608160912611e-31	5.864197800207808e-25
7.616898565026945e-7	1.1937959600735983e-31	5.018401379800411e-25
7.323618987738937e-7	9.822780920691725e-32	4.294594634561992e-25
7.041631790114375e-7	8.08237154781098e-32	3.675182927664144e-25
6.770502172568357e-7	6.650329510989881e-32	3.1451093062643793e-25
6.509812076954441e-7	5.472018001538331e-32	2.691488489972318e-25
6.259159541955528e-7	4.502480810864764e-32	2.3032936493573583e-25
6.01815808329472e-7	3.7047271128322924e-32	1.9710883605615957e-25
5.786436097810351e-7	3.048320149957201e-32	1.686797220243891e-25
5.563636290476447e-7	2.5082159774869606e-32	1.443509544854624e-25
5.34941512348505e-7	2.0638079598723262e-32	1.2353113824702208e-25
5.143442286540987e-7	1.6981405642347713e-32	1.0571417536516332e-25
4.945400187552278e-7	1.3972624546316713e-32	9.046696267615673e-26
4.7549834629309455e-7	1.1496942056755492e-32	7.741886371982383e-26
4.571898506749057e-7	9.459903271446367e-33	6.62526991330984e-26
4.395863018024087e-7	7.783788894764266e-33	5.669703650399748e-26
4.2266055654355047e-7	6.4046500074828e-33	4.851959226412409e-26
4.063865168801422e-7	5.2698682187977955e-33	4.1521585229783055e-26
3.9073908966699895e-7	4.336148112863081e-33	3.553290453491534e-26
3.756941479405058e-7	3.567865395498519e-33	3.0407974495679044e-26
3.612284937169511e-7	2.935707717786105e-33	2.6022215887848203e-26
3.473198222232648e-7	2.4155563197934775e-33	2.2269017616086306e-26
3.3394668750501025e-7	1.9875658256927817e-33	1.905714516099841e-26
3.210884693585995e-7	1.6354070816281275e-33	1.6308522807266602e-26
3.087253415367429e-7	1.3456441482672353e-33	1.3956335742220944e-26
2.9683824117811136e-7	1.1072216783867387e-33	1.1943405889760034e-26
2.854088394140714e-7	9.11043121369175e-34	1.0220801998623663e-26
2.7441951310717405e-7	7.496236618157878e-34	8.746650198385613e-27
2.6385331767781836e-7	6.168046508156466e-34	7.485116109598947e-27
2.536939609771932e-7	5.075186345455875e-34	6.405533764745588e-27
2.439257781662082e-7	4.1759601531928605e-34	5.481660165388425e-27
2.3453370756168374e-7	3.436059686097718e-34	4.691037354948626e-27
2.2550326741255245e-7	2.8272554654045047e-34	4.014446500071223e-27
2.1682053357026658e-7	2.3263197374017675e-34	3.4354407101306475e-27
2.0847211801897943e-7	1.9141402631794902e-34	2.939945238431643e-27
2.0044514823239598e-7	1.574991127925107e-34	2.5159153466072154e-27
1.9272724732546412e-7	1.2959327489002268e-34	2.1530435154195063e-27
1.8530651497030066e-7	1.0663181905567907e-34	1.842508884705212e-27
1.78171509046927e-7	8.773869511957579e-35	1.5767628317331908e-27
1.7131122800052127e-7	7.219307228798405e-35	1.3493454757115276e-27
1.6471509387798355e-7	5.940183723128172e-35	1.1547286479487871e-27
1.5837293601765782e-7	4.887696498600168e-35	9.881815105138405e-28
1.5227497536706132e-7	4.0216899301302783e-35	8.45655556789065e-28
1.4641180940444153e-7	3.3091232032806244e-35	7.236861984559538e-28
1.4077439764091023e-7	2.7228097055546734e-35	6.193085466430206e-28
1.35354047680801e-7	2.2403797735040167e-35	5.299853400042897e-28
1.3014240181875507e-7	1.8434272212583465e-35	4.535452677700066e-28
1.2513142415287154e-7	1.5168070879167745e-35	3.8813018849710477e-28
1.2031338819404946e-7	1.2480578107033029e-35	3.3214996148783613e-28
1.1568086495241769e-7	1.026925778014948e-35	2.842437928973256e-28
1.1122671148248291e-7	8.449741225988024e-36	2.4324715691293723e-28
1.0694405986933224e-7	6.952608291143933e-36	2.081634879098315e-28
1.0282630663890962e-7	5.7207387489468524e-36	1.781399554622377e-28
9.88671025760366e-8	4.7071329871105616e-36	1.5244673333795178e-28
9.506034293447801e-8	3.87311882795266e-36	1.3045925853697108e-28
9.140015802395752e-8	3.1868760658597135e-36	1.1164304911858162e-28
8.78809041596088e-8	2.6222224285636137e-36	9.554071176145602e-29
8.449715495990722e-8	2.1576146429174445e-36	8.17608232303857e-29
8.124369297966444e-8	1.775326492757454e-36	6.99684154750796e-29
7.811550166518437e-8	1.4607725092302667e-36	5.987683306830938e-29
7.510775761917647e-8	1.2019514902909852e-36	5.124076505015506e-29
7.221582316349895e-8	9.889886179292747e-37	4.385028179312369e-29
6.943523918826498e-8	8.137587034871643e-37	3.752573193343718e-29
6.676171827628549e-8	6.6957618671852764e-37	3.211337532068057e-29
6.419113809224694e-8	5.50940061100798e-37	2.748164582948446e-29
6.171953502643092e-8	4.533239935149444e-37	2.351795318789975e-29
5.934309808317487e-8	3.730036307139032e-37	2.0125946079795602e-29
5.705816300465022e-8	3.0691450379003014e-37	1.7223169991478873e-29
5.486120662089734e-8	2.525351092599148e-37	1.4739062868362365e-29
5.2748841417405896e-8	2.0779070595030216e-37	1.261323985915585e-29
5.071781031186377e-8	1.709741572403948e-37	1.0794025452330167e-29
4.876498163202112e-8	1.406807985485874e-37	9.237197323332997e-30
4.688734428692594e-8	1.1575484505790759e-37	7.904911357400079e-30
4.508200312408504e-8	9.524529497003446e-38	6.764781716907803e-30
4.334617446539243e-8	7.836964586139501e-38	5.78909359110907e-30
4.1677181814941196e-8	6.448403980871464e-38	4.9541294914005384e-30
4.0072451732100944e-8	5.305869822872613e-38	4.239592715387856e-30
3.85295098634976e-8	4.365770919561038e-38	3.628113965040602e-30
3.704597712777701e-8	3.592239606015381e-38	3.1048291255775523e-30
3.56195660472696e-8	2.955763283228568e-38	2.65701794153172e-30
3.424807722089993e-8	2.4320584216744256e-38	2.2737948067619416e-30
3.292939593290289e-8	2.0011440699597121e-38	1.9458441519883334e-30
3.1661488892116784e-8	1.6465795200667288e-38	1.6651939975266237e-30
3.044240109682642e-8	1.3548370437705478e-38	1.4250221666340952e-30
2.9270252820321483e-8	1.1147857681957131e-38	1.2194904488094416e-30
2.8143236712522403e-8	9.172669987772902e-39	1.0436026818095896e-30
2.705961501320471e-8	7.547447868909138e-39	8.930833025739848e-31
2.6017716872524815e-8	6.210184102320657e-39	7.642734148147596e-31
2.5015935774715722e-8	5.109857961866303e-39	6.540418468345783e-31
2.4052727060980323e-8	4.2044886206660576e-39	5.597090375235239e-31
2.312660554776267e-8	3.459533453421831e-39	4.789819003198174e-31
2.2236143236724874e-8	2.8465701290086473e-39	4.098980817767144e-31
2.1379967112898662e-8	2.3422122111146683e-39	3.507782597464438e-31
2.0556757027616363e-8	1.927216893758812e-39	3.001853216228776e-31
1.9765243662957246e-8	1.5857508290513847e-39	2.568894303283401e-31
1.900420657457033e-8	1.30478603626845e-39	2.1983812885203284e-31
1.827247230985596e-8	1.0736028443129164e-39	1.8813075662705204e-31
1.7568912598604578e-8	8.833809032883006e-40	1.6099655584718567e-31
1.689244261330282e-8	7.268626610186274e-40	1.3777593552148e-31
1.6242019296424395e-8	5.980764651085678e-40	1.1790443782435002e-31
1.5616639752126612e-8	4.92108726035651e-40	1.0089901698768518e-31
1.5015339699872783e-8	4.049164485957001e-40	8.634629719576718e-32
1.4437191987596015e-8	3.3317297919947106e-40	7.38925240503555e-32
1.3881305162111813e-8	2.7414108380538116e-40	6.323496534139773e-32
1.3346822094575313e-8	2.2556851402104463e-40	5.411455208923172e-32
1.2832918658863559e-8	1.8560207689914813e-40	4.6309580973250914e-32
1.2338802460845166e-8	1.527169299260598e-40	3.9630325062689277e-32
1.1863711616577881e-8	1.2565840358949187e-40	3.391442184461995e-32
1.1406913577550239e-8	1.0339413187722276e-40	2.9022926439170217e-32
1.096770400115581e-8	8.507466433815583e-41	2.48369340616405e-32
1.054540566465859e-8	7.000105693468577e-41	2.1254689628738717e-32
1.013936742097473e-8	5.759820517770078e-41	1.8189114247870819e-32
9.748963194660768e-9	4.739290212129147e-41	1.5565688462218674e-32
9.373591016560042e-9	3.8995784062172316e-41	1.3320640796525297e-32
9.01267209561893e-9	3.2086475116711697e-41	1.1399397569901159e-32
8.6656499264417e-9	2.640136389548995e-41	9.755256292967908e-33
8.331989431207878e-9	2.1723545917919897e-41	8.34825040164953e-33
8.011176134629056e-9	1.787454803911055e-41	7.144177731022818e-33
7.702715370673028e-9	1.470751915040324e-41	6.113769112909869e-33
7.406131519832048e-9	1.2101627357859717e-41	5.2319768870894775e-33
7.1209672757591645e-9	9.957449873827528e-42	4.4773660309213006e-33
6.84678294014185e-9	8.193179731764902e-42	3.831593106673661e-33
6.583155744725674e-9	6.741504598827562e-42	3.2789603605600706e-33
6.329679199442646e-9	5.547038603316856e-42	2.8060341343128808e-33
6.085962465639104e-9	4.564209193306589e-42	2.4013183134620538e-33
5.851629753436706e-9	3.755518403605101e-42	2.054974874345303e-33
5.626319742297312e-9	3.09011219303883e-42	1.7585847367741006e-33
5.40968502389834e-9	2.5426032678739906e-42	1.5049431090490174e-33
5.201391566459529e-9	2.0921024784688978e-42	1.2878843504741815e-33
5.001118199695157e-9	1.721421833959752e-42	1.1021320940460086e-33
4.808556119597564e-9	1.4164187275386428e-42	9.431709860275931e-34
4.623408412288395e-9	1.1654563525009264e-42	8.071369245936568e-34
4.445389596203379e-9	9.58959722274433e-43	6.907231294151018e-34
4.274225181904732e-9	7.890503552289209e-43	5.910997588781863e-34
4.109651248842471e-9	6.492456863675361e-43	5.058451209556541e-34
3.95141403841201e-9	5.342117375317079e-43	4.3288680557112514e-34
3.799269562680597e-9	4.395596097269906e-43	3.7045130747440994e-34
3.6529832281792767e-9	3.616780331260997e-43	3.170209150367638e-34
3.5123294741802812e-9	2.9759558601667335e-43	2.7129681699851884e-34
3.377091424902127e-9	2.4486732592280377e-43	2.321675303504579e-34
3.247060555106142e-9	2.0148150752889605e-43	1.9868188187893513e-34
3.1220363685687805e-9	1.6578282840771663e-43	1.7002588659735596e-34
3.001826088934001e-9	1.3640927414105604e-43	1.4550296101399035e-34
2.8862443624689895e-9	1.1224015328009484e-43	1.2451699025087178e-34
2.7751129722649224e-9	9.235333951936574e-44	1.0655783740129467e-34
2.668260563442087e-9	7.599008974172376e-44	9.118894288051786e-35
2.565522378935649e-9	6.25260956345208e-44	7.803671232882321e-35
2.4667400054546764e-9	5.144766440709504e-44	6.678143510305517e-35
2.3717611292227066e-9	4.2332119830679715e-44	5.714951259903779e-35
2.280439301123227e-9	3.483167584011638e-44	4.890680748725271e-35
2.1926337108879555e-9	2.866016742567333e-44	4.185295219185245e-35
2.108208969979727e-9	2.358213255767605e-44	3.5816478260823906e-35
2.027034902835214e-9	1.9403828585789906e-44	3.0650648229727467e-35
1.9489863461456e-9	1.596584036095424e-44	2.622988865798347e-35
1.873942955865707e-9	1.3136998057082075e-44	2.2446737630264045e-35
1.801789021654008e-9	1.0809372638714226e-44	1.9209232521410472e-35
1.7324132884574103e-9	8.89415803632511e-45	1.6438674525429172e-35
1.6657087849656905e-9	7.318282921601282e-45	1.4067715607679668e-35
1.6015726586710998e-9	6.021622811497716e-45	1.203872137698325e-35
1.5399060172787935e-9	4.9547061342656807e-45	1.0302370081572776e-35
1.4806137762235675e-9	4.0768267368151616e-45	8.816453672614433e-36
1.4236045120577774e-9	3.354490819761646e-45	7.544851790986156e-36
1.3687903214843826e-9	2.7601390459521387e-45	6.456653736497945e-36
1.3160866858177526e-9	2.2710950669797653e-45	5.525407075966426e-36
1.2654123406632507e-9	1.868700350739236e-45	4.7284746249532084e-36
1.2166891506146467e-9	1.5376023010330714e-45	4.046484172374893e-36
1.1698419887761577e-9	1.2651685088018195e-45	3.462857571630208e-36
1.12479862092335e-9	1.0410047868609375e-45	2.963407751168561e-36
1.0814895941242822e-9	8.565585996870072e-46	2.53599384844226e-36
1.0398481296491644e-9	7.047927578797741e-46	2.170226084075316e-36
9.998100200033974e-10	5.799169277400142e-46	1.8572132021905083e-36
9.613135299252374e-10	4.771667122277451e-46	1.5893463375546722e-36
9.242993011954217e-10	3.926218745597849e-46	1.3601140556825188e-36
8.887102611119875e-10	3.2305676911776036e-46	1.163944069806317e-36
8.544915344891633e-10	2.6581727314562577e-46	9.960677870926482e-37
8.215903590446302e-10	2.1871952380239307e-46	8.524043914315754e-37
7.899560040447013e-10	1.799665970771502e-46	7.294616450278309e-37
7.595396920819681e-10	1.4807994961067554e-46	6.242509974321539e-37
7.302945238648072e-10	1.2184300771826002e-46	5.342149384429546e-37
7.02175405902776e-10	1.0025475136143416e-46	4.571648289382614e-37
6.751389809763957e-10	8.249152215434586e-47	3.912276984004024e-37
6.49143561284114e-10	6.78755982627534e-47	3.34800715862476e-37
6.241490641633606e-10	5.584933723136516e-47	2.865122275348363e-37
6.001169502865899e-10	4.595390020885274e-47	2.451884139957846e-37
5.770101642370115e-10	3.781174583427691e-47	2.0982475643368038e-37
5.547930773723769e-10	3.111222587284395e-47	1.7956161832838573e-37
5.33431432888733e-10	2.5599733030189287e-47	1.5366334900000115e-37
5.128922929994267e-10	2.1063948747845078e-47	1.3150040106406988e-37
4.931439881479211e-10	1.7331818903291238e-47	1.125340270958893e-37
4.74156068176109e-10	1.4260951262863992e-47	9.630318350320634e-38
4.558992553728335e-10	1.1734182780040596e-47	8.241332326043638e-38
4.3834539933022123e-10	9.655109464819044e-48	7.052680507288784e-38
4.2146743353821427e-10	7.944408274959201e-48	6.035468583241769e-38
4.0523933365038124e-10	6.536810697922324e-48	5.164969685164675e-38
3.896360773566515e-10	5.3786125563506714e-48	4.4200233139713244e-38
3.746336058011028e-10	4.4256250285063516e-48	3.7825209608035023e-38
3.602087864853108e-10	3.6414887087964624e-48	3.236965916829703e-38
3.4633937760006014e-10	2.996286384607586e-48	2.7700965719146674e-38
3.330039937304211e-10	2.465401602618725e-48	2.3705640451255623e-38
3.20182072881311e-10	2.0285794753865033e-48	2.0286563107645974e-38
3.078538447726967e-10	1.6691538950848112e-48	1.7360621138531799e-38
2.9600030035555315e-10	1.3734116702260174e-48	1.485668936213464e-38
2.8460316250157237e-10	1.1300693252237097e-48	1.271390102011242e-38
2.736448578214317e-10	9.298426010909095e-49	1.0880168199598833e-38
2.631084895681644e-10	7.650922324011846e-49	9.310915655572329e-39
2.529778115838549e-10	6.295324858141207e-49	7.967997254709573e-39
2.4323720324948424e-10	5.179913400133646e-49	6.818768701128e-39
2.3387164539930244e-10	4.262131571841796e-49	5.835294003396032e-39
2.248666971625899e-10	3.506963173404004e-49	4.993666393235605e-39
2.16208473697097e-10	2.885596207509194e-49	4.273427188487507e-39
2.0788362477983355e-10	2.3743236130732543e-49	3.6570684737855303e-39
1.998793142221922e-10	1.9536387679353693e-49	3.129607509865996e-39
1.9218320007766915e-10	1.6074912512198774e-49	2.6782225260527166e-39
1.8478341561166232e-10	1.3226744704085093e-49	2.29194104258886e-39
1.7766855100400546e-10	1.0883217892121107e-49	1.9613731464074443e-39
1.7082763575602315e-10	8.954919319702546e-50	1.678483236681725e-39
1.6425012177498217e-10	7.368278464812854e-50	1.4363946916382986e-39
1.5792586710985518e-10	6.062760098304076e-50	1.2292227083813958e-39
1.518451203133201e-10	4.988554678697479e-50	1.0519312523197351e-39
1.4599850540588116e-10	4.104677964961161e-50	9.002106388548993e-40
1.403770074189289e-10	3.3774073416464684e-50	7.703727715290186e-40
1.3497195849444802e-10	2.7789951973772913e-50	6.592614900310694e-40
1.2977502451993793e-10	2.286610268123958e-50	5.641758487587126e-40
1.2477819227794083e-10	1.8814665542511392e-50	4.828044609546558e-40
1.1997375709036172e-10	1.5481065768457207e-50	4.131693124237375e-40
1.1535431093852871e-10	1.2738116273487952e-50	3.5357767902798356e-40
1.1091273104067676e-10	1.048116509701185e-50	3.025809791473597e-40
1.0664216886924089e-10	8.624102609226614e-51	2.589395608723617e-40
1.0253603959102637e-10	7.096076163867834e-51	2.2159256795886595e-40
9.858801191397196e-11	5.838786851810066e-51	1.8963215203260865e-40
9.479199832485146e-11	4.804265218355269e-51	1.622814041813609e-40
9.114214570286114e-11	3.953041080981219e-51	1.3887546948549994e-40
8.763282629461947e-11	3.2526376204673565e-51	1.188453854100505e-40
8.425862903666395e-11	2.676332290342269e-51	1.0170425119418338e-40
8.101435121206455e-11	2.202137269536812e-51	8.703539203714686e-41
7.789499042828967e-11	1.8119605593754077e-51	7.448223037006222e-41
7.489573690395431e-11	1.4909157181752878e-51	6.373961799966725e-41
7.20119660525582e-11	1.226753897705341e-51	5.454641842165488e-41
6.923923135177805e-11	1.0093965119484453e-51	4.667915899097144e-41
6.657325748731921e-11	8.305507080430062e-52	3.9946598643025663e-41
6.400993376075499e-11	6.83392968437334e-52	3.418507911540613e-41
6.154530775118945e-11	5.623087727057939e-52	2.925454666540445e-41
5.917557922097034e-11	4.626783863242079e-52	2.503514757737189e-41
5.6897094256054975e-11	3.807006035873771e-52	2.1424314701891313e-41
5.470633963199458e-11	3.1324771991885493e-52	1.833427420497997e-41
5.259993739684957e-11	2.5774620032048423e-52	1.5689911920203422e-41
5.057463966268324e-11	2.1207849109598098e-52	1.3426947437977973e-41
4.8627323597602815e-11	1.745022286637897e-52	1.1490371546960586e-41
4.67549866106258e-11	1.4358376302690789e-52	9.833109044112285e-42
4.4954741721947503e-11	1.1814345961556909e-52	8.414874408389265e-42
4.322381311147077e-11	9.721069259983018e-53	7.20119252123652e-42
4.1559531838734255e-11	7.998681252849784e-53	6.16256062909429e-42
3.995933172763978e-11	6.581467539590636e-53	5.273731176505463e-42
3.842074540963333e-11	5.415357057671552e-53	4.513098076591785e-42
3.694140051923861e-11	4.455859105231897e-53	3.8621715000712195e-42
3.5519016036077125e-11	3.666365883954278e-53	3.305128415739408e-42
3.415139876773426e-11	3.016755798952548e-53	2.828427956740567e-42
3.283643996804861e-11	2.4822442272723576e-53	2.420482262769175e-42
3.157211208560972e-11	2.0424379082875395e-53	2.0713747968789318e-42
3.035646563745139e-11	1.6805568780771968e-53	1.7726192896107162e-42
2.918762620311948e-11	1.3827942621866793e-53	1.5169534507393434e-42
2.8063791534479508e-11	1.1377895008969584e-53	1.2981624340866533e-42
2.698322877680784e-11	9.361949089260696e-54	1.1109277641000962e-42
2.5944271796881213e-11	7.703190324819727e-54	9.506980518325933e-43
2.4945318613945196e-11	6.338331966413437e-54	8.135783576265474e-43
2.3984828929599944e-11	5.2153004693413977e-54	6.962355110777743e-43
2.306132175279492e-11	4.291248727526564e-54	5.958170867522501e-43
2.2173373116270243e-11	3.530921324620023e-54	5.0988206607904905e-43
2.131961388092376e-11	2.905309431421031e-54	4.3634149991596904e-43
2.049872762471842e-11	2.3905440298113524e-54	3.734077293854066e-43
1.970944861287455e-11	1.96698523629256e-54	3.1955093061654055e-43
1.8950559846217715e-11	1.61847298001795e-54	2.7346192706285165e-43
1.8220891184672373e-11	1.3317104463810928e-54	2.3402036541920048e-43
1.7519317543008337e-11	1.0957567626373717e-54	2.00267481543597e-43
1.684475715605776e-11	9.016095699544708e-55	1.7138279436480335e-43
1.61961699107279e-11	7.418615557315126e-55	1.4666416124024791e-43
1.557255574223776e-11	6.104178418383155e-55	1.255107099404547e-43
1.4972953092105676e-11	5.022634462667831e-55	1.074082323625903e-43
1.4396437425510297e-11	4.132719461411247e-55	9.191668491660512e-44
1.3842119805738769e-11	3.400480419921971e-55	7.865949173744236e-44
1.330914552352412e-11	2.797980166387596e-55	6.731439070073557e-44
1.2796692779158352e-11	2.302231462834891e-55	5.760559972261282e-44
1.23039714153492e-11	1.8943199712919802e-55	4.929711291831729e-44
1.1830221698866712e-11	1.5586826136139038e-55	4.2186963659495743e-44
1.137471314910112e-11	1.2825137921790936e-55	3.610231507383708e-44
1.0936743411725614e-11	1.0552768169498798e-55	3.0895258644603364e-44
1.051563717572745e-11	8.683018983365157e-56	2.6439218780422927e-44
1.0110745132137464e-11	7.144553680559105e-56	2.262587595592672e-44
9.721442972852429e-12	5.8786750774334955e-56	1.9362533629474877e-44
9.347130428006621e-12	4.837086011415242e-56	1.6569864931763698e-44
8.98723034040818e-12	3.9800466556902845e-56	1.4179984350753517e-44
8.641187775613233e-12	3.274858322570265e-56	1.213479753852239e-44
8.308469166265549e-12	2.6946159079755e-56	1.0384589126369814e-44
7.988561489382342e-12	2.217181378953789e-56	8.886814220111773e-45
7.68097147531773e-12	1.8243391396263217e-56	7.605064198663066e-45
7.385224847184123e-12	1.50110105017343e-56	6.508181676049405e-45
7.100865589558718e-12	1.2351345831966965e-56	5.569503112927211e-45
6.827455245347659e-12	1.0162922998636372e-56	4.766210666653559e-45
6.564572239723537e-12	8.362246939025582e-57	4.078777524371057e-45
6.311811230093905e-12	6.880616322550642e-57	3.4904932360019284e-45
6.068782481098466e-12	5.661502383672363e-57	2.987057508721049e-45
5.8351112636712555e-12	4.658392175607604e-57	2.556232588671852e-45
5.610437277241194e-12	3.8330139583348426e-57	2.1875457798553613e-45
5.394414094180153e-12	3.153877013987863e-57	1.872034868880745e-45
5.1867086256418544e-12	2.5950701791031824e-57	1.6020302672417962e-45
4.987000607968009e-12	2.1352732540307423e-57	1.3709685753306963e-45
4.794982108869783e-12	1.7569435717359642e-57	1.1732330362149121e-45
4.6103570526231635e-12	1.4456466910908472e-57	1.0040170008521432e-45
4.432840763546085e-12	1.1895056785443452e-57	8.592070857911632e-46
4.262159527053442e-12	9.787479665737546e-58	7.35283183100661e-46
4.098050167613144e-12	8.053325001731358e-58	6.292328919201292e-46
3.9402596429524844e-12	6.62642945870418e-58	5.384782915944445e-46
3.788544653889085e-12	5.452352582534864e-58	4.608132763588542e-46
3.642671269184846e-12	4.486299728917363e-58	3.943499282762406e-46
3.5024145648444597e-12	3.691413009891371e-58	3.374726248346469e-46
3.3675582773022727e-12	3.0373650520411466e-58	2.8879876563083446e-46
3.2378944699628035e-12	2.4992019139122016e-58	2.471451634655103e-46
3.1132232125806975e-12	2.056391016386067e-58	2.11499282869069e-46
2.99335227298579e-12	1.6920377616283633e-58	1.8099462691032145e-46
2.878096820677917e-12	1.392240952213353e-58	1.5488967397911374e-46
2.767279141834457e-12	1.1455624176818311e-58	1.3254985252818047e-46
2.6607283652911622e-12	9.425906131541076e-59	1.1343211560772964e-46
2.5582801990737823e-12	7.755815399427697e-59	9.70717402232478e-47
2.459776677074209e-12	6.3816328818209e-59	8.307103062906817e-47
2.3650659154805666e-12	5.250929288665489e-59	7.108965095201726e-47
2.2740018785856556e-12	4.320564799819344e-59	6.083635214598201e-47
2.186444153612672e-12	3.55504314821619e-59	5.206189217229387e-47
2.102257734210998e-12	2.925157328089913e-59	4.455297730632533e-47
2.0213128122882175e-12	2.4068752578633344e-59	3.812707729271305e-47
1.9434845778573936e-12	1.980422882312955e-59	3.262798831354715e-47
1.868653026590994e-12	1.629529731536862e-59	2.792203591205864e-47
1.7967027747847165e-12	1.3408081524797217e-59	2.3894825570676867e-47
1.7275228814459131e-12	1.1032425287880762e-59	2.0448461954971295e-47
1.6610066772322857e-12	9.077690011622435e-60	1.7499169227543504e-47
1.597051599977096e-12	7.469296532434432e-60	1.4975254585333696e-47
1.5355590365472774e-12	6.145879691640378e-60	1.2815365517042828e-47
1.4764341707906103e-12	5.056947065911553e-60	1.096699841725934e-47
1.419585837337517e-12	4.160952526001356e-60	9.385222303977063e-48
1.3649263810320341e-12	3.4237111241179614e-60	8.031586615025736e-48
1.3123715217752322e-12	2.817094833012583e-60	6.873186533613109e-48
1.2618402245726816e-12	2.3179593752176501e-60	5.881863122469634e-48
1.2132545745855766e-12	1.9072611976692375e-60	5.03351882307806e-48
1.1665396569928748e-12	1.569330901579381e-60	4.3075316808193785e-48
1.1216234414791974e-12	1.2912754066729873e-60	3.6862540567427744e-48
1.0784366711703855e-12	1.0624860405160053e-60	3.154583640408136e-48
1.0369127558454584e-12	8.742337850296123e-61	2.699596335778288e-48
9.969876692603222e-13	7.19336237599904e-61	2.3102320961775705e-48
9.585998504249027e-13	5.918835803249803e-61	1.9770260714442384e-48
9.216901086814838e-13	4.870131022832873e-61	1.6918785318744923e-48
8.862015324378947e-13	4.007236721541833e-61	1.4478579761604943e-48
8.520794014148133e-13	3.297230827505069e-61	1.2390326371769759e-48
8.192711022718838e-13	2.713024431875024e-61	1.0603262897793751e-48
7.877260474825493e-13	2.232328263629725e-61	9.073948555212338e-49
7.573955973325127e-13	1.8368022853211306e-61	7.76520804739945e-49
7.282329849215527e-13	1.5113559642322143e-61	6.645227890867864e-49
7.001932440530564e-13	1.2435725221350847e-61	5.686783078060214e-49
6.732331399000778e-13	1.0232351970073713e-61	4.866575278983917e-49
6.473111023410184e-13	8.4193744213414e-62	4.16466649438226e-49
6.223871618621369e-13	6.927621904920373e-62	3.563994393414899e-49
5.984228879280567e-13	5.700179473653385e-62	3.0499575544468446e-49
5.753813297252413e-13	4.690216423154066e-62	2.6100605267827836e-49
5.532269591870754e-13	3.859199556382559e-62	2.2336100853394175e-49
5.319256162126935e-13	3.1754230236496954e-62	1.9114552946707064e-49
5.114444559950938e-13	2.6127986469236164e-62	1.6357650636993193e-49
4.917518983773194e-13	2.149860575590193e-62	1.3998377838495018e-49
4.728175791586196e-13	1.7689462982227708e-62	1.1979384231749808e-49
4.546123032755098e-13	1.455522763441068e-62	1.0251591164889174e-49
4.371079997855371e-13	1.1976318992971064e-62	8.772998626548163e-50
4.202776785843442e-13	9.854343760471656e-63	7.507664289716922e-50
4.0409538878928955e-13	8.108342054561144e-63	6.424829808649832e-50
3.8853617872545744e-13	6.671698539428472e-63	5.498173130443992e-50
3.7357605745235787e-13	5.489600845831751e-63	4.705168646123104e-50
3.591919577719967e-13	4.516948310607908e-63	4.0265396274766204e-50
3.453617006612733e-13	3.71663124764262e-63	3.4457896392297284e-50
3.320639610738687e-13	3.058115099195029e-63	2.94880153588949e-50
3.19278235058889e-13	2.516275448595134e-63	2.5234942954927403e-50
3.0698480814556886e-13	2.0704394464646828e-63	2.159529348408157e-50
2.9516472494528085e-13	1.7035970779233675e-63	1.848059262494012e-50
2.837997599239858e-13	1.4017521781980506e-63	1.58151267553156e-50
2.728723893000539e-13	1.1533884358842316e-63	1.3534102469698789e-50
2.623657640241263e-13	9.490300102415946e-64	1.158207155050093e-50
2.5226368379935574e-13	7.808799987219248e-64	9.911583106545558e-51
2.425505721019664e-13	6.425229611534866e-64	8.482030114354661e-51
2.3321145216361686e-13	5.286801509644735e-64	7.258662323408998e-51
2.2423192387853382e-13	4.3500811476377843e-64	6.211741530616574e-51
2.1559814159980912e-13	3.579329762335877e-64	5.3158186900014313e-51
2.072967927906238e-13	2.945140817545545e-64	4.5491152852529676e-51
1.993150774974809e-13	2.423318054247193e-64	3.8929939272470977e-51
1.916406886137974e-13	1.9939523288854038e-64	3.3315053075732323e-51
1.8426179290342264e-13	1.6406620183014426e-64	2.851000495199111e-51
1.7716701275482354e-13	1.349968010419603e-64	2.4397991517973617e-51
1.7034540863780325e-13	1.1107794346595432e-64	2.087905600554938e-51
1.6378646223570277e-13	9.139705111079408e-65	1.7867658465317566e-51
1.5748006022707697e-13	7.52032373943748e-65	1.52905964210442e-51
1.5141647869183785e-13	6.18786585109721e-65	1.3085225429234443e-51
1.4558636811782044e-13	5.091494078955581e-65	1.1197936288360355e-51
1.3998073898465374e-13	4.1893784674474004e-65	9.582851881025165e-52
1.3459094790270605e-13	3.4471005310708592e-65	8.200711971287156e-52
1.2940868428573505e-13	2.8363400832938e-65	7.017918848268573e-52
1.244259575366907e-13	2.3337947343241285e-65	6.005720617103077e-52
1.1963508472691378e-13	1.920290833260719e-65	5.13951228427152e-52
1.150286787497324e-13	1.58005193433306e-65	4.3982376477777626e-52
1.1059963693018965e-13	1.3000968769664915e-65	3.7638774530279344e-52
1.0634113007334031e-13	1.0697445145760228e-65	3.2210113722640484e-52
1.022465919342299e-13	8.802061959687218e-66	2.7564431599408208e-52
9.830970909331939e-14	7.242504512666683e-66	2.358879872145226e-52
9.452441122174483e-14	5.959270890869897e-66	2.018657352372664e-52
9.088486172140127e-14	4.903401784377137e-66	1.7275053106381054e-52
8.73854487254193e-14	4.034612538904604e-66	1.4783462853540936e-52
8.402077644515727e-14	3.31975617232721e-66	1.2651236010458139e-52
8.078565685036737e-14	2.731558715349839e-66	1.0826541398179706e-52
7.767510166970691e-14	2.2475786256835469e-66	9.265023476726228e-53
7.46843146992605e-14	1.84935057417668e-66	7.928724129639479e-53
7.180868440721313e-14	1.5216809357080788e-66	6.785159960127849e-53
6.904377682327172e-14	1.2520681056528533e-66	5.806532669287804e-53
6.63853287018709e-14	1.0302255252108056e-66	4.969053321901534e-53
6.382924094862127e-14	8.476892175465671e-67	4.252364073744061e-53
6.137157229986464e-14	6.974948610380004e-67	3.639043303473632e-53
5.90085332455903e-14	5.7391207898393945e-67	3.1141821196171927e-53
5.6736480186342176e-14	4.722258081063091e-67	2.665021948182404e-53
5.455190981510725e-14	3.885564043824509e-67	2.2806443912043874e-53
5.2451453715522643e-14	3.1971162269180865e-67	1.9517058171620092e-53
5.0431873168072417e-14	2.6306482284517965e-67	1.6702102315619865e-53
4.8490054156265425e-14	2.1645475518190728e-67	1.42931490652148e-53
4.6623002565094353e-14	1.7810310224728676e-67	1.2231640445011168e-53
4.48278395643724e-14	1.4654663051153381e-67	1.04674643280777e-53
4.310179716982893e-14	1.2058136350969251e-67	8.957736286653829e-54
4.144221397512006e-14	9.921664643604521e-68	7.665757137189179e-54
3.9846531048172847e-14	8.163734961600374e-68	6.560120839225787e-54
3.831228798553594e-14	6.717276880167128e-68	5.613951062507085e-54
3.683711911865281e-14	5.52710357416875e-68	4.804247864425612e-54
3.5418749866207846e-14	4.547806270988328e-68	4.1113285965358224e-54
3.4054993226920845e-14	3.742021766174574e-68	3.518349449422945e-54
3.274374640738256e-14	3.0790069022621793e-68	3.0108960054141675e-54
3.148298757973116e-14	2.5334656227480276e-68	2.5766328460937407e-54
3.027077276417067e-14	2.084583849724516e-68	2.2050036971156995e-54
2.910523283152409e-14	1.7152353627829257e-68	1.8869748212924153e-54
2.7984570621199884e-14	1.4113283810242857e-68	1.6148154222367774e-54
2.69070581701275e-14	1.1612679182715248e-68	1.381909720505831e-54
2.5871034048389575e-14	9.55513398680442e-69	1.1825961341038589e-54
2.487490079744237e-14	7.862146544242794e-69	1.012029654068485e-54
2.3917122466974453e-14	6.46912417643884e-69	8.66064069700424e-55
2.299622224660569e-14	5.32291879510064e-69	7.411511805120516e-55
2.2110780188774934e-14	4.379799139183135e-69	6.342545448911365e-55
2.1259431019305058e-14	3.6037822927611715e-69	5.42775668841455e-55
2.0440862032269686e-14	2.9652608261029057e-69	4.6449084056126856e-55
1.9653811065915462e-14	2.4398731811525655e-69	3.974970754047101e-55
1.8897064556519128e-14	2.0075742031540765e-69	3.401658572306254e-55
1.816945566717841e-14	1.6518703563378794e-69	2.9110355166169147e-55
1.7469862488651633e-14	1.3591904447969303e-69	2.491175289605808e-55
1.6797206309471796e-14	1.1183678296176201e-69	2.1318717302202067e-55
1.615044995266794e-14	9.202143872564472e-70	1.8243907175360836e-55
1.5528596176528957e-14	7.571699543640175e-70	1.5612578576141756e-55
1.4930686136944173e-14	6.230138842980708e-70	1.3360767923956474e-55
1.4355797908949577e-14	5.1262771031926713e-70	1.1433737140039964e-55
1.3803045065200246e-14	4.2179986034058925e-70	9.784643048332852e-56
1.3271575309176922e-14	3.4706497249735905e-70	8.373398689394194e-56
1.2760569161019348e-14	2.8557168093258705e-70	7.165698867624479e-56
1.2269238693960032e-14	2.3497382741867995e-70	6.132186244339648e-56
1.179682631941011e-14	1.933409482042348e-70	5.247737705692135e-56
1.134260361882405e-14	1.5908462088378497e-70	4.490853658132574e-56
1.0905870220541965e-14	1.3089786119701701e-70	3.8431354061173967e-56
1.0485952719877818e-14	1.0770525755893471e-70	3.28883790791232e-56
1.0082203640788311e-14	8.862194079990674e-71	2.8144870376681903e-56
9.694000437521478e-15	7.291982368497353e-71	2.4085520499946293e-56
9.320744534705606e-15	5.999982214622433e-71	2.06116528514538e-56
8.961860404398389e-15	4.936899838281413e-71	1.763882301276366e-56
8.61679467867321e-15	4.062175376757645e-71	1.5094766029579037e-56
8.285015296374204e-15	3.3424354011768604e-71	1.2917639761046247e-56
7.96601068272451e-15	2.7502196175384022e-71	1.1054521591734564e-56
7.659288960522749e-15	2.2629331720307635e-71	9.460121963660337e-57
7.36437719171139e-15	1.86198458785654e-71	8.095683456283001e-57
7.080820648147666e-15	1.5320764432049072e-71	6.928038652788711e-57
6.8081821104525535e-15	1.2606217275544106e-71	5.928803890829467e-57
6.546041193856766e-15	1.0372636085037206e-71	5.073689299029184e-57
6.293993700004204e-15	8.534802867577268e-72	4.341908347297649e-57
6.051650993713474e-15	7.022598632712355e-72	3.715672558022077e-57
5.818639403736423e-15	5.778328137316758e-72	3.179759095336766e-57
5.594599646589791e-15	4.754518634594185e-72	2.7211407212262797e-57
5.379186272571506e-15	3.91210864276055e-72	2.32866912326e-57
5.1720671331074716e-15	3.2189576293601163e-72	1.9928039161388024e-57
4.972922868607527e-15	2.6486197510874975e-72	1.7053807294952263e-57
4.781446416040917e-15	2.1793348635177028e-72	1.4594127445156518e-57
4.597342535471941e-15	1.7931983046617495e-72	1.2489208550428098e-57
4.420327354825824e-15	1.4754777770367423e-72	1.0687883246343225e-57
4.2501279321828174e-15	1.2140512652001085e-72	9.146364065123138e-58
4.086481834925628e-15	9.989445435729392e-73	7.827179029149493e-58
3.929136735091301e-15	8.219506290532706e-73	6.698260764402757e-58
3.777850020303564e-15	6.763166593659231e-73	5.7321669915620466e-58
3.6323884196857795e-15	5.564862505947884e-73	4.9054134460952455e-58
3.4925276441776665e-15	4.5788750404489736e-73	4.197903011645287e-58
3.3580520407011895e-15	3.7675857424397135e-73	3.592437189816926e-58
3.2287542596423844e-15	3.100041429661548e-73	3.074298030940366e-58
3.1044349351363966e-15	2.5507732332044697e-73	2.6308903631869644e-58
2.9849023776627625e-15	2.0988248818154458e-73	2.2514356231730937e-58
2.869972278476939e-15	1.726953155688266e-73	1.926709845541591e-58
2.7594674254223493e-15	1.4209700045875037e-73	1.648819442447589e-58
2.653217429684743e-15	1.1692012300893528e-73	1.4110093224903767e-58
2.551058463067553e-15	9.620410790017308e-74	1.207498684755495e-58
2.4528330053831497e-15	7.915857543325396e-74	1.0333404963709542e-58
2.358389601570499e-15	6.513318611222095e-74	8.843012376915231e-59
2.267582628164705e-15	5.359282819214353e-74	7.5675799190012285e-59
2.180272068758375e-15	4.409720152003593e-74	6.476103774316771e-59
2.0963232981085663e-15	3.62840187296502e-74	5.5420518243109845e-59
2.015606874556442e-15	2.9855182864051587e-74	4.742718692241627e-59
1.9379983404395614e-15	2.456541405976041e-74	4.058673810134324e-59
1.863378030189051e-15	2.0212891365475303e-74	3.473289091342764e-59
1.791630885815773e-15	1.6631552651976376e-74	2.972334727151031e-59
1.7226462795009678e-15	1.368475883108562e-74	2.5436332818505757e-59
1.6563178430178415e-15	1.1260080654148769e-74	2.1767636778713217e-59
1.5925433037210666e-15	9.26500919036489e-75	1.8628078752974222e-59
1.5312243268513117e-15	7.623426326517306e-75	1.5941340879334667e-59
1.4722663639116435e-15	6.272700626813766e-75	1.3642112662346992e-59
1.4155785068820244e-15	5.161297750955641e-75	1.1674503374645574e-59
1.3610733480470938e-15	4.2468142605350367e-75	9.990683438701562e-60
1.3086668452211217e-15	3.494359797425829e-75	8.549721762821961e-60
1.2582781921623128e-15	2.8752259092978395e-75	7.316590768806461e-60
1.209829693976651e-15	2.365790733852747e-75	6.261314925003449e-60
1.16324664731917e-15	1.9466177521161666e-75	5.358242086903842e-60
1.118457225207934e-15	1.6017142254517145e-75	4.585419932675218e-60
1.0753923662731165e-15	1.3179210233881025e-75	3.924062335736069e-60
1.0339856682704085e-15	1.0844105623139479e-75	3.35809270270232e-60
9.941732856945709e-16	8.922736998571722e-76	2.873753175948794e-60
9.558938313352486e-16	7.341798236988334e-76	2.459270201096606e-60
9.190882816232677e-16	6.040971661640724e-76	2.1045683298827293e-60
8.83699885621452e-16	4.970626737314996e-76	1.8010253013964733e-60
8.496740775196472e-16	4.0899265127491544e-76	1.5412624480816932e-60
8.169583924990134e-16	3.365269565327334e-76	1.3189653315946618e-60
7.855023858358666e-16	2.7690080034484515e-76	1.1287302484491642e-60
7.552575551203283e-16	2.2783926144162488e-76	9.659328742354247e-61
7.261772654698543e-16	1.8747049119979732e-76	8.266158533543813e-61
6.982166776223245e-16	1.542542968596212e-76	7.073926017453825e-61
6.713326787978253e-16	1.269233784334475e-76	6.053649841984959e-61
6.45483816222516e-16	1.0443497731295339e-76	5.1805286511259035e-61
6.206302332120771e-16	8.593109182069259e-77	4.433338201856812e-61
5.967336077161919e-16	7.070574180687277e-77	3.793915435207836e-61
5.737570932292968e-16	5.817803333503443e-77	3.246716960027935e-61
5.516652619764946e-16	4.786999579153526e-77	2.7784412168785153e-61
5.304240502870264e-16	3.938834583639415e-77	2.3777051374330264e-61
5.100007060710696e-16	3.240948243412476e-77	2.0347674394662573e-61
4.903637383188831e-16	2.666714047882948e-77	1.7412918311569617e-61
4.71482868544425e-16	2.194223196137351e-77	1.4901443685620004e-61
4.533289840985768e-16	1.8054487087917965e-77	1.2752200403315868e-61
4.3587409327998506e-16	1.4855576432771979e-77	1.0912943642048413e-61
4.190912821743083e-16	1.2223451714538842e-77	9.338963878230626e-62
4.0295467315531496e-16	1.0057689278758124e-77	7.992000067043825e-62
3.87439384983849e-16	8.275658626583165e-78	6.839309574857228e-62
3.7252149444313556e-16	6.809369807077269e-78	5.852872255797653e-62
3.5817799945127417e-16	5.602879391447259e-78	5.008709324786049e-62
3.4438678359404116e-16	4.610156059152066e-78	4.286300469884377e-62
3.311265820233142e-16	3.7933243614309852e-78	3.6680850348439453e-62
3.1837694866853726e-16	3.1212196564279386e-78	3.139035146364588e-62
3.0611822471066826e-16	2.5681990822417e-78	2.686290409440129e-62
2.9433150827000064e-16	2.1131632028664916e-78	2.298845290791747e-62
2.82998625261119e-16	1.7387509998061411e-78	1.9672815911578283e-62
2.721021013700497e-16	1.430677495815671e-78	1.683539503250146e-62
2.6162513511039676e-16	1.1771887390785722e-78	1.4407216901448465e-62
2.5155157191692093e-16	9.686133537896532e-79	1.2329256215530642e-62
2.4186587923661316e-16	7.969935474187526e-79	1.0551000923219136e-62
2.325531225788572e-16	6.557814964474145e-79	9.029224353496788e-63
2.235989424877518e-16	5.3958952676044166e-79	7.726934441486665e-63
2.1498953240108604e-16	4.439845573058259e-79	6.612474507836369e-63
2.0671161736182836e-16	3.653189644163819e-79	5.658753733178195e-63
1.9875243354930462e-16	3.0059141374669273e-79	4.8425886216740564e-63
1.9109970859850347e-16	2.4733235013567688e-79	4.144139445629516e-63
1.8374164267716315e-16	2.035097764807998e-79	3.546427972005928e-63
1.7666689029146277e-16	1.6745172679815548e-79	3.034924747498585e-63
1.698645427922633e-16	1.3778247557718463e-79	2.597195909711247e-63
1.6332411155492551e-16	1.1337004962069223e-79	2.222600938946008e-63
1.5703551180676824e-16	9.328303978540573e-80	1.902034003415975e-63
1.5098904707723143e-16	7.675506485812949e-80	1.6277026103778153e-63
1.451753942467669e-16	6.315553175505947e-80	1.392938182531181e-63
1.3958558917140404e-16	5.196557645592125e-80	1.1920339550864882e-63
1.3421101286082378e-16	4.275826774556233e-80	1.020106253026292e-63
1.2904337818862982e-16	3.518231847484631e-80	8.729757764222743e-64
1.2407471711432497e-16	2.894868287534817e-80	7.470660080351753e-64
1.192973683972898e-16	2.3819528574179244e-80	6.39316273641533e-64
1.1470396578381996e-16	1.959916255738519e-80	5.471073417165181e-64
1.1028742664900765e-16	1.6126564879508544e-80	4.681977539147521e-64
1.0604094107595359e-16	1.3269245257369564e-80	4.006693386403164e-64
1.0195796135547096e-16	1.0918188158220493e-80	3.4288058322402435e-64
9.803219189009092e-17	8.983693521837669e-81	2.9342673125678816e-64
9.425757948680223e-17	7.391954427305103e-81	2.5110563510617215e-64
9.062830402355697e-17	6.0822411319501875e-81	2.1488853354295547e-64
8.713876947515203e-17	5.004584044855044e-81	1.838950441264186e-64
8.378359528464746e-17	4.1178672332556857e-81	1.573717624514267e-64
8.055760806701878e-17	3.3882597232338e-81	1.3467394803768066e-64
7.745583363224992e-17	2.7879247439970964e-81	1.1524985167306598e-64
7.447348931556722e-17	2.2939576694472147e-81	9.862730323274826e-65
7.160597660298915e-17	1.8875121362390615e-81	8.440223394437363e-65
6.884887404081983e-17	1.5530809970474592e-81	7.22288540931677e-65
6.619793041815448e-17	1.2779046751964472e-81	6.181124740194007e-65
6.364905821188418e-17	1.0514843475604221e-81	5.289617775820767e-65
6.119832728409282e-17	8.65181382167339e-82	4.526693343095487e-65
5.884195882212837e-17	7.11887747816401e-82	3.873805913934019e-65
