1.0	1.0	0.9999999999999999
0.80300134676405	0.25833179197514244	0.4806027047497528
0.6425168863726709	0.06986701850404811	0.22802933777094686
0.5141856188908287	0.02027282505905922	0.10805628692902892
0.41154274516312817	0.006226900221987031	0.05129219386543509
0.329400984739101	0.0019454044489048924	0.024386523735087505
0.26365589898495184	0.0005970644517791556	0.01160496678467908
0.21103304474104054	0.00017662479929863117	0.005524691668293741
0.16891315655948855	5.0236243521618653e-5	0.0026304394049450775
0.13519993844551675	1.4131026772001002e-5	0.00125245085581299
0.10821550986509174	4.300439245657669e-6	0.0005963388722172818
0.08661687801373202	1.5547007558798299e-6	0.0002839385336200897
0.06932909678544662	6.33111687467695e-7	0.00013519335545792902
0.05549176755600486	2.6235203369441067e-7	6.437050289716767e-5
0.044416217854897265	1.0620174333615596e-7	3.064920424528065e-5
0.03555122670304855	4.182478848518844e-8	1.4593254409286028e-5
0.028455590798409522	1.6129033241588033e-8	6.948412170003611e-6
0.022776166191113584	6.140173690439664e-9	3.308409786848489e-6
0.018230292600153245	2.323802963011374e-9	1.5752635069256784e-6
0.01459172564418991	8.786639400450836e-10	7.500448685429666e-7
0.011679376845192255	3.328375952927451e-10	3.5712590016367337e-7
0.009348301004160363	1.2641169054489136e-10	1.7004172293856365e-7
0.007482482398053585	4.8120175497439726e-11	8.0963574512962e-8
0.005989060772889648	1.834358508702024e-11	3.8549954438006146e-8
0.004793709765451114	6.996825992869856e-12	1.835515583476776e-8
0.003836937741457244	2.6689018275953724e-12	8.739614779458184e-9
0.0030711269459663642	1.017791747214032e-12	4.161275885223368e-9
0.002458163606965002	3.880200687362153e-13	1.9813478687467633e-9
0.001967541044352964	1.478918730286652e-13	9.433980114028901e-10
0.0015748413776222128	5.636014871468056e-14	4.491890720334771e-10
0.0012605202680722888	2.1477121375463562e-14	2.1387666751007522e-10
0.0010089342131841023	8.184295437387013e-15	1.0183513315077116e-10
0.000807561982394912	3.1188850647726047e-15	4.848773114233293e-11
0.0006463814457747998	1.1885898838070444e-15	2.3086924912383472e-11
0.0005173707808815652	4.529766869629872e-16	1.0992597292588563e-11
0.0004141092332703777	1.7263385160446807e-16	5.234009974050183e-12
0.0003314575608378553	6.579277654589816e-17	2.492118985427682e-12
0.0002653022579789925	2.507436979274649e-17	1.1865963322268687e-12
0.00021235082980407104	9.556091469640354e-18	5.649854055775826e-13
0.00016996792738208858	3.64190789309852e-18	2.6901187864581824e-13
0.00013604418859685142	1.3879583740318015e-18	1.2808718621706317e-13
0.00010889125693325404	5.289605674544371e-19	6.098737109983025e-14
8.715775336527952e-5	2.0159045717458581e-19	2.903849747623222e-14
6.976201933585196e-5	7.682750348886653e-20	1.3826376190272482e-14
5.583828350209078e-5	2.9279499816902583e-20	6.583284094230766e-15
4.469357300925363e-5	1.115862704471253e-20	3.1345617151619112e-15
3.5773224802991846e-5	4.252633876430874e-21	1.4924887040472997e-15
2.8633280506358923e-5	1.6207099125310647e-21	7.106328520942492e-16
2.2918390977356488e-5	6.176644372381554e-22	3.3836038363739387e-16
1.834413087506081e-5	2.353964418364808e-22	1.6110674995940912e-16
1.4682843044864288e-5	8.971130408773036e-23	7.670929026462349e-17
1.1752308209554514e-5	3.4189632019643195e-23	3.6524324489109085e-17
9.406676066095552e-6	1.3029917635562663e-23	1.7390674255802562e-17
7.529206436274109e-6	4.9657963894682956e-24	8.280387257035656e-18
6.0264592042618785e-6	1.8925011202473622e-24	3.942619597029376e-18
4.823643879075933e-6	7.212459437481308e-25	1.8772369944017915e-18
3.860897333494272e-6	2.748720773156258e-25	8.938267175981057e-19
3.0903044655607607e-6	1.0475574927461847e-25	4.255862224507258e-19
2.473513503458444e-6	3.9923178616484297e-26	2.0263841880515285e-19
1.979827269440604e-6	1.521501401104752e-26	9.648415904865643e-20
1.5846754065988019e-6	5.798552605482034e-27	4.5939920979534105e-20
1.2683915324535417e-6	2.2098706105760504e-27	2.1873811829997298e-20
1.015234459309782e-6	8.421977767045429e-28	1.0414986220530992e-20
8.126047683212341e-7	3.2096770341594802e-28	4.958986518531458e-21
6.504177468004156e-7	1.223231281936045e-28	2.3611694504693257e-21
5.206014803812899e-7	4.661823457616583e-29	1.124246083951973e-21
4.166951204951614e-7	1.7766548543132423e-29	5.352979884735158e-22
3.335273332632602e-7	6.770960977478786e-30	2.5487652619302633e-22
2.6695892647246277e-7	2.5804625164217372e-30	1.2135678631909986e-22
2.1367684539089092e-7	9.834330490411203e-31	5.778276173830959e-23
1.7102928476494443e-7	3.7479349373295734e-31	2.751265632007567e-23
1.3689371065778304e-7	1.428365287124543e-31	1.3099862917849241e-23
1.0957122368495046e-7	5.443604084848143e-32	6.237362414955999e-24
8.770200619245804e-8	2.074597142585096e-32	2.9698547335557286e-24
7.019764525307927e-8	7.906440727327437e-33	1.4140652012258597e-24
5.6186963252169276e-8	3.013202114820608e-33	6.732923232658881e-25
4.497266009591878e-8	1.1483532600642034e-33	3.2058108224132075e-25
3.599660916048811e-8	4.3764578665752444e-34	1.5264132196325504e-25
2.881207979001725e-8	1.6678999506513922e-34	7.267856545930321e-26
2.3061503880135576e-8	6.356488123949925e-35	3.460513712331308e-26
1.845868000816021e-8	2.422503895043034e-35	1.6476873308594086e-26
1.4774529424212485e-8	9.232338686185596e-36	7.845290514527749e-27
1.1825694990672157e-8	3.5185114785935796e-36	3.735452843789014e-27
9.465415648584198e-9	1.3409303369166844e-36	1.778596716378115e-27
7.576222240733625e-9	5.11038312480406e-37	8.46860183169184e-28
6.0640911685238444e-9	1.947604209054611e-37	4.0322359938782155e-28
4.8537649149806416e-9	7.422461413345251e-38	1.9199069023981812e-28
3.8850065401691356e-9	2.8287540752100975e-38	9.141435470226368e-29
3.109601738348129e-9	1.0780587695114898e-38	4.352598678192653e-29
2.48895925171769e-9	4.1085604461190225e-39	2.0724442364778082e-29
1.992190215330251e-9	1.565802293604361e-39	9.867725997411563e-30
1.5945708437446754e-9	5.967386520922759e-40	4.69841429970049e-30
1.2763119486053205e-9	2.2742144417300665e-40	2.23710071980319e-30
1.0215740470503315e-9	8.667196785124379e-41	1.0651720583395505e-30
8.17679043706512e-10	3.3031317862410653e-41	5.071705103948701e-31
6.544792523334874e-10	1.2588475683397695e-41	2.414839223394246e-31
5.238523538445302e-10	4.797559718676318e-42	1.1498003837610954e-31
4.192971551810545e-10	1.8283849318326106e-42	5.474654004662598e-32
3.3561003029319693e-10	6.968108069480981e-43	2.606699118739878e-32
2.686259399608009e-10	2.6555967084731544e-43	1.241152461845491e-32
2.1501114122478162e-10	1.0120672365775655e-43	5.9096173488937484e-33
1.7209726974814518e-10	3.8570619103631274e-44	2.8138023557893532e-33
1.377485375225394e-10	1.4699543708857022e-44	1.3397624973007476e-33
1.1025543645966497e-10	5.602103110350524e-45	6.379138696363756e-34
8.824965758291351e-11	2.1350022749406325e-45	3.037360023842397e-34
7.063599141753514e-11	8.136649083769665e-46	1.4462071376022357e-34
5.6537820317890163e-11	3.1009361952202454e-46	6.885963693582137e-35
4.5253489929844845e-11	1.1817893567522589e-46	3.2786794337045214e-35
3.6221388431958406e-11	4.503885264990824e-47	1.5611088450867063e-35
2.8991995578081336e-11	1.716463459778294e-47	7.43305612971854e-36
2.3205510445256053e-11	6.541567192342931e-48	3.539171762522278e-36
1.8573944438374704e-11	2.493038875261847e-48	1.6851395369604647e-36
1.4866788335197253e-11	9.501152630277884e-49	8.02361526812011e-37
1.1899540032375444e-11	3.6209584294731484e-49	3.820360306003579e-37
9.524522027859157e-12	1.3799736156421653e-49	1.8190245145075765e-37
7.623531633353817e-12	5.259179902116665e-50	8.661094554824498e-38
6.101958123961592e-12	2.004311744029748e-50	4.123889386280071e-38
4.884074040393347e-12	7.638577957066534e-51	1.9635467044751637e-38
3.909266295743978e-12	2.9111176632070247e-51	9.349221813471381e-39
3.1290195121221065e-12	1.1094481324493092e-51	4.4515339675025653e-39
2.50450145028495e-12	4.228187593212122e-52	2.119551237438376e-39
2.00463036110164e-12	1.6113930701676803e-52	1.0092021044707358e-39
1.604528072520494e-12	6.141136289111085e-53	4.805210035399172e-40
1.2842818234537342e-12	2.3404317431694444e-53	2.2879503899182028e-40
1.027953222072767e-12	8.919555741089141e-54	1.0893835957561856e-40
8.227850051853125e-13	3.399307621364642e-54	5.186985801493292e-41
6.585661197624739e-13	1.2955008792014965e-54	2.4697289191524204e-41
5.271235272467304e-13	4.9372481544876846e-55	1.175935537039983e-41
4.2191543816018103e-13	1.8816212115592593e-55	5.5990937975009886e-42
3.3770573263480086e-13	7.170995406766454e-56	2.6659498217161297e-42
2.70303363042881e-13	2.732918549597573e-56	1.2693640629989833e-42
2.1635376901138876e-13	1.0415351530816773e-56	6.043943930632828e-43
1.7317192371745516e-13	3.969366285228701e-57	2.877760549666881e-43
1.3860870231673906e-13	1.512754385648155e-57	1.3702155209027425e-43
1.1094392177150506e-13	5.7652170821667465e-58	6.52413757614443e-44
8.880072875882766e-14	2.197166196961063e-58	3.1063997205649016e-44
7.107707481568601e-14	8.373560315709747e-59	1.4790796655193155e-44
5.689086829540702e-14	3.1912247902688655e-59	7.042482789545506e-45
4.55360733935419e-14	1.2161989975662312e-59	3.353204360606971e-45
3.644757132788282e-14	4.6350229109259504e-60	1.5965931078575257e-45
2.917303484251474e-14	1.7664409712390454e-60	7.60201072742472e-46
2.335041625315384e-14	6.732035126550409e-61	3.619617723230052e-46
1.868992863234625e-14	2.565627591468245e-61	1.723443037913136e-46
1.4959623352967676e-14	9.777793511716394e-62	8.205993372915304e-47
1.1973846196252823e-14	3.726388283151052e-62	3.9071977289059575e-47
9.583997494367126e-15	1.4201537003380536e-62	1.860371243188602e-47
7.671136447433278e-15	5.412309129735721e-63	8.857962669455695e-48
6.140061537967371e-15	2.0626704073543385e-63	4.2176260754808995e-48
4.9145724298308635e-15	7.860987071119236e-64	2.008178446485763e-48
3.933677540314902e-15	2.9958793955629903e-64	9.561731174734707e-49
3.1485585393459025e-15	1.1417514456592255e-64	4.552718072335e-49
2.5201407014400074e-15	4.351297871321543e-65	2.1677289883378046e-49
2.0171481888260984e-15	1.6583112933161544e-65	1.0321414355600526e-49
1.6145474787814223e-15	6.319945052864627e-66	4.914433255869503e-50
1.2923014658414768e-15	2.408577064644837e-66	2.3399558814622286e-50
1.0343722315781585e-15	9.179262521758196e-67	1.11414546543087e-50
8.279228506200774e-16	3.498283765970313e-67	5.304886848398501e-51
6.62678507458638e-16	1.3332214083912456e-67	2.5258662667920284e-51
5.304151273499818e-16	5.081003837033556e-68	1.20266474668427e-51
4.245500708943055e-16	1.936407548623284e-68	5.72636212745396e-52
3.3981452149917845e-16	7.379790125398541e-69	2.72654730299063e-52
2.719912607209612e-16	2.812491736754995e-69	1.298216918522194e-52
2.1770478077923086e-16	1.0718610739472684e-69	6.181323777836738e-53
1.7425328831706988e-16	4.084940577172885e-70	2.9431725238910175e-53
1.3947423837285177e-16	1.5568005896120883e-70	1.4013607467781816e-53
1.116367063001442e-16	5.933080371744101e-71	6.672432304493137e-54
8.935524107490296e-17	2.2611401185521357e-71	3.1770087010358355e-54
7.152091254006939e-17	8.61736958776948e-72	1.5126993914439032e-54
5.724612086577383e-17	3.284142278620233e-72	7.202559590499985e-55
4.5820421437475243e-17	1.2516105287544753e-72	3.429423251448904e-55
3.667516661313362e-17	4.769978834008384e-73	1.632883933801922e-55
2.9355204598817106e-17	1.8178736559151547e-73	7.774805691137553e-56
2.3496226919111596e-17	6.9280488318085544e-74	3.701892233956999e-56
1.8806637084608517e-17	2.6403298413915773e-74	1.7626171837904893e-56
1.505303807499769e-17	1.0062489224001344e-74	8.392516962257965e-57
1.204861636176178e-17	3.834887891498352e-75	3.996008980822447e-57
9.643844352857387e-18	1.4615036908842215e-75	1.9026577898649274e-57
7.719038527718552e-18	5.56989695371156e-76	9.05930562895935e-58
6.178402887096504e-18	2.122728274206116e-76	4.313493415162213e-58
4.9452612651442175e-18	8.089871973504771e-77	2.053824675389066e-58
3.958241219848408e-18	3.08310909799203e-77	9.779070908998647e-59
3.1682195771814495e-18	1.1749953202291707e-77	4.656202108639479e-59
2.535877611223558e-18	4.477992697240647e-78	2.2170018274996565e-59
2.0297441835852284e-18	1.7065956137280237e-78	1.0556021814467557e-59
1.6246294507920817e-18	6.503960112731764e-79	5.026139138242645e-60
1.3003711865398e-18	2.4787065434674944e-79	2.393143466447898e-60
1.040831324311217e-18	9.446531070511143e-80	1.1394701765070348e-60
8.330927791087937e-19	3.600141755437401e-80	5.4254678056395606e-61
6.668165747821869e-19	1.3720402296355957e-80	2.5832796256471064e-61
5.337272817079378e-19	5.228945190547872e-81	1.2300015156935934e-61
4.272011554787678e-19	1.9927890753622837e-81	5.856523287638896e-62
3.4193647860455635e-19	7.594664228001159e-82	2.7885221750572975e-62
2.736896984032041e-19	2.89438182139746e-82	1.3277256042332204e-62
2.1906422888171683e-19	1.1030699813098825e-82	6.321826291735504e-63
1.753414054512306e-19	4.2038799949327685e-83	3.01007132312997e-63
1.4034517923149063e-19	1.6021292675202643e-83	1.4332139087994556e-63
1.1233381689185603e-19	6.10583126287854e-84	6.82409779659404e-64
8.991321601919061e-20	2.326976740675103e-84	3.249222635334876e-64
7.196752178995652e-20	8.868277747148482e-85	1.5470832993105428e-64
5.760359179547552e-20	3.379765204604152e-85	7.366274963669626e-65
4.610654508048999e-20	1.2880531219182724e-85	3.5073746103114026e-65
3.690418310731497e-20	4.908864209334106e-86	1.6699996562344984e-65
2.953851190629611e-20	1.87080388344498e-86	7.951528313012821e-66
2.3642948093476417e-20	7.129769781893374e-87	3.7860368579480905e-66
1.892407431776115e-20	2.7172071638633016e-87	1.802681764495949e-66
1.5147036121225508e-20	1.035547429609904e-87	8.58328026369886e-67
1.2123853426340477e-20	3.9465466352113145e-88	4.086838927213652e-67
9.704064922471135e-21	1.504057650914649e-88	1.945905516755339e-67
7.76723973047562e-21	5.7320731930328886e-89	9.265225147301014e-68
6.2169836571245814e-21	2.1845348195466727e-89	4.411539835362542e-68
4.976141735564455e-21	8.32542121690321e-90	2.100508450640274e-68
3.9829582862180305e-21	3.1728786292930608e-90	1.0001350811442044e-68
3.1880033875187413e-21	1.2092071420704974e-90	4.762038354239532e-69
2.5517127894606874e-21	4.608376440671113e-91	2.267394646461629e-69
2.042418833489701e-21	1.75628580745634e-91	1.0795961939756054e-69
1.634774379241594e-21	6.693333058146113e-92	5.1403841138351104e-70
1.3084912982605506e-21	2.550877951474041e-92	2.447540014055054e-70
1.047330750569925e-21	9.721581560022758e-93	1.1653705224630169e-70
8.382949909927056e-22	3.704965499174973e-93	5.548789588022549e-71
6.709804820884443e-22	1.411989321421145e-93	2.641997999664055e-71
5.37060118670754e-22	5.381194087370878e-94	1.2579596539930112e-71
4.298687946464365e-22	2.0508122382122747e-94	5.989643032566397e-72
3.4407168617944686e-22	7.815794725322962e-95	2.8519057462371115e-72
2.7539874190621054e-22	2.978656263609798e-95	1.3579050272609207e-72
2.2043216599917405e-22	1.1351875846989141e-95	6.465522451060615e-73
1.7643631728584765e-22	4.326282519396357e-96	3.078490743162735e-73
1.4122155864271162e-22	1.6487777606023355e-96	1.4657910984724847e-73
1.1303528056055467e-22	6.283612065714467e-97	6.979210670465858e-74
9.047467521392297e-23	2.39473029876192e-97	3.323078004328517e-74
7.241691987201877e-23	9.126491489025901e-98	1.582248759101421e-74
5.796329493696118e-23	3.478172341258003e-98	7.533711614403893e-75
4.639445541023794e-23	1.3255567980355833e-98	3.5870978164796937e-75
3.713462968510469e-23	5.0517934490354525e-99	1.7079590251891415e-75
2.9722963868340957e-23	1.9252752571250024e-99	8.132267869371487e-76
2.379058546187873e-23	7.337364152141785e-100	3.872094103187757e-76
1.9042244882644927e-23	2.796322889513967e-100	1.843657019760733e-76
1.5241621134193903e-23	1.0656990085652545e-100	8.77837964659664e-77
1.2199560305519986e-23	4.061456497444636e-101	4.179733453339541e-77
9.764661536831342e-24	1.5478506358791664e-101	1.9901362716453982e-77
7.81574192356184e-24	5.898971446570808e-102	9.47582525042154e-78
6.255805343105075e-24	2.2481409588782956e-102	4.511814866943216e-78
5.0072150377487276e-24	8.567828844000077e-103	2.1482533558398253e-78
4.007829697241248e-24	3.265261940546036e-103	1.0228683172906336e-78
3.2079107370053654e-24	1.244415094478091e-103	4.870280275242274e-79
2.5676468497845125e-24	4.742556510201307e-104	2.3189329025501877e-79
2.055172629698176e-24	1.8074228086959926e-104	1.1041355943857535e-79
1.6449826572587233e-24	6.888219892304132e-105	5.257225896656561e-80
1.316662115668293e-24	2.6251507426182424e-105	2.503173004204437e-80
1.053870762215242e-24	1.0004640573638697e-105	1.191859587575032e-80
8.43529687864081e-25	3.8128413497454317e-106	5.674914494957173e-81
6.751703907340667e-25	1.4531015933380172e-106	2.7020510520537827e-81
5.404137673900634e-25	5.537875948346135e-107	1.286553285409466e-81
4.325530917716917e-25	2.1105248359697228e-107	6.12578861135798e-82
3.462202269658346e-25	8.043363782056706e-108	2.9167300364943783e-82
2.7711845745757024e-25	3.0653844876824608e-108	1.3887704335756656e-82
2.218086451408899e-25	1.1682403422168156e-108	6.612484847901896e-83
1.7753806625013463e-25	4.452248984318074e-109	3.14846534795197e-83
1.4210341056732149e-25	1.6967844973361169e-109	1.4991087730657874e-83
1.1374112448884138e-25	6.466569233978164e-110	7.137849285667582e-84
9.103964041635153e-26	2.4644566073937603e-110	3.3986121180994082e-84
7.286912420099825e-26	9.392223526833536e-111	1.618213535621305e-84
5.832524422918087e-26	3.579444755219053e-111	7.704954127958567e-85
4.668416358360724e-26	1.3641524521919821e-111	3.668633144336689e-85
3.736651527659808e-26	5.198884296532506e-112	1.746781216891116e-85
2.9908567632697646e-26	1.9813326498297037e-112	8.317115665800085e-86
2.3939144745452657e-26	7.551002956344887e-113	3.960107443873957e-86
1.9161153358518213e-26	2.877742192944226e-113	1.885563649368499e-86
1.5336796779191344e-26	1.0967284977809231e-113	8.977913670801433e-87
1.2275739933037314e-26	4.1797121395860645e-114	4.2747394874396465e-87
9.825636544133204e-27	1.5929187219217165e-114	2.0353723989244553e-87
7.864546986498337e-27	6.070729203135992e-115	9.691212328788682e-88
6.294869449427254e-27	2.313599090187561e-115	4.614369166610264e-88
5.0384823758266635e-27	8.817294547336441e-116	2.197083510647308e-88
4.032856416716586e-27	3.360335136031985e-116	1.046118283662242e-88
3.2279423970762064e-27	1.2806481813474392e-116	4.980982553048298e-89
2.5836804096599545e-27	4.880643441788219e-117	2.371642631741056e-89
2.068006066436332e-27	1.860048743504819e-117	1.1292327794341302e-89
1.6552546804271094e-27	7.088781160678734e-118	5.376723512565691e-90
1.3248839553924999e-27	2.701586101948492e-118	2.5600705414399503e-90
1.0604516126808636e-27	1.0295941292032253e-118	1.218950753527066e-90
8.487970725740214e-28	3.923858174000774e-119	5.803906241929053e-91
6.793864630832953e-28	1.4954109131903982e-119	2.763469120276898e-91
5.437883578239813e-28	5.69911984614075e-120	1.315796854806829e-91
4.352541508744304e-28	2.1719760591676224e-120	6.265028801718857e-92
3.483821842223832e-28	8.277558866904388e-121	2.9830277936124992e-92
2.7884891169842854e-28	3.1546379393024256e-121	1.4203374156912574e-92
2.231937196471662e-28	1.2022554823349705e-121	6.762787724379407e-93
1.7864669503825268e-28	4.581883159384412e-122	3.2200304871049323e-93
1.4299076917819387e-28	1.7461890251045044e-122	1.5331837639243226e-93
1.1445137602905804e-28	6.654853485624642e-123	7.300093782883962e-94
9.160813351958991e-29	2.536213106280404e-123	3.4758631347945527e-94
7.332415230038262e-29	9.665692767486574e-124	1.6549957974719156e-94
5.868945369812588e-29	3.6836658735061805e-124	7.880089012226299e-95
4.697568082715479e-29	1.403871879031655e-124	3.7520217837086916e-95
3.7599848867654133e-29	5.350257923528695e-125	1.7864858434444638e-95
3.009533039174601e-29	2.039022240977314e-125	8.506165083276257e-96
2.4088631701057678e-29	7.770862187627112e-126	4.050121342380368e-96
1.92808043532343e-29	2.96153214641491e-126	1.9284228236124186e-96
1.5432566744394034e-29	1.128661458983754e-126	9.181983136445099e-97
1.2352395260949028e-29	4.30141097923732e-127	4.371905024440162e-97
9.886992307235093e-30	1.6392990355994507e-127	2.0816367508735325e-97
7.913656810542806e-30	6.24748795474031e-128	9.91149519114313e-98
6.334177489874466e-30	2.38096313711016e-128	4.719254542505034e-98
5.069944961447018e-30	9.074023833813209e-129	2.24702358296617e-98
4.058039414460966e-30	3.4581765359267994e-129	1.0698967256226863e-98
3.248099143983339e-30	1.3179362510676937e-129	5.094201111975508e-99
2.5998140904076663e-30	5.022750989815673e-130	2.4255504618119977e-99
2.0809196410160173e-30	1.9142069645065497e-130	1.1549004276580043e-99
1.6655908468005974e-30	7.295182083274745e-131	5.498937329088733e-100
1.3331571360398238e-30	2.7802469960113213e-131	2.618261369126436e-100
1.0670735569830386e-30	1.0595723685295797e-131	1.2466577061709992e-100
8.54097349240323e-31	4.03810742629002e-132	5.935829992687361e-101
6.83628862514247e-31	1.538952134896428e-132	2.8262832313695197e-101
5.471840207421395e-31	5.865058611573883e-133	1.3457051353831204e-101
4.379720766240972e-31	2.2352165305980754e-133	6.407433944682862e-102
3.505576417276611e-31	8.518572907011709e-134	3.0508325097374177e-102
2.8059017168606816e-31	3.2464901444092956e-134	1.4526219205419204e-102
2.245874431913856e-31	1.2372610263241837e-134	6.916507010148886e-103
1.7976224661096453e-31	4.7152918356981696e-135	3.2932223137313027e-103
1.4388366886159332e-31	1.7970320427741434e-135	1.5680332849723073e-103
1.15166062704347e-31	6.848619926997291e-136	7.466026124410789e-104
9.218017655346239e-32	2.6100589075783847e-136	3.5548700799019594e-104
7.378202180308423e-32	9.947124491716546e-137	1.6926141262303005e-104
5.905593745737214e-32	3.7909215522460637e-137	8.059204741438473e-105
4.726901843754114e-32	1.4447477989494557e-137	3.837305860673589e-105
3.783463950024354e-32	5.506039029830638e-138	1.827092962739602e-105
3.0283259382778304e-32	2.098391554571867e-138	8.699511625342759e-106
2.423905212150171e-32	7.997122963427265e-139	4.1421812717178053e-106
1.9401202503420023e-32	3.0477617751003646e-139	1.9722561939899394e-106
1.5528934741008823e-32	1.1615241981701475e-139	9.390691134863208e-107
1.2429529259745698e-32	4.426653270465589e-140	4.47127915019991e-107
9.948731203750162e-33	1.687029784467155e-140	2.1289526992097854e-107
7.963073298762822e-33	6.429393313156309e-141	1.013678511946629e-107
6.373730987682818e-33	2.4502885933525645e-141	4.826523980376504e-108
5.1016040138246375e-33	9.338228193985315e-142	2.298098801405388e-108
4.083379666347289e-33	3.558866740820474e-142	1.0942156555096833e-108
3.268381758826107e-33	1.3563100211104198e-142	5.2099931475108e-109
2.6160485172281093e-33	5.1689962208038305e-143	2.4806836257945765e-109
2.0939138538545204e-33	1.9699420866041857e-143	1.1811515057798966e-109
1.6759915569186595e-33	7.507592690735165e-144	5.623929085915794e-110
1.3414819782064404e-33	2.861198224722487e-144	2.6777748839701804e-110
1.0737368517304542e-33	1.0904234710625292e-144	1.2749944424403925e-110
8.594307232553865e-34	4.1556832237982375e-145	6.070752392164083e-111
6.878977534252468e-34	1.583761127200444e-145	2.8905251176174366e-111
5.506008877307561e-34	6.035828943041213e-146	1.3762932361335992e-111
4.407069743437402e-34	2.300298347014752e-146	6.553075980147189e-112
3.5274668378338846e-34	8.766604446899199e-147	3.1201784382971062e-112
2.823423048965081e-34	3.341016769765124e-147	1.4856402575383385e-112
2.2598986978209204e-34	1.2732858113382756e-147	7.073720360759753e-113
1.8088476419729952e-34	4.8525849137517086e-148	3.3680778027069455e-113
1.4478214421850777e-34	1.8493554342226747e-148	1.6036749414093108e-113
1.1588521220971766e-34	7.0480281806026605e-149	7.635730135560427e-114
9.275579168535746e-35	2.686054844586901e-149	3.63567286596545e-114
7.42427504521234e-35	1.023675053965495e-149	1.731087525835836e-114
5.942470970862727e-35	3.901300147400459e-150	8.24239180086043e-115
4.756418778196842e-35	1.486813885045583e-150	3.924528458841999e-115
3.807089627279924e-35	5.6663559460743676e-151	1.8686230885861233e-115
3.047236188827981e-35	2.159489498352915e-151	8.897252966353685e-116
2.439041183576563e-35	8.229971674700932e-152	4.236333738506141e-116
1.9522352474655456e-35	3.1365021139505655e-152	2.0170859041406289e-116
1.5625904503417026e-35	1.195343787276626e-152	9.60414310067446e-117
1.2507144918466992e-35	4.555542186391613e-153	4.572912066307413e-117
1.0010855626138465e-35	1.7361502885521792e-153	2.1773441468933767e-117
8.012798366109587e-36	6.616595129870451e-154	1.0367195925197447e-117
6.413531475600208e-36	2.521632568407087e-154	4.936231670348515e-118
5.133460759787703e-36	9.61012527628515e-155	2.350334968024407e-118
4.1088781543422534e-36	3.6624886981149266e-155	1.119087358703379e-118
3.2887910275814024e-36	1.3958011033342913e-155	5.32841715520398e-119
2.6323843192257855e-36	5.319499609847231e-156	2.537069975731677e-119
2.106989208493968e-36	2.027300023733235e-156	1.2079992752580809e-119
1.6864572138219232e-36	7.726187964410446e-157	5.751761926090373e-120
1.349858804490477e-36	2.9445064747483945e-157	2.7386411508694765e-120
1.0804417551341812e-36	1.122172851576075e-157	1.3039752774214257e-120
8.647974012941776e-37	4.276682424079177e-158	6.20874160014155e-121
6.921933012411978e-37	1.6298748032212415e-158	2.956227232586553e-121
5.5403909119773336e-37	6.211571519125496e-159	1.4075766094834917e-121
4.43458950014093e-37	2.3672751220495824e-159	6.702028483214825e-122
3.5494939521770395e-37	9.021857812020859e-160	3.1911006113056335e-122
2.8410537922711873e-37	3.4382956852877787e-160	1.5194091068068027e-122
2.2740105376508357e-37	1.3103595141697876e-160	7.234507196884915e-123
1.8201429129622904e-37	4.99387549396168e-161	3.444634769352779e-123
1.4568623006598995e-37	1.903202302842181e-161	1.6401267386040074e-123
1.1660885241311973e-37	7.253242516605634e-162	7.809291547008485e-124
9.333500122108703e-38	2.7642635218615606e-162	3.7183123127475827e-124
7.470635610131595e-38	1.0534809501820411e-162	1.770435432190589e-124
5.97957847422807e-38	4.0148925875527944e-163	8.429742732502573e-125
4.786120029862075e-38	1.5301047908650798e-163	4.0137336411221464e-125
3.830862834056894e-38	5.83134073944259e-164	1.9110972010759084e-125
3.0662645236210954e-38	2.2223664040851486e-164	9.09948900081739e-126
2.454271670922914e-38	8.469600139467171e-165	4.3326263064684315e-126
1.964425896165468e-38	3.227826266208885e-165	2.062934601032657e-126
1.5723479789319166e-38	1.2301480864813825e-165	9.822446865043923e-127
1.2585245244817511e-38	4.6881839041825226e-166	4.6768551154416305e-127
1.007336798179966e-38	1.7867010127458122e-166	2.226835540202715e-127
8.062833939492132e-39	6.80924761952902e-167	1.060284400672879e-127
6.4535804959457e-39	2.5950538345980052e-167	5.048433034295413e-128
5.1655164338252696e-39	9.889939066318772e-168	2.403758471367759e-128
4.134535866544406e-39	3.7691277703550953e-168	1.1445243998326466e-128
3.3093277411341106e-39	1.4364420300265656e-168	5.449532960218399e-129
2.6488221294336106e-39	5.474385139860748e-169	2.5947379967477403e-129
2.1201462116208315e-39	2.0863280266850684e-169	1.2354572989859767e-129
1.6969882230677828e-39	7.951147980506051e-170	5.882500427907813e-130
1.3582879395045092e-39	3.03024037444178e-170	2.8008909181027377e-130
1.0871885270176756e-39	1.1548466648350135e-170	1.3336148515845617e-130
8.701975913222334e-40	4.40120470484536e-171	6.349867325685246e-131
6.9651567241999165e-40	1.6773311508606474e-171	3.0234227675177055e-131
5.5749876437778885e-40	6.392431114485862e-172	1.4395710590942085e-131
4.462281102776812e-40	2.4362020303790252e-172	6.85436670136303e-132
3.571658613884517e-40	9.284543277085025e-173	3.2636348570605485e-132
2.858794629992524e-40	3.538407028199271e-173	1.5539455276156374e-132
2.288210498255179e-40	1.348512675697375e-173	7.398948744442343e-133
1.8315087167835164e-40	5.13927996983981e-174	3.5229318885382295e-133
1.4659596143850574e-40	1.958617007047248e-174	1.6774070911900817e-133
1.1733701135652318e-40	7.464431988153182e-175	7.986798038103023e-134
9.391782760575061e-41	2.8447493667872753e-175	3.802830167850877e-134
7.517285671596516e-41	1.0841546915666706e-175	1.8106777229778982e-134
6.016917693795781e-41	4.131792448814053e-176	8.62135218187054e-135
4.816006749710751e-41	1.5746561789450132e-176	4.104966471979464e-135
3.8547844915969925e-41	6.001129322460067e-177	1.9545367571818048e-135
3.085411680029131e-41	2.2870740690211086e-177	9.306321893860958e-136
2.4695972643898074e-41	8.71620576082591e-178	4.4311076204590335e-136
1.976692668844773e-41	3.321809463633667e-178	2.1098254464035277e-136
1.582166437988057e-41	1.265965767155159e-178	1.0045712710156906e-136
1.2663833265283353e-41	4.824687692519303e-179	4.78316080730911e-137
1.013627069316634e-41	1.8387236001377823e-179	2.277451881084164e-137
8.113181957851996e-42	7.007509486978304e-180	1.0843848408207202e-137
6.49387960066932e-42	2.670612875497508e-180	5.163184753839914e-138
5.19777227813512e-42	1.0177900071382597e-180	2.4583962997959628e-138
4.1603537972224405e-42	3.878871805549585e-181	1.1705396291224539e-138
3.329992695307771e-42	1.478266280702797e-181	5.5734017475532736e-139
2.6653625848374518e-42	5.633780403715245e-182	2.6537168214387985e-139
2.1333853730855673e-42	2.147074722031563e-182	1.2635394481438151e-139
1.707584992746122e-42	8.182658058427082e-183	6.016210637538806e-140
1.3667697098881453e-42	3.1184705503769326e-183	2.8645556328618437e-140
1.0939774288268544e-42	1.18847182714092e-183	1.3639281381805816e-140
8.756315026037258e-43	4.529352646081428e-184	6.494200862359266e-141
7.0086503445896086e-43	1.7261692640975255e-184	3.092145668094135e-141
5.6098004133761985e-43	6.578556719121545e-185	1.4722927478470062e-141
4.490145624429561e-43	2.5071358531763396e-185	7.010167592456705e-142
3.5939616818649e-43	9.55487723927628e-186	3.337817818242549e-142
2.876646249608917e-43	3.6414332690418685e-186	1.5892669669931655e-142
2.3024991299003258e-43	1.3877767260450238e-186	7.567128075628592e-143
1.842945493875899e-43	5.288918123876516e-187	3.6030087142189194e-143
1.4751137358929267e-43	2.0156451968169098e-187	1.7155348323688969e-143
1.180697172570049e-43	7.681770570638423e-188	8.168339281158226e-144
9.450429342460524e-44	2.9275786826527813e-188	3.889269127807781e-144
7.564227037355777e-44	1.1157215467853646e-188	1.8518347277041433e-144
6.054490076507672e-44	4.252096031909684e-189	8.817316945778004e-145
4.846080095890934e-44	1.6205047501928583e-189	4.198273040202151e-145
3.8788555268945976e-44	6.175861564956764e-190	1.9989637015972107e-145
3.1046784000285303e-44	2.353665798571153e-190	9.517856132841749e-146
2.4850185578633026e-44	8.9699916895763e-191	4.531827431037914e-146
1.9890360408563604e-44	3.418529128473271e-191	2.1577821284608803e-146
1.5920462079877852e-44	1.302826335480387e-191	1.027405342493107e-146
1.2742912025249343e-44	4.9651660016110506e-192	4.89188284517074e-147
1.0199566197797831e-44	1.8922609063213396e-192	2.3292187397824752e-147
8.16384437223834e-45	7.211544058003784e-193	1.1090330879672788e-147
6.534430351412154e-45	2.7483719357513417e-193	5.2805447989874166e-148
5.230229542671861e-45	1.0474245510352553e-193	2.5142760551194452e-148
4.1863329468537e-45	3.9918112095388023e-194	1.1971461888855121e-148
3.350786690895395e-45	1.5213083096868612e-194	5.7000860929529935e-149
2.682006326400797e-45	5.797816709347053e-195	2.714036244589621e-149
2.146707205922364e-45	2.2095901521830893e-195	1.2922599092060553e-149
1.7182479334951183e-45	8.420908913442227e-196	6.152960102394457e-150
1.3753044443206743e-45	3.2092696855310267e-196	2.929667457138552e-150
1.1008087236402157e-45	1.2230760385054807e-196	1.3949304508047388e-150
8.810993457095631e-46	4.6612318145482884e-197	6.641815124242233e-151
7.052415559013639e-46	1.776429375192912e-197	3.1624306515900885e-151
5.644830569810948e-46	6.770101661107997e-198	1.5057582060081089e-151
4.5181841448845e-46	2.580135024887204e-198	7.169509863625763e-152
3.616404020390176e-46	9.833082396520747e-199	3.4136869704265324e-152
2.894609342893119e-46	3.7474592796163136e-199	1.625391268541556e-152
2.316876986288757e-46	1.4281840104738095e-199	7.739130150885007e-153
1.8544536874289622e-46	5.442913226216274e-200	3.684905699418436e-153
1.4843250199172502e-46	2.0743338513005522e-200	1.7545292234236044e-153
1.188069985078418e-46	7.905437305019433e-201	8.354006986754846e-154
9.50944214039404e-47	3.0128197032705045e-201	3.977672859650007e-154
7.611461526446462e-47	1.1482075202407363e-201	1.8939272379687535e-154
6.092297078340925e-47	4.375902441510987e-202	9.017736021246263e-155
4.8763412337826855e-47	1.667688274120263e-202	4.293700482184206e-155
3.9030768727326633e-47	6.355681409290943e-203	2.04440047782204e-155
3.1240654302289737e-47	2.4221964502158214e-203	9.734198580132068e-156
2.5005361489379576e-47	9.231166991569937e-204	4.634836619603515e-156
2.0014564905214524e-47	3.518064937245598e-204	2.2068288738492416e-156
1.6019876717846398e-47	1.3407601567580325e-204	1.0507584361994886e-156
1.2822484589117093e-47	5.109734555830143e-205	5.003076152971432e-157
1.0263256948474715e-47	1.9473570346971932e-205	2.382162267758304e-157
8.214823145883574e-48	7.421519413875998e-206	1.1342415938564245e-157
6.575234319566911e-48	2.8283950723552304e-206	5.400572457411166e-158
5.262889485195408e-48	1.0779219509102278e-206	2.5714259665423646e-158
4.2124743221629807e-48	4.1080390204702696e-207	1.2243575201614815e-158
3.371710533690526e-48	1.5656035744940316e-207	5.829649994519005e-159
2.6987539990896126e-48	5.966629187927959e-208	2.775726738225381e-159
2.1601122263690373e-48	2.27392581661288e-208	1.3216331911080726e-159
1.7289774585171668e-48	8.666096813792789e-209	6.292817905249717e-160
1.3838924735338146e-48	3.302712579159525e-209	2.996259283972031e-160
1.1076826761790448e-48	1.2586878054694414e-209	1.426637451132845e-160
8.866013325255583e-49	4.7969508507478094e-210	6.7927846827618554e-161
7.096454063429238e-49	1.828152887832899e-210	3.234313224409208e-161
5.6800794705448545e-49	6.967223732906817e-211	1.5399843395794312e-161
4.54639775066964e-49	2.6552596813673595e-211	7.33247401102623e-162
3.638986499129252e-49	1.011938793094214e-211	3.4912806410134236e-162
2.91268460593764e-49	3.856572402898246e-212	1.662336681451007e-162
2.3313446245805303e-49	1.4697678160275473e-212	7.91504186181784e-163
1.8660337433997136e-49	5.601392136206141e-213	3.7686642166642944e-163
1.4935938234068954e-49	2.1347313175187898e-213	1.794409963449511e-163
1.1954888367961172e-49	8.13561644531112e-214	8.543894950070314e-164
9.568823441195922e-50	3.1005426491867714e-214	4.068086022968125e-164
7.658990969264559e-50	1.1816393734941484e-214	1.9369765179676537e-164
6.130340164364518e-50	4.503313667876384e-215	9.222710655515297e-165
4.906791336043244e-50	1.716245619957135e-215	4.39129700573767e-165
3.9274494677188713e-50	6.5407369889272e-216	2.0908700395006816e-165
3.14357352190232e-50	2.492722478696783e-216	9.955458527103653e-166
2.516150638939988e-50	9.49994681993686e-217	4.740187224096886e-166
2.013954499148129e-50	3.620498886374684e-217	2.2569904598887794e-166
1.6119912146228747e-50	1.3797984804221718e-217	1.074642349596115e-166
1.2902554040423762e-50	5.25851244904459e-218	5.116796903086457e-167
1.0327345413293866e-50	2.0040573728053657e-218	2.4363092108993333e-167
8.266120254279439e-51	7.637608529813885e-219	1.1600230932622261e-167
6.616293086338785e-51	2.910748207424254e-219	5.523328364403024e-168
5.2957533713196986e-51	1.109307330161103e-219	2.6298749049233593e-168
4.238778936161525e-51	4.2276509854422956e-220	1.252187369507077e-168
3.3927650345184405e-51	1.6111885650404511e-220	5.96215890504019e-169
2.715606251897323e-51	6.1403569051846e-221	2.8388194670054237e-169
2.1736009538870238e-51	2.3401347142816635e-221	1.3516741325757462e-169
1.7397739835948844e-51	8.91842374237608e-222	6.4358546991424616e-170
1.3925341303245205e-51	3.3988762084148963e-222	3.064364754065674e-170
1.1145995528176664e-51	1.295336464585949e-222	1.4590651568331997e-170
8.92137676260635e-52	4.936621558419543e-223	6.947185804366764e-171
7.140767564383955e-52	1.8813824112364883e-223	3.3078297000215833e-171
5.715548481517247e-52	7.1700853213532985e-224	1.5749884388391157e-171
4.574787535097758e-52	2.732571709421804e-224	7.499142360505106e-172
3.661709993181637e-52	1.0414029697659255e-224	3.5706380285923276e-172
2.9308727391816993e-52	3.968862524990306e-225	1.7001218697188418e-172
2.3459026054148616e-52	1.5125623989542627e-225	8.09495207509397e-173
1.8776861105299128e-52	5.764485406900968e-226	3.854326578888424e-173
1.502920505539678e-52	2.1968873501911655e-226	1.8351971993056297e-173
1.2029540152130008e-52	8.372497610371476e-227	8.738099098262017e-174
9.628575545966406e-53	3.190819785528664e-227	4.160554292472608e-174
7.706817207635875e-53	1.2160446473115747e-227	1.9810043152354724e-174
6.168620808795974e-53	4.634434670869783e-228	9.43234439719164e-175
4.937431582652447e-53	1.7662167886716438e-228	4.491111914446143e-175
3.9519742563219932e-53	6.731180750467042e-229	2.1383958620176633e-175
3.163203431011705e-53	2.5653019825235843e-229	1.0181747749339238e-175
2.5318626329505575e-53	9.776552592326128e-230	4.847932465290112e-176
2.0265305510499765e-53	3.725915359738354e-230	2.3082922270922593e-176
1.6220572241523816e-53	1.419973465782906e-230	1.0990691483025206e-176
1.2983123481961485e-53	5.411622242726176e-231	5.233102544698503e-177
1.0391834075764054e-53	2.0624086297149193e-231	2.4916869230317152e-177
8.317737685253523e-54	7.859989417479744e-232	1.1863906104222823e-177
6.65760824280673e-54	2.9954991824987232e-232	5.648874533505106e-178
5.328822474561738e-54	1.1416065436927346e-232	2.689652397360479e-178
4.2652478081862763e-54	4.350745639379345e-233	1.28064979594053e-178
3.413951009267585e-54	1.6581008337031007e-233	6.0976797650581796e-179
2.7325637378699646e-54	6.319142975959219e-234	2.903346303966974e-179
2.1871739111815164e-54	2.4082713872975995e-234	1.3823979096216545e-179
1.7506379271072277e-54	9.178097563136596e-235	6.582142743065824e-180
1.401229749567886e-54	3.497839791759498e-235	3.1340182727816413e-180
1.1215596215937682e-54	1.3330522065876667e-235	1.492229949658355e-180
8.977085914550908e-55	5.080358996643351e-236	7.10509648905459e-181
7.185357779081808e-55	1.9361617952565661e-236	3.3830172173084835e-181
5.75123897719701e-55	7.378853541428767e-237	1.6107881870761883e-181
4.6033545983087966e-55	2.8121347977864053e-237	7.669599109189514e-182
3.684575383111372e-55	1.0717250419080605e-237	3.65179922274277e-182
2.94917444743839e-55	4.084422149169235e-238	1.7387659215781284e-182
2.3605514929318613e-55	1.5566030129260865e-238	8.278951677334308e-183
1.889411240363477e-55	5.93232739261148e-239	3.941936060802695e-183
1.5123054277362878e-55	2.2608531527235065e-239	1.876911535792408e-183
1.2104658096141425e-55	8.616275940107368e-240	8.936717538927485e-184
9.68870077017487e-56	3.2837254815351744e-240	4.2551243810676543e-184
7.754942094887436e-56	1.2514516843513545e-240	2.026032871631897e-184
6.207140495058523e-56	4.7693734664252755e-241	9.646743148558797e-185
4.968263160958471e-56	1.8176429459225586e-241	4.59319563257184e-185
3.9766521889085007e-56	6.927169579232614e-242	2.18700195435689e-185
3.1829559182408504e-56	2.639994751834511e-242	1.0413180563099054e-185
2.5476727398292385e-56	1.006121217330707e-242	4.958126773672234e-186
2.0391851335648563e-56	3.834401198182683e-243	2.3607600919664943e-186
1.632186090443718e-56	1.4613182085188164e-243	1.1240511721917654e-186
1.3064196035897685e-56	5.5691900669151204e-244	5.352051832819674e-187
1.0456725434902246e-56	2.1224588745023265e-244	2.548323379738589e-187
8.369677439046343e-57	8.088845271623121e-245	1.213357465617263e-187
6.699181389985137e-57	3.0827178144312272e-245	5.77727438783759e-188
5.362098076390956e-57	1.1748461992158642e-245	2.7507886421075918e-188
4.2918819639393873e-57	4.477424386203919e-246	1.3097591780438815e-188
3.43526927892118e-57	1.706379026255e-246	6.236281036684193e-189
2.74962711413149e-57	6.503134682105943e-247	2.9693398466266664e-189
2.2008316242217157e-57	2.478391965847408e-247	1.4138200432116557e-189
1.7615697100456974e-57	9.445332192301833e-248	6.731755938471824e-190
1.4099796682301157e-57	3.5996848542247976e-248	3.205255027521672e-190
1.1285631522187876e-57	1.3718661012575347e-248	1.5261485837208146e-190
9.03314293988911e-58	5.228281574623694e-249	7.266596509775848e-191
7.230226435449812e-58	1.9925361665028963e-249	3.459913759324114e-191
5.787152340635833e-58	7.59370037392795e-250	1.6474016695237686e-191
4.6321000473124486e-58	2.894014489593942e-250	7.843930368021253e-192
3.7075835549811324e-58	1.102929988485631e-250	3.734805224287065e-192
2.967590439921972e-58	4.2033464720889975e-251	1.7782883591406405e-192
2.3752918547943813e-58	1.6019259380808113e-251	8.467133621027755e-193
1.9012095872639625e-58	6.105056359583754e-252	4.031536920760364e-193
1.5217489536742874e-58	2.326681419388679e-252	1.9195740460608332e-193
1.2180245110910416e-58	8.86715225622849e-253	9.13985060966624e-194
9.749201443749532e-59	3.379336271821718e-253	4.3518440634495324e-194
7.803367495919273e-59	1.2878896525125419e-253	2.0720849345777778e-194
6.245900715838549e-59	4.9082412155293795e-254	9.866015219076763e-195
4.999287265723833e-59	1.8705664559710196e-254	4.697599730528834e-195
4.0014842217793795e-59	7.128864928506967e-255	2.2367128712304576e-195
3.20283174902353e-59	2.7168623176510107e-255	1.0649873883070908e-195
2.563581572237598e-59	1.0354160062081489e-255	5.070825816946343e-196
2.0519187370737883e-59	3.946045771060476e-256	2.4144205601048003e-196
1.6423782060032168e-59	1.503866767940805e-256	1.1496010416242743e-196
1.3145774843895992e-59	5.731345724124558e-257	5.473704857973259e-197
1.0522022005330377e-59	2.1842575758502175e-257	2.6062471924927506e-197
8.421941528388816e-60	8.324364620994523e-258	1.2409372819000333e-197
6.741014138885854e-60	3.172475952900944e-258	5.908592792138714e-198
5.395581466278863e-60	1.2090536791662454e-258	2.813314523829895e-198
4.31868243552796e-60	4.607791582371931e-259	1.3395302212267291e-198
3.456720669589045e-60	1.756062913701142e-259	6.378032738184603e-199
2.7667970419092363e-60	6.69248359381987e-260	3.036833433448099e-199
2.2145746222612168e-60	2.550554214435774e-260	1.445956407105736e-199
1.7725697560306614e-60	9.720347774604018e-261	6.884769866604744e-200
1.418784225381586e-60	3.704495294570753e-261	3.2781110055029856e-200
1.1356104160883629e-60	1.4118101230237005e-261	1.5608381939568364e-200
9.08955001090134e-61	5.380511149233766e-262	7.431767452733443e-201
7.275375272204954e-61	2.0505519655168868e-262	3.538558172483796e-201
5.8232899635218087e-61	7.814802807134713e-263	1.684847382495321e-201
4.661024996031095e-61	2.978278236367753e-263	8.022224205258093e-202
3.730735400386577e-61	1.1350435157651835e-263	3.8196979660030177e-202
2.9861214302753635e-61	4.325733462202652e-264	1.8187091482589885e-202
2.3901242622100227e-61	1.648568510909043e-264	8.659592971488683e-203
1.9130816084321843e-61	6.28281459990134e-265	4.123174423114391e-203
1.5312514493022102e-61	2.394426378735518e-265	1.9632062822581023e-203
1.2256304125529081e-61	9.125333227681926e-266	9.347600928768059e-204
9.810079911167753e-62	3.477730919428442e-266	4.450762200241267e-204
7.852095287276716e-62	1.3253885689630798e-266	2.11918376854661e-204
6.284902973143468e-62	5.051152315794183e-267	1.0090271380097472e-204
5.030505099171701e-62	1.92503091657973e-267	4.804376950935241e-205
4.02647131720721e-62	7.336432952537383e-268	2.287553725483133e-205
3.222831693573242e-62	2.7959680025662155e-268	1.089194728143282e-205
2.579589746662948e-62	1.0655637585661258e-268	5.186086528151645e-206
2.064731855019964e-62	4.060941049852658e-269	2.4693007395770203e-206
1.6526339657882063e-62	1.5476541950497476e-269	1.175731663823355e-206
1.3227863067238072e-62	5.898222796270306e-270	5.5981230765501e-207
1.0587726317372876e-62	2.2478556427990987e-270	2.6654876231105068e-207
8.474531978580292e-63	8.566741483653143e-271	1.2691439919777033e-207
6.783108110580635e-63	3.264847539602558e-271	6.042896085532951e-208
5.429273941749028e-63	1.244257163261968e-271	2.8772616292061364e-208
4.345650261504055e-63	4.741954622840317e-272	1.3699779651550665e-208
3.4783060125396096e-63	1.807193425041379e-272	6.523006479352575e-209
2.7840741865595486e-63	6.887345694498796e-273	3.105861160683669e-209
2.2284034378585173e-63	2.62481757947105e-273	1.478823235877076e-209
1.7836384913277682e-63	1.0003370864632682e-273	7.041261826683061e-210
1.4276437622099847e-63	3.812357454400603e-274	3.3526230119382064e-210
1.1427016862928518e-63	1.4529171772996666e-274	1.596316304782618e-210
9.146309313432694e-64	5.5371731253997216e-275	7.600692758598175e-211
7.320806038921566e-64	2.11025698502876e-275	3.6189901861883037e-211
5.8596532462333754e-64	8.04234298262293e-276	1.7231442427285803e-211
4.690130565342958e-64	3.064995453587508e-276	8.204570690963894e-212
3.754031816490897e-64	1.1680920784913188e-276	3.906520333807412e-212
3.004768136597799e-64	4.4516839404675935e-277	1.8600487086129163e-212
2.4050492899532678e-64	1.6965691550115555e-277	8.856426954881793e-213
1.925027763923924e-64	6.465748548703771e-278	4.216894861083968e-213
1.540813282853737e-64	2.4641438382616464e-278	2.007830286415287e-213
1.2332838087380091e-64	9.391031540903535e-279	9.560073447053438e-214
9.871338531546857e-65	3.578990480704265e-279	4.551928762675941e-214
7.901127357223087e-65	1.3639793248675797e-279	2.1673531668172247e-214
6.3241487783599e-65	5.198224495696688e-280	1.0319624920824072e-214
5.06191787103246e-65	1.9810811949282628e-280	4.913581235257634e-215
4.051614443473426e-65	7.55004464341125e-281	2.3395502007788067e-215
3.242956526913041e-65	2.877376972909334e-281	1.1139523048258228e-215
2.595697883442218e-65	1.0965893097670672e-281	5.303967134424757e-216
2.077624983927846e-65	4.179181683933298e-282	2.5254283546239155e-216
1.6629537672222986e-65	1.5927165614110829e-282	1.202456239395639e-216
1.3310463886945997e-65	6.069958754714025e-283	5.725369341854976e-217
1.0653840917154622e-65	2.313305466685598e-283	2.726074598534099e-217
8.527450827566984e-66	8.816175526796624e-284	1.2979918452501271e-217
6.82546493626393e-66	3.359908669158537e-284	6.180252115044078e-218
5.463176808427326e-66	1.2804856517175723e-284	2.942662262885512e-218
4.3727864869049093e-66	4.88002402953772e-285	1.40111779134899e-218
3.5000261442321104e-66	1.859812680987244e-285	6.671275497683746e-219
2.8014592175935534e-66	7.087881509240477e-286	3.1764578995992477e-219
2.2423186068976464e-66	2.701243238236509e-286	1.5124371331133985e-219
1.794776344864458e-66	1.0294634613467682e-286	7.201310874949327e-220
1.4365586220335284e-66	3.9233601892880636e-287	3.428828688628553e-220
1.1498372376279123e-66	1.4952211275913873e-287	1.632600838947247e-220
9.203423046977684e-67	5.698396559407791e-288	7.773457764661155e-221
7.36652049609911e-67	2.1717004093286455e-288	3.701250432894289e-221
5.896243597893568e-67	8.276508345302573e-289	1.7623115969418686e-221
4.71941788312553e-67	3.154237577872872e-289	8.391061942510014e-222
3.777473706059575e-67	1.202102901679803e-289	3.9953161884210474e-222
3.023531281472647e-67	4.581301663400711e-290	1.9023279240248834e-222
2.4200675163877502e-67	1.745967412752212e-290	9.05773500733867e-223
1.9370485166677634e-67	6.65400890481815e-291	4.312745580140858e-223
1.5504348248619693e-67	2.5358912303870618e-291	2.053468601582489e-223
1.2409849962250925e-67	9.66446607502662e-292	9.777375500892453e-224
9.9329796787356e-68	3.6831983720801868e-292	4.655394857841063e-224
7.950465605812893e-68	1.4036937108351082e-292	2.2166174634936316e-224
6.3636396523122595e-68	5.349578911562195e-293	1.0554191705542087e-224
5.0935267985906085e-68	2.0387634645741264e-293	5.0252677510610704e-225
4.076914574905859e-68	7.769875971917361e-294	2.3927285645753128e-225
3.2632070289055826e-68	2.961156292428929e-294	1.1392726253294242e-225
2.611906606786012e-68	1.1285182182937297e-294	5.4245271864147754e-226
2.0905986234224326e-68	4.300865078540668e-295	2.5828317596628395e-226
1.673338010210809e-68	1.6390909888701623e-295	1.2297882689997372e-226
1.3393580503905652e-68	6.246695073510573e-296	5.855507935858719e-227
1.0720368366699694e-68	2.3806609643018584e-296	2.7880387259501306e-227
8.580700126020985e-69	9.072872231244603e-297	1.3274954150083788e-227
6.868086257316114e-69	3.4577376518050036e-297	6.320730269869966e-228
5.497291380092577e-69	1.317768989134093e-297	3.009549463807246e-228
4.400092163293461e-69	5.022113542411164e-298	1.4329654309530943e-228
3.52188190634903e-69	1.9139640286604976e-298	6.822914695374155e-229
2.8189528087031166e-69	7.294256237081327e-299	3.24865931409035e-229
2.256320668608946e-69	2.779894149287465e-299	1.5468150798047214e-229
1.805983748246595e-69	1.0594378960746288e-299	7.364997864607553e-230
1.445529150314272e-69	4.037594941975503e-300	3.5067665329796104e-230
1.1570173466051518e-69	1.5387568233936207e-300	1.669710126586861e-230
9.260893424765468e-70	5.8643142652193085e-301	7.950149747944231e-231
7.412520415230428e-70	2.2349328547840013e-301	3.785380468640866e-231
5.933062436424635e-70	8.517491797834562e-302	1.802369231607618e-231
4.748888084299292e-70	3.24607812583213e-302	8.581792171110913e-232
3.8010619774953825e-70	1.2371040030452042e-302	4.086130387526157e-232
3.042411591995424e-70	4.7146934085517264e-303	1.9455681530100844e-232
2.4351795234886763e-70	1.7968039778324817e-303	9.263618825190612e-233
1.949144332483025e-70	6.847750754903006e-304	4.410775001927218e-233
1.56011644817379e-70	2.609727659766259e-304	2.100144283217064e-233
1.2487342734448832e-70	9.9458620821919e-305	9.999616866428629e-234
9.995005741406148e-71	3.7904404387867187e-305	4.761212754496687e-234
8.000111944965474e-71	1.444564443107913e-305	2.2670015457980483e-234
6.403377125321705e-71	5.505340247371433e-306	1.0794090232151411e-234
5.125333106731949e-71	2.0981252434899928e-306	5.139492919878485e-235
4.102372691916505e-71	7.996108032508564e-307	2.447115681394144e-235
3.283583984283353e-71	3.0473749775392263e-307	1.1651684809143995e-235
2.6282165448027945e-71	1.1613767868039683e-307	5.547827588366898e-236
2.1036532762486102e-71	4.4260914750185127e-308	2.6415399536117425e-236
1.6837870971562444e-71	1.6868156801327766e-308	1.257741560166463e-236
1.3477216138990747e-71	6.42857734595262e-309	5.988604601671984e-237
1.0787311244030637e-71	2.44997762231154e-309	2.8514113082516185e-237
8.634281937419753e-72	9.3370430607113e-310	1.3576696057968506e-237
6.910973725367118e-72	3.5584150779027e-310	6.464401516436434e-238
5.531618978727445e-72	1.35613788908473e-310	3.0779570218911206e-238
4.4275683487990985e-72	5.1683402131236e-311	1.4655369726834971e-238
3.5438741458287045e-72	1.969692077302e-311	6.978000677159177e-239
2.8365556377869486e-72	7.506639887087e-312	3.3225018786987484e-239
2.2704101655899585e-72	2.860835104315e-312	1.5819744429217824e-239
1.8172611357751883e-72	1.09028508323e-312	7.532405486668494e-240
1.454555694671495e-72	4.15515581767e-313	3.5864759174493756e-240
1.164242291462844e-72	1.5835601289e-313	1.7076629144846303e-240
9.31872267384563e-73	6.0350629237e-314	8.130857969290419e-241
7.458807578870367e-73	2.3000064115e-314	3.871422794042794e-241
5.970111188602974e-73	8.76549186e-315	1.8433373829480534e-241
4.778542310871681e-73	3.340592755e-315	8.776857729417546e-242
3.824797544873568e-73	1.27312421e-315	4.179008808427523e-242
3.06140979980196e-73	4.85196906e-316	1.9897912395663025e-242
2.4503858968653693e-73	1.8491207e-316	9.474182416343352e-243
1.9613156800978155e-73	7.047134e-317	4.511032648717148e-243
1.5698585279643028e-73	2.6857137e-317	2.1478809108307312e-243
1.256531940691638e-73	1.023545e-317	1.0226909815035395e-243
1.0057419123146592e-73	3.9008e-318	4.869435909480445e-244
8.050068298539028e-74	1.486624e-318	2.3185308666433746e-244
6.443362737265385e-74	5.6656e-319	1.1039441692028836e-244
5.15733802799099e-74	2.1592e-319	5.256314445713603e-245
4.127989781039467e-74	8.229e-320	2.502739026391819e-245
3.3040881826790443e-74	3.1363e-320	1.1916529535885295e-245
2.6446283295232138e-74	1.1956e-320	5.673930628889912e-246
2.116789448290624e-74	4.56e-321	2.7015825945387864e-246
1.69430143297389e-74	1.74e-321	1.2863302342740944e-246
1.3561374033187499e-74	6.6e-322	6.124726576757235e-247
1.0854672143268287e-74	2.57e-322	2.91622435985153e-247
8.688198338125984e-75	1.0e-322	1.3885296609426996e-247
6.954129002360364e-75	3.5e-323	6.611338434247929e-248
5.56616093456962e-75	1.5e-323	3.147919495107395e-248
4.455216108158623e-75	5.0e-324	1.4988488709554978e-248
3.5660037148981214e-75	0.0	7.136611789012499e-249
2.8542683869768528e-75	0.0	3.3980228970385883e-249
2.2845876438264433e-75	0.0	1.6179329841894386e-249
1.8286089444632134e-75	0.0	7.703618311723271e-250
1.4636386048951647e-75	0.0	3.66799710943834e-250
1.1715123521767064e-75	0.0	1.7464783755412155e-250
9.37691303517444e-76	0.0	8.315673718456503e-251
7.505383780704841e-76	0.0	3.95942087576087e-251
6.007391290114419e-76	0.0	1.885236747158092e-251
4.808381711981348e-76	0.0	8.976357160192625e-252
3.8486813279772745e-76	0.0	4.273998371228681e-252
3.080526641096745e-76	0.0	2.0350195242090186e-252
2.4656872257839557e-76	0.0	9.689532152819624e-253
1.973563031167191e-76	0.0	4.6135691684342815e-253
1.5796614417513754e-76	0.0	2.196702599901432e-253
1.2643783001347884e-76	0.0	1.0459369170033173e-253
1.0120222242554115e-76	0.0	4.9801189947127674e-254
8.10033660240521e-77	0.0	2.3712314574914513e-254
6.483598037636148e-77	0.0	1.1290370031251291e-254
5.189542802598768e-77	0.0	5.375791344191747e-255
4.1537668349692405e-77	0.0	2.5596266992397303e-255
3.324720418656187e-77	0.0	1.2187394227158061e-255
2.661142596924612e-77	0.0	5.802900012423035e-256
2.1300076485916965e-77	0.0	2.762990014644951e-256
1.704881425107509e-77	0.0	1.3155687336821856e-256
1.3646057447720384e-77	0.0	6.263942626895629e-257
1.092245367473239e-77	0.0	2.9825106228557548e-257
8.742451417468159e-78	0.0	1.4200911702564416e-257
6.997553760617225e-78	0.0	6.761615252553094e-258
5.600918586163432e-78	0.0	3.219472226934737e-258
4.483036512757559e-78	0.0	1.5329179541959934e-258
3.5882714711059743e-78	0.0	7.298828157724823e-259
2.872091742664186e-78	0.0	3.475260520641372e-259
2.2988536527135526e-78	0.0	1.6547088690595083e-259
1.8400276140525606e-78	0.0	7.878722832666596e-260
1.4727782329594996e-78	0.0	3.751371291631698e-260
1.1788278104707548e-78	0.0	1.7861761184604915e-260
9.43546676370174e-79	0.0	8.50469036023059e-261
7.552250825620378e-79	0.0	4.0494191684602913e-261
6.044904185609892e-79	0.0	1.9280884908605935e-261
4.838407443942694e-79	0.0	9.180391246092199e-262
3.8727142523332045e-79	0.0	4.371147062534897e-262
3.099762856681478e-79	0.0	2.081275855257332e-262
2.4810841031902207e-79	0.0	9.90977682449584e-263
1.9858868602914453e-79	0.0	4.7184363602379265e-263
1.5895255694102747e-79	0.0	2.2466340140559118e-263
1.272273655830654e-79	0.0	1.069711236469546e-263
1.0183417533328766e-79	0.0	5.093317924815893e-264
8.150918804524157e-80	0.0	2.425129941503556e-264
6.524084585602605e-80	0.0	1.154700201321053e-264
5.221948678530891e-80	0.0	5.497983972373161e-265
4.17970485259915e-80	0.0	2.617807438319446e-265
3.34548149173993e-80	0.0	1.2464415717753752e-265
2.6777599869556642e-80	0.0	5.934800891417905e-266
2.1433083893737503e-80	0.0	2.8257932355871553e-266
1.715527483545133e-80	0.0	1.3454718290275062e-266
1.3731269664178457e-80	0.0	6.406323080925886e-267
1.0990658465042724e-80	0.0	3.0503035836036597e-267
8.79704327782149e-81	0.0	1.45237007790756e-267
7.041249682901819e-81	0.0	6.915307887843645e-268
5.635893280411691e-81	0.0	3.292651364214917e-268
4.511030640671653e-81	0.0	1.5677614333447997e-268
3.6106782773558857e-81	0.0	7.464731731382026e-269
2.8900263955264483e-81	0.0	3.554253768229203e-269
