1.0	1.0	0.9999999999999999
1.0052426266090824	0.9750548725788877	1.0123862634678935
1.0103704923203276	0.9499939417107496	1.0243701635904694
1.0153434355361015	0.9249642360098962	1.0358632867012827
1.0201224588869844	0.9001260943141813	1.0467818696528521
1.0246700230303836	0.875653287156486	1.0570470676292296
1.028950338258535	0.8517327290892265	1.0665852193034793
1.0329296500363434	0.8285636338676021	1.0753281080630457
1.0365765143403887	0.8063559395144116	1.083213216320382
1.0398620585248628	0.785327815826898	1.0901839686313268
1.0427602234109268	0.7657020739819055	1.0961899584528758
1.0452479823923029	0.7477013404438267	1.1011871528691977
1.0473055335746668	0.7315419494837443	1.1051380694748703
1.048916461319385	0.7174266592148824	1.1080119197984808
1.050067864035393	0.7055365010602385	1.1097847141404427
1.0507504456450645	0.6960223068821714	1.1104393234453713
1.0509585688227878	0.6889966721017624	1.1099654947853863
1.0506902688476403	0.6845272401960557	1.10835981814597
1.0499472276983879	0.6826321702997452	1.105625643428445
1.0487347088236185	0.6832784434965443	1.10177294785857
1.0470614538135894	0.6863832982316413	1.096818155266584
1.0449395429567259	0.691818641599247	1.0907839099293395
1.0423842223564892	0.6994178726362585	1.0836988087933888
1.0394137008921214	0.7089842761589485	1.0755970968883957
1.0360489208109496	0.7203000526353532	1.0665183315594244
1.0323133061275174	0.7331351318521828	1.0565070217680517
1.0282324932679865	0.74725512050287	1.0456122491191102
1.0238340485342465	0.762427984295692	1.0338872774520196
1.019147176974268	0.7784293017573773	1.02138915779224
1.014202427140101	0.7950461117624376	1.0081783351937041
1.0090313960048052	0.812079497216247	0.9943182635283938
1.0036664380083926	0.8293461085372716	0.97987503360885
0.9981403818281076	0.8466788468686781	0.9649170191805766
0.9924862580373309	0.8639269143352608	0.9495145443128209
0.9867370403493997	0.8809554108377804	0.9337395745661632
0.9809254026544817	0.8976446236788688	0.9176654330423336
0.9750834935669324	0.9138891238287595	0.9013665410430375
0.9692427297214035	0.929596754023537	0.8849181815978804
0.9634336086012186	0.9446875703268528	0.8683962825870474
0.9576855412625059	0.9590927802960438	0.8518772146061878
0.9520267049397722	0.9727537069069221	0.8354375971328506
0.9464839151881335	0.9856207971215437	0.8191541050026394
0.9410825169375746	0.9976526866320112	0.8031032657564257
0.9358462936058713	1.0088153271723774	0.7873612371703206
0.9307973932384076	1.0190811792763248	0.7720035533521116
0.9259562705126587	1.0284284710134979	0.7571048273402692
0.9213416433592418	1.0368405217173626	0.7427383983651881
0.916970462905422	1.0443051287684362	0.728975913040569
0.9128578954366902	1.050814014936983	0.7158868319615901
0.9090173150918803	1.0563623334903152	0.7035378566800091
0.9054603060524393	1.060948228142914	0.6919922769110599
0.9021966730522475	1.0645724449122107	0.6813092440731419
0.8992344591157315	1.067237992997902	0.6715429846444053
0.8965799695252965	1.0689498519013	0.662741974873309
0.8942378011201594	1.0697147221253538	0.6549481063776976
0.8922108761344917	1.069540816934226	0.6481958791606408
0.8905004798905068	1.068437692795761	0.6425116634903685
0.889106301769422	1.066416116276308	0.6379130739079087
0.8880264789881759	1.0634879653016105	0.6344084965615303
0.8872576428108601	1.0596661628379223	0.6319968048009122
0.8867949669196328	1.054964641182317	0.630667287779347
0.8866322177594603	1.0493983351796317	0.6303998036317813
0.8867618067535585	1.0429832028043637	0.6311651540732057
0.8871748443609675	1.0357362716584813	0.6329256627421462
0.887861196013871	1.0276757100398648	0.6356359270205985
0.8888095400292105	1.0188209213297386	0.6392437037818651
0.8900074276365819	1.009192660530257	0.6436908843739976
0.8914413453014612	0.9988131718532876	0.6489145133021629
0.8930967795493112	0.987706346316256	0.6548478080843907
0.8949582845113447	0.975897898337234	0.6614211437333434
0.897009552416438	0.9634155603337905	0.6685629731496346
0.8992334872453761	0.9502892943114288	0.6762006632787422
0.9016122817433558	0.9365515193667968	0.684261235220593
0.9041274979541213	0.9222373539136685	0.6926720038810629
0.9067601513945827	0.9073848712452285	0.7013611187926347
0.9094907989326877	0.8920353667471801	0.710258012239801
0.9122996303641961	0.8762336346355014	0.7192937638375528
0.9151665636068008	0.860028251462804	0.7284013923961575
0.9180713433442049	0.8434718627574991	0.7375160865020437
0.9209936428594574	0.826621467954942	0.7465753850146902
0.9239131686984636	0.8095386971601688	0.7555193178709679
0.9268097677027892	0.7922900711453625	0.7642905164173377
0.9296635358485537	0.7749472332239868	0.7728343011303478
0.9324549282277559	0.7575871381561794	0.7810987531690243
0.9351648694126803	0.7402921789556896	0.7890347748221884
0.9377748633562039	0.7231502273826896	0.7965961426314261
0.9402671019034488	0.7062545581368941	0.8037395558232401
0.9426245709264753	0.6897036206259436	0.8104246816901648
0.9448311530459236	0.6736006162789513	0.8166141987260345
0.9468717258743005	0.6580528346989969	0.8222738376420762
0.9487322547064911	0.6431706999632999	0.8273724198598402
0.9503998785960305	0.6290664810305906	0.8318818926827121
0.9518629887908548	0.6158526297998814	0.8357773600771722
0.9531112985605914	0.6036397291911987	0.8390371078346047
0.9541359035277502	0.5925340633728784	0.8416426218208826
0.9549293317170069	0.5826348631035746	0.8435785980412324
0.9554855826573856	0.5740313287089489	0.8448329433390224
0.9558001550101597	0.5667995857679243	0.8453967656971968
0.9558700623463822	0.560999775084581	0.8452643533079023
0.9556938368598308	0.5566735077849274	0.8444331418083727
0.9552715209689556	0.5538419177192527	0.8429036693381766
0.9546046469316287	0.5525045101174372	0.8406795193441743
0.953696204764727	0.5526389382124086	0.8377672513352631
0.952550598922746	0.5542017474536661	0.8341763200598384
0.9511735943419217	0.5571300261029889	0.8299189838368571
0.949572252595176	0.5613438102741637	0.8250102030084203
0.9477548590255457	0.5667490269806971	0.8194675296921998
0.9457308418290168	0.5732407295455106	0.8133109901893476
0.9435106841403184	0.5807063860951565	0.8065629615440267
0.9411058302355207	0.5890290166377683	0.7992480438505506
0.9385285870032487	0.5980900260711086	0.7913929299608072
0.9357920218517274	0.6077716375746731	0.7830262742566761
0.9329098582127455	0.61795888371183	0.7741785621184378
0.9298963697771553	0.6285411553243523	0.7648819816403145
0.9267662745515659	0.6394133386380126	0.7551702990184522
0.9235346297646554	0.6504765893297578	0.7450787388645925
0.9202167285765759	0.6616388006522239	0.7346438704809938
0.9168279994587663	0.6728148237060905	0.7239035008681638
0.9133839090169331	0.6839264941660058	0.7128965749269447
0.9098998689299005	0.6949025133402111	0.7016630829591515
0.9063911475738456	0.7056782239599545	0.6902439751659816
0.9028727867977596	0.7161953136029512	0.678681082389712
0.8993595242140142	0.7264014717733692	0.6670170418417922
0.8958657212696463	0.7362500206884639	0.6552952260107355
0.8924052972710539	0.7456995348492338	0.6435596723500927
0.888991669448594	0.7547134604608036	0.6318550107182286
0.8856376990691538	0.7632597426143535	0.6202263848922301
0.8823556435348816	0.7713104657158253	0.6087193638304309
0.8791571143452553	0.7788415108146773	0.5973798377460376
0.8760530407480573	0.7858322321269507	0.5862538935257223
0.8730536388619071	0.7922651540555451	0.5753876636456494
0.8701683860195544	0.7981256892998805	0.5648271425838228
0.8674060000555128	0.8034018781471187	0.5546179648982903
0.8647744232444974	0.8080841486929963	0.5448051397429955
0.8622808105868701	0.8121650975102541	0.5354327377363853
0.8599315221338886	0.8156392901344726	0.5265435278788142
0.8577321190477459	0.818503080647563	0.5181785646954311
0.8556873630988563	0.8207544495903527	0.5103767289650607
0.8538012193143429	0.8223928594154152	0.5031742291980631
0.85207686150686	0.8234191266900541	0.49660407525237904
0.850516680430714	0.8238353102708603	0.4906955398084304
0.849122294332336	0.8236446146911033	0.4854736274256479
0.8478945616834553	0.8228513080270283	0.4809585740601189
0.8468335959077239	0.821460653536772	0.4771654017007019
0.8459387819340669	0.8194788543949055	0.47410355271734766
0.8452087944324841	0.8169130108752022	0.4717766263176329
0.8446416176098276	0.8137710893636896	0.4701822351383207
0.8442345664638454	0.8100619026129529	0.46931199372540694
0.8439843094132525	0.805795100676614	0.4691516430424691
0.8438868922394211	0.8009811719896419	0.46968130698136534
0.8439377632910522	0.795631454085645	0.4708758690207257
0.8441317999171096	0.7897581534658813	0.47270545052672697
0.8444633361045778	0.7833743741565035	0.47513596737035796
0.8449261913067431	0.7764941545095501	0.47812973891539773
0.8455137004540149	0.7691325118190145	0.4816461230629308
0.8462187451431374	0.7613054943347063	0.48564215268480854
0.8470337860017142	0.7530302402622758	0.4900731519923372
0.8479508962233424	0.744325043335608	0.4948933156112415
0.8489617962644175	0.7352094245352615	0.5000562378041302
0.8500578896868177	0.72570420950024	0.5055153839020176
0.8512303001212791	0.7158316111353946	0.5112245002000261
0.8524699093146714	0.7056153168474419	0.5171379620983025
0.8537673962105325	0.6950805797412596	0.5232110630139886
0.8551132769965668	0.684254312965391	0.5294002485454335
0.8564979460353711	0.6731651861997968	0.5356633016006568
0.8579117175762055	0.6618437230158535	0.5419594848180306
0.8593448681258513	0.6503223974917007	0.5482496467359415
0.8607876793366674	0.638635728016127	0.5544962979377899
0.8622304812495369	0.6268203656405238	0.5606636629246048
0.8636636957096191	0.6149151736192068	0.5667177128469919
0.86507787975358	0.6029612938937219	0.5726261835376832
0.8664637687491142	0.5910021952111426	0.5783585825824303
0.8678123190514667	0.5790836963152386	0.5838861884900084
0.8691147499276148	0.5672539562256015	0.5891820443970512
0.87036258448752	0.55556342206464	0.5942209481846548
0.8715476893534431	0.5440647232881104	0.5989794403976529
0.872662312793451	0.5328124996599198	0.6034357909445227
0.8736991210439686	0.5218631490959829	0.6075699852134651
0.8746512325487855	0.5112744808770782	0.6113637099626837
0.875512249848756	0.5011052600750261	0.6148003391241501
0.8762762888671655	0.49141463079745884	0.6178649194933601
0.8769380053506491	0.48226140950999313	0.6205441561559609
0.8774926182446281	0.4737032456654781	0.6228263974193468
0.8779359298047592	0.4657956554136631	0.624701618967513
0.8782643422723436	0.45859094521632887	0.6261614069350492
0.8784748709708607	0.4521370552101198	0.627198939596753
0.8785651537129523	0.4464763660053253	0.6278089673882525
0.8785334564413965	0.4416445255407501	0.6279877910066226
0.8783786750633528	0.43766936243773547	0.6277332373850015
0.8781003334740956	0.43456995671535237	0.6270446333884182
0.8776985778034821	0.43235593586419785	0.6259227771369082
0.8771741669552936	0.43102705322715384	0.6243699069241149
0.8765284595454771	0.4305730869133751	0.6223896677628288
0.8757633973796652	0.43097407311979946	0.619987075651399
0.8748814856425723	0.43220086103155886	0.6171684797149847
0.8738857700014189	0.43421595126202295	0.613941522431865
0.8727798108520174	0.43697455962638326	0.6103150982059337
0.8715676549590677	0.44042583540779673	0.6062993105912804
0.8702538047614938	0.4445141591445287	0.6019054285121029
0.8688431856287409	0.4491804487726891	0.597145841850572
0.8673411113650926	0.45436341294782134	0.592034016795637
0.8657532482659129	0.46000070416289585	0.5865844513567333
0.864085578032635	0.4660299394599396	0.5808126314470976
0.8623443598520791	0.4723895710733879	0.5747349879314743
0.8605360919408006	0.479019601851373	0.5683688550116875
0.8586674728468303	0.48586215004965855	0.5617324302901906
0.8567453627895095	0.4928618749206803	0.554844736805589
0.8547767453038854	0.4999662786657397	0.5477255872741198
0.8527686894392873	0.5071259022452086	0.5403955506963424
0.8507283127429986	0.5142944327946427	0.5328759213972959
0.8486627452397462	0.5214287394995282	0.5251886904598162
0.8465790945961515	0.528488853188559	0.5173565193827538
0.8444844126373543	0.535437902966142	0.509402715646966
0.8423856633604744	0.5422420211725739	0.5013512097002571
0.8402896925672907	0.5488702260018735	0.4932265326765864
0.8382031992164387	0.5552942893213924	0.4850537939439198
0.836132708574296	0.5614885956722453	0.4768586573290839
0.8340845472232449	0.5674299970993093	0.46866731459859673
0.8320648199669641	0.5730976673560899	0.4605064544855784
0.8300793886545843	0.5784729581329762	0.4524032252516531
0.8281338529291808	0.5835392592410692	0.4443851884707984
0.8262335328914476	0.5882818641206821	0.4364802614361295
0.8243834536562838	0.5926878416072002	0.42871664534427883
0.8225883317686015	0.5967459145532763	0.421122736236459
0.820852563434992	0.6004463456550272	0.4137270156091854
0.8191802145197554	0.6037808306429213	0.40655791769758187
0.8175750122471792	0.6067423988616311	0.3996436707318002
0.8160403385470971	0.609325321165013	0.39301211002562975
0.8145792249768649	0.6115250249837967	0.38669046162450355
0.813194349150728	0.6133380163768835	0.3807050964527238
0.8118880326061463	0.6147618088468184	0.37508125646725016
0.8106622400366705	0.6157948586817142	0.3698427562214236
0.809518579821448	0.6164365065761684	0.3650116653914095
0.8084583057831349	0.6166869252803736	0.360607980090293
0.8074823201080252	0.6165470730273687	0.35664929300131537
0.8065911773648083	0.6160186524923288	0.3531504742681842
0.8057850895615379	0.6151040750435764	0.3501233764270571
0.8050639321834778	0.6138064300521507	0.3475765772023327
0.8044272511581863	0.6121294590346712	0.3455151735198371
0.8038742706974817	0.6100775344125524	0.3439406385157166
0.8034039019694897	0.6076556426791816	0.34285075066625054
0.8030147525573144	0.604869371775154	0.3422396006063555
0.80270513666391	0.6017249024800838	0.34209767704904637
0.8024730860255852	0.5982290036376273	0.3424120288647321
0.8023163614990696	0.5943890310382686	0.34316649626344353
0.8022324652891749	0.5902129297914891	0.3443420005477192
0.8022186537856675	0.5857092400257988	0.34591687937823273
0.8022719509792542	0.5808871057606647	0.3478672530931632
0.8023891624272781	0.5757562867987727	0.35016740737121815
0.8025668897398661	0.5703271734900239	0.3527901783170536
0.8028015455571308	0.5646108042189909	0.3557073276646595
0.8030893689870604	0.5586188854652576	0.35888989797121934
0.8034264414727326	0.5523638142796938	0.36230854013227487
0.8038087030555408	0.545858703008179	0.3659338080373035
0.8042319689991884	0.5391174060763736	0.36973641750302205
0.8046919467366386	0.5321545486224637	0.373687468632797
0.8051842530993907	0.5249855567276543	0.37775863237930407
0.8057044317853922	0.5176266889434539	0.3819223033122273
0.8062479710185841	0.5100950687473217	0.38615172143188503
0.8068103213496298	0.5024087174703152	0.3904210663681611
0.8073869135439076	0.49458658712748127	0.39470552752110544
0.8079731764992666	0.4866485924390738	0.39898135369790944
0.8085645551327653	0.47861564115298944	0.4032258856409796
0.8091565281722244	0.4705096615608226	0.40741757457622235
0.809744625785563	0.46235362583645184	0.41153598958337373
0.8103244469781081	0.45417156751326093	0.4155618162352255
0.8108916766859039	0.44598859105164806	0.41947684859530754
0.8114421024912012	0.4378308710338886	0.4232639763213199
0.8119716308850886	0.4297256380649186	0.4269071683055727
0.8124763030016722	0.42170114796911307	0.4303914540001341
0.8129523097481025	0.41378663037882846	0.43370290332594463
0.813396006255648	0.40601221234750556	0.43682860585184985
0.8138039255783804	0.398408812242163	0.439756649749852
0.8141727915683205	0.391007998949117	0.4424761008841763
0.8144995308589008	0.3838418114536849	0.44497698227098653
0.8147812838923496	0.3769425342374002	0.44725025404930796
0.8150154149311437	0.3703424247922309	0.4492877940288359
0.8151995209989157	0.3640733909950537	0.4510823788235526
0.8153314397020408	0.35816661820815143	0.45262766553875433
0.8154092558898544	0.3526521488138303	0.45391817395059286
0.8154313071182651	0.34755842041226276	0.4549492690993833
0.8153961878893772	0.34291177295767283	0.4557171442086685
0.8153027526475328	0.33873593939079777	0.4562188038398587
0.8151501175204957	0.3350515384199413	0.4564520471955491
0.8149376608029778	0.33187559147537765	0.4564154514922661
0.8146650221883156	0.3292210879329428	0.456108355334263
0.8143321007625871	0.3270966229447483	0.4555308420332977
0.8139390517840053	0.32550613026568953	0.4546837228341942
0.8134862822785897	0.3244487282335398	0.4535685200218086
0.812974445491126	0.32391869079630253	0.4521874499013497
0.8124044342378662	0.3239055477699946	0.4505434056601647
0.8117773732144826	0.32439431020140064	0.44863994013489705
0.8110946103193141	0.32536580877024057	0.44648124852280935
0.8103577070575789	0.3267971265043361	0.44407215108994325
0.809568428097548	0.3286621023919076	0.4414180759411256
0.8087287300538979	0.3309318801231799	0.43852504192771047
0.8078407495770922	0.3335754761864036	0.43539964177777957
0.806906790830481	0.336560343574739	0.4320490255403636
0.80592931243871	0.33985291090796166	0.4284808844397963
0.8049109139922894	0.3434190812204311	0.42470343523823956
0.8038543221934977	0.34722467941556884	0.4207254052036282
0.8027623767285115	0.35123584193928953	0.4165560177763865
0.8016380159494254	0.3554193462263632	0.4122049790210022
0.8004842624482184	0.3597428807222694	0.40768246493747357
0.7993042086021492	0.3641752587101634	0.40299910969243863
0.7981010021672137	0.3686865808108727	0.39816599480976206
0.7968778319927559	0.3732483519711831	0.3931946393350962
0.7956379139263772	0.3778335591427771	0.3880969909575672
0.7943844769740739	0.3824167158189995	0.3828854180336395
0.7931207497758607	0.3869738792680312	0.37757270241233387
0.7918499474523569	0.3914826457886099	0.37217203290657885
0.7905752588728303	0.39592212870568066	0.3666969991913698
0.7892998343900681	0.40027292318299146	0.36116158583485203
0.7880267740823999	0.4045170613028908	0.3555801660824022
0.7867591165380484	0.4086379602792176	0.3499674949158054
0.7854998282119838	0.4126203661432546	0.34433870079943124
0.7842517933806176	0.41645029478251483	0.33870927540338447
0.7830178047149169	0.4201149718180243	0.3330950604612556
0.7818005544879804	0.4236027724747037	0.3275122307802061
0.7806026264289498	0.4269031623257373	0.3219772722777422
0.7794264882310055	0.4300066395686577	0.316506953779651
0.7782744847175475	0.4329046793113764	0.31111829118620843
0.7771488316671722	0.4355896802037261	0.3058285025114546
0.7760516102949759	0.4380549136380969	0.30065495223885375
0.7749847623848458	0.4402944756559388	0.295615083435369
0.7739500860648791	0.44230324163037865	0.2907263361468989
0.7729492322159061	0.44407682374511387	0.2860060507855894
0.7719837015010464	0.4456115312525653	0.2814713555376375
0.7710548420026732	0.44690433346722325	0.2771390372901979
0.770163847451748	0.4479528254310699	0.2730253962121333
0.7693117560332406	0.44875519617494186	0.2691460849283366
0.7684994497505707	0.4493101994913333	0.2655159341871553
0.7677276543311702	0.44961712712929985	0.26214876799930575
0.7669969396547729	0.44967578431989713	0.2590572123641834
0.7663077206856713	0.4494864675402384	0.25625250281031575
0.7656602588899285	0.4490499444253389	0.2537442969541802
0.765054664118388	0.4483674357389543	0.2515404990072073
0.7644908969363692	0.4474405993173601	0.2496471035175324
0.7639687713809201	0.44627151590317116	0.24806806552355856
0.763487958126649	0.44486267678977687	0.2468052036612489
0.7630479880412655	0.443216973200573	0.24585814160047284
0.7626482561121828	0.44133768733082046	0.24522429154496156
0.7622880257256456	0.4392284849836462	0.24489888153445244
0.7619664332800015	0.43689340973521623	0.24487502610549464
0.7616824931149705	0.4343368785675655	0.24514383769627837
0.7614351027387067	0.4315636789107598	0.24569457421862256
0.7612230483346816	0.4285789670389758	0.2465148166370797
0.76104501053028	0.42538826776763905	0.24759066931114998
0.7608995704090888	0.4219974754007584	0.24890697532854725
0.7607852157486583	0.41841285587904326	0.25044753907660106
0.7607003474654452	0.4146410500798851	0.2521953488001688
0.7606432862483852	0.4106890782198051	0.2541327927723066
0.7606122793622897	0.40656434530807284	0.2562418638321421
0.7606055076019863	0.40227464759657977	0.2585043482948498
0.760621092377701	0.39782817996526915	0.2609019964968288
0.7606571029118441	0.3932335441739036	0.26341667341374586
0.7607115635268894	0.38849975789906643	0.2660304888168298
0.7607824610036396	0.3836362644592543	0.2687259072775286
0.7608677519886881	0.37865294310988357	0.2714858389804752
0.7609653704294399	0.3735601197627892	0.2742937127660039
0.7610732350146433	0.36836857795036404	0.2771335331152455
0.7611892565979343	0.36308956981136137	0.2799899229394398
0.7613113455815882	0.3577348268221531	0.28284815406930586
0.7614374192373399	0.35231656993241345	0.28569416728863634
0.7615654089408037	0.34684751868617614	0.2885145836443598
0.761693267296022	0.34134089881656077	0.29129670861504536
0.7618189751264619	0.3358104476940927	0.2940285305489126
0.7619405483088554	0.33027041688370373	0.29669871460430414
0.7620560444263864	0.324735570924449	0.29929659325026664
0.7621635692180712	0.3192211812900933	0.3018121542188834
0.7622612828014447	0.3137430143213206	0.30423602664871274
0.7623474056462788	0.3083173117468445	0.3065594660220957
0.7624202242777184	0.30296076224016166	0.308774338379263
0.7624780966879694	0.29769046230337143	0.31087310418866465
0.7625194574366968	0.2925238646469103	0.3128488021650857
0.762542822421348	0.28747871216601756	0.31469503325354065
0.762546793299871	0.2825729556287398	0.31640594493627305
0.7625300615496182	0.27782465331763145	0.317976215970796
0.7624914121478652	0.2732518511423234	0.319401041627474
0.7624297268608067	0.268872442196592	0.3206761194640771
0.7623439871298253	0.26470400540007094	0.32179763565083286
0.7622332765455145	0.2607636237590112	0.32276225184168916
0.7620967829019516	0.2570676839010621	0.3235670925744839
0.7619337998256728	0.2536316598581508	0.32420973317403323
0.7617437279758736	0.2504698855281388	0.3246881881265691
0.7615260758144352	0.2475953217416004	0.3250008998912627
0.7612804599465279	0.24501932526150041	0.3251467281138451
0.7610066050345842	0.24275142819040815	0.32512493920841257
0.7607043432906556	0.240799136982593	0.32493519627578715
0.7603736135541344	0.23916776040189386	0.3245775493300877
0.7600144599639146	0.23786027521834802	0.32405242580910454
0.7596270302360242	0.23687723715457662	0.32336062134854565
0.7592115735595765	0.23621674262258163	0.3225032908048725
0.758768438125778	0.2358744442719203	0.32148193951633974
0.75829806830629	0.23584362052139501	0.32029841479659815
0.7578010014988663	0.2361152963407186	0.3189548976599967
0.7572778646595646	0.23667840987017016	0.31745389478215047
0.7567293705420629	0.2375200172678832	0.3157982307035355
0.7561563136658086	0.23862552664030745	0.3139910402876937
0.7555595660356019	0.23997895113467702	0.31203576144894685
0.7549400726360024	0.24156317124962612	0.3099361281673758
0.7542988467246473	0.24336019706346876	0.30769616381105896
0.753636964948904	0.24535142224074677	0.30532017478711515
0.7529555623106813	0.24751786317741667	0.30281274454393653
0.7522558270042853	0.24984037830242636	0.3001787279469384
0.7515389951521476	0.25229986420857314	0.29742324604919135
0.7508063454631491	0.25487742681354403	0.29455168127619474
0.7500591938378744	0.2575545270694152	0.29156967304076414
0.7492988879446225	0.2603131018014754	0.28848311379923797
0.7485268017895131	0.26313566105461966	0.28529814555388494
0.7477443303031938	0.26600536387207957	0.2820211567981702
0.7469528839659338	0.26890607475744205	0.27865877989116866
0.7461538834918635	0.27182240321566353	0.2752178888346003
0.7453487545922438	0.274739728772692	0.2717055974103487
0.7445389228364638	0.2776442137753642	0.26812925761747186
0.7437258086284388	0.2805228061070012	0.2644964583252626
0.7429108223147854	0.2833632337477212	0.26081502403239043
0.742095359440074	0.286153992883619	0.2570930135911459
0.7412807961631263	0.2888843310416828	0.2533387187198293
0.7404684848470904	0.29154422650872036	0.24956066208520988
0.7396597498348312	0.29412436508989737	0.24576759469029708
0.7388558834198731	0.2966161150795354	0.24196849225063452
0.7380581420218943	0.2990115011554499	0.2381725501851085
0.7372677425746437	0.3013031777682598	0.23438917678571153
0.7364858591328709	0.3034844024779222	0.23062798406600055
0.7357136197038214	0.3055490095894269	0.22689877572240802
0.7349521033076606	0.30749138435636336	0.2232115315789229
0.7342023372702119	0.3093064379526668	0.2195763878282096
0.7334652947503496	0.31098958335737986	0.21600361233637558
0.7327418925034459	0.3125367122526693	0.212503574251153
0.7320329888814117	0.31394417299999633	0.20908670715242522
0.7313393820689568	0.31520874973150675	0.20576346501929804
0.7306618085549986	0.31632764257231927	0.2025442703695189
0.730000941837364	0.3172984489928873	0.19943945406542776
0.729357391358284	0.3181191462784661	0.19645918648521266
0.7287317016675521	0.31878807509368673	0.19361340003614952
0.7281243518096463	0.3193039241139243	0.19091170334060054
0.7275357549306347	0.3196657156909426	0.18836328785258147
0.7269662581001928	0.31987279251753026	0.18597682815134584
0.7264161423436056	0.3199248052545458	0.18376037768752285
0.7258856228783265	0.31982170108324914	0.18172126229556743
0.7253748495492577	0.3195637131460805	0.17986597429238943
0.7248839074566614	0.3191513508398159	0.17820007040750882
0.724412817770263	0.3185853909261963	0.17672807708343277
0.7239615387229911	0.3178668694265527	0.1754534067974607
0.7235299667774407	0.31699707426856416	0.17437828894941226
0.723117937958069	0.3159775386550177	0.17350371851261556
0.7227252293419042	0.31481003512619854	0.17282942505964316
0.7223515607003824	0.31349657028936506	0.17235386397765284
0.721996596284874	0.31203938019050903	0.17207423073379857
0.721659946748186	0.310440926305341	0.17198649801236113
0.7213411711943836	0.30870389212806004	0.17208547450690406
0.721039779349059	0.3068311803379956	0.17236488319888485
0.7207552338420908	0.3048259105255754	0.17281745616424732
0.7204869525948987	0.3026914174602595	0.17343504237785187
0.7202343113040788	0.3004312498840149	0.17420872466287213
0.7199966460132003	0.29804916981458873	0.17512894186211142
0.719773255764573	0.2955491523430812	0.17618561246945283
0.7195634053225658	0.29293538591021523	0.17736825631212275
0.7193663279601826	0.29021227304496194	0.178666111366071
0.7191812283004041	0.2873844315478408	0.1800682433616638
0.7190072852038043	0.2844566960989534	0.18156364644180947
0.7188436546939221	0.281434120267701	0.1831413337240919
0.71868947291183	0.2783219788966439	0.18479041715782546
0.7185438590912828	0.27512577082614925	0.18650017653288603
0.7184059185458935	0.2718512219188608	0.18826011787757668
0.7182747456596861	0.2685042883333581	0.19006002177468953
0.7181494268724992	0.2650911599842562	0.1918899823324441
0.718029043651653	0.2616182641110814	0.1937404376789776
0.7179126754413861	0.2580922688599661	0.19560219291709288
0.7177994025816445	0.25452008676025073	0.1974664364925868
0.7176883091878826	0.25090887795173383	0.19932475090684118
0.7175784859836392	0.24726605298732462	0.20116911865376863
0.7174690330777914	0.2435992749996269	0.20299192419212211
0.7173590626785824	0.23991646097826527	0.20478595268455307
0.7172477017366251	0.23622578185732512	0.20654438615076792
0.7171340945094201	0.2325356610592545	0.2082607975982534
0.71701740504003	0.22885477108342064	0.2099291436136334
0.7168968195429278	0.22519202766511828	0.21154375582276774
0.7167715486902746	0.22155658096596706	0.21309933155965058
0.7166408297922398	0.21795780319176472	0.21459092402337682
0.7165039288653	0.21440527197260326	0.21601393214919148
0.7163601425828411	0.21090874878731605	0.21736409037359178
0.7162088001028201	0.2074781516764062	0.2186374584341495
0.7160492647676241	0.20412352147231552	0.2198304113116336
0.7158809356717762	0.20085498079253125	0.2209396293944564
0.7157032490935287	0.19768268509996081	0.2219620889228116
0.7155156797870053	0.1946167652473027	0.22289505275143395
0.7153177421319092	0.19166726109847498	0.22373606145519673
0.71510899113847	0.1888440460696073	0.22448292479009885
0.7148890233058153	0.18615674276026928	0.22513371351319683
0.7146574773324156	0.18361463025281025	0.22568675155823023
0.7144140346779382	0.18122654413643563	0.22614060855868082
0.7141584199763068	0.17900077084619204	0.22649409270654317
0.713890401300363	0.17694493846744908	0.22674624393277568
0.7136097902791003	0.17506590670517694	0.2268963273941413
0.713316442068917	0.17336965920627878	0.2269438272506164
0.7130102551810176	0.1718612017985908	0.2268884407176889
0.7126911711674493	0.17054447041816748	0.22673007237843884
0.7123591741689279	0.16942225249041637	0.22646882874126636
0.7120142903280118	0.1684961252788056	0.2261050130303545
0.7116565870717069	0.16776641420780566	0.22563912019738336
0.7112861722679882	0.16723217342156638	0.22507183214453497
0.7109031932612403	0.16689118990183544	0.22440401315044878
0.7105078357919108	0.16674001140728303	0.2236367054924252
0.7101003228061169	0.1667739973980246	0.22277112525979414
0.7096809131612618	0.16698739106596053	0.22180865835492497
0.709249900233985	0.1673734096893978	0.22075085667986236
0.7088076104371266	0.1679243498381757	0.21959943450798122
0.7083544016525074	0.1686317035165074	0.21835626504130046
0.7078906615866138	0.1694862811598406	0.21702337715524375
0.7074168060563975	0.17047833748585453	0.2156029523335625
0.706933277212522	0.17159769650220794	0.214097321796919
0.7064405417075054	0.1728338724431219	0.21250896382913198
0.7059390888162037	0.1741761839845676	0.21084050130536797
0.705429428516177	0.17561385971557647	0.20909469942654232
0.7049120895353589	0.1771361334696139	0.20727446366381336
0.7043876173745276	0.17873232870429656	0.20538283791633918
0.7038565723118447	0.18039193163145434	0.20342300288422635
0.7033195273967401	0.1821046532262795	0.2013982746569335
0.7027770664402228	0.18386048057808002	0.199312103515071
0.70222978200851	0.18564971828841045	0.19716807294053565
0.7016782734267238	0.1874630207832016	0.19496989882616897
0.7011231447991532	0.18929141649553022	0.19272142887141155
0.7005650030523171	0.1911263249080336	0.19042664214468444
0.7000044560068984	0.19295956743170503	0.18808964878631032
0.6994421104842298	0.19478337305316432	0.18571468981746717
0.6988785704528084	0.19659037961595907	0.18330613701085438
0.6983144352199807	0.198373631521883	0.18086849276719874
0.697750297673648	0.20012657455250035	0.17840638992830335
0.6971867425784833	0.20184304842437953	0.17592459144186356
0.6966243449308999	0.2035172776075865	0.17342798977559537
0.696063668376633	0.20514386085826725	0.1709216059582744
0.6955052636944407	0.20671775984420676	0.1684105881030608
0.6949496673491959	0.20823428717776024	0.16590020924402626
0.6943974001171994	0.2096890941137396	0.1633958642904547
0.6938489657863145	0.21107815812053404	0.16090306587559838
0.6933048499331256	0.21239777049044212	0.1584274388479503
0.6927655187790975	0.213644524119378	0.15597471312470582
0.6922314181272659	0.21481530155609216	0.15355071460042088
0.6917029723808356	0.2159072633960867	0.15116135378082524
0.691180583644704	0.21691783707498674	0.14881261179467553
0.6906646309105815	0.21784470609942597	0.14651052342844761
0.690155469326257	0.21868579974013883	0.14426115683296922
0.689653429549108	0.21943928320126765	0.1420705895717047
0.6891588171838766	0.220103548271535	0.1399448807214317
0.6886719123043817	0.22067720445644537	0.13789003880165362
0.6881929690586039	0.22115907058576595	0.13591198540295252
0.6877222153564605	0.2215481668868873	0.13401651450932503
0.6872598526392526	0.22184370751204513	0.13220924766651726
0.686806055729632	0.22204509350560847	0.13049558533623332
0.6863609727607893	0.22215190619648612	0.12888065499065576
0.6859247251833059	0.22216390100013514	0.12736925673507538
0.6854974078479907	0.22208100161440167	0.12596580748684402
0.6850790891628854	0.2219032945935909	0.12467428497071296
0.6846698113224301	0.2216310242854721	0.12349817299522022
0.6842695906067079	0.22126458811648367	0.12244040963158277
0.6838784177485093	0.22080453221105042	0.1215033400052926
0.6834962583658641	0.2202515473316771	0.12068867541355144
0.6831230534576013	0.21960646512728912	0.11999746038643949
0.6827587199593307	0.21887025467813676	0.11943004911155829
0.6824031513572802	0.21804401932643044	0.11898609234548226
0.6820562183571809	0.21712899378272268	0.1186645355553854
0.6817177696054431	0.21612654149888752	0.11846362859454257
0.6813876324597213	0.21503815229932816	0.11838094674697083
0.6810656138059764	0.2138654402628189	0.11841342251387806
0.68075150091903	0.21261014184805055	0.11855738709211273
0.6804450623635446	0.21127411425657625	0.11880862014253855
0.6801460489324326	0.2098593340273883	0.11916240618661254
0.6798541946195332	0.20836789585776705	0.11961359581524743
0.6795692176234058	0.20680201164532488	0.12015666984761213
0.6792908213791584	0.20516400974631518	0.1207858046316783
0.6790186956150455	0.20345633444522324	0.12149493681804122
0.6787525174307141	0.20168154563037538	0.12227782614372826
0.6784919523938827	0.19984231866976337	0.1231281150109452
0.6782366556522312	0.19794144448044296	0.12403938391487754
0.6779862730574173	0.19598182978361672	0.12500520204498106
0.6777404422979161	0.19396649753584885	0.12601917263960305
0.6774987940376251	0.1918985875246606	0.1270749729025643
0.6772609530570717	0.18978135711393077	0.12816638848518577
0.6770265393941446	0.18761818212100934	0.12928734269478445
0.6767951694812286	0.1854125578030417	0.1304319207108102
0.6765664572758296	0.18316809992467825	0.13159438917480737
0.6763400153816118	0.1808885458728722	0.13276921157421054
0.6761154561570113	0.17857775577673443	0.13395105986738773
0.6758923928085296	0.17623971358125579	0.13513482280335642
0.6756704404659559	0.1738785280129624	0.1363156113792325
0.6754492172367801	0.17149843336308052	0.1374887618560707
0.6752283452372015	0.16910378999939846	0.1386498367233882
0.675007451597158	0.1666990845016918	0.1397946239673757
0.6747861694369797	0.1642889292971513	0.14091913496033145
0.6745641388132672	0.16187806165191954	0.14201960125103022
0.67434100763179	0.15947134185256934	0.14309247049908072
0.6741164325252796	0.1570737503876295	0.14413440176175707
0.6738900796940891	0.15469038391442566	0.14514226030994426
0.6736616257078539	0.15232644977144946	0.14611311212105715
0.6734307582663519	0.14998725877220498	0.14704421817114482
0.6731971769180299	0.1476782159944844	0.147933028625916
0.6729605937345838	0.14540480926117832	0.14877717701090032
0.6727207339403589	0.14317259499735785	0.14957447442424354
0.6724773364952964	0.14098718114627531	0.1503229038414418
0.6722301546303922	0.13885420683734373	0.15102061454939322
0.6719789563348074	0.1367793185256204	0.15166591673725904
0.6717235247937953	0.13476814236849108	0.15225727626345634
0.6714636587769269	0.1328262526746698	0.1527933096114856
0.6711991729761351	0.13095913635625384	0.15327277904198075
0.6709298982933117	0.12917215343830984	0.15369458794412827
0.6706556820773182	0.127470493832589	0.1540577763863649
0.670376388310445	0.1258591307604497	0.15436151686371083
0.6700918977444984	0.12434277141004589	0.1546051102373068
0.669802107986851	0.1229258056261595	0.15478798186036552
0.6695069335369395	0.12161225364608302	0.1549096778839109
0.669206305773847	0.12040571409693576	0.1549698617351557
0.6689001728957225	0.11930931364150198	0.15496831076113368
0.6685884998119833	0.11832565978288694	0.1549049130302218
0.6682712679893227	0.11745679839552284	0.15477966428435078
0.6679484752527073	0.11670417752689745	0.1545926650350366
0.6676201355426667	0.11606861890164182	0.15434411779677226
0.6672862786302846	0.11555029835539382	0.15403432445182472
0.6669469497914374	0.11514873613662896	0.15366368374103206
0.6666022094419083	0.11486279765574074	0.15323268887576919
0.6662521327350633	0.11469070485488402	0.15274192526683955
0.6658968091239716	0.11463005794794044	0.15219206836667742
0.6655363418898388	0.11467786686825542	0.15158388162179476
0.6651708476387213	0.11483059139229529	0.1509182145330085
0.6648004557685565	0.11508418860542655	0.15019600082150877
0.6644253079086242	0.11543416615984287	0.1494182566993319
0.6640455573335584	0.11587563965373023	0.14858607924327316
0.6636613683540995	0.11640339243557157	0.14770064487167453
0.6632729156868089	0.11701193620020696	0.14676320792386502
0.6628803838049697	0.11769557087981136	0.145775099342315
0.6624839662729185	0.11844844252498388	0.14473772545776167
0.6620838650660961	0.11926459809880047	0.143652566877655
0.6616802898790348	0.12013803635057693	0.14252117747828968
0.6612734574235601	0.12106275417909143	0.1413451835008529
0.6608635907194078	0.12203278812337845	0.1401262827513568
0.6604509183795048	0.12304225082298936	0.13886624390401112
0.6600356738920192	0.12408536246270238	0.1375669059069738
0.6596180949014075	0.1251564773563789	0.13623017748860897
0.6591984224904667	0.12625010593107275	0.1348580367612974
0.6587769004654962	0.12736093244776592	0.13345253091852238
0.6583537746465096	0.12848382884274365	0.13201577601925743
0.6579292921644646	0.1296138650978551	0.13054995685164303
0.6575037007673643	0.13074631655322347	0.12905732686547483
0.6570772481369874	0.13187666856670346	0.1275402081600655
0.6566501812180227	0.13300061890447176	0.12600099151055194
0.65622274556119	0.13411407822002816	0.12444213641159871
0.6557951846819665	0.13521316894742874	0.12286617111269435
0.655367739436363	0.13629422290100884	0.12127569261368343
0.6549406474151349	0.13735377783999816	0.1196733665828698
0.6545141423577813	0.13838857322346748	0.11806192715284491
0.6540884535875013	0.13939554534993057	0.11644417654112008
0.6536638054682711	0.14037182204714835	0.11482298443367529
0.6532404168850501	0.1413147170516191	0.11320128705969769
0.6528185007481	0.14222172419392043	0.1115820858751344
0.652398263522243	0.1430905114855634	0.10996844576138921
0.6519799047818491	0.14391891518512923	0.10836349263374806
0.6515636167922029	0.1447049339060773	0.1067704103422794
0.6511495841178893	0.14544672281546311	0.10519243673645316
0.6507379832586245	0.1461425879617073	0.10363285875418655
0.6503289823130024	0.14679098076026748	0.10209500638718016
0.6499227406704863	0.14739049265833018	0.1005822453683047
0.6495194087318216	0.14793984999330587	0.09909796842443942
0.6491191276581433	0.14843790905473642	0.09764558494100911
0.6487220291487417	0.14888365135505124	0.0962285088938833
0.6483282352476002	0.14927617911131866	0.09485014492185492
0.6479378581785482	0.14961471093750361	0.09351387244018766
0.6475510002089521	0.14989857774476523	0.09222302773399159
0.6471677535416893	0.15012721884580452	0.09098088402064038
0.6467882002351548	0.15030017825817818	0.08979062953350248
0.6464124121509325	0.15041710120070306	0.08865534375473881
0.6460404509287487	0.1504777307765926	0.087577972011551
0.6456723679882346	0.15048190483667628	0.0865612987455664
0.645308204556953	0.15042955301593286	0.08560791986521574
0.6449479917241548	0.15032069393660227	0.08472021469075997
0.6445917505196131	0.15015543257126665	0.0839003180946053
0.6442394920168484	0.1499339577595013	0.0831500935183835
0.6438912174600766	0.14965653987197786	0.08247110760515858
0.6435469184140543	0.14932352861620576	0.08186460721276809
0.6432065769360652	0.14893535097846147	0.08133149956645082
0.6428701657692089	0.14849250929680752	0.08087233626154654
0.6425376485560715	0.14799557946048297	0.08048730173885488
0.6422089800719532	0.1474452092313463	0.0801762067284024
0.6418841064766412	0.146842116683381	0.07993848699751474
0.6415629655838423	0.14618708875669206	0.07977320755513982
0.6412454871472383	0.14548097992273415	0.07967907226778853
0.6409315931621846	0.14472471095784314	0.07965443864609133
0.640621198182049	0.1439192678224697	0.07969733737784819
0.640314209648138	0.14306570064375052	0.07980549602533732
0.6400105282321423	0.14216512279932203	0.07997636618090653
0.6397100481900984	0.14121871010044965	0.08020715329165909
0.6394126577267368	0.14022770007270383	0.08049484832379582
0.6391182393691961	0.13919339133248046	0.0808362604388258
0.6388266703489923	0.1381171430577029	0.08122804989313
0.6385378229911833	0.1370003745509541	0.08166676044274646
0.6382515651096392	0.13584456489314206	0.08214885062866217
0.6379677604073726	0.13465125268553105	0.08267072342594932
0.6376862688808322	0.1334220358775678	0.08322875385455145
0.6374069472270933	0.13215857167739264	0.08381931426324021
0.6371296492529662	0.1308625765412069	0.08443879710541896
0.6368542262848714	0.12953582623672955	0.08508363512177444
0.6365805275785722	0.12818015597484986	0.08575031892756187
0.6363084007276723	0.12679746060212452	0.08643541207026574
0.636037692069959	0.12538969484505832	0.0871355636763582
0.6357682470905461	0.12395887359501262	0.08784751884463997
0.6354999108209467	0.12250707222010015	0.08856812696958424
0.6352325282331075	0.12103642688749176	0.08929434819292838
0.6349659446275135	0.11954913487612095	0.09002325818738495
0.6347000060145134	0.11804745485578916	0.09075205147463511
0.6344345594879898	0.11653370710406076	0.09147804347252785
0.6341694535906	0.11501027362710539	0.09219867145517333
0.6339045386697953	0.11347959814469218	0.09291149459577543
0.6336396672238545	0.11194418589289414	0.09361419324668033
0.6333746942372601	0.11040660319068969	0.09430456759514327
0.6331094775047283	0.10886947670859719	0.0949805358173682
0.6328438779432131	0.10733549236880606	0.09564013183799232
0.6325777598913903	0.10580739379709213	0.09628150278768535
0.6323109913959462	0.10428798023734426	0.09690290623811701
0.6320434444842393	0.10278010383000383	0.0975027072813752
0.6317749954228208	0.10128666614655367	0.0980793755099882
0.6315055249613969	0.09981061386385219	0.09863148194403083
0.631234918561829	0.09835493345519751	0.09915769594333441
0.6309630666118394	0.09692264477033156	0.09965678213546253
0.6306898646231002	0.09551679337499906	0.10012759738381193
0.6304152134134685	0.09414044152326284	0.10056908781483083
0.6301390192731531	0.09279665764362645	0.10098028591880154
0.6298611941146016	0.09148850423440778	0.10136030773485226
0.6295816556060296	0.09021902408586972	0.10170835012771566
0.6293003272885004	0.0889912247775041	0.10202368816117258
0.6290171386764829	0.08780806143937371	0.10230567257102616
0.6287320253419244	0.0866724178170423	0.10255372733877641
0.628444928981889	0.08558708574019637	0.10276734736583222
0.628155797469821	0.08455474316473512	0.10294609624708309
0.627864584890566	0.08357793103506063	0.10308960414186305
0.6275712515593621	0.08265902929469984	0.10319756573977633
0.6272757640249652	0.08180023245535295	0.10326973831845922
0.6269780950571577	0.0810035252120759	0.10330593989009261
0.6266782236189574	0.08027065865993768	0.10330604743334608
0.6263761348238109	0.07960312771907058	0.10326999520737805
0.6260718198781375	0.07900215040465271	0.10319777314455542
0.6257652760096322	0.07846864958081812	0.10308942531863281
0.6254565063816973	0.07800323780903	0.10294504848527071
0.6251455199944983	0.07760620584031734	0.10276479069192923
0.62483233157307	0.0772775152077081	0.10254884995437555
0.6245169614430399	0.07701679525365182	0.10229747299724005
0.6241994353944157	0.07682334478330996	0.10201095405628574
0.6238797845340265	0.07669613837657309	0.10168963374027126
0.6235580451272018	0.07663383722932011	0.10133389795052473
0.623234258429233	0.07663480423812027	0.10094417685655427
0.6229084705072322	0.07669712290204783	0.10052094392625084
0.6225807320530107	0.07681861949901847	0.10006471500944564
0.6222510981876225	0.07699688790814438	0.09957604747376674
0.6219196282581685	0.07722931639754911	0.09905553939193762
0.6215863856275473	0.07751311567950074	0.09850382877981818
0.621251437457785	0.07784534754959803	0.0979215928846256
0.6209148544876213	0.07822295346989418	0.09730954752290527
0.6205767108049881	0.07864278252155624	0.09666844646790611
0.6202370836150624	0.0791016182344233	0.09599908088609052
0.6198960530045524	0.07959620389195304	0.09530227882252325
0.619553701702862	0.08012326600437969	0.09457890473489569
0.6192101148407978	0.0806795357350333	0.09382985907587418
0.618865379707458	0.08126176815053705	0.09305607792336018
0.6185195855059642	0.08186675924194604	0.09225853265809268
0.6181728231086212	0.08249136072901407	0.09143822968779504
0.6178251848121632	0.08313249271287632	0.09059621021675085
0.6174767640936688	0.08378715428357678	0.08973355005931967
0.6171276553677532	0.08445243221876711	0.08885135949539055
0.6167779537456038	0.08512550792970648	0.08795078316518108
0.6164277547964148	0.08580366282177974	0.087033000000034
0.6160771543117699	0.08648428224063962	0.08609922318499523
0.6157262480734831	0.08716485817323856	0.08515070014788587
0.6153751316254492	0.0878429908668263	0.08418871256835748
0.6150239000499095	0.08851638951966856	0.08321457639895256
0.6146726477486687	0.08918287218586934	0.08222964188852656
0.6143214682296493	0.08984036502409624	0.08123529359643572
0.6139704538992452	0.09048690100693076	0.08023295038368866
0.6136196958608432	0.09112061819450296	0.07922406536474555
0.6132692837198792	0.09173975766344868	0.0782101258008176
0.6129193053957859	0.09234266117027101	0.07719265291236897
0.6125698469411851	0.09292776861714025	0.0761732015850459
0.6122209923685604	0.09349361537804776	0.07515335993944483
0.611872823484727	0.09403882953414539	0.07413474873104274
0.611525419733356	0.09456212905901151	0.0731190205422628
0.6111788580457418	0.09506231898746949	0.07210785872411868
0.6108332127000315	0.09553828859536735	0.07110297604027714
0.6104885551891105	0.09598900861237296	0.07010611296183511
0.6101449540972513	0.09641352848523167	0.06911903555682741
0.609802474985704	0.0968109737050384	0.06814353291468307
0.6094611802872782	0.09718054320876066	0.06718141404283566
0.6091211292100426	0.09752150686251218	0.06623450417084567
0.6087823776501713	0.09783320303177742	0.06530464039708635
0.6084449781139707	0.0981150362419119	0.06439366661477915
0.6081089796491211	0.09836647493071546	0.06350342765845418
0.6077744277850854	0.0985870492936396	0.06263576261926694
0.6074413644826894	0.09877634922122673	0.061792497288580384
0.6071098280927983	0.09893402232760608	0.06097543570426491
0.6067798533240397	0.09905977206829825	0.0601863507936729
0.6064514712194277	0.09915335594514008	0.05942697413138418
0.6061247091418798	0.09921458379585187	0.05869898485856722
0.6057995907683751	0.09924331616554458	0.05800399784379105
0.6054761360927041	0.09923946275735941	0.057343551201614745
0.6051543614365904	0.09920298095937304	0.05671909332410646
0.6048342794690609	0.09913387444490789	0.05613196961998704
0.6045158992338033	0.09903219184342431	0.05558340919427129
0.6041992261843571	0.09889802547926133	0.055074511735729505
0.6038842622269054	0.09873151017558554	0.05460623490752717
0.6035710057704181	0.09853282212104815	0.05417938255538657
0.603259451783922	0.09830217779676707	0.05379459405507286
0.6029495918606159	0.09803983296141935	0.053452335114944106
0.602641414288608	0.09774608169237037	0.053152890328468476
0.602334904127939	0.09742125548092981	0.05289635773569976
0.602030043293657	0.09706572237996904	0.05268264560253212
0.6017268106446272	0.0966798862023041	0.0525114715640943
0.6014251820777803	0.0962641857683829	0.052382364206932965
0.6011251306275008	0.09581909420196734	0.052294667087555174
0.6008266265698217	0.0953451182726304	0.052247545106896234
0.6005296375311424	0.09484279778401525	0.05223999308587953
0.6002341286011149	0.09431270500691556	0.05227084632076386
0.5999400624493904	0.09375544415633717	0.05233879284199584
0.5996473994459092	0.0931716509117836	0.05244238705948733
0.5993560977843706	0.09256199198007271	0.05258006445209
0.5990661136086085	0.0919271647000431	0.05275015694983096
0.5987774011414813	0.09126789668852203	0.05295090866337812
0.5984899128159918	0.09058494552693194	0.05318049163443311
0.598203599408274	0.08987909848786083	0.053437021310852574
0.5979184101721645	0.0891511723008727	0.05371857148840961
0.5976342929749885	0.08840201295669174	0.05402318850428535
0.5973511944342498	0.0876324955487637	0.05434890451277543
0.597069060054916	0.08684352415095567	0.05469374971882209
0.5967878343670016	0.08603603172989621	0.0550557634877904
0.5965074610630912	0.08521098009010211	0.05543300428884517
0.596227883135547	0.08436935984960782	0.05582355846332726
0.595949043013059	0.08351219044328659	0.056225547838134916
0.5956708826963029	0.0826405201504381	0.05663713622709821
0.5953933438923503	0.08175542614244675	0.057056534880915236
0.5951163681476216	0.080858014545455	0.05748200695874757
0.5948398969790565	0.07994942051195596	0.057911871102658455
0.5945638720032874	0.07903080829401037	0.05834450420032192
0.5942882350635185	0.07810337130942561	0.05877834342253301
0.5940129283539026	0.0771683321906434	0.05921188762063558
0.5937378945411785	0.07622694280430549	0.05964369816567279
0.5934630768833166	0.07528048422743662	0.06007239930637303
0.5931884193449894	0.0743302666639315	0.06049667811748654
0.5929138667096456	0.07337762928253794	0.06091528410385495
0.5926393646880134	0.07242393995477021	0.06132702851923889
0.5923648600228282	0.07147059486822827	0.06173078345257636
0.5920903005896452	0.07051901798761094	0.06212548072818852
0.5918156354935272	0.06957066033236195	0.06251011066059983
0.5915408151615444	0.06862699903642161	0.06288372069919328
0.5912657914308417	0.06768953615208564	0.06324541399291171
0.590990517632259	0.06675979715656193	0.06359434790068821
0.5907149486693123	0.06583932911665055	0.06392973246921654
0.5904390410924782	0.06492969846422439	0.06425082889607103
0.5901627531686932	0.06403248833306921	0.06455694799301763
0.5898860449459535	0.06314929540644512	0.0648474486615818
0.5896088783130177	0.062281726224723284	0.06512173639056473
0.589331217054105	0.06143139290404052	0.0653792617831397
0.5890530268985649	0.0605999082204008	0.06561951911941287
0.5887742755655219	0.05978888001948717	0.06584204495886327
0.5884949328034244	0.058999904920971166	0.06604641678583456
0.5882149704245427	0.05823456129766895	0.06623225170022423
0.5879343623343986	0.05749440152477391	0.06639920515467115
0.5876530845561647	0.05678094351271282	0.06654696973885031
0.5873711152500083	0.05609566155892906	0.06667527401092867
0.5870884347275193	0.05543997657883893	0.06678388137579629
0.5868050254611713	0.05481524580383308	0.06687258900934394
0.5865208720889353	0.054222752063682975	0.06694122682779807
0.5862359614141015	0.05366369280096774	0.06698965650093434
0.5859502824003967	0.05313916899468336	0.06701777050784989
0.5856638261624668	0.05265017419737027	0.06702549123390174
0.5853765859518413	0.052197583912982924	0.06701277010735593
0.5850885571384873	0.05178214555940727	0.06697958677429167
0.5847997371880472	0.051404469268133426	0.06692594831030693
0.5845101256349242	0.051065019772552546	0.06685188846760538
0.5842197240512857	0.050764109624554875	0.06675746695609512
0.5839285360121713	0.05050189395604486	0.06664276875718375
0.5836365670568283	0.050278366967964366	0.06650790346903496
0.5833438246464335	0.050093360285461935	0.06635300468211262
0.5830503181183292	0.0499465432658653	0.06617822938393537
0.5827560586369741	0.04983742528864595	0.06598375739203435
0.5824610591417322	0.04976535999666764	0.06576979081420055
0.582165334291693	0.04972955139898456	0.06553655353518714
0.5818689004076931	0.0497290616905595	0.0652842907291169
0.5815717754117121	0.049762820596449944	0.06501326839692424
0.5812739787637842	0.0498296360096302	0.06472377292823725
0.5809755313966946	0.04992820566432131	0.06441611068717862
0.5806764556485365	0.05005712957125376	0.06409060762163281
0.5803767751933826	0.05021492293767169	0.06374760889558126
0.5800765149702358	0.05040002930224	0.06338747854417276
0.5797757011104235	0.050610833631929204	0.06301059915123018
0.5794743608636707	0.050845675152542485	0.06261737154894322
0.579172522522963	0.05110285971469885	0.062208214539516804
0.578870215348446	0.051380671530658256	0.06178356463856613
0.5785674694905183	0.05167738415233525	0.061343875840048696
0.5782643159122898	0.051991270595410664	0.060889619402517414
0.5779607863115961	0.05232061254716517	0.060421283656447534
0.577656913042753	0.05266370862542614	0.05993937383234858
0.5773527290381851	0.05301888168210839	0.059444411909301
0.5770482677301622	0.05338448516684169	0.05893693648347125
0.5767435629727429	0.05375890858399585	0.058417502656038955
0.5764386489641344	0.054140582090167186	0.057886681939819294
0.576133560169619	0.0545279802891497	0.05734506218368482
0.5758283312451797	0.05491962528799315	0.05679324751366353
0.5755229969620052	0.05531408908140177	0.056231858289323464
0.5752175921319952	0.05570999533294065	0.05566153107373654
0.5749121515344232	0.05610602062077467	0.05508291861494251
0.5746067098438978	0.05650089521339616	0.05449668983639057
0.5743013015597092	0.05689340343742761	0.05390352983333766
0.5739959609367521	0.05728238369543649	0.05330413987159412
0.5736907219180855	0.05766672818708265	0.052699237384341645
0.5733856180692706	0.05804538238206615	0.05208955596199328
0.5730806825145947	0.05841734428843643	0.05147584532920423
0.5727759478752722	0.05878166355502576	0.0508588713021871
0.5724714462097009	0.05913744044215921	0.05023941571841519
0.5721672089559294	0.059483824690467244	0.04961827632961865
0.5718632668763073	0.05982001431361881	0.04899626664768704
0.5715596500044983	0.060145254337118835	0.04837421573169676
0.5712563875948771	0.060458835502010796	0.04775296790278496
0.5709535080743641	0.0607600929493522	0.04713338237201057
0.5706510389967773	0.06104840489870564	0.046516332764705244
0.5703490069997491	0.06132319133157743	0.04590270652314937
0.5700474377642372	0.061583912688713625	0.045293404167749796
0.5697463559766632	0.06183006858842339	0.044689338395320716
0.56944578529376	0.062061196571587304	0.044091432991627696
0.5691457483100757	0.062276870877733946	0.043500621534152885
0.5688462665282069	0.062476701255473534	0.04291784586016763
0.5685473603317704	0.06266033180966438	0.04234405427480099
0.56824904896109	0.0628274398869224	0.041780199473987714
0.5679513504916329	0.06297773500044998	0.041227236158139446
0.5676542818151736	0.06311095779464217	0.04068611831427066
0.5673578586236732	0.06322687904950701	0.04015779614728898
0.5670620953958804	0.0633252987245991	0.039643212645411256
0.5667670053865954	0.06340604504189991	0.03914329977030982
0.5664726006186038	0.06346897360687732	0.03865897426977822
0.5661788918772525	0.06351396656679723	0.03819113311946253
0.5658858887075916	0.06354093180525615	0.03774064861053736
0.5655935994140898	0.06354980217182354	0.03730836311202044
0.5653020310628458	0.06354053474564374	0.036895083549491135
0.5650111894862727	0.06351311013181785	0.0365015756559752
0.5647210792901818	0.0634675317893981	0.03612855806521057
0.5644317038632013	0.06340382538982604	0.0357766963318104
0.5641430653885137	0.06332203820468951	0.035446596976257655
0.5638551648577943	0.06322223852170086	0.0351388016644139
0.5635680020873298	0.06310451508784856	0.03485378164040958
0.5632815757362035	0.0629689765787238	0.03459193253760114
0.5629958833265118	0.06281575109308243	0.034353569693943334
0.562710921265514	0.06264498567175555	0.034138924095065866
0.562426684869638	0.062456845840085644	0.03394813906016795
0.5621431683902842	0.0622515151731231	0.033781267772513494
0.5618603650413155	0.06202919488287869	0.033638271738073426
0.5615782670281514	0.06179010342698427	0.03351902023333142
0.561296865578422	0.061534476138173234	0.0334232907773869
0.5610161509740346	0.06126256487404623	0.03335077063546628
0.5607361125845964	0.06097463768663582	0.03330105933215848
0.560456738902109	0.06067097851133726	0.0332736721246189
0.5601780175768316	0.060351886874812403	0.03326804436003744
0.5598999354542175	0.060017677621514595	0.03328353661913153
0.559622478612857	0.05966868065851882	0.03331944052931778
0.5593456324032886	0.05930524071836407	0.033374985118231205
0.5590693814876417	0.05892771713964361	0.03344934357075784
0.5587937098799817	0.05853648366508789	0.03354164025068831
0.5585186009872762	0.05813192825689241	0.03365095785116235
0.5582440376508815	0.05771445292903927	0.03377634454562465
0.5579700021884882	0.0572844735963451	0.033916821022266716
0.5576964764364009	0.056842419939943385	0.03407138729893574
0.5574234417920723	0.056388735288863026	0.034239029231324554
0.5571508792568239	0.0559238765173169	0.034418724643977064
0.5568787694786528	0.055448313957227297	0.03460944903042781
0.5566070927950115	0.05496253132543187	0.03481018078495407
0.5563358292755439	0.05446702566488789	0.035019905943389815
0.5560649587646126	0.05396230729904827	0.03523762242385449
0.5557944609236075	0.05344889979841682	0.03546234376984377
0.5555243152729323	0.05292733995807219	0.03569310240778323
0.5552545012335621	0.05239817778471803	0.03592895243889633
0.5549849981681492	0.051861976491524804	0.03616897199112587
0.5547157854215659	0.0513193124987018	0.036412265161070885
0.55444684236084	0.05077077543735754	0.03665796357860252
0.5541781484143957	0.05021696815377259	0.03690522762824977
0.5539096831105489	0.04965850671070862	0.03715324736179065
0.5536414261151866	0.04909602038182291	0.037401243135967197
0.5533733572685777	0.04853015163462366	0.03764846600805829
0.5531054566212487	0.04796155609669812	0.037894197920356185
0.5528377044688795	0.04739090249916925	0.03813775170258098
0.5525700813861665	0.04681887259047209	0.03837847091901295
0.5523025682595991	0.046246161012616666	0.03861572958478714
0.5520351463191143	0.045673475131080395	0.03884893177342151
0.5517677971685643	0.04510153480840544	0.03907751113531453
0.5515005028149943	0.04453107211043255	0.03930093034471215
0.5512332456966699	0.04396283093292374	0.03951868049052322
0.5509660087098016	0.04339756653512369	0.03973028042438896
0.5506987752339969	0.042836044965612635	0.0399352760775963
0.5504315291563494	0.04227904236465179	0.04013323975677786
0.550164254894167	0.04172734412616401	0.04032376942684496
0.5498969374163389	0.041181743901583925	0.040506487988277946
0.5496295622632744	0.040643042427114626	0.04068104255471426
0.5493621155654511	0.04011204615554287	0.0408471037357391
0.5490945840605224	0.039589565673766404	0.04100436492887796
0.5488269551089991	0.03907641388768258	0.041152541624001074
0.5485592167084742	0.0385734039571978	0.04129137072267657
0.5482913575064113	0.038081346965943015	0.04142060987442267
0.5480233668115041	0.037601049312955194	0.04154003683131848
