1.0	1.0	0.9999999999999999
1.0055028097529497	0.9772598559611301	1.0134103629467928
1.0109119325952536	0.9543104574369979	1.0264682504906584
1.0161877403618458	0.9312923824503981	1.0390861262117423
1.0212912926619369	0.9083601073168458	1.0511801053340248
1.0261846381715385	0.8856822552417025	1.0626702736734668
1.030831119989383	0.8634414609478941	1.073481010073435
1.03519568133576	0.8418337083725089	1.0835413111831005
1.0392451674983798	0.8210669734446934	1.0927851157199382
1.042948619638805	0.8013589878942416	1.1011516239670776
1.046277555885905	0.7829339429115121	1.1085856072019742
1.049206235073848	0.7660179860584504	1.1150377010401427
1.0517118985421392	0.7508334445446819	1.1204646763022676
1.0537749856104721	0.7375918423502735	1.1248296809639584
1.0553793186723042	0.7264859664044564	1.1281024470070504
1.0565122543129866	0.7176814585115909	1.1302594565332527
1.0571647974399159	0.7113086229100909	1.1312840622935365
1.0573316760975005	0.7074552842521776	1.131166558789093
1.057011375406285	0.7061615457884929	1.1299042012676859
1.056206129888908	0.7074171447153537	1.1275011712218719
1.054921874296806	0.7111617900590027	1.1239684883397825
1.053168153901139	0.7172884609396895	1.1193238702105803
1.0509579960300248	0.725649238230184	1.1135915423920877
1.0483077453935845	0.7360629386872111	1.1068020026561312
1.0452368664138627	0.7483236790736812	1.0989917442931694
1.0417677163472099	0.7622095257174077	1.0902029442416896
1.037925293436876	0.7774905422989566	1.0804831224784854
1.0337369646526895	0.7939357719917602	1.0698847795399706
1.0292321777588116	0.8113189183068792	1.0584650192267167
1.0244421625007973	0.8294226798773333	1.0462851634674066
1.0193996256263378	0.8480418288563196	1.0334103659840461
1.0141384442611525	0.8669852002045255	1.0199092308152273
1.0086933618676603	0.886076790385753	1.0058534409292248
1.003099690636753	0.9051561631096603	0.9913174011106746
0.997393023721249	0.9240783400859651	0.9763778980510442
0.9916089602339955	0.9427133265693124	0.9611137791360815
0.9857828454223528	0.9609453916204965	0.945605649826851
0.9799495279136284	0.9786721954073003	0.9299355878031373
0.9741431354182245	0.9958038323262361	0.9141868702145267
0.9683968697939345	1.0122618397178678	0.8984437085106043
0.9627428219267908	1.0279782072053634	0.8827909834591474
0.9572118064806364	1.0428944106025355	0.8673139711920025
0.9518332162149009	1.0569604862146675	0.8520980495534856
0.9466348952714756	1.0701341555292394	0.8372283728078935
0.9416430305886375	1.0823800061951083	0.8227895020708407
0.9368820604116869	1.09366873235729	0.8088649788738588
0.9323745987338337	1.1039764354960693	0.7955368302875581
0.9281413744133737	1.113283985645714	0.7828849962475204
0.924201183669764	1.1215764420459913	0.7709866733456731
0.9205708546560344	1.1288425317689144	0.7599155744773429
0.9172652228335355	1.1350741845652303	0.7497411103326455
0.9142971159307299	1.1402661220222288	0.7405275065442496
0.9116773473460994	1.1444154990692654	0.7323328788489005
0.9094147169509261	1.1475215958779597	0.7252082971159277
0.9075160183561998	1.1495855582590706	0.7191968765403798
0.905986051825594	1.1506101847418384	0.714332939569215
0.9048276421395121	1.150599758625219	0.7106412941547502
0.9040416608413099	1.1495599234054628	0.7081366719060289
0.9036270524231016	1.1474976001064356	0.7068233633087473
0.9035808641336506	1.144420945163665	0.7066950767050225
0.9038982792126692	1.1403393476367543	0.7077350341190906
0.9045726534733415	1.1352634646453026	0.7099163017797319
0.9055955552667231	1.1292052940375819	0.7132023381183057
0.9069568089666391	1.1221782834067442	0.7175477288827197
0.9086445422104633	1.1141974746637506	0.7228990692338003
0.9106452372186269	1.1052796834560354	0.7291959471398123
0.912943786592045	1.0954437127828025	0.7363719812486752
0.9155235540504607	1.0847106001968458	0.744355869267851
0.9183664406239843	1.0731038979921517	0.7530724088333333
0.9214529568431357	1.0606499857467477	0.762443460779761
0.9247623014872167	1.047378414507705	0.7723888334896801
0.9282724474452065	1.0333222817507357	0.7828270756084786
0.9319602352154964	1.0185186359930705	0.7936761721195852
0.935801474519223	1.0030089095459103	0.8048541451228456
0.9397710544256763	0.9868393773097534	0.8162795654496494
0.9438430622860152	0.9700616386682651	0.82787198449144
0.9479909116441845	0.9527331183283874	0.8395522974662435
0.9521874791411965	0.9349175802583876	0.8512430500322289
0.9564052502531535	0.9166856465320704	0.8628686999389183
0.96061647350672	0.8981153096987735	0.874355844537797
0.9647933226016916	0.8792924230363699	0.8856334236791751
0.9689080656434843	0.8603111474603019	0.8966329059856837
0.9729332404541109	0.8412743267200284	0.9072884648589535
0.9768418346949201	0.8222937536502476	0.9175371489512103
0.98060746930496	0.8034902796608371	0.9273190502922053
0.984204583542981	0.7849937076634951	0.93657747185411
0.9876086197264835	0.7669423960809982	0.9452590950924323
0.9907962055958578	0.7494824900687499	0.9533141469373475
0.9937453321027427	0.7327666882191824	0.9606965648334355
0.9964355243362448	0.71695245261199	0.9673641577380688
0.9988480032644322	0.7021995819845751	0.9732787604854861
1.0009658359854827	0.6886670973755747	0.9784063785978073
1.0027740722564196	0.6765094413748871	0.9827173204668865
1.0042598651979642	0.66587206773573	0.986186313830054
1.005412574260589	0.6568865937479854	0.9887926036050758
1.006223848776299	0.6496657919671127	0.9905200284196319
1.006687690707672	0.644298791106846	0.9913570735509771
1.0068004955330747	0.6408469133550553	0.9912968984631993
1.0065610705659844	0.6393405735747805	0.9903373376721551
1.0059706303869744	0.6397775914526275	0.9884808742600772
1.0050327694579382	0.6421231250084463	0.9857345859810066
1.0037534123783811	0.6463112471272979	0.9821100645219835
1.0021407426215436	0.6522479941266501	0.9776233090919554
1.0002051109428332	0.6598155571783599	0.9722945960793306
0.9979589249748763	0.6688771932012615	0.9661483270318822
0.9954165218036809	0.6792824121571368	0.9592128576512645
0.9925940255523037	0.6908720436705342	0.9515203108456122
0.9895091921772735	0.7034828756352447	0.9431063771347862
0.9861812438053241	0.7169516650547225	0.9340101058454965
0.9826306950040707	0.731118424607129	0.9242736905616379
0.9788791733900868	0.7458289730022708	0.9139422522044361
0.9749492369353374	0.7609367971118005	0.903063622906435
0.970864190242002	0.7763043095607017	0.8916881335126834
0.9666479019227399	0.7918036011916457	0.8798684070933978
0.9623246250545713	0.8073167891611124	0.8676591602874104
0.957918822477753	0.8227360537815809	0.855117013618362
0.953454998493436	0.8379634449363483	0.8423003111403788
0.9489575382833666	0.8529105250504586	0.8292689488829872
0.9444505561384638	0.8674979021446477	0.8160842105848811
0.9399577533477712	0.8816546944802749	0.8028086081456639
0.9355022863704345	0.8953179581562989	0.7895057231030662
0.9311066456967888	0.9084321007954245	0.7762400442892619
0.9267925456038066	0.9209482979974618	0.7630767956756274
0.9225808248287066	0.9328239242903784	0.7500817473400497
0.9184913580245198	0.9440220065987528	0.7373210015650863
0.9145429777240939	0.9545107055160639	0.724860745404032
0.9107534064252453	0.9642628276869267	0.7127669607651715
0.907139198318941	0.973255371192687	0.7011050833147617
0.9037156901141848	0.9814691048418992	0.6899396024512837
0.9004969603660851	0.9888881815824827	0.6793335964199814
0.8974957966860448	0.9954997857895774	0.6693481994491567
0.894723670203092	1.0012938138781515	0.6600420016666153
0.8921907166512145	1.006262587496501	0.6514703874587272
0.8899057234769118	1.0104005984421147	0.6436848236827027
0.8878761223921543	1.0137042843812418	0.6367321153748517
0.8861079868382375	1.0161718344310937	0.6306536527695464
0.8846060338741163	1.0178030236667515	0.6254846788549472
0.883373630056514	1.0185990756360168	0.621253610557025
0.8824128009371336	1.0185625519976182	0.6179814482104474
0.8817242438628976	1.0176972684385497	0.6156813066634965
0.881307343827106	1.0160082360706388	0.6143580969134119
0.8811601921816902	1.0135016275536166	0.6140083797375879
0.8812796080818406	1.010184767239309	0.6146204029871825
0.8816611625937093	1.0060661446783994	0.61617432304493
0.8822992054522003	1.001155450875682	0.6186425996565554
0.8831868945088311	0.9954636367210025	0.6219905431918904
0.8843162279577585	0.989002993059743	0.6261769854530104
0.8856780794710198	0.9817872518968088	0.6311550401354221
0.887262236410724	0.9738317082503127	0.6368729172262828
0.8890574413158234	0.9651533621823604	0.6432747568086448
0.891051436883161	0.9557710805311391	0.6503014513973111
0.8932310146760034	0.9457057778462798	0.6578914313109976
0.895582067797839	0.9349806159807883	0.6659813938746908
0.8980896477636192	0.923621221709042	0.6745069636970441
0.9007380257847968	0.9116559216078586	0.683403277283674
0.9035107586578353	0.8991159932392998	0.6926054904201562
0.9063907594078784	0.8860359313857753	0.7020492108713955
0.9093603727903133	0.8724537276791929	0.7116708619394609
0.912401455692825	0.8584111613953183	0.7214079843627752
0.9154954624098103	0.8439540984003945	0.731199485064092
0.9186235346805817	0.8291327941747436	0.7409858415368834
0.921766596293342	0.8140021954186242	0.750709270381845
0.9249054519604656	0.7986222328786438	0.7603138678352495
0.9280208900681282	0.7830580956175899	0.7697457292145445
0.9310937887977653	0.767380473887177	0.7789530531600457
0.9341052250098878	0.7516657539669991	0.787886235464221
0.9370365851754706	0.7359961437638098	0.7964979562158583
0.9398696775392181	0.7204597026669225	0.8047432629887086
0.9425868446054992	0.7051502433169694	0.8125796519003657
0.9451710749547406	0.6901670669771733	0.819967147571948
0.947606113328187	0.6756144888205763	0.8268683823395276
0.9498765678657992	0.6616011057828878	0.8332486745042033
0.9519680133470803	0.6482387592474357	0.8390761049566792
0.9538670892709264	0.6356411497044229	0.8443215911681978
0.9555615916193736	0.6239220728597586	0.8489589572959949
0.9570405571823303	0.6131932684547536	0.8529649990003565
0.95829433937683	0.6035619054129785	0.856319541503767
0.9593146745743126	0.5951277692058528	0.8590054894319682
0.9600947380521881	0.5879802662328278	0.8610088670535885
0.9606291888095515	0.582195409111927	0.8623188476701975
0.9609142026288886	0.5778329868522586	0.8629277710931165
0.9609474929230503	0.57493414448737	0.8628311483680449
0.9607283190757593	0.5735195889364899	0.8620276531634725
0.9602574821607857	0.5735885973657622	0.8605190995151086
0.9595373081048993	0.5751189340131402	0.8583104059058042
0.9585716185389661	0.578067691745428	0.855409545950138
0.9573656897549944	0.5823729813220677	0.8518274862351936
0.9559262003511215	0.5879563113395355	0.8475781121360314
0.954261168296993	0.5947254484094543	0.8426781426675095
0.9523798782856464	0.6025775266330761	0.8371470356467722
0.9502928003522987	0.6114021864889723	0.831006884615734
0.9480115008323783	0.6210845583884195	0.8242823091054664
0.9455485468006843	0.6315079549131323	0.8170003399091094
0.9429174051785596	0.642556187807629	0.809190301063612
0.9401323377174202	0.6541154731583473	0.8008836902195432
0.9372082930653909	0.6660759260944297	0.79211405900001
0.9341607971001463	0.6783326730863264	0.782916894812886
0.9310058426677298	0.6907866260521941	0.773329505382204
0.9277597798059493	0.703344969858118	0.7633909070044045
0.9244392074548765	0.7159214157392969	0.7531417172109673
0.9210608675685049	0.7284362699137887	0.7426240521300669
0.9176415424442994	0.7408163610624267	0.7318814283853071
0.9141979559830995	0.7529948637828634	0.7209586688494369
0.9107466794846748	0.7649110485117734	0.7099018109870996
0.9073040424759803	0.7765099822935203	0.698758015876755
0.9038860489624674	0.7877421994291975	0.6875754753065304
0.9005082993901579	0.7985633565555227	0.6764033136058604
0.8971859185089806	0.8089338830555987	0.6652914801263009
0.8939334892378432	0.81881863480902	0.6542906275545228
0.8907649925502414	0.8281865570389451	0.6434519705744114
0.887693753326646	0.8370103602947668	0.6328271188565499
0.8847323920569065	0.84526621231632	0.6224678780224475
0.88189278222306	0.852933447566753	0.6124260122051137
0.8791860131496222	0.8599942955200142	0.6027529622183639
0.876622358075116	0.866433628282626	0.593499514271363
0.8742112471741547	0.8722387277697591	0.5847154157321445
0.8719612452439489	0.8773990724035879	0.5764489367367793
0.8698800337613147	0.8819061431296008	0.5687463794903126
0.8679743970159154	0.8857532484311619	0.5616515408624381
0.8662502120314705	0.8889353679489098	0.5552051381897153
0.8647124419980806	0.8914490142669634	0.5494442127768165
0.8633651329553765	0.8932921124041631	0.544401530037157
0.8622114134861544	0.8944638965393364	0.5401049990215516
0.861253497203675	0.8949648235002392	0.5365771366990505
0.8604926878415259	0.8947965025534022	0.5338346032567067
0.8599293867821496	0.8939616410440695	0.5318878334867544
0.859563102888627	0.8924640054504002	0.5307407858683227
0.8593924645328332	0.8903083974324099	0.5303908253586664
0.8594152337414271	0.8875006444734682	0.5308287486288872
0.8596283224087176	0.8840476047292258	0.5320389522214425
0.8600278105515856	0.8799571857152239	0.5339997357437906
0.8606089666058677	0.8752383764796071	0.5366837246389874
0.8613662697857288	0.8699012929202303	0.5400583910580614
0.8622934345466656	0.8639572359155134	0.5440866474246561
0.8633834372089458	0.8574187619443497	0.548727485644519
0.8646285448107605	0.8502997658706537	0.553936635476896
0.8660203462691072	0.8426155755610414	0.5596672180029308
0.8675497859307701	0.8343830579863983	0.5658703738874974
0.8692071995958213	0.8256207364264113	0.572495850663427
0.8709823530912864	0.8163489183454282	0.5794925380301386
0.8728644834630674	0.8065898334311605	0.5868089447034412
0.8748423428396337	0.7963677811764978	0.5943936143604001
0.8769042450014511	0.7857092872268274	0.6021954815042878
0.8790381146656254	0.7746432674961343	0.6101641705600257
0.8812315394660702	0.7632011987558186	0.6182502432212215
0.8834718245757195	0.7514172939964714	0.6264054000884216
0.8857460498795678	0.7393286803264608	0.6345826430800411
0.8880411295658627	0.726975576467078	0.6427364050905109
0.8903438739585012	0.7144014659930913	0.6508226530365655
0.8926410533670197	0.7016532613064251	0.65879896988176
0.8949194636828104	0.6887814518759695	0.6666246205506758
0.8971659934017251	0.6758402284893373	0.6742606059089636
0.8993676917058598	0.6628875731189688	0.6816697082446794
0.9015118371913851	0.6499853015091486	0.6888165309775853
0.9035860067865522	0.6371990427949158	0.6956675346685702
0.9055781443653893	0.6245981374952805	0.7021910708156324
0.9074766285293692	0.61225543231478	0.7083574144117504
0.9092703390024434	0.600246947713002	0.7141387958051393
0.9109487210656533	0.5886513927049415	0.7195094320415383
0.9125018474465559	0.5775495015607364	0.7244455575776755
0.913920477077005	0.5670231698635356	0.7289254540294364
0.9151961101408345	0.5571543737126836	0.7329294784518952
0.9163210388509566	0.5480238665849776	0.7364400895355199
0.9172883934237455	0.5397096639957287	0.7394418710376005
0.9180921827565213	0.5322853464537035	0.7419215517448827
0.9187273293619094	0.5258182350758238	0.7438680212769228
0.9191896981693021	0.520367519159985	0.7452723410848034
0.9194761188683496	0.515982437329482	0.7461277500716378
0.9195844015405894	0.5127006291017125	0.7464296643548939
0.9195133454022186	0.510546777535302	0.7461756708011934
0.9192627405615466	0.5095316528919489	0.7453655140878401
0.9188333627776233	0.5096516413541946	0.7440010771769229
0.9182269612899232	0.5108888042036916	0.7420863552237789
0.9174462398713579	0.513211466837551	0.7396274230774965
0.9164948313361233	0.5165752907511746	0.7366323966631322
0.9153772658090215	0.5209247424097815	0.7331113886601326
0.9140989331317803	0.5261948463653531	0.729076459005053
0.9126660398438049	0.5323130987791006	0.7245415608467385
0.9110855612282234	0.5392014212490096	0.7195224826649922
0.9093651889585325	0.546778050517317	0.7140367873273592
0.9075132749157044	0.5549592828140797	0.708103748900456
0.9055387717701996	0.5636610176476997	0.7017442880500214
0.9034511709377777	0.5728000708942835	0.6949809068555911
0.9012604385223796	0.5822952484240533	0.6878376238297248
0.898976949854237	0.5920681879116773	0.6803399098656905
0.8966114232174045	0.6020439876816344	0.6725146257401007
0.8941748533385689	0.6121516479583022	0.6643899616657277
0.8916784451795954	0.62232435263244	0.6559953792228234
0.8891335485407303	0.6324996196418007	0.6473615557926252
0.8865515939405331	0.6426193462421842	0.6385203313718223
0.883944030194207	0.652629772597434	0.6295046573602435
0.8813222640643565	0.6624813838288331	0.6203485465841106
0.8786976023094564	0.6721287673376035	0.6110870234436012
0.8760811964053603	0.6815304390980902	0.6017560726577733
0.8734839901662006	0.6906486498475337	0.5923925846261053
0.8709166704427942	0.69944917972405	0.5830342949420076
0.8683896210309052	0.7079011279288804	0.5737197150935552
0.8659128798783325	0.7159767023832797	0.5644880508908924
0.8634960996399038	0.723651013069716	0.5553791046983724
0.8611485115929747	0.7309018717431093	0.5464331571632378
0.858878892893752	0.737709599921604	0.5376908238743091
0.8566955371264261	0.7440568464744527	0.529192882318305
0.8546062280731164	0.7499284156786685	0.5209800647038302
0.8526182166127867	0.7553111062842368	0.5130928127745403
0.8507382006415999	0.7601935618837492	0.5055709917140303
0.8489723078955409	0.764566132705271	0.49845356172182403
0.847326081548052	0.768420748820865	0.49177820785094384
0.8458044684511222	0.7717508046740406	0.48558093123381335
0.8444118098868029	0.7745510547685415	0.4798956078100746
0.8431518346979122	0.7768175203199552	0.47475352395184905
0.8420276546706388	0.7785474066455861	0.470182901715716
0.8410417620481565	0.7797390310527555	0.46620842951313246
0.8401960290624391	0.7803917609774323	0.46285081640532894
0.8394917093809963	0.7805059621226567	0.4601263896092727
0.8389294413760028	0.7800829563470209	0.458046754815781
0.8385092531347548	0.7791249890567324	0.4566185373559708
0.8382305691423514	0.7776352058598418	0.45584321907319186
0.8380922185794576	0.7756176382469001	0.45571708114079984
0.8380924451901633	0.7730771980686653	0.456231257396049
0.8382289186862635	0.7700196805877586	0.45737189658486166
0.8384987476652277	0.7664517758870963	0.45912042586098384
0.838898494028974	0.7623810884232255	0.46145390256973157
0.8394241888992681	0.7578161645167516	0.4643454372714318
0.8400713500330076	0.7527665275744346	0.4677646684397664
0.8408350007462803	0.7472427208373983	0.4716782684047587
0.8417096903603274	0.7412563574464672	0.476050460791663
0.8426895161845738	0.7348201776072967	0.48084353166382443
0.843768147052039	0.7279481126234285	0.48601831943847545
0.8449388484206672	0.7206553555417348	0.491534672007779
0.8461945090497903	0.7129584381195815	0.49735186298853507
0.8475276692547423	0.7048753137719994	0.5034289623368811
0.8489305507340894	0.6964254460852904	0.509725159481835
0.8503950879531955	0.6876299023845144	0.516200039526956
0.851912961055134	0.678511451707841	0.5228138148966331
0.8534756302550398	0.6690946663610512	0.5295275160776468
0.8550743716575193	0.6594060259882458	0.5363031458859163
0.8567003144184938	0.6494740227855823	0.5431038020526623
0.8583444791532694	0.6393292660869192	0.549893772963096
0.8599978174721088	0.6290045840447168	0.5566386111802117
0.8616512525031439	0.618535119496567	0.5633051890231562
0.8632957202409088	0.6079584163272057	0.5698617400087552
0.8649222115372249	0.5973144916913783	0.5762778894562679
0.8665218145299888	0.5866458883437013	0.5825246770376877
0.8680857572854991	0.5759977000303117	0.5885745735555254
0.869605450411272	0.5654175614564194	0.5944014937644444
0.8710725293796453	0.554955592807426	0.5999808066328856
0.8724788962881139	0.5446642872667786	0.6052893440708144
0.8738167607709818	0.5345983285954101	0.6103054088313213
0.875078679768551	0.5248143248403404	0.615008782025425
0.8762575958555702	0.5153704439259204	0.6193807304686402
0.8773468738296958	0.5063259376263376	0.6234040139004386
0.8783403352643114	0.4977405426503959	0.6270628919796366
0.8792322907374976	0.4896737517187836	0.6303431308560374
0.8800175694609321	0.4821839539277261	0.6332320090465814
0.8806915460487493	0.4753274525196691	0.6357183222995252
0.8812501641868825	0.4691573792310773	0.6377923871086897
0.8816899569876122	0.46372253699949145	0.6394460425385581
0.8820080638422538	0.4590662157777416	0.6406726500365826
0.8822022436160357	0.4552250377983257	0.6414670909388692
0.8822708840633281	0.45222789680368886	0.6418257614168313
0.8822130073775033	0.45009505848760817	0.6417465646626971
0.8820282718277163	0.4488374851647448	0.641228900169158
0.8817169694735151	0.44845643596865126	0.6402736500202575
0.8812800199873518	0.44894337544660967	0.63888316217535
0.8807189606538035	0.4502802003694383	0.6370612307934009
0.8800359326518662	0.4524397699868329	0.6348130737093184
0.8792336637626752	0.45538670226682076	0.6321453072359333
0.8783154476786652	0.45907838090274683	0.6290659185228146
0.8772851201209174	0.46346610707557745	0.6255842357550806
0.8761470319989807	0.4684963267976732	0.6217108965201805
0.8749060198713255	0.4741118684968656	0.6174578147070695
0.8735673739842068	0.48025313470817105	0.6128381463290814
0.8721368041824492	0.48685920422017553	0.607866254677429
0.8706204039969023	0.4938688146671585	0.602557675216284
0.8690246132201572	0.5012212086197919	0.5969290806205731
0.8673561792848439	0.5088568375050749	0.590998246333447
0.8656221177572647	0.5167179265490739	0.5847840169800983
0.8638296722538341	0.524748910235955	0.5783062739167228
0.8619862740787549	0.5328967517081107	0.5715859041165102
0.8600995018691107	0.5411111614858369	0.5646447704966142
0.8581770415186428	0.5493447313264606	0.5575056836692835
0.8562266466338094	0.5575529984271331	0.5501923749547647
0.8542560997563342	0.5656944538966396	0.5427294703213288
0.8522731745655876	0.5737305077925772	0.5351424647168503
0.8502855992518127	0.5816254212699139	0.5274576960259513
0.8483010212288237	0.5893462146702053	0.5197023176261981
0.846326973331651	0.5968625587927351	0.5119042682274356
0.8443708416220301	0.6041466551792538	0.5040922373635027
0.8424398349023001	0.611173110031553	0.4962956245714559
0.8405409560169756	0.6179188053636243	0.4885444899507411
0.8386809750008783	0.6243627701533826	0.4808694934594802
0.836866404113809	0.6304860535825396	0.4733018199993168
0.8351034747842659	0.636271601914509	0.4658730870946228
0.8333981164688676	0.6417041401367741	0.4586152318243677
0.8317559374200716	0.6467700591653932	0.45156037366237867
0.8301822073424407	0.6514573091569377	0.44474065007724445
0.8286818419073223	0.6557552992816638	0.4381880221936232
0.8272593890869373	0.6596548041678458	0.4319340485769234
0.825919017262028	0.6631478771207547	0.42600962631813455
0.8246645050519102	0.666227770141522	0.42044470008867063
0.823499232812008	0.668888860715048	0.41526794169791886
0.8224261757417152	0.6711265852960455	0.41050640486365475
0.8214478985445713	0.6729373793947996	0.40618516228803364
0.8205665515829443	0.674318624145575	0.4023269345494843
0.8197838684707613	0.6752685992287278	0.3989517225494192
0.8191011650501288	0.675786442010449	0.39607645703024263
0.8185193397006588	0.6758721127603665	0.3937146797389363
0.8180388749337778	0.675526365805993	0.391876270912
0.8176598402284935	0.6747507264834284	0.39056723674448696
0.8173818960692932	0.6735474737452577	0.38978956833754036
0.817204299151306	0.6719196282889064	0.38954118039742125
0.8171259087223175	0.6698709460712631	0.38981593393088265
0.817145194035567	0.6674059170782555	0.39060374271231546
0.8172602428912936	0.6645297692207659	0.39189075882052143
0.8174687712486065	0.6612484772306411	0.3936596284946715
0.8177681338925576	0.6575687764322594	0.39588980631404125
0.8181553361437846	0.6534981812661131	0.3985579135231358
0.818627046600062	0.6490450084402111	0.40163812531685705
0.8191796109002165	0.644218404582837	0.405102572036204
0.8198090665011949	0.6390283782650349	0.4089217403475174
0.8205111584585625	0.6334858362526252	0.41306486234737094
0.8212813561991907	0.6276026238340303	0.4175002828729434
0.8221148712725181	0.6213915690501596	0.42219579783143696
0.8230066760633896	0.6148665306241258	0.427118958855757
0.8239515234451829	0.608042449348921	0.4322373418682553
0.8249439673467099	0.6009354026371074	0.4375187790727431
0.8259783842002548	0.59356266186398	0.442931555439894
0.8270489952312068	0.5859427520398978	0.448444571893295
0.8281498895420653	0.5780955132222417	0.45402747816932587
0.8292750479352241	0.5700421629161264	0.4596507787626592
0.8304183674102128	0.5618053585073712	0.465285915540111
0.8315736862616484	0.5534092585124669	0.47090533057064327
0.8327348096947708	0.5448795811087391	0.47648251253629387
0.8338955358656883	0.5362436580137774	0.4819920298079805
0.8350496822439649	0.5275304813080282	0.48740955293281607
0.8361911121858862	0.5187707402310262	0.49271186891792923
0.837313761597785	0.5099968443286679	0.49787688933328755
0.8384116655606304	0.5012429285909888	0.50288365390944
0.8394789847796021	0.49254483541401156	0.5077123309856113
0.8405100317159652	0.4839400673780324	0.5123442158755142
0.841499296253326	0.4754677040132933	0.5167617279648999
0.842441470746344	0.4671682750044107	0.520948407136955
0.8433314742977457	0.4590835817831629	0.5248889099371903
0.8441644761084705	0.45125645932584035	0.5285690057369613
0.8449359177469535	0.44373047039078967	0.5319755730307203
0.845641534186123	0.4365495256110026	0.5350965959039583
0.8462773734613457	0.4297574250040019	0.5379211606332809
0.8468398148091018	0.42339731975132755	0.5404394523244016
0.847325585154305	0.41751109762347083	0.5426427514554694
0.8477317738244303	0.41213870113185663	0.5445234301691795
0.8480558453803309	0.4073173941241783	0.5460749481459254
0.8482956504669831	0.4030809996056398	0.5472918478893456
0.8484494346021584	0.3994591383204557	0.5481697492636219
0.8485158448370459	0.3964765031236297	0.5487053431366987
0.8484939342397618	0.394152207399555	0.5488963840046042
0.8483831641705378	0.3924992458409747	0.5487416814969764
0.848183404335586	0.3915241022164822	0.5482410906924616
0.8478949306252079	0.39122653127120194	0.5473955012031901
0.8475184207601835	0.3915995311848932	0.5462068250194948
0.847054947788825	0.39262951020034925	0.5446779831381507
0.8465059714945783	0.39429663768130324	0.5428128910291364
0.845873327791102	0.3965753576268823	0.5406164430263386
0.8451592161975154	0.3994350330146118	0.5380944957560005
0.8443661855010618	0.40284068324763805	0.5352538507423856
0.8434971177277053	0.40675377480829406	0.5321022363523233
0.8425552105525944	0.4111330267229457	0.5286482892585654
0.8415439582923412	0.41593519689946756	0.52490153561522
0.8404671316289074	0.4211158218169192	0.520872372146599
0.8393287562211839	0.4266298893835789	0.5165720473526282
0.838133090364642	0.43243243211290083	0.5120126430290145
0.8368846018617385	0.4384790344057518	0.5072070562875365
0.8355879442663907	0.44472625324358434	0.502168982240524
0.8342479326646971	0.45113195580930276	0.4969128974825674
0.8328695191511686	0.45765558047073807	0.4914540444606287
0.8314577681553761	0.4642583293251131	0.4858084167699779
0.8300178317682515	0.4709033013188312	0.479992745346018
0.8285549252101454	0.47755557505350243	0.4740244854399252
0.8270743025748849	0.4841822499822539	0.46792180416733203
0.8255812329749991	0.4907524539755351	0.4617035683026989
0.8240809772037689	0.49723732434063495	0.45538933185601876
0.8225787650195701	0.5036099684232809	0.44899932281221483
0.8210797731475489	0.5098454089786418	0.4425544282366464
0.8195891040830132	0.5159205186208827	0.43607617675292615
0.8181117657702298	0.5218139468714779	0.4295867171842843
0.8166526522198735	0.5275060426383853	0.4231087919205979
0.8152165251181165	0.5329787743716111	0.4166657033373471
0.813807996470403	0.5382156496504891	0.41028127136026044
0.8124315123137145	0.5432016355546424	0.40397978005525265
0.8110913375222624	0.5479230808435158	0.3977859109472492
0.8097915417234474	0.5523676407076415	0.3917246606590902
0.8085359863334247	0.5565242046475032	0.3858212404439676
0.8073283127149943	0.5603828278735777	0.38010095529738347
0.806171931454484	0.563934666495724	0.3745890606164314
0.8050700127491887	0.5671719166736381	0.3693105948634999
0.8040254778924345	0.570087757827356	0.3642901874217163
0.8030409918396675	0.5726762999519843	0.3595518418216494
0.8021189568360114	0.5749325350407956	0.35511869577509214
0.801261507083364	0.5768522925912036	0.35101276094552336
0.8004705044234902	0.578432199147407	0.34725464705441456
0.7997475350123859	0.5796696418188246	0.3438632766664694
0.7990939069606895	0.5805627357037108	0.34085559867458626
0.7985106489146856	0.5811102951409973	0.3382463099451008
0.7979985095527737	0.5813118087098129	0.3360475955997365
0.797557957972861	0.5811674178943019	0.33426889882555627
0.7971891849469088	0.5806778993309416	0.3329167307793084
0.796892105020042	0.5798446505560114	0.3319945300163335
0.7966663594325909	0.5786696791720722	0.33150257894404217
0.7965113198448989	0.5771555953536547	0.33143798219295173
0.7964260928457593	0.5753056076143176	0.3317947087231725
0.7964095252266246	0.5731235217587308	0.33256369621734483
0.796460210004744	0.570613742945287	0.33373301315853965
0.7965764931792871	0.5677812807860412	0.3352880712438247
0.796756481205152	0.5646317574116682	0.33721187867554175
0.7969980491696438	0.5611714184294412	0.3394853235498129
0.7972988496572314	0.557407146701353	0.34208747607263706
0.7976563222874629	0.5533464788674681	0.3449958986288655
0.7980677039105595	0.548997624535497	0.3481869536825817
0.7985300394442264	0.5443694880512284	0.35163610092402164
0.7990401933339999	0.5394716927544865	0.3553181768049173
0.7995948616176676	0.5343146076112824	0.3592076514364147
0.8001905845723112	0.5289093760931558	0.3632788596047931
0.8008237599199977	0.5232679471477182	0.36750620427313324
0.8014906565653516	0.5174031080686157	0.371864332306909
0.8021874288351477	0.5113285190256214	0.37632828325247003
0.8029101311865499	0.5050587489539846	0.3808736128060002
0.8036547333469494	0.4986093124231048	0.38547649315598204
0.8044171358443922	0.4919967070040352	0.3901137926989357
0.8051931858836033	0.4852384505293871	0.39476313775721855
0.8059786935182853	0.4783531174827859	0.3994029589113555
0.8067694480662156	0.4713603735634365	0.404012524437794
0.8075612347094756	0.46428100723975235	0.4085719631506882
0.8083498512179961	0.45713695682985783	0.4130622787122917
0.8091311247307139	0.44995133132324755	0.4174653572232069
0.8099009285250108	0.44274842278625054	0.42176396964791907
0.8106551987016238	0.43555370777702335	0.4259417703846183
0.811389950709518	0.4283938347422032	0.42998329305901534
0.8121012956325401	0.42129659389344004	0.43387394441409527
0.8127854561579775	0.4142908655939596	0.4375999969838539
0.8134387821457101	0.4074065428633293	0.4411485810792968
0.8140577657161698	0.4006744232870184	0.44450767647858014
0.8146390557753749	0.3941260654688445	0.4476661040988516
0.8151794718961713	0.38779360527711915	0.45061351783287285
0.8156760174765766	0.3817095276113807	0.4533403966571748
0.8161258920984793	0.3759063903632787	0.4558380370578836
0.8165265030133558	0.3704164987614154	0.4580985457736236
0.8168754756855917	0.3652715304474583	0.460114832820068
0.8171706633290993	0.3605021144480843	0.46188060473604464
0.8174101553782702	0.35613737062212514	0.46339035797515027
0.817592284840852	0.35220442000663627	0.4646393723580259
0.8177156344870755	0.34872788047030984	0.46562370449774776
0.8177790418370482	0.3457293658020054	0.46634018111310926
0.8177816029162791	0.343227009325333	0.46678639215078727
0.8177226747576923	0.3412350348233869	0.4669606836470237
0.8176018766370345	0.33976339753172935	0.46686215027140054
0.817419090037625	0.3388175159265506	0.4664906275092073
0.8171744573491664	0.33839811096243266	0.4658466834540952
0.816868379314309	0.3385011635618784	0.46493161019866464
0.8165015112455146	0.3391179940757169	0.46374741482689835
0.8160747580431813	0.34023545988161924	0.4622968100285258
0.8155892680543009	0.3418362601157762	0.46058320437110617
0.8150464258184473	0.34389933052691135	0.45861069228033047
0.8144478437554961	0.346400307193403	0.4563840437926793
0.8137953528556654	0.349312035662079	0.4539086941564786
0.8130909924386417	0.35260510195434347	0.4511907333674742
0.8123369990536942	0.3562483635785928	0.44823689573273795
0.8115357945971525	0.36020946174063295	0.44505454956182294
0.8106899737270976	0.36445529982718267	0.4416516870860824
0.8098022906580481	0.3689524774338065	0.43803691470545447
0.8088756454203568	0.3736676732817207	0.4342194436566198
0.8079130696700524	0.3785679740000674	0.43020908118621576
0.8069177121353541	0.38362114875278797	0.4260162222975584
0.8058928237855216	0.3887958719869065	0.42165184211814
0.8048417428066063	0.3940618981867293	0.41712748890729745
0.8037678794667418	0.39939019350949195	0.4124552776879639
0.8026747009511649	0.40475302965871246	0.4076478844424124
0.8015657162441263	0.4101240454375485	0.4027185407581858
0.800444461131234	0.4154782812273639	0.39768102874602684
0.7993144833918772	0.42079219125325096	0.3925496759753699
0.7981793282470109	0.42604363800774003	0.38733935008377335
0.7970425241229573	0.43121187266677036	0.3820654526139069
0.795907568787114	0.4362775047915272	0.3767439115147379
0.7947779159065187	0.44122246409500715	0.3713911716125662
0.793656962075084	0.4460299565806799	0.3660241822136693
0.7925480343504882	0.4506844169412435	0.36066038084557756
0.7914543783365391	0.45517145874133197	0.35531767198254915
0.790379146842124	0.45947782359759637	0.35001439943859
0.7893253891430488	0.46359133030943767	0.34476931095720553
0.7882960408686249	0.4675008246786527	0.3396015133929851
0.7872939145305077	0.4711961305807176	0.33453041678152506
0.786321690707405	0.4746680027088745	0.329575665550548
0.7853819098954061	0.47790808129911433	0.3247570551590158
0.7844769650303084	0.48090884905488984	0.3200944325880624
0.7836090946852428	0.48366359042065904	0.31560757937424805
0.7827803769440417	0.48616635329921903	0.31131607629676916
0.7819927239483503	0.48841191326667766	0.30723914942560565
0.7812478771141903	0.49039574030757704	0.30339549801687715
0.7805474030120758	0.4921139680695185	0.29980310569935736
0.7798926899028723	0.4935633656196182	0.296479037506106
0.7792849449205166	0.49474131167295343	0.2934392265166104
0.7787251918915464	0.4956457712546593	0.2906982551100132
0.7782142697805905	0.4962752747516698	0.28826913698649304
0.7777528317502763	0.49662889930659393	0.286163107070971
0.7773413448236545	0.49670625250423334	0.2843894270444955
0.7769800901368488	0.4965074583004225	0.28295521443774196
0.7766691637694919	0.49603314514300306	0.2818653028815147
0.7764084781404478	0.49528443623525786	0.28112214020265625
0.7761977639562059	0.4942629418933057	0.2807257296029272
0.7760365726995091	0.49297075395008205	0.28067361725212076
0.7759242796456016	0.4914104421601367	0.2809609274135527
0.7758600873937306	0.4895850525606976	0.2815804438912652
0.775843029901322	0.4874981077459504	0.2825227343524904
0.7758719770083038	0.4851536090125226	0.2837763121323304
0.7759456394388402	0.48255604033499694	0.28532782862852213
0.7760625742675545	0.47971037413058454	0.287162288441923
0.7762211908368895	0.47662207877177504	0.2892632790466015
0.776419757111843	0.4732971278044453	0.2916132069504677
0.7766564064576694	0.46974201082648137	0.2941935329505813
0.7769291448254282	0.4659637459778518	0.29698500007937156
0.7772358583293096	0.46196989398690136	0.29996784904800977
0.7775743211987604	0.45776857370875823	0.303122017293633
0.7779422040870787	0.453368479079501	0.3064273190183298
0.778337082716992	0.4487788973931491	0.30986360478481423
0.7787564468422522	0.4440097287864748	0.31341090025058593
0.7791977095026571	0.4390715067880204	0.31704952444884765
0.7796582165484043	0.43397541975073695	0.32076018865391603
0.7801352564078076	0.42873333294067734	0.3245240773104228
0.7806260700706831	0.4233578109952126	0.32832291278074355
0.7811278612578693	0.41786214039082514	0.33213900580034617
0.7816378067455243	0.4122603514703439	0.3359552935552341
0.7821530668109176	0.4065672394698808	0.3397553672371972
0.782670795764788	0.40079838385404143	0.3435234908162665
0.7831881525334927	0.3949701651119104	0.3472446126165669
0.7837023112526242	0.3890997779842905	0.3509043711089641
0.7842104718322794	0.3832052398835982	0.3544890961544105
0.7847098704528739	0.3773053930329816	0.3579858067551393
0.7851977899492468	0.3714198985939452	0.3613822062035628
0.7856715700398953	0.36556922077886117	0.36466667536468816
0.7861286173576367	0.359774598667924	0.3678282646895843
0.7865664152375123	0.35405800318695957	0.37085668543544437
0.786982533217769	0.34844207647750214	0.3737423004623193
0.7873746362099924	0.3429500507370566	0.3764761148866391
0.7877404932950968	0.3376056435668424	0.3790497667960421
0.7880779861027098	0.3324329269860564	0.38145551816766743
0.7883851167329334	0.32745616761142016	0.38368624608116214
0.7886600151810298	0.32269963611447744	0.38573543427713664
0.7889009462275548	0.3181873850076359	0.38759716507991904
0.7891063157589062	0.31394299510739554	0.3892661116794404
0.7892746764858742	0.3099892926858143	0.3907375307493144
0.7894047330307293	0.30634804131288107	0.3920072553659353
0.7894953463568282	0.3030396146234911	0.39307168818585486
0.7895455375180889	0.3000826585620967	0.39392779483473506
0.789554490709572	0.29749375385567084	0.3945730974604724
0.7895215556044387	0.29528709128549674	0.3950056684048916
0.7894462489665295	0.29347417349752847	0.39522412395219986
0.7893282555323176	0.2920635573595425	0.39522761811778073
0.7891674281600877	0.29106065006152976	0.3950158364475577
0.7889637872487973	0.2904675701992228	0.39458898980562646
0.7887175194332443	0.2902830820601807	0.3939478081359136
0.7884289755666837	0.2905026074798005	0.39309353419202336
0.7880986680059945	0.29111831531096916	0.39202791723795943
0.7877272672188752	0.2921192841926863	0.3907532067306921
0.7873155977361446	0.29349173035449366	0.38927214600363974
0.7868646334761158	0.29521928903741557	0.38758796597763484
0.7863754924712469	0.2972833360106384	0.3857043789327373
0.7858494310305666	0.2996633347282685	0.38362557238022593
0.7852878373740891	0.3023371948619818	0.381356203078899
0.7846922247779285	0.3052816290971039	0.3789013912434017
0.7840642242709772	0.30847249694265677	0.37626671499429837
0.7834055769258663	0.311885126597672	0.3734582050999506
0.7827181257881114	0.3154946083645753	0.3704823400584487
0.7820038074887012	0.31927605547627735	0.367346041563789
0.7812646435857583	0.3232048303384566	0.36405667039370343
0.7805027316814064	0.32725673597818644	0.3606220227466024
0.779720236359826	0.33140817388997185	0.35705032704166606
0.7789193799921525	0.335636270481848	0.35335024117848185
0.7781024334531977	0.3399189749821101	0.349530850230425
0.7772717067938932	0.3442351320246723	0.3456016645182794
0.7764295399122202	0.34856453224907025	0.34157261797693295
0.7755782932637822	0.3528879441903036	0.33745406668751027
0.7747203386515302	0.35718713054879103	0.33325678739912523
0.773858050132193	0.3614448516677206	0.3289919758080785
0.7729937950749515	0.36564485874101504	0.32467124429687627
0.7721299254056727	0.3697718789571135	0.3203066187606597
0.7712687690677245	0.3738115944718062	0.3159105340641658
0.7704126217280981	0.37775061680987065	0.3114958275786861
0.7695637387551085	0.38157645802806656	0.30707573014657114
0.7687243274915045	0.38527749973473296	0.3026638537124471
0.767896539844561	0.38884296085469555	0.2982741747489304
0.7670824652121501	0.3922628648515207	0.2939210124945017
0.7662841237616347	0.3955280069701401	0.2896190009193691
0.7655034600761508	0.3986299219389092	0.2853830532498959
0.7647423371805538	0.4015608524680244	0.28122831782505214
0.7640025309574342	0.4043137187983327	0.27717012404257657
0.7632857249615015	0.4068820894875059	0.2732239171941194
0.7625935056388744	0.4092601535673087	0.26940518110464245
0.7619273579560831	0.41144269416349705	0.26572934769956225
0.7612886614419886	0.41342506363699355	0.2622116929395934
0.7606786866443963	0.41520316027960413	0.25886721900025894
0.7600985920017743	0.4167734065780911	0.25571052313583414
0.7595494211293363	0.41813272904600585	0.2527556543507846
0.7590321005176274	0.4192785396117901	0.25001595978668195
0.7585474376407451	0.42020871854415015	0.24750392358355208
0.7580961194706335	0.42092159889014696	0.2452310018389581
0.7576787113928992	0.4214159523980575	0.24320745809667718
0.7572956565191566	0.4216909768947738	0.24144220446899284
0.75694727539015	0.42174628508646383	0.2399426539475422
0.7566337660635352	0.421581894750865	0.23871458960918907
0.7563552045796518	0.4211982202898121	0.23776205621606994
0.756111545798271	0.420596065611274	0.2370872791138066
0.7559026245989142	0.41977661831111235	0.23669061435951433
0.755728157437049	0.418741445125866	0.23657053271529893
0.7555877442481218	0.4174924886291412	0.2367236386174117
0.7554808706910426	0.41603206514532426	0.23714472360031946
0.7554069107225577	0.41436286385556553	0.23782685205744084
0.7553651294934601	0.4124879470720196	0.23876147579138612
0.7553546865573997	0.4104107516571034	0.23993857265993698
0.7553746393825951	0.4081350915650801	0.24134680383779858
0.7554239471563622	0.4056651614833611	0.2429736838240219
0.7555014748720106	0.4030055415504269	0.24480575732287999
0.7556059976871343	0.40016120312600045	0.24682877746687246
0.7557362055417426	0.39713751558697596	0.24902788046276966
0.7558907080243062	0.393940254119047	0.25138775253944445
0.7560680394729586	0.39057560846909184	0.25389278597196646
0.7562666642985937	0.38705019261621015	0.2565272218706676
0.7564849825158804	0.38337105530999255	0.2592752782916593
0.7567213354674667	0.37954569141191624	0.26212126299981886
0.7569740117258684	0.37558205395951105	0.26504967086798126
0.757241253156827	0.37148856685204246	0.26804526641461907
0.757521261127013	0.36727413803001646	0.27109315236738923
0.7578122028382216	0.362948172987724	0.2741788254019346
0.7581122177694092	0.3585205884171983	0.2772882203599858
0.7584194242069584	0.3540018257318522	0.28040774431712734
0.7587319258430019	0.3494028641574601	0.28352430186776983
0.7590478184206975	0.3447352330055354	0.2866253129409872
0.7593651964047688	0.3400110226581071	0.2896987243719407
0.7596821596548616	0.3352428936925425	0.29273301634297383
0.7599968200788172	0.33044408345925713	0.2957172046867279
0.7603073082423348	0.3256284092942651	0.29864083991897344
0.7606117799111779	0.3208102674032375	0.3014940037470575
0.7609084225017735	0.3160046262965912	0.30426730368504473
0.7611954614158295	0.31122701349068976	0.3069518663010891
0.76147116623452	0.3064934940253303	0.30953932952780244
0.7617338567479957	0.30182063919291063	0.3120218343827235
0.7619819087960253	0.2972254837440347	0.314392016373374
0.7622137598960489	0.29272546974651104	0.31664299679920793
0.762427914635423	0.2883383752527406	0.31876837411033626
0.7626229498052631	0.2840822260015237	0.3207622154391814
0.7627975192542646	0.2799751885747276	0.32261904838535604
0.7629503584416385	0.27603544377762806	0.3243338531050213
0.7630802886697132	0.2722810395424988	0.3259020547328994
0.7631862209778223	0.26872972338843165	0.32731951614719074
0.7632671596807098	0.26539875541334057	0.32858253107398494
0.7633222055361061	0.2623047039326667	0.3296878175178376
0.7633505585279573	0.2594632271732199	0.3306325114983582
0.7633515202535465	0.25688884580786775	0.33141416106833377
0.7633244959046142	0.254594712473565	0.3320307205867431
0.7632689958346874	0.25259238562028136	0.33248054521957204
0.7631846367068282	0.2508916159438895	0.33276238564226446
0.7630711422181264	0.2495001541161271	0.33287538291970686
0.7629283433994637	0.24842358841713602	0.33281906354253565
0.7627561784912577	0.24766522012679326	0.33259333460212714
0.762554692397962	0.2472259831340184	0.3321984790906537
0.7623240357264373	0.24710441225159796	0.33163515131694454
0.7620644634152482	0.2472966623280281	0.3309043724333576
0.7617763329641295	0.2477965776389447	0.3300075260734753
0.7614601022747359	0.24859580846224255	0.32894635410487916
0.7611163271158554	0.24968396943363474	0.3277229525055719
0.7607456582278522	0.25104883244560267	0.32633976737663906
0.7603488380829814	0.252676545629363	0.3247995911074064
0.7599266973195837	0.25455186940414015	0.3231055587124113
0.7594801508697531	0.25665842066822786	0.3212611443621939
0.7590101938011833	0.2589789168533268	0.31927015813159404
0.7585178968950191	0.2614954126336528	0.31713674299034567
0.7580044019825452	0.2641895234203088	0.31486537206069265
0.7574709170642606	0.267042631227764	0.3124608461655697
0.7569187112354433	0.27003606994154145	0.3099282916884075
0.7563491094428565	0.273151288342814	0.30727315876148825
0.7557634870973677	0.27636999038969073	0.3045012197938723
0.7551632645675149	0.2796742531813276	0.3016185683418826
0.7545499015788689	0.28304662373206696	0.29863161831465684
0.7539248915438883	0.2864701961706863	0.29554710349396945
0.7532897558466561	0.28992867127987987	0.29237207733102466
0.7526460381063669	0.293406400435393	0.2891139129627012
0.7519952984428123	0.2968884160264081	0.28578030336537524
0.7513391077664834	0.3003604503712395	0.28237926153530707
0.7506790421150271	0.3038089450133109	0.2789191205504325
0.7500166770569114	0.3072210521157024	0.27540853332833937
0.7493535821822013	0.31058462948666565	0.27185647184928957
0.7486913156992663	0.31388823057765813	0.2682722255607365
0.7480314191552184	0.31712109060954885	0.2646653986210671
0.747375412296677	0.3202731098079984	0.2610459055754627
0.7467247880863029	0.3233348345699908	0.2574239649866169
0.746081007889477	0.32629743724146193	0.2538100904689199
0.745445496844127	0.32915269506182143	0.2502150784988802
0.7448196394257245	0.33189296872413593	0.24664999230013315
0.7442047752181159	0.3345111809087557	0.24312614103298746
0.7436021948998696	0.3370007950718499	0.2396550534617079
0.7430131364546024	0.33935579470685656	0.23624844523535415
0.7424387816126797	0.34157066324472984	0.23291817890857366
0.7418802525305941	0.3436403647164655	0.22967621585794207
0.7413386087134395	0.345560325267158	0.22653455932839173
0.7408148441847525	0.34732641558360894	0.2235051879846157
0.7403098849072696	0.3489349342759124	0.2205999795547821
0.739824586457134	0.35038259223666807	0.21783062444679943
0.7393597319533417	0.3516664979885186	0.2152085295947268
0.7389160302434616	0.35278414402082836	0.21274471325248262
0.7384941143459103	0.3537333941090901	0.2104496919826497
0.7380945401484379	0.35451247160526744	0.2083333616689966
0.7377177853618506	0.3551199486835895	0.20640487497967103
0.7373642487274212	0.35555473652383646	0.20467251828100805
0.7370342494758838	0.35581607641266194	0.20314359149784114
0.7367280270355033	0.35590353174270045	0.20182429477959582
0.736445740986143	0.3558169808890738	0.20071962600855195
0.7361874712559214	0.35555661094308294	0.19983329313345985
0.735953218556586	0.3551229122834641	0.19916764500112896
0.7357429050533605	0.3545166739663451	0.19872362378734296
0.7355563752647647	0.353738979915905	0.1985007413203237
0.7353933971874064	0.3527912058987978	0.19849708059611476
0.7352536636405574	0.3516750172663655	0.19870932267957842
0.7351367938249065	0.3503923674496859	0.199132798055523
0.7350423350896239	0.3489454971934268	0.19976156043360258
0.734969764901544	0.34733693451526465	0.20058848010177885
0.7349184930099399	0.34556949537826037	0.20160535323143616
0.7348878638000559	0.3436462850639295	0.2028030231026788
0.7348771588282661	0.34157070023381325	0.20417150905232884
0.7348855995312795	0.3393464316669375	0.2057001390346514
0.7349123501016984	0.33697746765957226	0.20737768198892964
0.7349565205216182	0.3344680980721429	0.2091924766774872
0.7350171697457866	0.3318229190055195	0.21113255423489274
0.7350933090254553	0.3290468380853878	0.21318575229710704
0.7351839053635276	0.32614508032834894	0.21533981920801945
0.7352878850914892	0.3231231945568768	0.21758250739012633
0.7354041375579948	0.31998706032150626	0.21990165548775234
0.7355315189186864	0.31674289527759886	0.22228525932851317
0.7356688560165177	0.3133972629499484	0.22472153209510326
0.7358149503413184	0.3099570808009269	0.22719895435642423
0.735968582057092	0.3064296284961981	0.22970631478190282
0.7361285140851689	0.30282255623542115	0.23223274246621253
0.7362934962309592	0.29914389298319866	0.23476773183608754
0.7364622693417077	0.2954020543969834	0.23730116110903904
0.7366335694825116	0.2916058502028231	0.2398233052375425
0.7368061321173782	0.28776449071615484	0.24232484421214046
0.7369786962821179	0.28388759214253884	0.24479686752172128
0.7371500087354432	0.2799851802220834	0.24723087548612224
0.7373188280747398	0.27606769170118395	0.24961877809059335
0.7374839288026986	0.27214597302676574	0.25195289186759917
0.737644105331101	0.26823127556279563	0.25422593529161386
0.7377981759079402	0.26433524652891205	0.25643102307881543
0.737944986454319	0.2604699147603012	0.2585616597168912
0.7380834142974894	0.25664767029212915	0.26061173249080616
0.7382123717868688	0.252881236688367	0.2625755042185943
0.7383308097799133	0.24918363497357626	0.26444760586640453
0.7384377209852572	0.24556813799966493	0.2662230291739223
0.7385321431508468	0.24204821410202032	0.2678971193891982
0.7386131620853437	0.23863745898763117	0.26946556818523293
0.7386799145016311	0.23534951496887516	0.2709244068087941
0.7387315906718388	0.23219797692740907	0.2722699994941721
0.738767436884112	0.22919628477680073	0.27349903716056506
0.738786757691988	0.2263576026982192	0.2746085314006427
0.7387889179480917	0.22369468604952894	0.27559580875952044
0.7387733446148744	0.22121973758071217	0.27645850529715765
0.7387395283458278	0.2189442553985167	0.2771945614228096
0.7386870248317329	0.21687887596377642	0.27780221698737945
0.738615455907467	0.21503321621274535	0.2782800066179426
0.7385245104159365	0.21341571959189695	0.278626755278202
0.738413944826753	0.2120335113005793	0.27884157403890725
0.7382835836083841	0.21089226826701363	0.27892385604327014
0.7381333193535642	0.20999610927522347	0.27887327265386086
0.7379631126589363	0.20934751017568182	0.27868976976935145
0.7377729917608477	0.2089472482503069	0.27837356430165944
0.7375630519304365	0.2087943786054446	0.277925140806338
0.737333454632098	0.20888624401862407	0.2773452482616061
0.7370844264505717	0.20921851808355155	0.2766348969938631
0.7368162577927403	0.209785279918911	0.27579535575005165
0.7365293013712895	0.21057911726656003	0.2748281489196394
0.7362239704782504	0.211591253622059	0.27373505391123765
0.7359007370573005	0.2128116942006602	0.272518098690969
0.7355601295844371	0.2142293850882715	0.2711795594914739
0.7352027307675051	0.21583237985934625	0.2697219587019671
0.7348291750755395	0.21760800822304327	0.2681480629508579
0.7344401461095983	0.2195430418178781	0.2664608813930191
0.7340363738272558	0.22162385302971901	0.26466366421400356
0.7336186316332645	0.223836563571314	0.2627599013628346
0.7331877333494564	0.22616718045310014	0.26075332152377023
0.7327445300770223	0.22860171782868607	0.25864789133521154
0.7322899069646257	0.23112630396551093	0.25644781486073015
0.7318247798959608	0.23372727324149134	0.2541575333127642
0.7313500921103818	0.23639124358846306	0.25178172502370094
0.7308668107701622	0.23910518019225466	0.24932530565168223
0.7303759234879784	0.24185644652702426	0.24679342859915138
0.7298784348279926	0.244632843963146	0.24419148561073714
0.7293753627936662	0.24742264126209643	0.24152510750323586
0.728867735315235	0.2502145952772727	0.23880016496382023
0.7283565867494386	0.25299796413439246	0.2360227693328763
0.7278429544036469	0.2557625140849196	0.23319927326479709
0.7273278750962361	0.25849852112390204	0.23033627113312657
0.7268123817644949	0.2611967683502701	0.22744059901563535
0.7262975001309321	0.2638485399310503	0.22451933405986227
0.7257842454382548	0.2664456124166325	0.22157979299041577
0.725273619262856	0.26898024404640725	0.21862952947607087
0.7247666064159645	0.27144516258484075	0.21567633002786962
0.7242641719410845	0.27383355213882793	0.212728208049836
0.7237672582158334	0.2761390393284038	0.20979339561299096
0.7232767821655126	0.27835567911421427	0.20688033247296933
0.7227936325953691	0.28047794052633945	0.2039976518044666
0.7223186676477064	0.28250069248900667	0.20115416208557318
0.7218527123895718	0.28441918989384396	0.1983588245362652
0.7213965565360506	0.2862290600393594	0.1956207255035519
0.7209509523137236	0.28792628952567223	0.19294904319732314
0.7205166124681708	0.2895072116700698	0.19035300822309656
0.7200942084189977	0.29096849449003354	0.1878418574380043
0.719684368565193	0.2923071292852737	0.1854247807817655
0.7192876767432416	0.2935204198383122	0.18311086091115109
0.7189046708398408	0.29460597224384966	0.1809090056984518
0.718535841560633	0.2955616853698977	0.17882787394217095
0.7181816313559307	0.2963857419482787	0.17687579497726053
0.7178424335039449	0.2970766002880428	0.17506068325226484
0.717518591351632	0.2976329866024727	0.17338994934461252
0.7172103977128799	0.2980538879384251	0.17187040928873185
0.7169180944234539	0.2983385456954578	0.17050819446408522
0.7166418720515652	0.2984864497215782	0.16930866459688818
0.7163818697628772	0.2984973329721602	0.1682763266340913
0.7161381753381953	0.29837116671871167	0.16741476231815508
0.7159108253418617	0.29810815629452564	0.16672656720086698
0.7156998054386642	0.29770873736475584	0.16621330357082215
0.7155050508566665	0.29717357270918304	0.16587546933497413
0.7153264469931446	0.29650354950661123	0.16571248430991656
0.7151638301605461	0.29569977711070283	0.16572269468035855
0.7150169884691988	0.29476358530779795	0.16590339562083953
0.7148856628431193	0.2936965230480884	0.16625087131028368
0.7147695481651334	0.29250035764218923	0.16676045085675023
0.714668294547281	0.2911770744158119	0.1674265780445201
0.7145815087221807	0.2897288768157003	0.16824289235813247
0.7145087555508779	0.2881581869603157	0.16920231845251127
0.714449559642428	0.286467646628858	0.17029716113120616
0.7144034070802846	0.2846601186819631	0.1715192029557668
0.7143697472502566	0.2827386889068891	0.1728598018143127
0.7143479947647419	0.28070666827892105	0.17430998609337958
0.7143375314775523	0.2785675956291823	0.17586054548688393
0.7143377085835599	0.2763252407066854	0.17750211590248952
0.7143478487971304	0.27398360761936397	0.17922525735581638
0.7143672486031263	0.27154693863463647	0.18102052414999206
0.7143951805740636	0.26901971831461124	0.18287852700260654
0.714430895746822	0.26640667795418543	0.1847899870921127
0.7144736260520623	0.26371280028154237	0.18674578224579966
0.7145225867894649	0.2609433243698092	0.1887369856814562
0.7145769791415737	0.2581037506953828	0.1907548978488338
0.7146359927190264	0.2551998462623073	0.19279107200134715
0.7146988081296856	0.25223764969270207	0.1948373341710731
0.7147645995641827	0.24922347616010448	0.19688579822917218
0.7148325373901533	0.24616392201523368	0.1989288766973117
0.7149017907474513	0.2430658689217739	0.20095928794078952
0.7149715301365445	0.2399364872827738	0.20297006032673567
0.715040929992197	0.2367832386961303	0.20495453387644497
0.7151091712345812	0.23361387713006973	0.2069063598831714
0.7151754437899013	0.230436448456949	0.20881949890894172
0.715238949072761	0.22725928792654926	0.2106882175180797
0.715298902422406	0.2240910150994647	0.21250708405267743
0.7153545354851782	0.22094052569901546	0.2142709637071953
0.7154050985356026	0.2178169797788849	0.21597501311602607
0.7154498627286635	0.21472978554722655	0.21761467462950787
0.7154881222760495	0.2116885781409515	0.21918567042030354
0.7155191965392834	0.20870319261262962	0.22068399653313006
0.715542432033018	0.20578363038426983	0.22210591696611895
0.715557204331911	0.20294001844593418	0.22344795785124424
0.7155629198749508	0.20018256064227005	0.2247069017839149
0.7155590176613315	0.19752148050646987	0.2258797823374514
0.7155449708324106	0.19496695527821398	0.22696387878652932
0.7155202881346359	0.1925290409873123	0.2279567110542992
0.715484515258833	0.190217588802027	0.22885603489046832
0.7154372360515504	0.18804215322935752	0.22965983728195696
0.7153780735948444	0.18601189320568265	0.23036633209334564
0.7153066911511269	0.18413546761334157	0.23097395593130265
0.7152227929704674	0.18242092727571244	0.23148136422496451
0.7151261249580707	0.18087560598463712	0.23188742751294036
0.7150164752002727	0.17950601355629373	0.23219122792697233
0.7148936743479697	0.1783177342475823	0.23239205586212955
0.7147575958569312	0.17731533404778457	0.2324894068237718
0.7146081560849143	0.17650228035009136	0.2324829784421448
0.7144453142462791	0.1758808772781476	0.2323726676464139
0.7142690722250747	0.1754522194870999	0.2321585679910706
0.7140794742483632	0.17521616659266753	0.23184096712891958
0.713876606421962	0.1751713395450905	0.2314203444261822
0.7136605961312628	0.17531513931748965	0.23089736871671393
0.713431611310476	0.17564378729438881	0.23027289619372449
0.7131898595839448	0.17615238580500206	0.22954796843877015
0.7129355872837517	0.176834996421649	0.2287238105891774
0.7126690783482688	0.17768473299651225	0.22780182964624165
0.7123906531066585	0.17869386597929673	0.22678361292771412
0.7121006669548482	0.1798539343597111	0.2256709266690077
0.7117995089286997	0.1811558616039975	0.22446571477835592
0.7114876001805712	0.1825900721762413	0.22317009775164434
0.7111653923656172	0.18414660561114207	0.22178637175289753
0.7108333659445843	0.18581522558652333	0.22031700786628738
0.7104920284099328	0.187585521981592	0.21876465152504576
0.7101419124424224	0.189447004455844	0.21713212212167893
0.7097835740053646	0.19138918660681553	0.21542241280239216
0.709417590383901	0.19340166023550998	0.21363869044643924
0.7090445581767333	0.19547415964945503	0.2117842958282435
0.7086650912478323	0.19759661625707636	0.20986274395634155
0.7082798186454942	0.19975920395299335	0.20787772457842474
