1.0	1.0	0.9999999999999999
0.8027643442196881	0.30319491087306283	0.5048092795910356
0.6420100043694191	0.09484919554417907	0.25171515838001046
0.5134839240164683	0.030992060309165174	0.12524893991401986
0.4107584375986254	0.010490773797363163	0.06240320427890615
0.3286019903187714	0.0035906529822866133	0.031143574753499208
0.26288099366862	0.0012105771977314098	0.015560286746684476
0.2103047457639175	0.0003934295407515374	0.007778685622542129
0.16824379712004933	0.00012081898313451486	0.0038893899504248174
0.13459503887051594	3.415826499233562e-5	0.0019447931766033984
0.10767603137093266	8.489221819858384e-6	0.0009724321491704603
0.08614082513677393	1.7199332039316673e-6	0.0004862241743082495
0.06891266011254432	4.527619549719499e-7	0.0002431130376547533
0.05513012808971896	2.9678770283745123e-7	0.00012155632555323434
0.0441041024715778	1.6795369763240725e-7	6.0777989404861105e-5
0.03528328197720951	8.069010286002833e-8	3.038892206214044e-5
0.028226625581756724	3.516458343206318e-8	1.5194437264782925e-5
0.02258130046540343	1.4404220744370281e-8	7.5972118458607874e-6
0.01806504037232242	5.670520948353973e-9	3.7986041300667965e-6
0.014452032297857883	2.1829064205714673e-9	1.89930160238717e-6
0.011561625838286297	8.345507930988683e-10	9.496506773024537e-7
0.009249300670629037	3.210762308371053e-10	4.748253025215517e-7
0.00739944053650323	1.2534934460262945e-10	2.3741263972671093e-7
0.005919552429202585	4.973500910039034e-11	1.1870631597107982e-7
0.004735641943362069	1.9973654789588794e-11	5.935315665293806e-8
0.0037885135546896556	8.06895797005704e-12	2.967657787530648e-8
0.0030308108437517253	3.2617555321148323e-12	1.4838288788068153e-8
0.0024246486750013805	1.315239966087209e-12	7.419144345454195e-9
0.0019397189400011043	5.284552854931484e-13	3.7095721571951395e-9
0.0015517751520008835	2.1163904752207077e-13	1.854786073676293e-9
0.001241420121600707	8.456870391516265e-14	9.273930352832758e-10
0.0009931360972805655	3.3756870967030746e-14	4.6369651714956965e-10
0.0007945088778244526	1.3473468301419224e-14	2.3184825841844363e-10
0.0006356071022595622	5.380540624007111e-15	1.1592412915933528e-10
0.0005084856818076499	2.1502995739022396e-15	5.796206456369654e-11
0.00040678854544611996	8.599418645707254e-16	2.8981032276725733e-11
0.000325430836356896	3.4406387791285776e-16	1.4490516136719109e-11
0.00026034466908551684	1.376885553388185e-16	7.2452580678323365e-12
0.00020827573526841352	5.510056369488775e-17	3.6226290337472182e-12
0.00016662058821473083	2.2047588923987813e-17	1.8113145168195168e-12
0.00013329647057178467	8.820559562811404e-18	9.056572583924516e-13
0.00010663717645742776	3.5283347922881626e-18	4.5282862919069046e-13
8.530974116594222e-5	1.411248466518883e-18	2.2641431459357493e-13
6.824779293275378e-5	5.644435693301496e-19	1.1320715729622124e-13
5.459823434620303e-5	2.257559224854564e-19	5.6603578647929484e-14
4.3678587476962426e-5	9.029625171667143e-20	2.8301789323906776e-14
3.494286998156995e-5	3.6117293508063567e-20	1.4150894661934839e-14
2.795429598525596e-5	1.4446856553449575e-20	7.075447330961486e-15
2.2363436788204773e-5	5.7788246487864565e-21	3.537723665478843e-15
1.7890749430563817e-5	2.311579108091174e-21	1.7688618327388134e-15
1.4312599544451057e-5	9.246499874505034e-22	8.844309163692123e-16
1.1450079635560848e-5	3.6986505806408557e-22	4.4221545818454396e-16
9.160063708448678e-6	1.479469708410764e-22	2.2110772909225203e-16
7.328050966758944e-6	5.917881139867777e-23	1.1055386454611964e-16
5.862440773407156e-6	2.3671447071282233e-23	5.527693227305778e-17
4.689952618725727e-6	9.468535562343075e-24	2.7638466136528235e-17
3.7519620949805814e-6	3.787398622285573e-24	1.381923306826391e-17
3.0015696759844657e-6	1.5149552729427742e-24	6.909616534131887e-18
2.4012557407875727e-6	6.05981372347438e-25	3.4548082670659223e-18
1.9210045926300583e-6	2.423925536471899e-25	1.7274041335329544e-18
1.536803674104047e-6	9.695709371403235e-26	8.63702066766475e-19
1.229442939283238e-6	3.8782875347875176e-26	4.3185103338323677e-19
9.835543514265907e-7	1.5513163372135208e-26	2.159255166916182e-19
7.868434811412725e-7	6.205268780092327e-27	1.0796275834580901e-19
6.294747849130181e-7	2.4821080783757418e-27	5.398137917290448e-20
5.035798279304146e-7	9.928432067595198e-28	2.6990689586452235e-20
4.028638623443316e-7	3.9713721604844237e-28	1.3495344793226114e-20
3.222910898754653e-7	1.5885485340831286e-28	6.747672396613056e-21
2.5783287190037226e-7	6.354193017216675e-29	3.3738361983065286e-21
2.0626629752029782e-7	2.5416769260874035e-29	1.6869180991532641e-21
1.6501303801623829e-7	1.0166707275133077e-29	8.434590495766321e-22
1.3201043041299063e-7	4.066682948337744e-30	4.2172952478831603e-22
1.0560834433039253e-7	1.6266732402685682e-30	2.1086476239415801e-22
8.448667546431403e-8	6.5066932478841245e-31	1.0543238119707901e-22
6.758934037145124e-8	2.6026773935252892e-31	5.2716190598539504e-23
5.4071472297161e-8	1.0410709802902418e-31	2.6358095299269752e-23
4.32571778377288e-8	4.1642839531203206e-32	1.3179047649634876e-23
3.460574227018305e-8	1.6657135765306018e-32	6.589523824817438e-24
2.7684593816146442e-8	6.662854250853764e-33	3.294761912408719e-24
2.2147675052917156e-8	2.6651416755056107e-33	1.6473809562043595e-24
1.7718140042333726e-8	1.0660566622673458e-33	8.236904781021797e-25
1.4174512033866982e-8	4.264226630513608e-34	4.1184523905108987e-25
1.1339609627093589e-8	1.7056906498799188e-34	2.0592261952554494e-25
9.07168770167487e-9	6.822762604757864e-35	1.0296130976277247e-25
7.257350161339897e-9	2.729105046881996e-35	5.1480654881386234e-26
5.8058801290719184e-9	1.0916420208965498e-35	2.5740327440693117e-26
4.644704103257535e-9	4.366568090238182e-36	1.2870163720346558e-26
3.715763282606028e-9	1.7466272375924176e-36	6.435081860173279e-27
2.9726106260848233e-9	6.98650895200946e-37	3.2175409300866396e-27
2.378088500867859e-9	2.7946035802557483e-37	1.6087704650433198e-27
1.9024708006942872e-9	1.117841431656497e-37	8.043852325216599e-28
1.5219766405554301e-9	4.4713657247812946e-38	4.0219261626082995e-28
1.2175813124443442e-9	1.7885462893565642e-38	2.0109630813041498e-28
9.740650499554756e-10	7.15418515622517e-39	1.0054815406520749e-28
7.792520399643807e-10	2.861674062379626e-39	5.0274077032603744e-29
6.234016319715046e-10	1.1446696250070097e-39	2.5137038516301872e-29
4.987213055772039e-10	4.578678500425037e-40	1.2568519258150936e-29
3.9897704446176316e-10	1.8314714003282733e-40	6.284259629075468e-30
3.191816355694106e-10	7.325885601776291e-41	3.142129814537734e-30
2.553453084555285e-10	2.930354240806261e-41	1.571064907268867e-30
2.042762467644228e-10	1.1721416963294133e-41	7.855324536344335e-31
1.6342099741153827e-10	4.688566785263637e-42	3.9276622681721675e-31
1.307367979292306e-10	1.8754267140702763e-42	1.9638311340860838e-31
1.045894383433845e-10	7.501706856145733e-43	9.819155670430419e-32
8.367155067470761e-11	3.000682742419828e-43	4.9095778352152094e-32
6.69372405397661e-11	1.200273096960354e-43	2.4547889176076047e-32
5.354979243181289e-11	4.801092387837662e-44	1.2273944588038023e-32
4.283983394545032e-11	1.9204369551402473e-44	6.136972294019012e-33
3.427186715636025e-11	7.681747820592023e-45	3.068486147009506e-33
2.7417493725088205e-11	3.0726991282483557e-45	1.534243073504753e-33
2.1933994980070574e-11	1.229079651302526e-45	7.671215367523765e-34
1.7547195984056462e-11	4.916318605216052e-46	3.8356076837618823e-34
1.4037756787245169e-11	1.9665274420865602e-46	1.9178038418809412e-34
1.1230205429796138e-11	7.866109768341348e-47	9.589019209404706e-35
8.98416434383691e-12	3.146443907333814e-47	4.794509604702353e-35
7.18733147506953e-12	1.258577562932544e-47	2.3972548023511765e-35
5.749865180055625e-12	5.034310251727551e-48	1.1986274011755882e-35
4.5998921440445005e-12	2.013724100690558e-48	5.993137005877941e-36
3.679913715235601e-12	8.054896402762268e-49	2.9965685029389706e-36
2.943930972188481e-12	3.2219585611053636e-49	1.4982842514694853e-36
2.355144777750785e-12	1.2887834244423842e-49	7.4914212573474264e-37
1.8841158222006284e-12	5.15513369777037e-50	3.7457106286737132e-37
1.507292657760503e-12	2.062053479108364e-50	1.8728553143368566e-37
1.2058341262084025e-12	8.248213916433813e-51	9.364276571684283e-38
9.646673009667221e-13	3.2992855665735094e-51	4.6821382858421415e-38
7.717338407733778e-13	1.3197142266293617e-51	2.3410691429210708e-38
6.173870726187024e-13	5.27885690651724e-52	1.1705345714605354e-38
4.939096580949621e-13	2.1115427626068263e-52	5.852672857302677e-39
3.9512772647596966e-13	8.44617105042713e-53	2.9263364286513385e-39
3.1610218118077576e-13	3.378468420170825e-53	1.4631682143256692e-39
2.528817449446206e-13	1.351387368068333e-53	7.315841071628346e-40
2.0230539595569648e-13	5.405549472273371e-54	3.657920535814173e-40
1.6184431676455722e-13	2.162219788909367e-54	1.8289602679070865e-40
1.294754534116458e-13	8.648879155637527e-55	9.144801339535433e-41
1.0358036272931662e-13	3.4595516622550256e-55	4.5724006697677163e-41
8.286429018345332e-14	1.383820664902012e-55	2.2862003348838582e-41
6.629143214676267e-14	5.535282659608046e-56	1.1431001674419291e-41
5.303314571741012e-14	2.214113063843215e-56	5.7155008372096454e-42
4.2426516573928114e-14	8.856452255372846e-57	2.8577504186048227e-42
3.3941213259142493e-14	3.542580902149133e-57	1.4288752093024114e-42
2.7152970607313998e-14	1.4170323608596523e-57	7.144376046512057e-43
2.1722376485851198e-14	5.66812944343861e-58	3.5721880232560284e-43
1.737790118868096e-14	2.2672517773754444e-58	1.7860940116280142e-43
1.390232095094477e-14	9.069007109501781e-59	8.930470058140071e-44
1.1121856760755815e-14	3.627602843800714e-59	4.4652350290700355e-44
8.897485408604654e-15	1.451041137520286e-59	2.2326175145350177e-44
7.117988326883723e-15	5.804164550081145e-60	1.1163087572675089e-44
5.694390661506979e-15	2.321665820032458e-60	5.5815437863375443e-45
4.555512529205584e-15	9.286663280129833e-61	2.7907718931687722e-45
3.644410023364468e-15	3.7146653120519334e-61	1.3953859465843861e-45
2.9155280186915742e-15	1.485866124820773e-61	6.9769297329219304e-46
2.3324224149532593e-15	5.943464499283094e-62	3.4884648664609652e-46
1.865937931962608e-15	2.3773857997132377e-62	1.7442324332304826e-46
1.4927503455700865e-15	9.509543198852952e-63	8.721162166152413e-47
1.1942002764560691e-15	3.8038172795411815e-63	4.3605810830762065e-47
9.553602211648554e-16	1.521526911816473e-63	2.1802905415381033e-47
7.642881769318845e-16	6.08610764726589e-64	1.0901452707690516e-47
6.114305415455076e-16	2.434443058906357e-64	5.450726353845258e-48
4.891444332364062e-16	9.737772235625428e-65	2.725363176922629e-48
3.91315546589125e-16	3.8951088942501725e-65	1.3626815884613145e-48
3.130524372713001e-16	1.558043557700069e-65	6.813407942306573e-49
2.504419498170401e-16	6.232174230800276e-66	3.4067039711532863e-49
2.0035355985363205e-16	2.492869692320111e-66	1.7033519855766432e-49
1.6028284788290566e-16	9.971478769280443e-67	8.516759927883216e-50
1.2822627830632458e-16	3.988591507712178e-67	4.258379963941608e-50
1.0258102264505967e-16	1.5954366030848713e-67	2.129189981970804e-50
8.206481811604775e-17	6.381746412339487e-68	1.064594990985402e-50
6.565185449283821e-17	2.552698564935795e-68	5.32297495492701e-51
5.2521483594270585e-17	1.0210794259743184e-68	2.661487477463505e-51
4.2017186875416473e-17	4.0843177038972737e-69	1.3307437387317525e-51
3.361374950033319e-17	1.6337270815589095e-69	6.6537186936587624e-52
2.6890999600266553e-17	6.53490832623564e-70	3.3268593468293812e-52
2.1512799680213244e-17	2.613963330494257e-70	1.6634296734146906e-52
1.72102397441706e-17	1.0455853321977033e-70	8.317148367073453e-53
1.376819179533648e-17	4.182341328790813e-71	4.1585741835367265e-53
1.1014553436269188e-17	1.6729365315163254e-71	2.0792870917683632e-53
8.811642749015351e-18	6.691746126065304e-72	1.0396435458841816e-53
7.049314199212281e-18	2.676698450426122e-72	5.198217729420908e-54
5.639451359369826e-18	1.0706793801704487e-72	2.599108864710454e-54
4.5115610874958614e-18	4.282717520681794e-73	1.299554432355227e-54
3.60924886999669e-18	1.7130870082727183e-73	6.497772161776135e-55
2.887399095997352e-18	6.852348033090875e-74	3.2488860808880676e-55
2.3099192767978825e-18	2.7409392132363496e-74	1.6244430404440338e-55
1.8479354214383058e-18	1.09637568529454e-74	8.122215202220169e-56
1.4783483371506446e-18	4.38550274117816e-75	4.0611076011100845e-56
1.182678669720516e-18	1.7542010964712644e-75	2.0305538005550422e-56
9.461429357764127e-19	7.016804385885059e-76	1.0152769002775211e-56
7.569143486211303e-19	2.806721754354024e-76	5.0763845013876056e-57
6.055314788969043e-19	1.1226887017416099e-76	2.5381922506938028e-57
4.844251831175236e-19	4.490754806966439e-77	1.2690961253469014e-57
3.875401464940189e-19	1.796301922786576e-77	6.345480626734507e-58
3.100321171952151e-19	7.185207691146302e-78	3.1727403133672535e-58
2.4802569375617213e-19	2.874083076458522e-78	1.5863701566836267e-58
1.9842055500493773e-19	1.149633230583409e-78	7.931850783418134e-59
1.5873644400395019e-19	4.598532922333637e-79	3.965925391709067e-59
1.2698915520316015e-19	1.8394131689334547e-79	1.9829626958545334e-59
1.0159132416252815e-19	7.35765267573382e-80	9.914813479272667e-60
8.127305933002253e-20	2.943061070293528e-80	4.9574067396363336e-60
6.501844746401803e-20	1.1772244281174116e-80	2.4787033698181668e-60
5.2014757971214435e-20	4.708897712469646e-81	1.2393516849090834e-60
4.161180637697155e-20	1.883559084987859e-81	6.196758424545417e-61
3.3289445101577243e-20	7.534236339951435e-82	3.0983792122727085e-61
2.6631556081261792e-20	3.0136945359805746e-82	1.5491896061363542e-61
2.1305244865009434e-20	1.2054778143922295e-82	7.745948030681771e-62
1.704419589200755e-20	4.821911257568919e-83	3.8729740153408856e-62
1.3635356713606042e-20	1.9287645030275675e-83	1.9364870076704428e-62
1.0908285370884833e-20	7.715058012110273e-84	9.682435038352214e-63
8.72662829670787e-21	3.086023204844109e-84	4.841217519176107e-63
6.981302637366295e-21	1.2344092819376444e-84	2.4206087595880535e-63
5.585042109893036e-21	4.937637127750578e-85	1.2103043797940268e-63
4.46803368791443e-21	1.975054851100231e-85	6.051521898970134e-64
3.574426950331544e-21	7.900219404400923e-86	3.025760949485067e-64
2.8595415602652353e-21	3.160087761760369e-86	1.5128804747425334e-64
2.2876332482121886e-21	1.2640351047041476e-86	7.564402373712667e-65
1.830106598569751e-21	5.056140418816591e-87	3.7822011868563336e-65
1.4640852788558012e-21	2.0224561675266367e-87	1.8911005934281668e-65
1.1712682230846411e-21	8.089824670106548e-88	9.455502967140834e-66
9.370145784677129e-22	3.2359298680426205e-88	4.727751483570417e-66
7.496116627741704e-22	1.2943719472170482e-88	2.3638757417852085e-66
5.996893302193364e-22	5.177487788868193e-89	1.1819378708926043e-66
4.797514641754691e-22	2.070995115547278e-89	5.909689354463021e-67
3.838011713403753e-22	8.283980462189111e-90	2.9548446772315106e-67
3.070409370723003e-22	3.3135921848756437e-90	1.4774223386157553e-67
2.4563274965784027e-22	1.325436873950258e-90	7.3871116930787766e-68
1.965061997262722e-22	5.301747495801033e-91	3.6935558465393883e-68
1.5720495978101777e-22	2.1206989983204135e-91	1.8467779232696941e-68
1.257639678248142e-22	8.482795993281652e-92	9.233889616348471e-69
1.0061117425985138e-22	3.393118397312661e-92	4.6169448081742354e-69
8.048893940788112e-23	1.3572473589250645e-92	2.3084724040871177e-69
6.43911515263049e-23	5.428989435700258e-93	1.1542362020435588e-69
5.1512921221043924e-23	2.171595774280103e-93	5.771181010217794e-70
4.1210336976835137e-23	8.686383097120415e-94	2.885590505108897e-70
3.296826958146812e-23	3.474553238848167e-94	1.4427952525544485e-70
2.6374615665174504e-23	1.389821295539267e-94	7.213976262772243e-71
2.1099692532139604e-23	5.5592851821570696e-95	3.6069881313861214e-71
1.6879754025711686e-23	2.2237140728628276e-95	1.8034940656930607e-71
1.3503803220569347e-23	8.894856291451312e-96	9.017470328465303e-72
1.0803042576455481e-23	3.5579425165805243e-96	4.5087351642326517e-72
8.642434061164388e-24	1.42317700663221e-96	2.2543675821163259e-72
6.913947248931511e-24	5.692708026528841e-97	1.1271837910581629e-72
5.53115779914521e-24	2.277083210611537e-97	5.6359189552908146e-73
4.4249262393161676e-24	9.10833284244615e-98	2.8179594776454073e-73
3.539940991452935e-24	3.6433331369784605e-98	1.4089797388227037e-73
2.831952793162348e-24	1.4573332547913842e-98	7.044898694113518e-74
2.265562234529879e-24	5.829333019165538e-99	3.522449347056759e-74
1.812449787623903e-24	2.3317332076662153e-99	1.7612246735283796e-74
1.4499598300991225e-24	9.326932830664862e-100	8.806123367641898e-75
1.1599678640792981e-24	3.730773132265945e-100	4.403061683820949e-75
9.279742912634385e-25	1.4923092529063782e-100	2.2015308419104745e-75
7.423794330107509e-25	5.969237011625514e-101	1.1007654209552372e-75
5.939035464086007e-25	2.3876948046502057e-101	5.503827104776186e-76
4.751228371268806e-25	9.550779218600821e-102	2.751913552388093e-76
3.800982697015045e-25	3.820311687440328e-102	1.3759567761940465e-76
3.040786157612037e-25	1.5281246749761316e-102	6.879783880970233e-77
2.43262892608963e-25	6.112498699904528e-103	3.4398919404851164e-77
1.9461031408717041e-25	2.444999479961811e-103	1.7199459702425582e-77
1.5568825126973635e-25	9.779997919847249e-104	8.599729851212791e-78
1.2455060101578912e-25	3.9119991679389e-104	4.2998649256063954e-78
9.96404808126313e-26	1.56479966717556e-104	2.1499324628031977e-78
7.971238465010504e-26	6.259198668702241e-105	1.0749662314015989e-78
6.376990772008404e-26	2.503679467480896e-105	5.3748311570079943e-79
5.101592617606724e-26	1.0014717869923586e-105	2.6874155785039972e-79
4.08127409408538e-26	4.005887147969436e-106	1.3437077892519986e-79
3.265019275268304e-26	1.6023548591877745e-106	6.718538946259993e-80
2.6120154202146433e-26	6.409419436751096e-107	3.3592694731299964e-80
2.0896123361717147e-26	2.563767774700439e-107	1.6796347365649982e-80
1.6716898689373724e-26	1.0255071098801757e-107	8.398173682824991e-81
1.3373518951498978e-26	4.102028439520703e-108	4.1990868414124956e-81
1.069881516119918e-26	1.6408113758082816e-108	2.0995434207062478e-81
8.559052128959345e-27	6.563245503233126e-109	1.0497717103531239e-81
6.84724170316748e-27	2.625298201293251e-109	5.2488585517656194e-82
5.477793362533982e-27	1.0501192805173003e-109	2.6244292758828097e-82
4.382234690027187e-27	4.2004771220692014e-110	1.3122146379414049e-82
3.50578775202175e-27	1.6801908488276813e-110	6.561073189707024e-83
2.8046302016174e-27	6.720763395310727e-111	3.280536594853512e-83
2.2437041612939205e-27	2.688305358124291e-111	1.640268297426756e-83
1.794963329035137e-27	1.0753221432497164e-111	8.20134148713378e-84
1.4359706632281096e-27	4.301288572998866e-112	4.10067074356689e-84
1.1487765305824879e-27	1.7205154291995466e-112	2.050335371783445e-84
9.190212244659902e-28	6.882061716798188e-113	1.0251676858917225e-84
7.352169795727924e-28	2.752824686719275e-113	5.125838429458613e-85
5.881735836582338e-28	1.1011298746877101e-113	2.5629192147293064e-85
4.705388669265871e-28	4.404519498750841e-114	1.2814596073646532e-85
3.764310935412697e-28	1.7618077995003365e-114	6.407298036823266e-86
3.011448748330158e-28	7.047231198001347e-115	3.203649018411633e-86
2.409158998664127e-28	2.818892479200539e-115	1.6018245092058165e-86
1.9273271989313019e-28	1.127556991680216e-115	8.009122546029082e-87
1.5418617591450418e-28	4.5102279667208635e-116	4.004561273014541e-87
1.2334894073160338e-28	1.8040911866883452e-116	2.0022806365072706e-87
9.867915258528269e-29	7.216364746753381e-117	1.0011403182536353e-87
7.894332206822617e-29	2.886545898701353e-117	5.0057015912681765e-88
6.315465765458094e-29	1.1546183594805416e-117	2.5028507956340883e-88
5.052372612366476e-29	4.618473437922167e-118	1.2514253978170441e-88
4.0418980898931803e-29	1.8473893751688672e-118	6.2571269890852206e-89
3.233518471914545e-29	7.389557500675469e-119	3.1285634945426103e-89
2.5868147775316363e-29	2.9558230002701875e-119	1.5642817472713052e-89
2.0694518220253094e-29	1.1823292001080752e-119	7.821408736356526e-90
1.6555614576202475e-29	4.729316800432302e-120	3.910704368178263e-90
1.3244491660961985e-29	1.891726720172921e-120	1.9553521840891314e-90
1.0595593328769588e-29	7.566906880691685e-121	9.776760920445657e-91
8.476474663015672e-30	3.0267627522766745e-121	4.8883804602228286e-91
6.781179730412538e-30	1.2107051009106697e-121	2.4441902301114143e-91
5.4249437843300316e-30	4.842820403642681e-122	1.2220951150557072e-91
4.3399550274640254e-30	1.9371281614570727e-122	6.110475575278536e-92
3.47196402197122e-30	7.748512645828287e-123	3.055237787639268e-92
2.7775712175769762e-30	3.099405058331315e-123	1.527618893819634e-92
2.2220569740615814e-30	1.2397620233325263e-123	7.63809446909817e-93
1.7776455792492653e-30	4.9590480933301055e-124	3.819047234549085e-93
1.4221164633994128e-30	1.983619237332043e-124	1.9095236172745424e-93
1.1376931707195304e-30	7.934476949328173e-125	9.547618086372712e-94
9.101545365756245e-31	3.1737907797312705e-125	4.773809043186356e-94
7.281236292604997e-31	1.2695163118925085e-125	2.386904521593178e-94
5.824989034083998e-31	5.0780652475700345e-126	1.193452260796589e-94
4.659991227267199e-31	2.0312260990280142e-126	5.967261303982945e-95
3.7279929818137593e-31	8.124904396112059e-127	2.9836306519914725e-95
2.9823943854510078e-31	3.2499617584448234e-127	1.4918153259957363e-95
2.3859155083608067e-31	1.2999847033779296e-127	7.459076629978681e-96
1.9087324066886455e-31	5.199938813511717e-128	3.7295383149893407e-96
1.5269859253509163e-31	2.0799755254046872e-128	1.8647691574946703e-96
1.2215887402807332e-31	8.319902101618748e-129	9.323845787473352e-97
9.772709922245866e-32	3.3279608406474994e-129	4.661922893736676e-97
7.818167937796694e-32	1.3311843362590001e-129	2.330961446868338e-97
6.254534350237357e-32	5.324737345036e-130	1.165480723434169e-97
5.003627480189887e-32	2.129894938014401e-130	5.827403617170845e-98
4.0029019841519097e-32	8.519579752057605e-131	2.9137018085854224e-98
3.2023215873215283e-32	3.407831900823042e-131	1.4568509042927112e-98
2.5618572698572223e-32	1.363132760329217e-131	7.284254521463556e-99
2.049485815885778e-32	5.452531041316869e-132	3.642127260731778e-99
1.639588652708623e-32	2.1810124165267477e-132	1.821063630365889e-99
1.3116709221668983e-32	8.724049666106992e-133	9.105318151829445e-100
1.0493367377335188e-32	3.4896198664427967e-133	4.5526590759147225e-100
8.394693901868152e-33	1.3958479465771187e-133	2.2763295379573613e-100
6.715755121494523e-33	5.583391786308476e-134	1.1381647689786806e-100
5.3726040971956186e-33	2.2333567145233904e-134	5.690823844893403e-101
4.2980832777564954e-33	8.933426858093565e-135	2.8454119224467016e-101
3.4384666222051966e-33	3.573370743237426e-135	1.4227059612233508e-101
2.750773297764158e-33	1.429348297294971e-135	7.113529806116754e-102
2.2006186382113268e-33	5.717393189179885e-136	3.556764903058377e-102
1.7604949105690612e-33	2.286957275671954e-136	1.7783824515291885e-102
1.4083959284552494e-33	9.147829102687816e-137	8.891912257645942e-103
1.1267167427641994e-33	3.659131641075127e-137	4.445956128822971e-103
9.013733942113596e-34	1.4636526564300511e-137	2.2229780644114856e-103
7.210987153690877e-34	5.854610625720206e-138	1.1114890322057428e-103
5.768789722952703e-34	2.341844250288082e-138	5.557445161028714e-104
4.615031778362162e-34	9.367377001152327e-139	2.778722580514357e-104
3.6920254226897305e-34	3.7469508004609316e-139	1.3893612902571785e-104
2.953620338151785e-34	1.4987803201843727e-139	6.9468064512858925e-105
2.3628962705214276e-34	5.995121280737492e-140	3.4734032256429462e-105
1.8903170164171426e-34	2.398048512294997e-140	1.7367016128214731e-105
1.5122536131337147e-34	9.59219404917999e-141	8.683508064107366e-106
1.2098028905069719e-34	3.836877619671996e-141	4.341754032053683e-106
9.678423124055777e-35	1.5347510478687983e-141	2.1708770160268414e-106
7.742738499244622e-35	6.139004191475196e-142	1.0854385080134207e-106
6.194190799395699e-35	2.455601676590079e-142	5.4271925400671035e-107
4.955352639516559e-35	9.822406706360317e-143	2.7135962700335518e-107
3.9642821116132474e-35	3.9289626825441274e-143	1.3567981350167759e-107
3.171425689290599e-35	1.5715850730176512e-143	6.7839906750838794e-108
2.537140551432478e-35	6.286340292070606e-144	3.3919953375419397e-108
2.0297124411459828e-35	2.514536116828242e-144	1.6959976687709698e-108
1.6237699529167868e-35	1.0058144467312968e-144	8.479988343854849e-109
1.2990159623334296e-35	4.023257786925188e-145	4.2399941719274246e-109
1.0392127698667437e-35	1.6093031147700752e-145	2.1199970859637123e-109
8.313702158933952e-36	6.4372124590803e-146	1.0599985429818562e-109
6.650961727147163e-36	2.5748849836321206e-146	5.299992714909281e-110
5.32076938171773e-36	1.0299539934528485e-146	2.6499963574546404e-110
4.2566155053741845e-36	4.1198159738113946e-147	1.3249981787273202e-110
3.405292404299348e-36	1.6479263895245583e-147	6.624990893636601e-111
2.724233923439479e-36	6.591705558098236e-148	3.3124954468183005e-111
2.1793871387515832e-36	2.6366822232392942e-148	1.6562477234091502e-111
1.7435097110012667e-36	1.0546728892957178e-148	8.281238617045751e-112
1.394807768801014e-36	4.2186915571828704e-149	4.1406193085228756e-112
1.115846215040811e-36	1.6874766228731485e-149	2.0703096542614378e-112
8.926769720326491e-37	6.749906491492593e-150	1.0351548271307189e-112
7.141415776261194e-37	2.6999625965970385e-150	5.1757741356535945e-113
5.713132621008956e-37	1.0799850386388158e-150	2.5878870678267973e-113
4.570506096807166e-37	4.319940154555264e-151	1.2939435339133986e-113
3.656404877445734e-37	1.727976061822106e-151	6.469717669566993e-114
2.9251239019565873e-37	6.911904247288425e-152	3.2348588347834966e-114
2.34009912156527e-37	2.764761698915371e-152	1.6174294173917483e-114
1.872079297252216e-37	1.1059046795661486e-152	8.087147086958741e-115
1.497663437801773e-37	4.4236187182645935e-153	4.0435735434793707e-115
1.1981307502414185e-37	1.7694474873058375e-153	2.0217867717396854e-115
9.585046001931349e-38	7.07778994922335e-154	1.0108933858698427e-115
7.668036801545079e-38	2.83111597968934e-154	5.0544669293492134e-116
6.134429441236064e-38	1.1324463918757362e-154	2.5272334646746067e-116
4.907543552988852e-38	4.5297855675029445e-155	1.2636167323373033e-116
3.9260348423910823e-38	1.8119142270011783e-155	6.318083661686517e-117
3.140827873912866e-38	7.247656908004712e-156	3.1590418308432584e-117
2.512662299130293e-38	2.899062763201886e-156	1.5795209154216292e-117
2.0101298393042348e-38	1.1596251052807546e-156	7.897604577108146e-118
1.6081038714433878e-38	4.6385004211230186e-157	3.948802288554073e-118
1.2864830971547103e-38	1.8554001684492077e-157	1.9744011442770365e-118
1.0291864777237684e-38	7.421600673796832e-158	9.872005721385182e-119
8.233491821790148e-39	2.968640269518733e-158	4.936002860692591e-119
6.586793457432121e-39	1.187456107807493e-158	2.4680014303462956e-119
5.269434765945696e-39	4.749824431229973e-159	1.2340007151731478e-119
4.215547812756558e-39	1.8999297724919893e-159	6.170003575865739e-120
3.372438250205247e-39	7.599719089967959e-160	3.0850017879328695e-120
2.697950600164198e-39	3.039887635987184e-160	1.5425008939664347e-120
2.1583604801313586e-39	1.215955054394874e-160	7.712504469832174e-121
1.7266883841050874e-39	4.8638202175794955e-161	3.856252234916087e-121
1.3813507072840699e-39	1.945528087031799e-161	1.9281261174580434e-121
1.105080565827256e-39	7.782112348127199e-162	9.640630587290217e-122
8.84064452661805e-40	3.1128449392508787e-162	4.8203152936451086e-122
7.072515621294441e-40	1.2451379757003516e-162	2.4101576468225543e-122
5.658012497035554e-40	4.9805519028014064e-163	1.2050788234112771e-122
4.526409997628443e-40	1.992220761120563e-163	6.025394117056386e-123
3.621127998102755e-40	7.968883044482253e-164	3.012697058528193e-123
2.896902398482204e-40	3.187553217792902e-164	1.5063485292640964e-123
2.3175219187857635e-40	1.275021287117161e-164	7.531742646320482e-124
1.8540175350286113e-40	5.100085148468645e-165	3.765871323160241e-124
1.483214028022889e-40	2.0400340593874584e-165	1.8829356615801205e-124
1.1865712224183114e-40	8.160136237549834e-166	9.414678307900603e-125
9.492569779346488e-41	3.264054495019934e-166	4.7073391539503014e-125
7.594055823477192e-41	1.3056217980079734e-166	2.3536695769751507e-125
6.075244658781755e-41	5.222487192031894e-167	1.1768347884875753e-125
4.860195727025404e-41	2.088994876812758e-167	5.884173942437877e-126
3.888156581620323e-41	8.355979507251032e-168	2.9420869712189383e-126
3.1105252652962587e-41	3.342391802900412e-168	1.4710434856094692e-126
2.4884202122370073e-41	1.336956721160165e-168	7.355217428047346e-127
1.990736169789606e-41	5.34782688464066e-169	3.677608714023673e-127
1.5925889358316848e-41	2.1391307538562642e-169	1.8388043570118365e-127
1.274071148665348e-41	8.55652301542506e-170	9.194021785059182e-128
1.0192569189322786e-41	3.422609206170024e-170	4.597010892529591e-128
8.154055351458228e-42	1.36904368246801e-170	2.2985054462647956e-128
6.523244281166584e-42	5.476174729872038e-171	1.1492527231323978e-128
5.218595424933267e-42	2.1904698919488156e-171	5.746263615661989e-129
4.1748763399466145e-42	8.761879567795266e-172	2.8731318078309945e-129
3.339901071957292e-42	3.504751827118106e-172	1.4365659039154972e-129
2.6719208575658342e-42	1.4019007308472427e-172	7.182829519577486e-130
2.137536686052668e-42	5.607602923388973e-173	3.591414759788743e-130
1.7100293488421345e-42	2.2430411693555897e-173	1.7957073798943716e-130
1.3680234790737077e-42	8.972164677422358e-174	8.978536899471858e-131
1.0944187832589661e-42	3.5888658709689426e-174	4.489268449735929e-131
8.755350266071728e-43	1.4355463483875772e-174	2.2446342248679644e-131
7.004280212857382e-43	5.742185393550309e-175	1.1223171124339822e-131
5.603424170285907e-43	2.2968741574201235e-175	5.611585562169911e-132
4.4827393362287255e-43	9.187496629680494e-176	2.8057927810849555e-132
3.5861914689829806e-43	3.674998651872198e-176	1.4028963905424778e-132
2.8689531751863854e-43	1.469999460748879e-176	7.014481952712389e-133
2.2951625401491087e-43	5.879997842995518e-177	3.5072409763561944e-133
1.8361300321192873e-43	2.3519991371982084e-177	1.7536204881780972e-133
1.4689040256954298e-43	9.407996548792834e-178	8.768102440890486e-134
1.175123220556344e-43	3.763198619517134e-178	4.384051220445243e-134
9.400985764450752e-44	1.5052794478068535e-178	2.1920256102226215e-134
7.520788611560604e-44	6.0211177912274154e-179	1.0960128051113108e-134
6.016630889248482e-44	2.4084471164909662e-179	5.480064025556554e-135
4.813304711398788e-44	9.633788465963865e-180	2.740032012778277e-135
3.8506437691190294e-44	3.8535153863855463e-180	1.3700160063891385e-135
3.0805150152952235e-44	1.5414061545542186e-180	6.850080031945692e-136
2.4644120122361793e-44	6.165624618216876e-181	3.425040015972846e-136
1.9715296097889436e-44	2.46624984728675e-181	1.712520007986423e-136
1.577223687831155e-44	9.864999389147002e-182	8.562600039932115e-137
1.2617789502649243e-44	3.9459997556588015e-182	4.2813000199660577e-137
1.0094231602119393e-44	1.5783999022635207e-182	2.1406500099830288e-137
8.075385281695516e-45	6.313599609054082e-183	1.0703250049915144e-137
6.460308225356414e-45	2.5254398436216335e-183	5.351625024957572e-138
5.1682465802851316e-45	1.0101759374486535e-183	2.675812512478786e-138
4.134597264228105e-45	4.0407037497946146e-184	1.337906256239393e-138
3.307677811382485e-45	1.616281499917846e-184	6.689531281196965e-139
2.6461422491059882e-45	6.465125999671385e-185	3.3447656405984825e-139
2.1169137992847912e-45	2.5860503998685547e-185	1.6723828202992413e-139
1.6935310394278327e-45	1.034420159947422e-185	8.361914101496206e-140
1.3548248315422664e-45	4.137680639789688e-186	4.180957050748103e-140
1.0838598652338132e-45	1.6550722559158756e-186	2.0904785253740516e-140
8.670878921870506e-46	6.620289023663503e-187	1.0452392626870258e-140
6.936703137496405e-46	2.648115609465401e-187	5.226196313435129e-141
5.549362509997125e-46	1.0592462437861605e-187	2.6130981567175645e-141
4.4394900079977e-46	4.2369849751446423e-188	1.3065490783587822e-141
3.551592006398161e-46	1.694793990057857e-188	6.532745391793911e-142
2.841273605118529e-46	6.779175960231427e-189	3.2663726958969556e-142
2.273018884094823e-46	2.711670384092571e-189	1.6331863479484778e-142
1.818415107275859e-46	1.0846681536370283e-189	8.165931739742389e-143
1.4547320858206875e-46	4.338672614548114e-190	4.0829658698711945e-143
1.16378566865655e-46	1.7354690458192465e-190	2.0414829349355973e-143
9.3102853492524e-47	6.941876183276986e-191	1.0207414674677986e-143
7.448228279401923e-47	2.776750473310795e-191	5.103707337338993e-144
5.958582623521538e-47	1.1107001893243182e-191	2.5518536686694966e-144
4.76686609881723e-47	4.442800757297273e-192	1.2759268343347483e-144
3.8134928790537847e-47	1.7771203029189096e-192	6.3796341716737414e-145
3.050794303243028e-47	7.108481211675637e-193	3.1898170858368707e-145
2.4406354425944234e-47	2.8433924846702557e-193	1.5949085429184354e-145
1.9525083540755387e-47	1.1373569938681022e-193	7.974542714592177e-146
1.5620066832604312e-47	4.5494279754724093e-194	3.9872713572960884e-146
1.2496053466083451e-47	1.8197711901889648e-194	1.9936356786480442e-146
9.996842772866765e-48	7.27908476075586e-195	9.968178393240221e-147
7.997474218293412e-48	2.911633904302344e-195	4.9840891966201105e-147
6.39797937463473e-48	1.1646535617209377e-195	2.4920445983100552e-147
5.118383499707784e-48	4.658614246883752e-196	1.2460222991550276e-147
4.0947067997662284e-48	1.8634456987535008e-196	6.230111495775138e-148
3.275765439812983e-48	7.453782795014003e-197	3.115055747887569e-148
2.6206123518503863e-48	2.9815131180056015e-197	1.5575278739437845e-148
2.0964898814803093e-48	1.1926052472022408e-197	7.787639369718923e-149
1.6771919051842473e-48	4.770420988808963e-198	3.8938196848594613e-149
1.341753524147398e-48	1.9081683955235854e-198	1.9469098424297307e-149
1.0734028193179185e-48	7.632673582094342e-199	9.734549212148653e-150
8.587222554543351e-49	3.0530694328377376e-199	4.8672746060743267e-150
6.869778043634682e-49	1.2212277731350956e-199	2.4336373030371633e-150
5.495822434907746e-49	4.884911092540382e-200	1.2168186515185817e-150
4.396657947926198e-49	1.953964437016153e-200	6.084093257592908e-151
3.517326358340958e-49	7.815857748064611e-201	3.042046628796454e-151
2.813861086672767e-49	3.1263430992258456e-201	1.521023314398227e-151
2.2510888693382135e-49	1.2505372396903385e-201	7.605116571991135e-152
1.8008710954705715e-49	5.002148958761355e-202	3.8025582859955677e-152
1.4406968763764574e-49	2.000859583504542e-202	1.9012791429977838e-152
1.152557501101166e-49	8.003438334018169e-203	9.506395714988919e-153
9.22046000880933e-50	3.201375333607268e-203	4.7531978574944596e-153
7.376368007047467e-50	1.2805501334429076e-203	2.3765989287472298e-153
5.901094405637975e-50	5.1222005337716316e-204	1.1882994643736149e-153
4.720875524510381e-50	2.0488802135086537e-204	5.9414973218680745e-154
3.7767004196083047e-50	8.195520854034615e-205	2.9707486609340373e-154
3.0213603356866435e-50	3.2782083416138468e-205	1.4853743304670186e-154
2.417088268549315e-50	1.3112833366455387e-205	7.426871652335093e-155
1.9336706148394525e-50	5.245133346582154e-206	3.7134358261675466e-155
1.5469364918715627e-50	2.0980533386328618e-206	1.8567179130837733e-155
1.2375491934972504e-50	8.392213354531448e-207	9.283589565418866e-156
9.900393547978003e-51	3.35688534181258e-207	4.641794782709433e-156
7.920314838382402e-51	1.342754136725032e-207	2.3208973913547166e-156
6.336251870705923e-51	5.371016546900131e-208	1.1604486956773583e-156
5.069001496564738e-51	2.148406618760052e-208	5.8022434783867915e-157
4.0552011972517906e-51	8.593626475040207e-209	2.9011217391933958e-157
3.244160957801433e-51	3.4374505900160825e-209	1.4505608695966979e-157
2.595328766241147e-51	1.3749802360064334e-209	7.2528043479834894e-158
2.0762630129929175e-51	5.499920944025735e-210	3.6264021739917447e-158
1.661010410394334e-51	2.199968377610294e-210	1.8132010869958724e-158
1.3288083283154675e-51	8.799873510441177e-211	9.066005434979362e-159
1.0630466626523743e-51	3.5199494041764705e-211	4.533002717489681e-159
8.504373301218993e-52	1.4079797616705886e-211	2.2665013587448404e-159
6.803498640975195e-52	5.631919046682356e-212	1.1332506793724202e-159
5.442798912780157e-52	2.2527676186729426e-212	5.666253396862101e-160
4.354239130224125e-52	9.011070474691771e-213	2.8331266984310506e-160
3.483391304179301e-52	3.604428189876708e-213	1.4165633492155253e-160
2.7867130433434403e-52	1.441771275950683e-213	7.082816746077626e-161
2.2293704346747522e-52	5.767085103802732e-214	3.541408373038813e-161
1.7834963477398022e-52	2.306834041521094e-214	1.7707041865194066e-161
1.4267970781918421e-52	9.227336166084375e-215	8.853520932597033e-162
1.1414376625534737e-52	3.69093446643375e-215	4.4267604662985165e-162
9.131501300427789e-53	1.4763737865735e-215	2.2133802331492582e-162
7.305201040342229e-53	5.905495146294e-216	1.1066901165746291e-162
5.8441608322737845e-53	2.3621980585176e-216	5.5334505828731456e-163
4.675328665819029e-53	9.448792234070404e-217	2.7667252914365728e-163
3.7402629326552227e-53	3.779516893628162e-217	1.3833626457182864e-163
2.9922103461241786e-53	1.5118067574512647e-217	6.916813228591432e-164
2.3937682768993426e-53	6.047227029805059e-218	3.458406614295716e-164
1.9150146215194743e-53	2.4188908119220236e-218	1.729203307147858e-164
1.53201169721558e-53	9.675563247688092e-219	8.64601653573929e-165
1.225609357772464e-53	3.8702252990752376e-219	4.323008267869645e-165
9.804874862179711e-54	1.548090119630095e-219	2.1615041339348225e-165
7.843899889743771e-54	6.192360478520382e-220	1.0807520669674113e-165
6.275119911795017e-54	2.4769441914081533e-220	5.403760334837056e-166
5.0200959294360144e-54	9.907776765632616e-221	2.701880167418528e-166
4.016076743548812e-54	3.963110706253046e-221	1.350940083709264e-166
3.2128613948390505e-54	1.5852442825012184e-221	6.75470041854632e-167
2.5702891158712405e-54	6.340977130004874e-222	3.37735020927316e-167
2.0562312926969924e-54	2.5363908520019504e-222	1.68867510463658e-167
1.644985034157594e-54	1.0145563408007804e-222	8.4433755231829e-168
1.3159880273260755e-54	4.058225363203123e-223	4.22168776159145e-168
1.0527904218608604e-54	1.623290145281249e-223	2.110843880795725e-168
8.422323374886885e-55	6.493160581124997e-224	1.0554219403978626e-168
6.737858699909509e-55	2.5972642324499984e-224	5.277109701989313e-169
5.390286959927607e-55	1.0389056929799996e-224	2.6385548509946564e-169
4.312229567942086e-55	4.1556227719199984e-225	1.3192774254973282e-169
3.4497836543536696e-55	1.662249108767999e-225	6.596387127486641e-170
2.7598269234829357e-55	6.648996435071997e-226	3.2981935637433205e-170
2.2078615387863484e-55	2.6595985740288e-226	1.6490967818716602e-170
1.766289231029079e-55	1.06383942961152e-226	8.245483909358301e-171
1.4130313848232635e-55	4.255357718446081e-227	4.1227419546791506e-171
1.1304251078586108e-55	1.7021430873784322e-227	2.0613709773395753e-171
9.043400862868887e-56	6.808572349513731e-228	1.0306854886697876e-171
7.234720690295112e-56	2.723428939805493e-228	5.153427443348938e-172
5.787776552236089e-56	1.0893715759221968e-228	2.576713721674469e-172
4.6302212417888725e-56	4.3574863036887886e-229	1.2883568608372346e-172
3.7041769934310975e-56	1.7429945214755156e-229	6.441784304186173e-173
2.9633415947448783e-56	6.971978085902063e-230	3.2208921520930864e-173
2.3706732757959023e-56	2.7887912343608255e-230	1.6104460760465432e-173
1.8965386206367224e-56	1.1155164937443302e-230	8.052230380232716e-174
1.5172308965093783e-56	4.4620659749773213e-231	4.026115190116358e-174
1.2137847172075023e-56	1.784826389990929e-231	2.013057595058179e-174
9.710277737660021e-57	7.139305559963716e-232	1.0065287975290895e-174
7.768222190128018e-57	2.8557222239854864e-232	5.0326439876454475e-175
6.214577752102414e-57	1.1422888895941946e-232	2.5163219938227237e-175
4.9716622016819324e-57	4.569155558376779e-233	1.2581609969113619e-175
3.977329761345546e-57	1.8276622233507116e-233	6.2908049845568094e-176
3.1818638090764375e-57	7.310648893402845e-234	3.1454024922784047e-176
2.5454910472611497e-57	2.924259557361139e-234	1.5727012461392023e-176
2.03639283780892e-57	1.1697038229444553e-234	7.863506230696012e-177
1.6291142702471364e-57	4.678815291777823e-235	3.931753115348006e-177
1.3032914161977094e-57	1.87152611671113e-235	1.965876557674003e-177
1.0426331329581677e-57	7.486104466844521e-236	9.829382788370015e-178
8.341065063665341e-58	2.994441786737809e-236	4.9146913941850073e-178
6.672852050932274e-58	1.197776714695124e-236	2.4573456970925037e-178
5.33828164074582e-58	4.791106858780495e-237	1.2286728485462518e-178
4.270625312596657e-58	1.9164427435121982e-237	6.143364242731259e-179
3.416500250077326e-58	7.665770974048795e-238	3.0716821213656296e-179
2.7332002000618606e-58	3.0663083896195183e-238	1.5358410606828148e-179
2.1865601600494886e-58	1.2265233558478072e-238	7.679205303414074e-180
1.749248128039591e-58	4.906093423391229e-239	3.839602651707037e-180
1.3993985024316732e-58	1.962437369356492e-239	1.9198013258535185e-180
1.1195188019453387e-58	7.849749477425967e-240	9.599006629267592e-181
8.956150415562712e-59	3.139899790970388e-240	4.799503314633796e-181
7.164920332450169e-59	1.2559599163881553e-240	2.399751657316898e-181
5.731936265960136e-59	5.023839665552621e-241	1.199875828658449e-181
4.58554901276811e-59	2.0095358662210485e-241	5.999379143292245e-182
3.668439210214488e-59	8.038143464884196e-242	2.9996895716461226e-182
2.9347513681715903e-59	3.2152573859536784e-242	1.4998447858230613e-182
2.347801094537273e-59	1.2861029543814719e-242	7.4992239291153066e-183
1.8782408756298183e-59	5.144411817525887e-243	3.7496119645576533e-183
1.502592700503855e-59	2.0577647270103552e-243	1.8748059822788266e-183
1.2020741604030842e-59	8.23105890804142e-244	9.374029911394133e-184
9.616593283224675e-60	3.2924235632165684e-244	4.6870149556970666e-184
7.69327462657974e-60	1.3169694252866275e-244	2.3435074778485333e-184
6.154619701263794e-60	5.267877701146512e-245	1.1717537389242667e-184
4.9236957610110353e-60	2.107151080458605e-245	5.858768694621333e-185
3.9389566088088294e-60	8.428604321834419e-246	2.9293843473106666e-185
3.151165287047064e-60	3.371441728733769e-246	1.4646921736553333e-185
2.520932229637651e-60	1.348576691493508e-246	7.3234608682766666e-186
2.016745783710121e-60	5.3943067659740324e-247	3.6617304341383333e-186
1.613396626968097e-60	2.1577227063896133e-247	1.8308652170691666e-186
1.2907173015744776e-60	8.630890825558455e-248	9.154326085345833e-187
1.0325738412595824e-60	3.452356330223382e-248	4.5771630426729166e-187
8.260590730076661e-61	1.3809425320893531e-248	2.2885815213364583e-187
6.608472584061331e-61	5.523770128357412e-249	1.1442907606682292e-187
5.286778067249065e-61	2.2095080513429653e-249	5.721453803341146e-188
4.229422453799252e-61	8.838032205371864e-250	2.860726901670573e-188
3.3835379630394015e-61	3.535212882148746e-250	1.4303634508352864e-188
2.7068303704315212e-61	1.4140851528594983e-250	7.151817254176432e-189
2.1654642963452173e-61	5.656340611437994e-251	3.575908627088216e-189
1.732371437076174e-61	2.262536244575197e-251	1.787954313544108e-189
1.385897149660939e-61	9.05014497830079e-252	8.93977156772054e-190
1.1087177197287515e-61	3.620057991320316e-252	4.46988578386027e-190
8.869741757830012e-62	1.4480231965281266e-252	2.234942891930135e-190
7.09579340626401e-62	5.792092786112508e-253	1.1174714459650675e-190
5.676634725011209e-62	2.3168371144450038e-253	5.5873572298253377e-191
4.541307780008969e-62	9.267348457780013e-254	2.7936786149126688e-191
3.6330462240071754e-62	3.706939383112006e-254	1.3968393074563344e-191
2.9064369792057403e-62	1.4827757532448027e-254	6.984196537281672e-192
2.3251495833645928e-62	5.931103012979211e-255	3.492098268640836e-192
1.860119666691675e-62	2.3724412051916844e-255	1.746049134320418e-192
1.4880957333533404e-62	9.48976482076674e-256	8.73024567160209e-193
1.1904765866826723e-62	3.7959059283066966e-256	4.365122835801045e-193
9.523812693461378e-63	1.5183623713226793e-256	2.1825614179005225e-193
7.619050154769105e-63	6.073449485290719e-257	1.0912807089502613e-193
6.095240123815284e-63	2.4293797941162875e-257	5.4564035447513063e-194
4.876192099052229e-63	9.717519176465152e-258	2.7282017723756532e-194
3.9009536792417843e-63	3.8870076705860617e-258	1.3641008861878266e-194
3.1207629433934275e-63	1.554803068234425e-258	6.820504430939133e-195
2.4966103547147427e-63	6.219212272937702e-259	3.4102522154695664e-195
1.997288283771794e-63	2.48768490917508e-259	1.7051261077347832e-195
1.5978306270174355e-63	9.950739636700323e-260	8.525630538673916e-196
1.2782645016139486e-63	3.980295854680129e-260	4.262815269336958e-196
1.0226116012911588e-63	1.5921183418720524e-260	2.131407634668479e-196
8.180892810329273e-64	6.368473367488209e-261	1.0657038173342395e-196
6.54471424826342e-64	2.5473893469952843e-261	5.3285190866711976e-197
5.235771398610736e-64	1.0189557387981138e-261	2.6642595433355988e-197
4.18861711888859e-64	4.075822955192456e-262	1.3321297716677994e-197
3.350893695110872e-64	1.6303291820769828e-262	6.660648858338997e-198
2.680714956088697e-64	6.521316728307931e-263	3.3303244291694985e-198
2.1445719648709583e-64	2.6085266913231726e-263	1.6651622145847492e-198
1.7156575718967665e-64	1.043410676529269e-263	8.325811072923746e-199
1.3725260575174135e-64	4.173642706117077e-264	4.162905536461873e-199
1.098020846013931e-64	1.669457082446831e-264	2.0814527682309366e-199
8.784166768111447e-65	6.677828329787324e-265	1.0407263841154683e-199
7.0273334144891575e-65	2.671131331914929e-265	5.2036319205773414e-200
5.621866731591327e-65	1.0684525327659715e-265	2.6018159602886707e-200
4.497493385273062e-65	4.2738101310638866e-266	1.3009079801443353e-200
3.5979947082184496e-65	1.7095240524255553e-266	6.504539900721677e-201
2.8783957665747606e-65	6.838096209702221e-267	3.2522699503608384e-201
2.302716613259809e-65	2.7352384838808894e-267	1.6261349751804192e-201
1.8421732906078471e-65	1.0940953935523557e-267	8.130674875902096e-202
1.473738632486278e-65	4.376381574209424e-268	4.065337437951048e-202
1.1789909059890225e-65	1.7505526296837695e-268	2.032668718975524e-202
9.43192724791218e-66	7.002210518735081e-269	1.016334359487762e-202
7.545541798329743e-66	2.8008842074940324e-269	5.08167179743881e-203
6.036433438663795e-66	1.1203536829976129e-269	2.540835898719405e-203
4.829146750931037e-66	4.481414731990452e-270	1.2704179493597025e-203
3.86331740074483e-66	1.792565892796181e-270	6.3520897467985124e-204
3.0906539205958643e-66	7.170263571184724e-271	3.1760448733992562e-204
2.472523136476692e-66	2.868105428473889e-271	1.5880224366996281e-204
1.9780185091813535e-66	1.1472421713895556e-271	7.9401121834981405e-205
1.5824148073450828e-66	4.5889686855582237e-272	3.9700560917490703e-205
1.2659318458760667e-66	1.83558747422329e-272	1.9850280458745351e-205
1.0127454767008532e-66	7.34234989689316e-273	9.925140229372676e-206
8.101963813606825e-67	2.9369399587572644e-273	4.962570114686338e-206
6.481571050885462e-67	1.1747759835029058e-273	2.481285057343169e-206
5.185256840708369e-67	4.699103934011623e-274	1.2406425286715845e-206
4.148205472566696e-67	1.8796415736046494e-274	6.203212643357922e-207
3.3185643780533565e-67	7.518566294418597e-275	3.101606321678961e-207
2.6548515024426853e-67	3.0074265177674396e-275	1.5508031608394806e-207
2.123881201954149e-67	1.2029706071069758e-275	7.754015804197403e-208
1.6991049615633193e-67	4.811882428427904e-276	3.8770079020987014e-208
1.3592839692506557e-67	1.9247529713711618e-276	1.9385039510493507e-208
1.0874271754005247e-67	7.699011885484648e-277	9.692519755246754e-209
8.699417403204197e-68	3.079604754193858e-277	4.846259877623377e-209
6.9595339225633576e-68	1.2318419016775436e-277	2.4231299388116884e-209
5.567627138050687e-68	4.9273676067101745e-278	1.2115649694058442e-209
4.45410171044055e-68	1.97094704268407e-278	6.057824847029221e-210
3.56328136835244e-68	7.883788170736283e-279	3.0289124235146105e-210
2.8506250946819525e-68	3.1535152682945135e-279	1.5144562117573052e-210
2.2805000757455625e-68	1.2614061073178052e-279	7.572281058786526e-211
1.8244000605964497e-68	5.045624429271224e-280	3.786140529393263e-211
1.4595200484771602e-68	2.01824977170849e-280	1.8930702646966316e-211
1.1676160387817283e-68	8.07299908683396e-281	9.465351323483158e-212
9.340928310253826e-69	3.229199634733584e-281	4.732675661741579e-212
7.472742648203061e-69	1.2916798538934335e-281	2.3663378308707894e-212
5.97819411856245e-69	5.166719415573735e-282	1.1831689154353947e-212
4.782555294849962e-69	2.066687766229494e-282	5.9158445771769736e-213
3.8260442358799693e-69	8.266751064917977e-283	2.9579222885884868e-213
3.0608353887039755e-69	3.306700425967191e-283	1.4789611442942434e-213
2.4486683109631805e-69	1.3226801703868767e-283	7.394805721471217e-214
1.9589346487705448e-69	5.2907206815475067e-284	3.6974028607356085e-214
1.5671477190164358e-69	2.1162882726190027e-284	1.8487014303678043e-214
1.2537181752131487e-69	8.46515309047601e-285	9.243507151839021e-215
1.0029745401705189e-69	3.386061236190404e-285	4.6217535759195106e-215
8.023796321364152e-70	1.3544244944761618e-285	2.3108767879597553e-215
6.419037057091323e-70	5.417697977904649e-286	1.1554383939798777e-215
5.135229645673059e-70	2.1670791911618597e-286	5.777191969899388e-216
4.1081837165384485e-70	8.668316764647439e-287	2.888595984949694e-216
3.286546973230758e-70	3.4673267058589756e-287	1.444297992474847e-216
2.6292375785846064e-70	1.3869306823435902e-287	7.221489962374235e-217
2.1033900628676858e-70	5.547722729374362e-288	3.6107449811871177e-217
1.6827120502941488e-70	2.2190890917497457e-288	1.8053724905935588e-217
1.346169640235319e-70	8.876356366998984e-289	9.026862452967794e-218
1.0769357121882554e-70	3.550542546799594e-289	4.513431226483897e-218
8.615485697506043e-71	1.4202170187198378e-289	2.2567156132419486e-218
6.892388558004836e-71	5.680868074879351e-290	1.1283578066209743e-218
5.5139108464038696e-71	2.272347229951741e-290	5.6417890331048714e-219
4.411128677123096e-71	9.089388919806962e-291	2.8208945165524357e-219
3.5289029416984774e-71	3.635755567922785e-291	1.4104472582762178e-219
2.8231223533587825e-71	1.4543022271691146e-291	7.052236291381089e-220
2.258497882687026e-71	5.817208908676461e-292	3.5261181456905446e-220
1.806798306149621e-71	2.326883563470584e-292	1.7630590728452723e-220
1.445438644919697e-71	9.307534253882338e-293	8.815295364226362e-221
1.1563509159357576e-71	3.723013701552935e-293	4.407647682113181e-221
9.250807327486063e-72	1.489205480621174e-293	2.2038238410565904e-221
7.400645861988852e-72	5.956821922484696e-294	1.1019119205282952e-221
5.920516689591083e-72	2.3827287689938786e-294	5.509559602641476e-222
4.736413351672867e-72	9.530915075975518e-295	2.754779801320738e-222
3.7891306813382934e-72	3.8123660303902074e-295	1.377389900660369e-222
3.0313045450706357e-72	1.524946412156083e-295	6.886949503301845e-223
2.425043636056509e-72	6.099785648624333e-296	3.4434747516509225e-223
1.9400349088452075e-72	2.439914259449734e-296	1.7217373758254612e-223
1.5520279270761663e-72	9.759657037798939e-297	8.608686879127306e-224
1.241622341660933e-72	3.903862815119576e-297	4.304343439563653e-224
9.932978733287465e-73	1.561545126047831e-297	2.1521717197818265e-224
7.946382986629974e-73	6.246180504191323e-298	1.0760858598909133e-224
6.35710638930398e-73	2.4984722016765293e-298	5.3804292994545664e-225
5.0856851114431844e-73	9.993888806706117e-299	2.6902146497272832e-225
4.0685480891545477e-73	3.9975555226824476e-299	1.3451073248636416e-225
3.254838471323638e-73	1.5990222090729794e-299	6.725536624318208e-226
2.6038707770589103e-73	6.396088836291918e-300	3.362768312159104e-226
2.0830966216471283e-73	2.558435534516767e-300	1.681384156079552e-226
1.6664772973177025e-73	1.0233742138067068e-300	8.40692078039776e-227
1.3331818378541621e-73	4.093496855226827e-301	4.20346039019888e-227
1.0665454702833297e-73	1.6373987420907312e-301	2.10173019509944e-227
8.53236376226664e-74	6.549594968362925e-302	1.05086509754972e-227
6.825891009813312e-74	2.619837987345171e-302	5.2543254877486e-228
5.460712807850651e-74	1.0479351949380684e-302	2.6271627438743e-228
4.368570246280521e-74	4.191740779752274e-303	1.31358137193715e-228
3.494856197024418e-74	1.6766963119009097e-303	6.56790685968575e-229
2.795884957619534e-74	6.706785247603638e-304	3.283953429842875e-229
2.2367079660956273e-74	2.682714099041455e-304	1.6419767149214375e-229
1.7893663728765023e-74	1.0730856396165822e-304	8.209883574607187e-230
1.4314930983012019e-74	4.292342558466329e-305	4.1049417873035937e-230
1.1451944786409618e-74	1.716937023386532e-305	2.0524708936517969e-230
9.161555829127695e-75	6.86774809354613e-306	1.0262354468258984e-230
7.329244663302158e-75	2.7470992374184526e-306	5.131177234129492e-231
5.863395730641726e-75	1.0988396949673813e-306	2.565588617064746e-231
4.6907165845133815e-75	4.395358779869524e-307	1.282794308532373e-231
3.7525732676107054e-75	1.7581435119478103e-307	6.413971542661865e-232
3.0020586140885654e-75	7.032574047791242e-308	3.2069857713309326e-232
2.4016468912708513e-75	2.813029619116497e-308	1.6034928856654663e-232
1.9213175130166813e-75	1.125211847646599e-308	8.0174644283273315e-233
1.5370540104133452e-75	4.50084739058639e-309	4.0087322141636657e-233
1.2296432083306763e-75	1.800338956234557e-309	2.0043661070818329e-233
9.837145666645412e-76	7.2013558249382e-310	1.0021830535409164e-233
7.86971653331633e-76	2.88054232997534e-310	5.010915267704582e-234
6.295773226653064e-76	1.15221693199014e-310	2.505457633852291e-234
5.036618581322452e-76	4.6088677279603e-311	1.2527288169261455e-234
4.0292948650579616e-76	1.843547091184e-311	6.263644084630728e-235
3.2234358920463694e-76	7.374188364735e-312	3.131822042315364e-235
2.5787487136370963e-76	2.949675345894e-312	1.565911021157682e-235
2.062998970909677e-76	1.17987013836e-312	7.82955510578841e-236
1.6503991767277415e-76	4.7194805534e-313	3.914777552894205e-236
1.3203193413821935e-76	1.88779222136e-313	1.9573887764471024e-236
1.0562554731057549e-76	7.5511688854e-314	9.786943882235512e-237
8.45004378484604e-77	3.020467554e-314	4.893471941117756e-237
6.7600350278768345e-77	1.2081870217e-314	2.446735970558878e-237
5.4080280223014675e-77	4.83274809e-315	1.223367985279439e-237
4.326422417841175e-77	1.933099235e-315	6.116839926397195e-238
3.46113793427294e-77	7.7323969e-316	3.0584199631985975e-238
2.7689103474183525e-77	3.0929588e-316	1.5292099815992988e-238
2.215128277934682e-77	1.23718356e-316	7.646049907996494e-239
1.772102622347746e-77	4.948734e-317	3.823024953998247e-239
1.4176820978781968e-77	1.9794933e-317	1.9115124769991235e-239
1.1341456783025577e-77	7.917975e-318	9.557562384995617e-240
9.073165426420465e-78	3.16719e-318	4.7787811924978086e-240
7.258532341136372e-78	1.266873e-318	2.3893905962489043e-240
5.806825872909098e-78	5.0675e-319	1.1946952981244522e-240
4.645460698327279e-78	2.027e-319	5.973476490622261e-241
3.7163685586618236e-78	8.108e-320	2.9867382453111304e-241
2.9730948469294592e-78	3.243e-320	1.4933691226555652e-241
2.378475877543567e-78	1.2974e-320	7.466845613277826e-242
1.902780702034854e-78	5.193e-321	3.733422806638913e-242
1.522224561627883e-78	2.08e-321	1.8667114033194565e-242
1.2177796493023067e-78	8.3e-322	9.333557016597282e-243
9.742237194418456e-79	3.3e-322	4.666778508298641e-243
7.793789755534764e-79	1.33e-322	2.3333892541493206e-243
6.235031804427814e-79	5.0e-323	1.1666946270746603e-243
4.988025443542251e-79	2.0e-323	5.8334731353733016e-244
3.990420354833803e-79	1.0e-323	2.9167365676866508e-244
3.192336283867042e-79	5.0e-324	1.4583682838433254e-244
2.5538690270936336e-79	0.0	7.291841419216627e-245
2.0430952216749078e-79	0.0	3.6459207096083135e-245
1.6344761773399265e-79	0.0	1.8229603548041567e-245
1.3075809418719413e-79	0.0	9.114801774020784e-246
1.0460647534975531e-79	0.0	4.557400887010392e-246
8.368518027980427e-80	0.0	2.278700443505196e-246
6.6948144223843416e-80	0.0	1.139350221752598e-246
5.3558515379074735e-80	0.0	5.69675110876299e-247
4.284681230325979e-80	0.0	2.848375554381495e-247
3.427744984260784e-80	0.0	1.4241877771907475e-247
2.7421959874086266e-80	0.0	7.120938885953737e-248
2.1937567899269018e-80	0.0	3.5604694429768686e-248
1.7550054319415216e-80	0.0	1.7802347214884343e-248
1.4040043455532176e-80	0.0	8.901173607442172e-249
1.1232034764425741e-80	0.0	4.450586803721086e-249
8.985627811540594e-81	0.0	2.225293401860543e-249
7.188502249232475e-81	0.0	1.1126467009302714e-249
5.75080179938598e-81	0.0	5.563233504651357e-250
4.600641439508784e-81	0.0	2.7816167523256786e-250
3.6805131516070276e-81	0.0	1.3908083761628393e-250
2.9444105212856227e-81	0.0	6.9540418808141965e-251
2.355528417028499e-81	0.0	3.4770209404070983e-251
1.8844227336227992e-81	0.0	1.7385104702035491e-251
1.5075381868982397e-81	0.0	8.692552351017746e-252
1.2060305495185917e-81	0.0	4.346276175508873e-252
9.648244396148735e-82	0.0	2.1731380877544364e-252
7.718595516918991e-82	0.0	1.0865690438772182e-252
6.174876413535193e-82	0.0	5.432845219386091e-253
4.9399011308281543e-82	0.0	2.7164226096930455e-253
3.9519209046625246e-82	0.0	1.3582113048465228e-253
3.1615367237300203e-82	0.0	6.791056524232614e-254
2.5292293789840163e-82	0.0	3.395528262116307e-254
2.023383503187213e-82	0.0	1.6977641310581535e-254
1.6187068025497708e-82	0.0	8.488820655290767e-255
1.294965442039817e-82	0.0	4.2444103276453836e-255
1.0359723536318535e-82	0.0	2.1222051638226918e-255
8.287778829054828e-83	0.0	1.0611025819113459e-255
6.630223063243863e-83	0.0	5.3055129095567295e-256
5.3041784505950916e-83	0.0	2.6527564547783648e-256
4.243342760476074e-83	0.0	1.3263782273891824e-256
3.3946742083808594e-83	0.0	6.631891136945912e-257
2.7157393667046875e-83	0.0	3.315945568472956e-257
2.17259149336375e-83	0.0	1.657972784236478e-257
1.7380731946910006e-83	0.0	8.28986392118239e-258
1.3904585557528005e-83	0.0	4.144931960591195e-258
1.1123668446022408e-83	0.0	2.0724659802955975e-258
8.898934756817928e-84	0.0	1.0362329901477987e-258
7.119147805454342e-84	0.0	5.1811649507389937e-259
5.695318244363474e-84	0.0	2.5905824753694968e-259
4.55625459549078e-84	0.0	1.2952912376847484e-259
3.6450036763926245e-84	0.0	6.476456188423742e-260
2.9160029411140997e-84	0.0	3.238228094211871e-260
2.33280235289128e-84	0.0	1.6191140471059355e-260
1.8662418823130241e-84	0.0	8.095570235529678e-261
1.4929935058504193e-84	0.0	4.047785117764839e-261
1.1943948046803356e-84	0.0	2.0238925588824194e-261
9.555158437442685e-85	0.0	1.0119462794412097e-261
7.644126749954149e-85	0.0	5.0597313972060485e-262
6.11530139996332e-85	0.0	2.5298656986030243e-262
4.8922411199706565e-85	0.0	1.2649328493015121e-262
3.9137928959765256e-85	0.0	6.324664246507561e-263
3.1310343167812207e-85	0.0	3.1623321232537803e-263
2.5048274534249767e-85	0.0	1.5811660616268902e-263
2.0038619627399814e-85	0.0	7.905830308134451e-264
1.6030895701919853e-85	0.0	3.9529151540672254e-264
1.2824716561535884e-85	0.0	1.9764575770336127e-264
1.0259773249228707e-85	0.0	9.882287885168064e-265
8.207818599382967e-86	0.0	4.941143942584032e-265
6.566254879506376e-86	0.0	2.470571971292016e-265
5.2530039036051005e-86	0.0	1.235285985646008e-265
4.2024031228840815e-86	0.0	6.17642992823004e-266
3.361922498307265e-86	0.0	3.08821496411502e-266
2.6895379986458118e-86	0.0	1.54410748205751e-266
2.1516303989166497e-86	0.0	7.72053741028755e-267
1.7213043191333203e-86	0.0	3.860268705143775e-267
1.3770434553066565e-86	0.0	1.9301343525718874e-267
1.1016347642453254e-86	0.0	9.650671762859437e-268
8.813078113962603e-87	0.0	4.8253358814297185e-268
7.050462491170082e-87	0.0	2.4126679407148593e-268
5.640369992936066e-87	0.0	1.2063339703574296e-268
4.512295994348854e-87	0.0	6.031669851787148e-269
3.609836795479083e-87	0.0	3.015834925893574e-269
2.8878694363832665e-87	0.0	1.507917462946787e-269
2.3102955491066137e-87	0.0	7.539587314733935e-270
1.848236439285291e-87	0.0	3.7697936573669676e-270
1.4785891514282332e-87	0.0	1.8848968286834838e-270
1.1828713211425867e-87	0.0	9.424484143417419e-271
9.462970569140692e-88	0.0	4.7122420717087095e-271
7.570376455312555e-88	0.0	2.3561210358543547e-271
6.056301164250045e-88	0.0	1.1780605179271774e-271
4.845040931400037e-88	0.0	5.890302589635887e-272
3.8760327451200296e-88	0.0	2.9451512948179434e-272
3.1008261960960237e-88	0.0	1.4725756474089717e-272
2.4806609568768194e-88	0.0	7.3628782370448586e-273
1.9845287655014553e-88	0.0	3.6814391185224293e-273
1.5876230124011645e-88	0.0	1.8407195592612146e-273
1.270098409920932e-88	0.0	9.203597796306073e-274
1.0160787279367456e-88	0.0	4.6017988981530366e-274
8.128629823493967e-89	0.0	2.3008994490765183e-274
6.502903858795173e-89	0.0	1.1504497245382592e-274
5.202323087036139e-89	0.0	5.752248622691296e-275
4.1618584696289115e-89	0.0	2.876124311345648e-275
3.32948677570313e-89	0.0	1.438062155672824e-275
2.663589420562504e-89	0.0	7.19031077836412e-276
2.1308715364500034e-89	0.0	3.59515538918206e-276
1.704697229160003e-89	0.0	1.79757769459103e-276
1.3637577833280023e-89	0.0	8.98788847295515e-277
1.091006226662402e-89	0.0	4.493944236477575e-277
8.728049813299215e-90	0.0	2.2469721182387874e-277
6.982439850639373e-90	0.0	1.1234860591193937e-277
5.5859518805115e-90	0.0	5.6174302955969685e-278
4.468761504409199e-90	0.0	2.8087151477984843e-278
3.5750092035273595e-90	0.0	1.4043575738992421e-278
2.8600073628218882e-90	0.0	7.021787869496211e-279
2.2880058902575106e-90	0.0	3.5108939347481053e-279
1.8304047122060084e-90	0.0	1.7554469673740527e-279
1.464323769764807e-90	0.0	8.777234836870263e-280
1.1714590158118457e-90	0.0	4.3886174184351317e-280
9.371672126494767e-91	0.0	2.1943087092175658e-280
7.497337701195815e-91	0.0	1.0971543546087829e-280
5.997870160956653e-91	0.0	5.4857717730439146e-281
4.798296128765323e-91	0.0	2.7428858865219573e-281
3.838636903012259e-91	0.0	1.3714429432609786e-281
3.0709095224098075e-91	0.0	6.857214716304893e-282
2.456727617927846e-91	0.0	3.4286073581524466e-282
1.9653820943422776e-91	0.0	1.7143036790762233e-282
1.572305675473822e-91	0.0	8.5715183953811165e-283
1.2578445403790576e-91	0.0	4.2857591976905583e-283
1.0062756323032463e-91	0.0	2.1428795988452791e-283
8.050205058425971e-92	0.0	1.0714397994226396e-283
6.440164046740779e-92	0.0	5.357198997113198e-284
5.1521312373926236e-92	0.0	2.678599498556599e-284
4.121704989914099e-92	0.0	1.3392997492782995e-284
3.29736399193128e-92	0.0	6.696498746391497e-285
2.637891193545024e-92	0.0	3.3482493731957486e-285
2.1103129548360195e-92	0.0	1.6741246865978743e-285
1.6882503638688156e-92	0.0	8.370623432989372e-286
1.3506002910950527e-92	0.0	4.185311716494686e-286
1.0804802328760425e-92	0.0	2.092655858247343e-286
8.64384186300834e-93	0.0	1.0463279291236714e-286
6.9150734904066714e-93	0.0	5.231639645618357e-287
5.532058792325339e-93	0.0	2.6158198228091786e-287
4.425647033860271e-93	0.0	1.3079099114045893e-287
3.5405176270882176e-93	0.0	6.5395495570229466e-288
2.832414101670574e-93	0.0	3.2697747785114733e-288
2.26593128133646e-93	0.0	1.6348873892557366e-288
1.812745025069168e-93	0.0	8.174436946278683e-289
1.450196020055335e-93	0.0	4.0872184731393416e-289
1.160156816044268e-93	0.0	2.0436092365696708e-289
9.281254528354145e-94	0.0	1.0218046182848354e-289
7.425003622683317e-94	0.0	5.109023091424177e-290
5.940002898146654e-94	0.0	2.5545115457120885e-290
4.7520023185173225e-94	0.0	1.2772557728560442e-290
3.801601854813858e-94	0.0	6.386278864280221e-291
3.041281483851087e-94	0.0	3.1931394321401106e-291
2.43302518708087e-94	0.0	1.5965697160700553e-291
1.946420149664696e-94	0.0	7.982848580350277e-292
1.5571361197317568e-94	0.0	3.9914242901751383e-292
1.2457088957854056e-94	0.0	1.9957121450875691e-292
9.965671166283247e-95	0.0	9.978560725437846e-293
7.972536933026598e-95	0.0	4.989280362718923e-293
6.378029546421279e-95	0.0	2.4946401813594614e-293
5.1024236371370226e-95	0.0	1.2473200906797307e-293
4.081938909709618e-95	0.0	6.2366004533986536e-294
3.265551127767695e-95	0.0	3.1183002266993268e-294
2.612440902214157e-95	0.0	1.5591501133496634e-294
2.0899527217713255e-95	0.0	7.795750566748317e-295
1.671962177417061e-95	0.0	3.8978752833741585e-295
1.3375697419336488e-95	0.0	1.9489376416870792e-295
1.0700557935469191e-95	0.0	9.744688208435396e-296
8.560446348375355e-96	0.0	4.872344104217698e-296
6.848357078700286e-96	0.0	2.436172052108849e-296
5.4786856629602286e-96	0.0	1.2180860260544245e-296
4.382948530368183e-96	0.0	6.0904301302721226e-297
3.506358824294547e-96	0.0	3.0452150651360613e-297
2.805087059435638e-96	0.0	1.5226075325680307e-297
2.244069647548511e-96	0.0	7.613037662840153e-298
1.7952557180388092e-96	0.0	3.8065188314200766e-298
1.436204574431047e-96	0.0	1.9032594157100383e-298
1.1489636595448378e-96	0.0	9.516297078550192e-299
9.191709276358705e-97	0.0	4.758148539275096e-299
7.353367421086966e-97	0.0	2.379074269637548e-299
5.882693936869572e-97	0.0	1.189537134818774e-299
4.706155149495658e-97	0.0	5.94768567409387e-300
3.7649241195965265e-97	0.0	2.973842837046935e-300
3.0119392956772215e-97	0.0	1.4869214185234674e-300
2.4095514365417776e-97	0.0	7.434607092617337e-301
1.9276411492334223e-97	0.0	3.7173035463086686e-301
1.542112919386738e-97	0.0	1.8586517731543343e-301
1.2336903355093907e-97	0.0	9.293258865771671e-302
