1.0	1.0	0.9999999999999999
0.9638475863236582	0.6796680952926133	0.8594826015108321
0.9269726623810425	0.46136596764477056	0.7355375733850497
0.8903734531076849	0.3135086969243431	0.6273550317192685
0.8546156873354382	0.2140659024916793	0.5337195537591318
0.8199923809719929	0.1477047266932578	0.4531994426246702
0.7866346023519328	0.10375765638479059	0.3842980780976872
0.7545818903830358	0.07479494969715993	0.3255559589939201
0.7238246178577561	0.0556499250057147	0.275611204249788
0.6943284237781161	0.04277757355466519	0.23323003284649055
0.6660477772554217	0.03382574769174274	0.19731739381075825
0.6389332077387662	0.02731047170533815	0.1669153968926674
0.6129349666295291	0.022342797638366333	0.1411948486000405
0.5880047442226166	0.01840846603205612	0.1194433760126795
0.5640963665207686	0.015211077786006444	0.10105231909538177
0.5411659830392138	0.012573714523644577	0.0855036878597691
0.5191720193665895	0.010383010401996802	0.0723579016075236
0.498075035562821	0.008559503766587652	0.061242660565301255
0.4778375593014476	0.007042650463796079	0.05184307590816627
0.458423924627146	0.005783461629941585	0.043893053192517385
0.4398001279585295	0.0047409023472410865	0.03716785285589879
0.4219337038017099	0.0038800614483648064	0.03147771716036696
0.4047936187024459	0.003171117970699831	0.02666244100801782
0.38835018061921855	0.0025886504167128865	0.02258676496760405
0.3725749607532022	0.0021110905353779585	0.019136476657915576
0.3574407252127531	0.001720243087650644	0.016215117675651657
0.34292137437470244	0.001400845720000626	0.01374120535572408
0.3289918882782745	0.001140163871335041	0.011645890574390973
0.31562827679152233	0.0009276221170318911	0.00987098389996056
0.30280753361178503	0.0007544739659496287	0.008367292367089274
0.29050759340721455	0.0006135107735055953	0.007093217912672712
0.27870729158890356	0.0004988087882852791	0.0060135760942941685
0.26738632633636167	0.00040551202928242833	0.005098600206324868
0.25652522259514826	0.0003296478427249612	0.004323101430088244
0.24610529783421983	0.0002679715687657193	0.0036657603252007545
0.23610862939954397	0.00021783665707589476	0.0031085289068623
0.22651802333541837	0.0001770867013561431	0.0026361258660855848
0.21731698456983023	0.000143966128245994	0.002235610272085769
0.20848968837805007	0.00011704661045371052	0.0018960214312939807
0.20002095305158862	9.516663171955427e-5	0.0016080745368897088
0.19189621370912863	7.738198318360416e-5	0.0013639033868457927
0.18410149719311814	6.292529952594253e-5	0.0011568428283039063
0.17662339800109528	5.1173039912546385e-5	0.0009812447445684555
0.16944905520501913	4.161857989882807e-5	0.00083232237410053
0.16256613031524303	3.385030608836415e-5	0.0007060185687171048
0.1559627860485392	2.7533797628409236e-5	0.0005988942859228185
0.14962766596192506	2.2397340713557488e-5	0.0005080341889556644
0.14354987491607152	1.822015775022483e-5	0.00043096671529169975
0.13771896033387399	1.4822845318078991e-5	0.00036559638472238924
0.1321248942213893	1.2059607958078883e-5	0.00031014646398267365
0.12675805591982908	9.81195120840233e-6	0.00026311039655579113
0.12160921555867966	7.983559920406443e-6	0.0002232106523288462
0.11666951818130589	6.496139067224628e-6	0.0001893638594438344
0.11193046851561206	5.286036007725833e-6	0.0001606512560412951
0.10738391636348012	4.301497171196564e-6	0.0001362936477147478
0.10302204258379917	3.5004397868970194e-6	0.0001156301816572967
0.0988373456449369	2.848641760418952e-6	9.810035428053138e-5
0.09482262872349825	2.3182710537568106e-6	8.322875854331092e-5
0.0909709873271637	1.886690744527756e-6	7.06121528894149e-5
0.08727579742030754	1.5354879650203807e-6	5.990849770251362e-5
0.08373070403196506	1.2496846784748553e-6	5.082765935169138e-5
0.0803296103265504	1.017096165506323e-6	4.31235277449551e-5
0.07706666711852453	8.27809515318777e-7	3.658733211771429e-5
0.0739362628129773	6.737596265083193e-7	3.104197264360847e-5
0.07093301375482144	5.483844498345904e-7	2.6337213282933875e-5
0.06805175497000009	4.46344636100226e-7	2.234560485365502e-5
0.06528753128278268	3.632955368323464e-7	1.8959027275990978e-5
0.06263558879387308	2.957017659015503e-7	1.6085756857046663e-5
0.06009136670467272	2.4068636551110367e-7	1.3647978814716877e-5
0.05765048947363851	1.959081103657663e-7	1.1579677385804438e-5
0.05530875929124518	1.5946169432087027e-7	9.824846156729619e-6
0.05306214886061084	1.2979652714659868e-7	8.335969979660917e-6
0.050906794471369775	1.056506679785604e-7	7.072737232152795e-6
0.048838989354880416	8.59970712442052e-8	6.0009474474357665e-6
0.046855177309341474	6.99998484898737e-8	5.091584657257303e-6
0.04495194658385205	5.697867841439227e-8	4.320031295187245e-6
0.04312602401089787	4.6379846070308955e-8	3.6654013288774324e-6
0.04137426937717268	3.7752675664030784e-8	3.1099745293512287e-6
0.0396936700230537	3.073035188381391e-8	2.6387165324869665e-6
0.038081335661443276	2.5014312127875596e-8	2.2388716774333915e-6
0.036534493407066305	2.0361544450112614e-8	1.8996175822968548e-6
0.03505048300767477	1.6574250033181487e-8	1.6117720929222731e-6
0.03362675226895813	1.3491429856411352e-8	1.3675446615974318e-6
0.032260852665291065	1.0982037271431265e-8	1.1603254177341638e-6
0.030950435128770326	8.93940494470744e-9	9.845062148198571e-7
0.029693246009298537	7.276708929395472e-9	8.353288049952764e-7
0.028487123198766937	5.9232768110307554e-9	7.087560280756306e-7
0.027329992412671776	4.821582820695254e-9	6.013625256807522e-7
0.026219863622769315	3.924802060823298e-9	5.102420203270948e-7
0.02515482763463434	3.194819791476055e-9	4.329286482322915e-7
0.024133052804236176	2.6006110943915795e-9	3.6733021538096755e-7
0.023152781887885828	2.1169219945717294e-9	3.1167156943520903e-7
0.022212329020136173	1.72319594666959e-9	2.64446554111096e-7
0.02131007681443834	1.402700032742664e-9	2.2437724511909073e-7
0.020444473581567653	1.1418137138643388e-9	1.9037936398695202e-7
0.01961403066103562	9.294498925595907e-10	1.6153293339788816e-7
0.018817319860898372	7.565836705314661e-10	1.3705737962062544e-7
0.018052971001558754	6.158687662903944e-10	1.1629040803015617e-7
0.017319669559337655	5.013252850724709e-10	9.867007988233279e-8
0.016616154405762182	4.080855675043546e-10	8.371960518110685e-8
0.015941215638682695	3.3218731296312327e-10	7.103444001287957e-8
0.015293692501488591	2.704051835688865e-10	6.02713391106224e-8
0.0146724713868444	2.2011373075259012e-10	5.1139067341393616e-8
0.014076483921512966	1.7917581795803188e-10	4.339051871850127e-8
0.013504705128972038	1.458517969076505e-10	3.6816029640261335e-8
0.012956151666664322	1.1872557708558736e-10	3.123770538301724e-8
0.012429880134849424	9.664444618860033e-11	2.6504606302287006e-8
0.011924985454149307	7.867008380293483e-11	2.248866346529887e-8
0.011440599308996895	6.403868633786985e-11	1.9081213180872033e-8
0.010975888654310933	5.212850851403152e-11	1.6190056643165106e-8
0.01053005428282884	4.243344193225254e-11	1.3736965117780383e-8
0.01010232945063373	3.454150783865602e-11	1.1655563156849212e-8
0.009691978558511722	2.8117350062172492e-11	9.889532560478107e-9
0.009298295886871751	2.2887984110774684e-11	8.391088482267186e-9
0.00892060438205225	1.8631196799388856e-11	7.119686441499901e-9
0.008558254491927354	1.5166103428265786e-11	6.040925253408043e-9
0.008210623048810114	1.2345461223772408e-11	5.125616190782198e-9
0.007877112197731564	1.0049412391558934e-11	4.348993188632995e-9
0.0075571483682524586	8.180390887305298e-12	3.690042720369405e-9
0.0072501812880394634	6.6589764650555135e-12	3.1309352123508547e-9
0.006955683036509302	5.420519819455992e-12	2.656542611337231e-9
0.006673147136913346	4.4123954069796464e-12	2.2540290506694013e-9
0.006402087685301219	3.591765205138742e-12	1.9125035390565168e-9
0.006142038514865396	2.9237583814091512e-12	1.6227252741580443e-9
0.005892552394229661	2.379989517884773e-12	1.3768536071477793e-9
0.0056532002583026195	1.937352424689431e-12	1.1682358926710745e-9
0.0054235704703735265	1.57703828631809e-12	9.912274837519951e-10
0.005203268114181337	1.283736418056766e-12	8.410390010162828e-10
0.004991914314739529	1.0449836695674372e-12	7.136067436068863e-10
0.004789145586748631	8.506348293935403e-13	6.054827353527652e-10
0.004594613209475863	6.924315259799413e-13	5.137414310535502e-10
0.004407982627026811	5.63651306316955e-13	4.3590055853970597e-10
0.004228932872977729	4.58821980378093e-13	3.6985395465868275e-10
0.004057156018378947	3.73489092910718e-13	3.13814577872331e-10
0.0038923566421800683	3.040266417136103e-13	2.662661555113717e-10
0.0037342513231662018	2.474829992313679e-13	2.259221573700777e-10
0.00358256815253144	2.014554902051209e-13	1.9169098556058243e-10
0.003437046266251345	1.6398829581029248e-13	1.6264643874549177e-10
0.003297435396450183	1.3348934593021156e-13	1.3800265158101595e-10
0.003163495440991381	1.0866266808028534e-13	1.170928312923403e-10
0.003034996050550962	8.845331829823001e-14	9.935121604491506e-11
0.0029117162324638333	7.2002553961561e-14	8.429776694983198e-11
0.0027934439706616097	5.86113437032933e-14	7.152517950726797e-11
0.0026799758610483435	4.771066386425277e-14	6.068786305050424e-11
0.002571116761687092	3.883731929963325e-14	5.149259000241658e-11
0.0024666794571957047	3.161426110267964e-14	4.3690561937401014e-11
0.0023664843367746614	2.5734564894746104e-14	3.7070677776968634e-11
0.0022703590853132456	2.0948388878352226e-14	3.14538219739851e-11
0.002178138387042793	1.7052357467941108e-14	2.6688018138857116e-11
0.002089663641227397	1.3880919382227901e-14	2.2644316977624732e-11
0.0020047826894030825	1.1299312982034869e-14	1.9213307280515037e-11
0.0019233495536963756	9.19783993350252e-15	1.6302155557646477e-11
0.0018452241857722222	7.487203870639096e-15	1.3832094222386365e-11
0.0017702722259794995	6.0947159856744805e-15	1.1736290359386596e-11
0.0016983647722799038	4.9612063136101e-15	9.958037411938698e-12
0.0016293781585628143	4.038509464048242e-15	8.449220860628007e-12
0.0015631937419648754	3.2874179630586268e-15	7.169016378739794e-12
0.001499697698828548	2.676016237729642e-15	6.082785240067081e-12
0.001438780828948699	2.1783244504799756e-15	5.16113709188813e-12
0.0013803383677705888	1.773194556467452e-15	4.379134734330191e-12
0.0013242698062162664	1.4434116749939948e-15	3.715619389643057e-12
0.0012704787178295183	1.1749625900851808e-15	3.152638205034555e-12
0.0012188725929420884	9.56440297136683e-16	2.6749584988806704e-12
0.001169362679575971	7.785592934374173e-16	2.269655607160904e-12
0.0011218638308081673	6.337610161460415e-16	1.925763178389147e-12
0.0010762943583353933	5.158926618731323e-16	1.6339764549945568e-12
0.001032575891986911	4.1994574017641413e-16	1.3864005127738617e-12
0.0009906332449438641	3.418432515088129e-16	1.1763366464775254e-12
0.000950394284433332	2.7826644632442127e-16	9.98101121720766e-13
0.0009117898076747158	2.265138039420363e-16	8.468713891532844e-13
0.0008747534228651109	1.843862388574368e-16	7.185555998738595e-13
0.0008392214349989891	1.500936566599653e-16	6.096818915427353e-13
0.0008051327363258187	1.22178888902476e-16	5.17304449584633e-13
0.000772428701257233	9.945577474508687e-17	4.389238017623201e-13
0.0007410530855430109	8.095875832180151e-17	3.724191895158718e-13
0.0007109519295424743	6.590186010830846e-17	3.159911862262166e-13
0.0006820734654249417	5.3645278891842916e-17	2.6811300981462966e-13
0.0006543680281396515	4.3668205185567885e-17	2.2748921233417126e-13
0.0006277879700020323	3.554669086826083e-17	1.9302062880977017e-13
0.0006022875787494347	2.8935634680530893e-17	1.6377463694133062e-13
0.0005778229989253891	2.3554118100823635e-17	1.389599229812717e-13
0.0005543521564571925	1.917346848966093e-17	1.1790507102231008e-13
0.0005318346862971099	1.560754227833254e-17	1.0004039638201845e-13
0.00051023186300275	1.2704815312939515e-17	8.488253154681545e-14
0.0004895065341372259	1.0341944254783394e-17	7.202134761454638e-14
0.0004696230563745636	8.418525446583197e-18	6.110885736682432e-14
0.000450547234200473	6.852828537013254e-18	5.1849799719611754e-14
0.0004322462611030583	5.578323575722336e-18	4.399365079387951e-14
0.00041468866315232865	4.54085400733411e-18	3.73278454484899e-14
0.000397844244871477	3.696335438623561e-18	3.167202586914374e-14
0.00038168403730683685	3.0088823943437497e-18	2.6873161596467675e-14
0.0003661802482072084	2.449283463372867e-18	2.280140895500028e-14
0.00035130621422687134	1.993760040735611e-18	1.934659785093459e-14
0.00033703635507008453	1.622955921675868e-18	1.6415250881300962e-14
0.0003233461294982108	1.3211148133773328e-18	1.3928054100116955e-14
0.00031021199312380597	1.0754108149694949e-18	1.1817711007591793e-14
0.0002976113579190893	8.754034164205808e-19	1.0027121697405498e-14
0.00028552255336915656	7.125938580046326e-19	8.507837894940523e-15
0.00027392478920312667	5.800639990669739e-19	7.218752084172781e-15
0.0002627981196391297	4.721823508165961e-19	6.124985254705897e-15
0.00025212340908164154	3.8436478182335912e-19	5.196943174531722e-15
0.00024188229921217426	3.1287972806312614e-19	4.409515653929407e-15
0.0002320571774167243	2.546896304514448e-19	3.741397134851018e-15
0.00022263114649567813	2.0732186219319245e-19	3.1745102228659604e-15
0.00021358799560408675	1.6876366136362752e-19	2.6935165640707245e-15
0.00020491217237232807	1.373766041720998e-19	2.285401832678147e-15
0.00019658875615921205	1.1182698468683256e-19	1.93912360022539e-15
0.0001886034323915311	9.102914270018032e-20	1.6453125587386302e-15
0.00018094246794592164	7.409933160910762e-20	1.3960190137993095e-15
0.0001735926875307017	6.031816605437155e-20	1.1844977883322917e-15
0.00016654145102706414	4.910005363495299e-20	1.005025717221557e-15
0.00015977663175065825	3.99683117832007e-20	8.527467946746389e-16
0.00015328659559617322	3.253491246129606e-20	7.235407844620456e-16
0.0001470601810290568	2.648399398608303e-20	6.139117379968935e-16
0.00014108667988995945	2.1558439362983497e-20	5.208934038697386e-16
0.00013535581897889054	1.7548950812519002e-20	4.4196896948854504e-16
0.00012985774238741601	1.4285156241743568e-20	3.7500296325989693e-16
0.00012458299454851208	1.1628369754756392e-20	3.1818347477736875e-16
0.000119522503974924	9.465698580267348e-21	2.6997312965902405e-16
0.00011466756765806395	7.705246006447106e-21	2.290674925520102e-16
0.0001100098361006165	6.27220648508349e-21	1.9435977280739063e-16
0.00010554129895711125	5.1056869773262594e-21	1.6491087786075284e-16
0.00010125427125776715	4.1561194729245315e-21	1.399240040479053e-16
9.714138019191674e-5	3.3831547351389662e-21	1.187230773551143e-16
9.319555242827992e-5	2.7539477718611988e-21	1.007344607716576e-16
8.941000195028108e-5	2.2417621787916928e-21	8.547143329747418e-17
8.577821838548879e-5	1.8248340501107685e-21	7.252102065182886e-17
8.229395580910708e-5	1.4854471816782957e-21	6.153282135927369e-17
7.895122200226234e-5	1.209180270087393e-21	5.220952587844919e-17
7.574426814661286e-5	9.842941193842178e-22	4.42988722482088e-17
7.266757893755707e-5	8.012328165033416e-22	3.758682059364062e-17
6.971586309903798e-5	6.5221767925262625e-22	3.18917618134565e-17
6.688404428363086e-5	5.309167227936406e-22	2.7059603752235348e-17
6.416725234226386e-5	4.321755995126663e-22	2.29596019032635e-17
6.156081494855817e-5	3.5179857931851593e-22	1.9480821832602234e-17
5.9060249563382154e-5	2.8637026373252576e-22	1.652913760760034e-17
5.666125572580122e-5	2.331104580055759e-22	1.402468501583076e-17
5.435970765716471e-5	1.8975603445536725e-22	1.1899700665771051e-17
5.215164716561045e-5	1.5446476713421053e-22	1.0096688501414118e-17
5.0033276838784685e-5	1.2573705154832234e-22	8.566864121889135e-18
4.800095351306945e-5	1.0235218312526895e-22	7.268834813788919e-18
4.605118200808656e-5	8.331648675981131e-23	6.167479581618236e-18
4.418060911570222e-5	6.782109334710751e-23	5.232998873160013e-18
4.2386017833195096e-5	5.520756913418943e-23	4.4401082880200505e-18
4.0664321830669674e-5	4.493993740435939e-23	3.767354453387901e-18
3.901256014320016e-5	3.658190363360622e-23	3.196534556550145e-18
3.7427892078576576e-5	2.977831636524673e-23	2.7122038283504854e-18
3.5907592331895196e-5	2.4240076034094116e-23	2.301257651494448e-18
3.444904629859172e-5	1.9731850482504318e-23	1.952576986733376e-18
3.3049745577856196e-5	1.6062075173235927e-23	1.6567275231648172e-18
3.1707283658696744e-5	1.3074813185911894e-23	1.4057044125088164e-18
3.0419351781233017e-5	1.0643129110215954e-23	1.1927156805928173e-18
2.918373496610141e-5	8.663695277798153e-24	1.0119984557736025e-18
2.7998308205143748e-5	7.052401139678694e-24	8.586630419580279e-19
2.6861032806827868e-5	5.740779221823929e-24	7.285606172802594e-19
2.5769952890115297e-5	4.673095789792422e-24	6.181709787365585e-19
2.4723192020745947e-5	3.803982598316757e-24	5.245072954654699e-19
2.3718949984155033e-5	3.0965090935900262e-24	4.450352935670239e-19
2.2755499689472276e-5	2.520613151841529e-24	3.7760468583113672e-19
2.183118419927894e-5	2.0518236727912016e-24	3.203909910579213e-19
2.0944413880014402e-5	1.6702207481356354e-24	2.718461687655587e-19
2.0093663668131606e-5	1.3595892203103607e-24	2.3065673360078677e-19
1.927747044729973e-5	1.1067296643563809e-24	1.9570821614662507e-19
1.8494430532143434e-5	9.008975149769451e-25	1.6605500853747932e-19
1.7743197254191133e-5	7.333465060449357e-25	1.4089477898940786e-19
1.702247864588072e-5	5.969570222894025e-25	1.1954676297522612e-19
1.6331035218639603e-5	4.859335709972607e-25	1.0143334366515223e-19
1.5667677831217998e-5	3.955585186294456e-25	8.606442325190574e-20
1.5031265644609173e-5	3.2199162807226376e-25	7.302416229259516e-20
1.4420704160039757e-5	2.6210687841559493e-25	6.195972827155594e-20
1.383494333665573e-5	2.1335963336714443e-25	5.257174895212711e-20
1.3272975785666982e-5	1.7367851399303994e-25	4.4606212212113444e-20
1.2733835037844642e-5	1.4137738121686927e-25	3.784759319543008e-20
1.221659388139174e-5	1.1508368801765343e-25	3.21130228201254e-20
1.1720362767328544e-5	9.368015685218487e-26	2.724733985913106e-20
1.1244288279650344e-5	7.625730404560464e-26	2.3118892717063024e-20
1.0787551667626455e-5	6.207479380591186e-26	1.961597731104785e-20
1.0349367437716482e-5	5.0529979708471195e-26	1.664381467472216e-20
9.928982002682093e-6	4.113229690818138e-26	1.4121986507932148e-20
9.525672385571125e-6	3.348241694740665e-26	1.1982259285374003e-20
9.138744976345135e-6	2.7255279401067067e-26	1.0166738050719568e-20
8.76753433901203e-6	2.2186279335723327e-26	8.62629994312712e-21
8.411402067212257e-6	1.8060023657050744e-26	7.319265071802738e-21
8.069735686290482e-6	1.470117857788307e-26	6.210268776243642e-21
7.741947599964477e-6	1.1967019295373519e-26	5.269304758720752e-21
7.427474079779687e-6	9.741365296473825e-27	4.470913198876532e-21
7.125774295611638e-6	7.929643589363852e-27	3.793491883119341e-21
6.836329385548752e-6	6.4548700865478126e-27	3.218711709927412e-21
6.5586415635559885e-6	5.254378379641036e-27	2.7310207562920246e-21
6.292233263384698e-6	4.2771569042075665e-27	2.3172234867428755e-21
6.036646317256377e-6	3.481681344856119e-27	1.966123719544089e-21
5.791441167907798e-6	2.8341501746627238e-27	1.668221689737663e-21
5.55619611264245e-6	2.307048353063188e-27	1.415457012418619e-21
5.330506578088155e-6	1.8779781505421482e-27	1.2009905915563036e-21
5.1139844244136374e-6	1.5287074192576562e-27	1.0190195734324518e-21
4.90625727780741e-6	1.2443948685019814e-27	8.646203378603212e-22
4.706967890070993e-6	1.0129594252287216e-27	7.336152789721316e-22
4.5157735242250915e-6	8.245668823714705e-28	6.224597710403531e-22
4.332345365072108e-6	6.712120214985966e-28	5.281462609482183e-22
4.156367953701259e-6	5.463784532657004e-28	4.481228923234373e-22
3.987538644963793e-6	4.447617215295222e-28	3.8022445953473197e-22
3.825567086985228e-6	3.620439052008399e-28	3.226138233619531e-22
3.6701747218195384e-6	2.947101401674402e-28	2.7373220321380057e-22
3.5210943063864596e-6	2.3989926489532432e-28	2.3225700094138885e-22
3.3780694528680703e-6	1.9528224330733897e-28	1.9706601507954859e-22
3.2408541877741798e-6	1.5896319885676578e-28	1.6720707725462032e-22
3.1092125289182552e-6	1.293988545133965e-28	1.418722892059651e-22
2.982918079576327e-6	1.0533295548780867e-28	1.2037616334798408e-22
2.861753639130938e-6	8.574288816944793e-29	1.0213707541818811e-22
2.7455108295305124e-6	6.979622699839135e-29	8.666152737252373e-23
2.6339897369217376e-6	5.681536285066323e-29	7.35307947264891e-23
2.526998567838625e-6	4.624870991847388e-29	6.238959705692126e-23
2.4243533193569924e-6	3.764726760163946e-29	5.293648512033259e-23
2.325877462647065e-6	3.0645541472786534e-29	4.491568449045357e-23
2.2314016393800023e-6	2.4946012605690096e-29	3.8110175026922994e-23
2.1407633704662275e-6	2.03064953339416e-29	3.233581892515527e-23
2.053806776624613e-6	1.6529846242975855e-29	2.743637846905095e-23
1.9703823103020196e-6	1.3455587107624646e-29	2.327928868105482e-23
1.8903464984820886e-6	1.0953085815169738e-29	1.975207048944877e-23
1.8135616959410093e-6	8.91600551613922e-30	1.6759287363348945e-23
1.7398958485258845e-6	7.257786134910646e-30	1.4219963070572588e-23
1.6692222660486088e-6	5.907966239450105e-30	1.2065390690218613e-23
1.6014194044046534e-6	4.809188978246477e-30	1.0237273598049691e-23
1.5363706565420772e-6	3.9147648600375534e-30	8.686148125007507e-24
1.4739641519212475e-6	3.186687813414398e-30	7.370045210469456e-24
1.4140925641203958e-6	2.594020224261045e-30	6.253354838375722e-24
1.356652926256131e-6	2.111578327676087e-30	5.3058625310856466e-24
1.3015464539014593e-6	1.7188620937531485e-30	4.50193183121702e-24
1.24867837519678e-6	1.3991841356853892e-30	3.819810651743004e-24
1.197957767861675e-6	1.1389606255607079e-30	3.241042726145616e-24
1.1492974028271836e-6	9.27134087281653e-31	2.749968234134383e-24
1.1026135942196494e-6	7.547035397965728e-31	2.3333000912769884e-24
1.0578260554381354e-6	6.143420253821893e-31	1.9797644381397475e-24
1.014857761077896e-6	5.000852709030914e-31	1.6797956015926414e-24
9.736348144624365e-7	4.070782525721526e-31	1.4252772747960666e-24
9.340863205563457e-7	3.313688951844976e-31	1.2093229129330296e-24
8.961442640403389e-7	2.6974013964632556e-31	1.0260894028174854e-24
8.597433923388219e-7	2.1957324297414386e-31	8.706189648063428e-25
8.248211033988088e-7	1.7873650207713625e-31	7.387050093287951e-25
7.913173380271963e-7	1.454946729485254e-31	6.267783184907251e-25
7.591744766012404e-7	1.1843523628577405e-31	5.318104731508656e-25
7.283372399745893e-7	9.640837640172383e-32	4.512319124790095e-25
6.987525944084614e-7	7.84781229970231e-32	3.828624089200737e-25
6.70369660364463e-7	6.388257969901633e-32	3.2485207741351985e-25
6.431396250021902e-7	5.200154938919707e-32	2.756313227447456e-25
6.170156582311297e-7	4.2330180647334473e-32	2.338683707455834e-25
5.919528321724813e-7	3.4457515491032895e-32	1.984332342585196e-25
5.679080438923989e-7	2.804902685643366e-32	1.6836713888571068e-25
5.448399412737607e-7	2.2832403798749737e-32	1.4285658127019672e-25
5.22708851898986e-7	1.8585980394167773e-32	1.2121131799989478e-25
5.01476714821595e-7	1.5129316661406663e-32	1.028456895764785e-25
4.811070151091641e-7	1.2315531265326435e-32	8.726277412865492e-26
4.615647210451135e-7	1.0025060202099774e-32	7.404094211421572e-26
4.428162238813205e-7	8.1605762585883e-33	6.282244821919399e-26
4.248292800379478e-7	6.642853362445293e-33	5.330375178323884e-26
4.075729556510821e-7	5.407400089976537e-33	4.5227303849343577e-26
3.910175733728163e-7	4.4017192820157e-33	3.8374578618761495e-26
3.7513466133228146e-7	3.5830773227939356e-33	3.25601607620234e-26
3.5989690416985454e-7	2.9166882934981224e-33	2.7626728605444296e-26
3.452780960603265e-7	2.3742358411611197e-33	2.3440797452360118e-26
3.312530956442438e-7	1.93266995380344e-33	1.9889107865427485e-26
3.177977827899135e-7	1.5732275141242435e-33	1.6875561187137913e-26
3.048890171117106e-7	1.2806350128881182e-33	1.4318619382414144e-26
2.9250459817334917e-7	1.0424595435250143e-33	1.2149098850396083e-26
2.8062322730767274e-7	8.485805002594609e-34	1.0308298512213808e-26
2.6922447098730376e-7	6.9075953104679735e-34	8.746411526106327e-27
2.582887256831565e-7	5.6229047165955274e-34	7.421177655397227e-27
2.477971841503774e-7	4.577143858442142e-34	6.296739826222714e-27
2.3773180308373135e-7	3.725876029704319e-34	5.342673936703782e-27
2.2807527208680742e-7	3.0329289657612123e-34	4.533165666947517e-27
2.18810983901678e-7	2.4688578036460803e-34	3.846312016688411e-27
2.0992300584781286e-7	2.009693904286461e-34	3.2635286721571615e-27
2.0139605242112772e-7	1.6359263716854977e-34	2.7690471672035177e-27
1.9321545900604392e-7	1.3316729915276712e-34	2.349488233277754e-27
1.8536715665534995e-7	1.08400536054515e-34	1.9934997943301232e-27
1.778376478944898e-7	8.823995298895451e-35	1.6914498117958584e-27
1.7061398350866773e-7	7.182888191232884e-35	1.4351656689212905e-27
1.636837402728485e-7	5.846997989018768e-35	1.2177130429092984e-27
1.57034999586351e-7	4.759559744409937e-35	1.0332082817908783e-27
1.5065632697529336e-7	3.8743657861953913e-35	8.76659209472534e-28
1.445367524276371e-7	3.1538022530069936e-35	7.438300515951138e-28
1.3866575152701035e-7	2.567250796636672e-35	6.311268274805298e-28
1.3303322735286474e-7	2.089787540277025e-35	5.355001071971413e-28
1.2762949311583747e-7	1.701124007525301e-35	4.543625026255064e-28
1.2244525549845523e-7	1.384745019867107e-35	3.8551866006650815e-28
1.1747159867252917e-7	1.1272069299852232e-35	3.2710586019017256e-28
1.1269996896575425e-7	9.17566371264979e-36	2.775436181280922e-28
1.081221601511428e-7	7.469152497912856e-36	2.3549092003074587e-28
1.0373029933399265e-7	6.080022196123735e-36	1.9980993903211654e-28
9.95168334121189e-8	4.9492455691173915e-36	1.6953524887840942e-28
9.547451608606309e-8	4.028773401361055e-36	1.438477022288884e-28
9.159639539694073e-8	3.27949278184813e-36	1.2205226684965879e-28
8.787580177049378e-8	2.669565109460005e-36	1.0355922001059714e-28
8.430633654678768e-8	2.173073199944684e-36	8.786819225908744e-29
8.088186097582495e-8	1.7689200070767473e-36	7.455462884028952e-29
7.7596485660151e-8	1.4399321622097459e-36	6.325830244832963e-29
7.44445604262953e-8	1.1721302396214433e-36	5.367356649600626e-29
7.1420664607629e-8	9.541347396023337e-37	4.5541085184104196e-29
6.85195977219268e-8	7.766825481868224e-37	3.864081660942275e-29
6.57363705276018e-8	6.322333268248825e-37	3.278605905430206e-29
6.306619644323036e-8	5.146491066153204e-37	2.781839936711007e-29
6.050448331561128e-8	4.189334723465309e-37	2.3603426751178457e-29
5.804682552220157e-8	3.410192536941579e-37	2.0027095989460003e-29
5.568899639434712e-8	2.775957021021345e-37	1.6992641704070357e-29
5.3426940948277075e-8	2.2596780970815063e-37	1.4417960159319978e-29
5.125676891136136e-8	1.839417924615857e-37	1.223338776724421e-29
4.9174748031637476e-8	1.49731871356722e-37	1.0379816188285178e-29
4.717729765910072e-8	1.2188439070837075e-37	8.807093027090202e-30
4.5260982587718514e-8	9.921604908655835e-38	7.472664850786258e-30
4.342250714757892e-8	8.0763618205217e-38	6.340425813649634e-30
4.1658709537012436e-8	6.574301320855309e-38	5.3797407352164e-30
3.9966556384939914e-8	5.351597516046894e-38	4.5646161990952346e-30
3.8343137534095006e-8	4.3562950001861627e-38	3.8729972447649005e-30
3.6785661036148716e-8	3.54610115423349e-38	3.2861706228290845e-30
3.52914483501296e-8	2.88658903851064e-38	2.7882584675064504e-30
3.385792973588117e-8	2.3497345154134148e-38	2.3657886865680786e-30
3.248263983463453e-8	1.9127254414344527e-38	2.007330444691124e-30
3.1163213429095546e-8	1.5569923284149988e-38	1.703184877441045e-30
2.9897381375755044e-8	1.2674192846648742e-38	1.445122667479012e-30
2.8682966702426068e-8	1.0317017070826995e-38	1.2261613825501707e-30
2.7517880864297113e-8	8.398234311850499e-39	1.040376550649588e-30
2.6400120152062266e-8	6.836311219856247e-39	8.827413605951228e-31
2.532776224595107e-8	5.5648782064565434e-39	7.489906507588946e-31
2.429896290973181e-8	4.529909253216561e-39	6.355055058777675e-31
2.3311952819002432e-8	3.6874262258909796e-39	5.392153394595107e-31
2.2365034518314498e-8	3.00163014562238e-39	4.5751481241196125e-31
2.1456579501897048e-8	2.4433800106555442e-39	3.881933399486863e-31
2.0585025412959872e-8	1.9889545303167913e-39	3.293752794277324e-31
1.9748873356759375e-8	1.6190441545792683e-39	2.794691807758406e-31
1.8946685322806235e-8	1.3179305683070527e-39	2.3712472635839062e-31
1.8177081711781572e-8	1.0728187850624253e-39	2.0119619520995287e-31
1.7438738962908303e-8	8.732934596556618e-40	1.7071146307104257e-31
1.673038727769739e-8	7.108763169475805e-40	1.448456994598986e-31
1.605080843615415e-8	5.786658910696682e-40	1.2289905009657263e-31
1.5398833701689106e-8	4.7104426677945586e-40	1.0427770082895386e-31
1.4773341811130123e-8	3.834383617386596e-40	8.847781070421839e-32
1.4173257046379118e-8	3.1212560606679586e-40	7.507187946013748e-32
1.3597547384397015e-8	2.540757620620258e-40	6.369718057918347e-32
1.3045222722335179e-8	2.068221626571204e-40	5.404594693664909e-32
1.2515333174761108e-8	1.6835689724597144e-40	4.5857043494224527e-32
1.2006967440049772e-8	1.370454910931411e-40	3.8908901725713383e-32
1.1519251233131251e-8	1.1155745286467407e-40	3.301352460046602e-32
1.1051345781899265e-8	9.080973909018174e-41	2.801139991636689e-32
1.0602446384694725e-8	7.392073323536951e-41	2.3767184351578235e-32
1.0171781026383494e-8	6.017278385337258e-41	2.016604145770843e-32
9.7586090506483e-9	4.898170997757687e-41	1.7110534510875314e-32
9.362219886211353e-9	3.9871977972197155e-41	1.4517990150017486e-32
8.981931824797133e-9	3.245649504974717e-41	1.2318261469975691e-32
8.617090848733607e-9	2.6420160836987293e-41	1.0451830044980769e-32
8.267069506175586e-9	2.150647805877962e-41	8.868195528681073e-33
7.931265832015955e-9	1.7506653398008283e-41	7.524509257848694e-33
7.609102312628813e-9	1.425072540284573e-41	6.384414888952192e-33
7.300024892664151e-9	1.1600342446399106e-41	5.417064698506094e-33
7.003502022186026e-9	9.442883858168856e-42	4.596284931071724e-33
6.719023742515385e-9	7.68667442111115e-42	3.899867611591023e-33
6.446100809205465e-9	6.257088887633746e-42	3.308969660501522e-33
6.184263850641423e-9	5.093380986740194e-42	2.8076030533899576e-33
5.933062560817183e-9	4.1461021797785615e-42	2.3822022303492167e-33
5.6920649249012125e-9	3.375000481981692e-42	2.0212570503614483e-33
5.460856476259391e-9	2.7473100660497997e-42	1.7150013594928738e-33
5.239039583657191e-9	2.23635896922503e-42	1.4551487464379867e-33
5.026232767415279e-9	1.8204357422328833e-42	1.2346683357068461e-33
4.822070043342531e-9	1.4818668814816395e-42	1.0475945520543233e-33
4.6262002933180645e-9	1.2062658425606757e-42	8.888657089157525e-34
4.438286661439912e-9	9.819217239498354e-43	7.541870535093561e-34
4.258005974701783e-9	7.993016447501022e-43	6.399145629939419e-34
4.085048187201583e-9	6.506456713578709e-43	5.429563475351381e-34
3.919115846925906e-9	5.296370806156538e-43	4.606889925264734e-34
3.759923584193407e-9	4.311339481866504e-43	3.908865764228349e-34
3.6071976208773345e-9	3.50950656745833e-43	3.316604436099797e-34
3.4606752995631608e-9	2.8568003978431585e-43	2.8140810273458797e-34
3.3201046318315457e-9	2.325486035214188e-43	2.387698678284515e-34
3.1852438648898148e-9	1.8929867498125094e-43	2.0259206905846106e-34
3.055861065806609e-9	1.5409246844329824e-43	1.7189583768952264e-34
2.931733722634684e-9	1.2543399383699123e-43	1.4585062066993417e-34
2.812648361735881e-9	1.0210548879413877e-43	1.2375170821894556e-34
2.698400180650139e-9	8.311567321565616e-44	1.050011663766885e-34
2.5887926958771583e-9	6.765762757396742e-44	8.90916586053002e-35
2.4836374049649733e-9	5.507450510640178e-44	7.559271869960425e-35
2.382753462324295e-9	4.48316209343728e-44	6.413910359120365e-35
2.285967368211096e-9	3.6493732112894975e-44	5.442091090586333e-35
2.1931126703425378e-9	2.970654318917667e-44	4.6175193883284776e-35
2.1040296776331005e-9	2.4181651400312573e-44	3.9178846782757933e-35
2.0185651855585756e-9	1.968429179802005e-44	3.324256827392507e-35
1.9365722126756304e-9	1.6023361563494833e-44	2.8205739479113385e-35
1.8579097478437901e-9	1.304329962332243e-44	2.3932078081573574e-35
1.7824425077151232e-9	1.0617476513252738e-44	2.0305950912106272e-35
1.7100407040745571e-9	8.642813610438117e-45	1.722924524311756e-35
1.6405798206306975e-9	7.035403093337293e-45	1.461871413618512e-35
1.5739403988732784e-9	5.726942511633186e-45	1.240372401576131e-35
1.5100078326289645e-9	4.661832463105327e-45	1.0524343524739244e-35
1.4486721709621745e-9	3.7948140512877334e-45	8.929721951728105e-36
1.3898279290819642e-9	3.0890457342300785e-45	7.576713354874118e-36
1.3333739069297675e-9	2.514537845385862e-45	6.428709154915886e-36
1.279213015135992e-9	2.0468782659359706e-45	5.454647610749686e-36
1.2272521080461712e-9	1.666195099528568e-45	4.6281733767199094e-36
1.1774018235294876e-9	1.3563122711762964e-45	3.926924401636095e-36
1.1295764292941916e-9	1.1040621698286673e-45	3.3319268750242935e-36
1.083693675445594e-9	8.987261272727528e-46	2.8270818495726018e-36
1.039674653033077e-9	7.31578958065399e-46	2.398729649228743e-36
9.974436583428375e-10	5.955182069850141e-46	2.0352802770669426e-36
9.569280627029874e-10	4.84762349902009e-46	1.7268998228081154e-36
9.180581875770951e-10	3.9460512395119975e-46	1.4652443850693363e-36
8.807671847313559e-10	3.2121554794842855e-46	1.2432343090325131e-36
8.449909212693054e-10	2.6147513547383445e-46	1.0548626310432241e-36
8.106678693363567e-10	2.1284538344338448e-46	8.950325471932682e-37
7.777390003044766e-10	1.7325990546315177e-46	7.59419508247273e-37
7.461476832550211e-10	1.4103662647249828e-46	6.44354209592779e-37
7.158395875851396e-10	1.1480630763112938e-46	5.467233102533693e-37
6.867625895702527e-10	9.34543643133982e-47	4.638851947026242e-37
6.588666827219072e-10	7.60735049269474e-47	3.9359849823225165e-37
6.321038917868479e-10	6.192517807368577e-47	3.339614619733571e-37
6.064281902393937e-10	5.040818985716698e-47	2.8336047668955066e-37
5.817954211252307e-10	4.10331578159151e-47	2.4042642308271797e-37
5.58163221120482e-10	3.340171597346903e-47	2.039976273038283e-37
5.354909476754584e-10	2.7189587381441344e-47	1.7308842934985614e-37
5.137396091177852e-10	2.213280487027191e-47	1.4686251389668933e-37
4.928717975947043e-10	1.8016494496709204e-47	1.246102819759234e-37
4.728516247392173e-10	1.466574507173908e-47	1.0572965123722548e-37
4.536446599494373e-10	1.1938175794882033e-47	8.970976530576536e-38
4.3521787117499677e-10	9.717886177098745e-48	7.611717145608067e-38
4.175395681086779e-10	7.910531171063226e-48	6.45840926093921e-38
4.0057934768556687e-10	6.439312240128028e-48	5.479847632784473e-38
3.843080417960016e-10	5.2417140175796206e-48	4.6495551559652463e-38
3.686976671223902e-10	4.2668478895728185e-48	3.9450664684590994e-38
3.5372137701362853e-10	3.473289624671034e-48	3.347320102352753e-38
3.3935341531435297e-10	2.8273191660589585e-48	2.840142734525642e-38
3.255690720696215e-10	2.30148779128128e-48	2.409811582348847e-38
3.1234464102884566e-10	1.8734517549358023e-48	2.044683104066798e-38
2.9965737887588997e-10	1.5250228532031704e-48	1.734877957546072e-38
2.8748546611521966e-10	1.2413955665869985e-48	1.4720136932676015e-38
2.758079695468325e-10	1.0105179404393802e-48	1.2489779489920003e-38
2.6460480626543687e-10	8.22579470585119e-49	1.0597360093882477e-38
2.538567091219623e-10	6.6959423316511114e-49	8.991675237344973e-39
2.43545193588006e-10	5.450615449581394e-49	7.629279637346199e-39
2.3365252596622336e-10	4.436897348829104e-49	6.473310728915091e-39
2.2416169289199742e-10	3.611712891166924e-49	5.492491268502407e-39
2.1505637207393204e-10	2.9399981524620554e-49	4.660283060385573e-39
2.06320904222849e-10	2.3932104785016835e-49	3.9541689082809345e-39
1.9794026612101448e-10	1.9481156440910997e-49	3.3550433638084685e-39
1.899000447852778e-10	1.5858005791151767e-49	2.8466957871885398e-39
1.821864126796885e-10	1.2908697100963434e-49	2.4153717332577516e-39
1.7478610393496347e-10	1.0507907680132026e-49	2.0494007951521805e-39
1.6768639153390505e-10	8.553622642980502e-50	1.738880836162451e-39
1.608750654235353e-10	6.962800068832494e-50	1.4754100659693048e-39
1.5434041151630274e-10	5.667842365985037e-50	1.2518597120016702e-39
1.480711915442477e-10	4.613723899592223e-50	1.0621811350482604e-39
1.420566237314806e-10	3.755652829975806e-50	9.012421702176365e-40
1.3628636425173287e-10	3.0571678076687506e-50	7.646882650967917e-40
1.30750489439092e-10	2.488588649528176e-50	6.4882465790025486e-40
1.2543947872132577e-10	2.025755161697521e-50	5.505164076842441e-40
1.2034419824644613e-10	1.6490005191987788e-50	4.671035717267025e-40
1.1545588517435179e-10	1.3423155787687757e-50	3.963292350134384e-40
1.1076613260653588e-10	1.0926686147320449e-50	3.3627844451217636e-40
1.0626687512794064e-10	8.894515719735302e-51	2.85326395968984e-40
1.0195037493609298e-10	7.240293060675043e-51	2.4209447130858736e-40
9.780920853366736e-11	5.893726567725852e-51	2.0541293713518004e-40
9.383625396158887e-11	4.797597633690116e-51	1.742892950608442e-40
9.002467855072065e-11	3.905329300621135e-51	1.4788142751113757e-40
8.63679271710705e-11	3.179007101218505e-51	1.2547481240943365e-40
8.285971095830838e-11	2.5877679887302508e-51	1.0646319023392455e-40
7.949399649820624e-11	2.1064888974076978e-51	9.033216035262744e-41
7.626499545039976e-11	1.7147192075280142e-51	7.664526279969242e-41
7.316715459362692e-11	1.395811753047389e-51	6.503216890531332e-41
7.019514627532362e-11	1.136215446465975e-51	5.517866125114483e-41
6.734385924915094e-11	9.248994629607801e-52	4.681813183720882e-41
6.460838988469711e-11	7.528845160887861e-52	3.972436842477379e-41
6.198403373423631e-11	6.12861307921726e-52	3.3705433874083486e-41
5.946627744204083e-11	4.98879940709572e-52	2.8598472869155107e-41
5.705079098233272e-11	4.060970924830726e-52	2.4265305514333486e-41
5.473342021252496e-11	3.3057021352400322e-52	2.0588688577808589e-41
5.2510179728946253e-11	2.6908999865311793e-52	1.746914322193851e-41
5.0377246012761766e-11	2.1904401671046875e-52	1.482226338774812e-41
4.833095085430303e-11	1.783057025412051e-52	1.2576432006114084e-41
4.6367775044497676e-11	1.4514399450926987e-52	1.0670883242781202e-41
4.4484342322549694e-11	1.181497778358412e-52	9.054058347050371e-42
4.267741356946156e-11	9.61760081762604e-53	7.682210618061896e-42
4.094388123741214e-11	7.828897115297103e-53	6.5182217430142e-42
3.92807640054102e-11	6.372860675354605e-53	5.5305974807837236e-42
3.768520165203209e-11	5.187621268917378e-53	4.692615516990186e-42
3.615445013642602e-11	4.222815435742524e-53	3.9816024338796406e-42
3.4685876879123234e-11	3.437446428711009e-53	3.378320231878786e-42
3.3276956234539664e-11	2.7981421708004125e-53	2.8664458038319898e-42
3.192526514738237e-11	2.277737201259491e-53	2.4321292779685873e-42
3.062847898548995e-11	1.8541183547215399e-53	2.0636192796124847e-42
2.938436754194089e-11	1.5092851235930024e-53	1.7509449722776423e-42
2.819079119955383e-11	1.228584776423971e-53	1.4856462750823224e-42
2.704569725118368e-11	1.0000897307378307e-53	1.2605449569296913e-42
2.594711636948527e-11	8.140907235058517e-54	1.0695504139118372e-42
2.4893159220073168e-11	6.626842429522125e-54	9.074948748240378e-43
2.388201321225302e-11	5.394366907486207e-54	7.699935759173864e-43
2.2911939381736346e-11	4.391110041027595e-54	6.5332612161474126e-43
2.1981269399977722e-11	3.574441213046587e-54	5.543358211471045e-43
2.108840270499093e-11	2.9096583474678803e-54	4.703442774450076e-43
2.0231803748709782e-11	2.3685133407953383e-54	3.990789173022972e-43
1.9409999356159544e-11	1.9280117373256035e-54	3.386115019838733e-43
1.862157619189736e-11	1.5694356435489026e-54	2.8730595454864116e-43
1.7865178329364408e-11	1.2775483631953552e-54	2.4377409224284737e-43
1.7139504918969578e-11	1.0399469560997485e-54	2.0683806620779035e-43
1.6443307950894304e-11	8.465352096699895e-55	1.7549849222680698e-43
1.577539010877096e-11	6.890946283439833e-55	1.489074102198437e-43
1.5134602710543627e-11	5.6093521142215394e-55	1.2634534084614704e-43
1.451984373296998e-11	4.5661118004848185e-55	1.0720181843174512e-43
1.3930055916366683e-11	3.716895739468153e-55	9.09588734978929e-44
1.3364224946339079e-11	3.0256188507275776e-55	7.717701797449817e-44
1.2821377709367864e-11	2.462907240757837e-55	6.54833538981108e-44
1.2300580619252939e-11	2.004850040882942e-55	5.556148384953332e-44
1.180093801153611e-11	1.6319833812302062e-55	4.714295013608052e-44
1.1321590603141446e-11	1.3284633275806606e-55	3.9999971087014845e-44
1.0861714014584156e-11	1.0813926373418989e-55	3.393927792689149e-44
1.0420517352206536e-11	8.802727270062818e-56	2.879688547006764e-44
9.997241848002642e-12	7.165575639721001e-56	2.443365514618495e-44
9.591159554692553e-12	5.832905265983166e-56	2.073153030466554e-44
9.201572093801964e-12	4.7480880186841305e-56	1.7590341936227812e-44
8.827809454594057e-12	3.8650275986218714e-56	1.4925098383295955e-44
8.469228841788113e-12	3.146200803212729e-56	1.2663685706545926e-44
8.12521357008311e-12	2.5610630821021565e-56	1.0744916486021907e-44
7.79517200358517e-12	2.0847506312403385e-56	9.116874262909651e-45
7.478536538314826e-12	1.6970238745113536e-56	7.735508827251661e-45
7.17476262604432e-12	1.3814074390988979e-56	6.56344434406964e-45
6.883327837786029e-12	1.124490080227806e-56	5.568968069163865e-45
6.603730965321475e-12	9.153548075255523e-57	4.7251722921043254e-45
6.335491159225719e-12	7.451149978045153e-57	4.0092262898218946e-45
6.078147101904733e-12	6.065367826647093e-57	3.4017585919265233e-45
5.831256214223481e-12	4.9373166532580514e-57	2.8863328436020984e-45
5.59439389436036e-12	4.019063052935211e-57	2.449003084412912e-45
5.367152787578925e-12	3.271588386539864e-57	2.0779364101262218e-45
5.149142085661062e-12	2.6631307919206825e-57	1.7630928078489295e-45
4.939986854796812e-12	2.167835551701872e-57	1.495953501724242e-45
4.739327390774908e-12	1.7646564687997218e-57	1.269290458992545e-45
4.546818600365111e-12	1.436461566668205e-57	1.0769708199035244e-45
4.36212940782846e-12	1.1693051134866869e-57	9.137909599070593e-46
4.184942185534718e-12	9.518350369773087e-58	7.753356943159018e-46
4.014952207707822e-12	7.748105495887828e-58	6.578588159172238e-46
3.851867126359897e-12	6.3070948686708595e-58	5.5818173321926435e-46
3.695406468512506e-12	5.134086739465091e-58	4.7360746677120686e-46
3.5453011538405096e-12	4.1792373822190615e-58	4.018476765403729e-46
3.401293031908951e-12	3.401973122635046e-58	3.4096074591430723e-46
3.263134438207113e-12	2.769266272447551e-58	2.8929924705626843e-46
3.130587768216229e-12	2.2542317094426527e-58	2.454653661754907e-46
3.0034250687783104e-12	1.8349844687797116e-58	2.082730826463179e-46
2.8814276460633465e-12	1.4937098021282278e-58	1.767160786503295e-46
2.76438568946066e-12	1.2159061893628473e-58	1.4994051106729285e-46
2.6520979107475694e-12	9.897691366987265e-59	1.2722190889945419e-46
2.5443711979148266e-12	8.056895774785796e-59	1.0794557113892354e-46
2.441020283053463e-12	6.558455615445208e-59	9.15899346999846e-47
2.341867423731886e-12	5.338698831673587e-59	7.771246239969733e-47
2.246742097315258e-12	4.345795243043378e-59	6.593766915553205e-47
2.1554807077014433e-12	3.5375541662720192e-59	5.594696242286793e-47
2.0679263039691845e-12	2.8796316391898646e-59	4.747002198337775e-47
1.9839283104546205e-12	2.3440710693518393e-59	4.0277485845796413e-47
1.903342267791946e-12	1.9081152962043806e-59	3.4174744360269973e-47
1.8260295844728572e-12	1.553239588685288e-59	2.8996674632602336e-47
1.7518572984975054e-12	1.2643644881723282e-59	2.460317276656759e-47
1.680697848707061e-12	1.0292150487256083e-59	2.0875363049423178e-47
1.6124288554046085e-12	8.377992473155259e-60	1.7712381511923947e-47
1.5469329098871075e-12	6.819834005260374e-60	1.5028646835084106e-47
1.4840973725264398e-12	5.551465462440248e-60	1.275154476215605e-47
1.4238141790522901e-12	4.518991042435245e-60	1.0819463362574876e-47
1.3659796547037082e-12	3.678538609269026e-60	9.180125987677375e-48
1.310494335929728e-12	2.994395468549283e-60	7.789176812700378e-48
1.2572627993324063e-12	2.4374908556010032e-60	6.608980693832441e-48
1.206193497558101e-12	1.9841606539756638e-60	5.607604867850892e-48
1.1571986018547455e-12	1.61514185447659e-60	4.7579549420215426e-48
1.1101938510243666e-12	1.3147540270265204e-60	4.0370417965956376e-48
1.0650984065110575e-12	1.0702330242953323e-60	3.4253595643626734e-48
1.0218347133752011e-12	8.711886046721567e-61	2.9063578571480585e-48
9.80328366914836e-13	7.091629277748585e-61	2.4659939591999856e-48
9.405079847047928e-13	5.772711619884691e-61	2.092352871087283e-48
9.023050838335213e-13	4.699089326470172e-61	1.7753249235725948e-48
8.656539631264961e-13	3.8251417968089974e-61	1.506332238605734e-48
8.30491590153634e-13	3.1137330553122516e-61	1.2780966362466425e-48
7.967574928264088e-13	2.534633761245711e-61	1.0844427077368961e-48
7.643936553982297e-13	2.0632366967637604e-61	9.201307264349824e-49
7.333444186892257e-13	1.6795111514574185e-61	7.807148756586758e-49
7.035563843638417e-13	1.3671517728888085e-61	6.624229574815867e-49
6.749783230966228e-13	1.112885715876952e-61	5.6205432774473555e-49
6.475610864682587e-13	9.059086497660456e-62	4.768932956937379e-49
6.21257522440352e-13	7.37425658369829e-62	4.046356450811355e-49
5.960223942635615e-13	6.002775244089053e-62	3.433262886030892e-49
5.71812302679644e-13	4.886365184350173e-62	2.91306368776128e-49
5.4858561128361e-13	3.977587656366248e-62	2.4716837395355206e-49
5.263023749176247e-13	3.2378266804021447e-62	2.097180550480615e-49
5.049242709735062e-13	2.6356481661805204e-62	1.779421125350237e-49
4.844145334856801e-13	2.145464208426361e-62	1.5098077943823513e-49
4.647378899012395e-13	1.7464457998235277e-62	1.281045584714541e-49
4.4586050041837024e-13	1.4216377601369476e-62	1.0869448390866002e-49
4.2774989978881284e-13	1.1572382728690564e-62	9.222537412517304e-50
4.103749414842775e-13	9.420124153595572e-63	7.825162167084428e-50
3.9370574413078713e-13	7.668147619171912e-63	6.639513639495854e-50
3.777136401188266e-13	6.242007743280992e-63	5.633511539796802e-50
3.6237112630091796e-13	5.08110466858585e-63	4.779936301393537e-50
3.4765181669183456e-13	4.136109039742133e-63	4.0556925967003207e-50
3.3353039709010267e-13	3.366865889302345e-63	3.441184443009078e-50
3.199825815427542e-13	2.740688363780275e-63	2.919784990717013e-50
3.069850705784552e-13	2.2309687864986658e-63	2.477386647883859e-50
2.945155111371815e-13	1.8160480381892698e-63	2.1020193687638796e-50
2.825524581275283e-13	1.4782952128107091e-63	1.7835267782817397e-50
2.7107533754553964e-13	1.2033584411115122e-63	1.5132913692982057e-50
2.6006441109163067e-13	9.795550477641638e-64	1.2840013372822395e-50
2.4950074222474955e-13	7.973751284895303e-64	1.0894527435963316e-50
2.393661635954012e-13	6.490774530588412e-64	9.24381654494085e-51
2.296432458015221e-13	5.283605231924214e-64	7.843217139869151e-51
2.2031526741347443e-13	4.3009480787320134e-64	6.654832969051625e-51
2.1136618621660783e-13	3.501047781575428e-64	5.646509723778386e-51
2.0278061162193147e-13	2.849914796573849e-64	4.79096503383277e-51
1.9454377819744975e-13	2.3198810340359756e-64	4.0650502838501993e-51
1.8664152027463947e-13	1.8884241797508675e-64	3.449124277371502e-51
1.790602475863981e-13	1.537210671731553e-64	2.9265218017145395e-51
1.7178692189456394e-13	1.2513166663631248e-64	2.4831027145352233e-51
1.6480903456681435e-13	1.0185938910730917e-64	2.1068693516377982e-51
1.5811458506437637e-13	8.291534371926401e-65	1.7876419041737184e-51
1.516920603035552e-13	6.749455582185863e-65	1.5167829818558295e-51
1.455304148555853e-13	5.494176181689748e-65	1.2869639096488153e-51
1.3961905195075255e-13	4.472356554966908e-65	1.0919664345864833e-51
1.33947805254118e-13	3.640577311920824e-65	9.265144774641692e-52
1.2850692138150143e-13	2.9634943013104e-65	7.861313770837477e-52
1.2328704312565578e-13	2.412336759101964e-65	6.670187644849717e-52
1.1827919336378487e-13	1.963684774673382e-65	5.659537898430189e-52
1.1347475961872859e-13	1.5984741266884892e-65	4.8020192128326945e-52
1.0886547924726388e-13	1.3011862019032648e-65	4.0744295619630726e-52
1.0444342523004882e-13	1.0591885747509465e-65	3.457082431289515e-52
1.0020099253877083e-13	8.621982274650238e-66	2.9332741565355183e-52
9.613088505705372e-14	7.018446017685054e-66	2.4888319698497233e-52
9.222610303263004e-14	5.713139152232535e-66	2.111730524862398e-52
8.847993103919917e-14	4.6505962844946354e-66	1.7917665248831065e-52
8.488592642726766e-14	3.785667603230647e-66	1.5202826506004495e-52
8.14379082441102e-14	3.0816003637923613e-66	1.2899333175495697e-52
7.812994660379519e-14	2.50847718220723e-66	1.094485925408183e-52
7.495635248899418e-14	2.041944778949381e-66	9.286522214901814e-53
7.191166796703564e-14	1.6621791538920143e-66	7.879452156107199e-53
6.899065680337737e-14	1.353043220421811e-66	6.68557774844442e-53
6.618829545635426e-14	1.1014011047141072e-66	5.672596132949607e-53
6.349976443771415e-14	8.965599732189459e-67	4.813098897106089e-53
6.092044002408412e-14	7.298156703656171e-67	4.0838304808557135e-53
5.844588630511191e-14	5.940828596205275e-67	3.46505894703177e-53
5.6071847554607716e-14	4.835939517687984e-67	2.9400420910441637e-53
5.3794240911565673e-14	3.936540272122036e-67	2.494574444257525e-53
5.160914935847813e-14	3.2044133838645025e-67	2.1166029142571414e-53
4.95128149848668e-14	2.6084491520150836e-67	1.7959006623172692e-53
4.75016325244455e-14	2.1233237299872413e-67	1.5237903941200833e-53
4.557214315479965e-14	1.7284230589060995e-67	1.2929095767561107e-53
4.3721028548919224e-14	1.4069669303682993e-67	1.0970112294433671e-53
4.1945105168355196e-14	1.1452959580409875e-67	9.307948979264605e-54
4.024131878818461e-14	9.322911599362614e-68	7.897632392017887e-54
3.8606739244368414e-14	7.589014881201515e-68	6.701003361578167e-54
3.703855539446888e-14	6.1775922954193375e-68	5.685684496693671e-54
3.553407028305952e-14	5.028669355090568e-68	4.824204145501187e-54
3.409069650351357e-14	4.093425767443021e-68	4.0932530904598177e-54
3.27059517481938e-14	3.332120950963717e-68	3.473053866964453e-54
3.137745453939126e-14	2.7124053696439474e-68	2.9468256411874454e-54
3.0102920133670666e-14	2.207945929197282e-68	2.500330168258999e-54
2.888015659257921e-14	1.7973070252765303e-68	2.121486545701064e-54
2.7707061012960705e-14	1.4630396969380401e-68	1.8000443384341146e-54
2.6581615910392398e-14	1.1909401814568776e-68	1.5273062310456327e-54
2.5501885749524416e-14	9.694463648368166e-69	1.2958927030764337e-54
2.4466013615354957e-14	7.891464818540489e-69	1.0995423601048425e-54
2.3472218019716333e-14	6.423791892060461e-69	9.329425181535404e-55
2.251878983747974e-14	5.229080179835814e-69	7.915854575131398e-55
2.1604089367209674e-14	4.256563722269229e-69	6.716464566182009e-55
2.072654351121287e-14	3.4649181306505325e-69	5.698803059179453e-55
1.9884643070132088e-14	2.820504621909058e-69	4.835335017002011e-55
1.9076940147431964e-14	2.295940631854634e-69	4.102697440822302e-55
1.830204565931311e-14	1.8689362690826393e-69	3.481067233551494e-55
1.7558626945772166e-14	1.5213471678799434e-69	2.9536248429952668e-55
1.684540547869922e-14	1.2384034937437367e-69	2.506099172424894e-55
1.616115466307099e-14	1.0080823402418293e-69	2.126381445132909e-55
1.5504697727458295e-14	8.20596848960225e-70	1.804197575242217e-55
1.4874905700219913e-14	6.67980344107519e-70	1.5308301800509896e-55
1.427069546790235e-14	5.437478107299278e-70	1.2988827123550114e-55
1.3691027912506212e-14	4.426203319928816e-70	1.1020793308363684e-55
1.3134906124415859e-14	3.6030077625599104e-70	9.350950935782162e-56
1.260137368791877e-14	2.932912023859707e-70	7.934118802232398e-56
1.208951303636618e-14	2.387442244528833e-70	6.731961444376051e-56
1.1598443874146141e-14	1.9434201996484846e-70	5.711951890084419e-56
1.1127321662755147e-14	1.5819784043182703e-70	4.846491570728677e-56
1.0675336168364671e-14	1.2877583922314119e-70	4.112163582105551e-56
1.0241710068384732e-14	1.0482581002596296e-70	3.4890990893548024e-56
9.825697614628035e-15	8.533006279662935e-71	2.9604397325806662e-56
9.426583350775673e-15	6.946017984572037e-71	2.511881487396492e-56
9.043680881938588e-15	5.654181452671334e-71	2.1312876385512746e-56
8.67633169419878e-15	4.602603674614913e-71	1.8083603948009299e-56
8.32390402210009e-15	3.746600770226478e-71	1.5343622598531306e-56
7.985791762140831e-15	3.049799270982437e-71	1.3018796204728706e-56
7.661413430399779e-15	2.482590530381691e-71	1.1046221551127184e-56
7.350211162502756e-15	2.0208725866589467e-71	9.372526356335985e-57
7.051649754210045e-15	1.6450260167880877e-71	7.952425170328837e-57
6.765215740974558e-15	1.3390802635329032e-71	6.747494078469843e-57
6.490416514887884e-15	1.0900350109261165e-71	5.725131059246796e-57
6.226779477495424e-15	8.873077719104953e-72	4.857673865937702e-57
5.973851227023749e-15	7.222842149114532e-72	4.12165156458769e-57
5.731196778622288e-15	5.879521217164304e-72	3.4971494770344926e-57
5.498398816278373e-15	4.786034227166812e-72	2.967270346140008e-57
5.275056975119067e-15	3.895916483257433e-72	2.5176771438857775e-57
5.060787152865474e-15	3.1713449014554957e-72	2.1362051520147408e-57
4.855220849255403e-15	2.5815308226470523e-72	1.812532819220507e-57
4.658004532298293e-15	2.1014117339360244e-72	1.5379024892122198e-57
4.468799030272513e-15	1.7105863066922432e-72	1.3048834433476848e-57
4.287278948419385e-15	1.3924474986928436e-72	1.1071708464397624e-57
4.1131321093307575e-15	1.1334768839376614e-72	9.39415155779181e-58
3.9460590160677306e-15	9.226702246419383e-73	7.970773776652517e-58
3.7857723370871796e-15	7.510698766818656e-73	6.763062550962887e-58
3.631996412090287e-15	6.11384159359674e-73	5.7383406366659704e-58
3.4844667779432154e-15	4.976775156624524e-73	4.8688819620223415e-58
3.342929713854614e-15	4.0511829723452145e-73	4.131161438662857e-58
3.207141805027768e-15	3.297734568855071e-73	3.505218439349108e-58
3.0768695240369337e-15	2.6844142466184915e-73	2.9741167199531696e-58
2.951888829207943e-15	2.1851606601407518e-73	2.523486172675594e-58
2.8319847793123533e-15	1.7787594133959237e-73	2.1411340116420143e-58
2.716951163912504e-15	1.4479416129250693e-73	1.8167148706622126e-58
2.6065901487217463e-15	1.1786500741196053e-73	1.5414508869317038e-58
2.500711935369943e-15	9.594420001616754e-74	1.3078941969338496e-58
2.3991344349890924e-15	7.81002752120325e-74	1.1097254183545252e-58
2.3016829550577338e-15	6.357500492127054e-74	9.415826655008945e-59
2.208189898965536e-15	5.1751178081852355e-74	7.98916471865956e-59
2.118494477781418e-15	4.212637397631636e-74	6.778666944544983e-59
2.0324424337294767e-15	3.429161325729851e-74	5.751580692502795e-59
1.9498857748971726e-15	2.7913979504840263e-74	4.880115918512862e-59
1.8706825207195056e-15	2.272247286676728e-74	4.140693254841449e-59
1.7946964578014987e-15	1.8496494671834487e-74	3.513306019155841e-59
1.7217969056590115e-15	1.5056473701221543e-74	2.9809788903837306e-59
1.6518584919750504e-15	1.225623580779222e-74	2.5293086046198044e-59
1.5847609369850217e-15	9.97679265125812e-75	2.1460742436120595e-59
1.5203888466201488e-15	8.121285618779889e-75	1.8209065713384438e-59
1.4586315140532728e-15	6.610870086939588e-75	1.545007471858415e-59
1.399382729305762e-15	5.381365138215457e-75	1.3109118972225738e-59
1.3425405965880717e-15	4.38052637095564e-75	1.1122858844252702e-59
1.288007359059833e-15	3.5658259184771015e-75	9.437551763111737e-60
1.2356892307080832e-15	2.902645345360444e-75	8.007598094030973e-60
1.18549623505451e-15	2.362804633082302e-75	6.794307342096775e-60
1.1373420504143144e-15	1.923364748310967e-75	5.764851297080043e-60
1.0911438614405712e-15	1.5656529123271168e-75	4.891375795076905e-60
1.046822216698773e-15	1.2744691530979771e-75	4.150247063750417e-60
1.0043008920266168e-15	1.0374404246366649e-75	3.521412259410778e-60
9.635067594440368e-16	8.444948487408092e-76	2.9878568938791835e-60
9.24369661388039e-16	6.87433738471808e-76	2.5351444706434703e-60
8.868222900560431e-16	5.59583217699845e-76	2.1510258741642533e-60
8.508000716502324e-16	4.555106332537883e-76	1.8251079435128543e-60
8.162410553238304e-16	3.7079370939705824e-76	1.5485722628826743e-60
7.83085806638317e-16	3.018326354893862e-76	1.313936560241965e-60
7.512773053483536e-16	2.4569710202098533e-76	1.114852258251566e-60
7.207608473386244e-16	2.000017852397981e-76	9.459326997490153e-61
6.914839505439481e-16	1.628049894365046e-76	8.026074000673117e-61
6.633962646908641e-16	1.3252613997240506e-76	6.8099838266901e-61
6.364494847054592e-16	1.0787862114530155e-76	5.7781525208827345e-61
6.105972676385236e-16	8.781510502482573e-77	4.9026616515197865e-61
5.857951529651586e-16	7.148304815774918e-77	4.159822916133527e-61
5.62000486121768e-16	5.818846509923914e-77	3.52953720316912e-61
5.391723451489347e-16	4.736643942677646e-77	2.994750766971112e-61
5.172714703140224e-16	3.855711918408757e-77	2.5409938017430014e-61
4.962601965924644e-16	3.1386176748077938e-77	2.1559889295985068e-61
4.761023888916289e-16	2.5548902815024985e-77	1.8293190095004602e-61
4.567633799058503e-16	2.0797258624103197e-77	1.552145278938384e-61
4.3820991049575583e-16	1.6929336238402839e-77	1.3169682020571108e-61
4.2041007248934835e-16	1.378077902732521e-77	1.1174245534643602e-61
4.033332538064792e-16	1.1217797787557144e-77	9.481152473800404e-62
3.869500858123312e-16	9.131485742061629e-78	8.04459253671828e-62
3.712323928093755e-16	7.433190848739034e-78	6.825696481588498e-62
3.5615314358093543e-16	6.050748777854776e-78	5.791484434558522e-62
3.4168640490302315e-16	4.925416489060259e-78	4.913973547784797e-62
3.2780729694449957e-16	4.009376108870231e-78	4.1694208628516185e-62
3.1449195047885435e-16	3.263703042795155e-78	3.537680893585399e-62
3.017174658340189e-16	2.6567119826909496e-78	3.001660546275387e-62
2.8946187350961558e-16	2.162610527497269e-78	2.5468566289863298e-62
2.7770409639391013e-16	1.7604032067130065e-78	2.160963436275419e-62
2.6642391351549205e-16	1.4329993361272723e-78	1.8335397916677666e-62
2.5560192526733983e-16	1.1664867966103274e-78	1.5557265390031345e-62
2.452195200434658e-16	9.495408772090133e-79	1.3200068387701626e-62
2.3525884223076045e-16	7.729430629741255e-79	1.1200027837260465e-62
2.2570276150099103e-16	6.291893197435393e-79	9.503028307965514e-63
2.1653484335014088e-16	5.121712310297171e-79	8.063153800525127e-63
2.0773932083442484e-16	4.169164378082872e-79	6.841445390247567e-63
1.9930106745437116e-16	3.393773519166407e-79	5.804847108918026e-63
1.9120557114033637e-16	2.76259165024608e-79	4.925311543953525e-63
1.834389092947149e-16	2.2487984489560005e-79	4.1790409548828695e-63
1.759877248479186e-16	1.8305616986775616e-79	3.545843373913713e-63
1.6883920328694969e-16	1.4901095890656432e-79	3.008586268492356e-63
1.6198105061706002e-16	1.2129755522741817e-79	2.552732983513057e-63
1.5540147221859456e-16	9.873835462916687e-80	2.1659494206163997e-63
1.4908915256265883e-16	8.037476647073748e-80	1.8377703124328832e-63
1.4303323575072356e-16	6.5426481021360895e-80	1.5593160620982998e-63
1.3722330684470026e-16	5.32583123634576e-80	1.323052486520427e-63
1.3164937395537808e-16	4.335320792933307e-80	1.1225869627305453e-63
1.263018510584184e-16	3.529027778682634e-80	9.524954616176022e-64
1.2117154150835404e-16	2.8726910089362052e-80	8.081757890679302e-64
1.1624962222224001e-16	2.3384212736073924e-80	6.85723063631552e-64
1.1152762850575606e-16	1.9035162625738053e-80	5.818240614935298e-64
1.0699743949566411e-16	1.5494958939940315e-80	4.936675700246208e-64
1.0265126419358441e-16	1.2613170545010096e-80	4.1886832433231036e-64
9.848162806707234e-17	1.0267343838351794e-80	3.554024687507977e-64
9.448136019495139e-17	8.357799422338362e-81	3.0155279704070602e-64
9.064358093479601e-17	6.803396504860096e-81	2.5586228965346506e-64
8.696169009135357e-17	5.538085046481353e-81	2.1709469091038346e-64
8.342935556555903e-17	4.508099147264248e-81	1.8420105942656505e-64
8.004050246461964e-17	3.669672414019161e-81	1.5629138672891483e-64
7.67893026544422e-17	2.9871782288518186e-81	1.3261051614844516e-64
7.367016473643451e-17	2.431615894878539e-81	1.1251771042033757e-64
7.067772443144379e-17	1.9793783320718173e-81	9.54693151489056e-65
6.780683535429362e-17	1.6112489598901534e-81	8.10040490599392e-65
6.505256016305453e-17	1.311585142002508e-81	6.873052303633555e-65
6.241016206782554e-17	1.067653495856417e-81	5.831665023748134e-65
5.987509668442481e-17	8.690888229139829e-82	4.948066077022029e-65
5.744300421897824e-17	7.074536682972567e-82	4.198347779386035e-65
5.510970196996602e-17	5.758797945521159e-82	3.5622248778221347e-65
5.287117713483157e-17	4.6877633495292073e-82	3.0224856888894094e-65
5.0723579908782095e-17	3.815922251323335e-82	2.5645263993345868e-65
4.8663216863911763e-17	3.1062281822752277e-82	2.1759559282812076e-65
4.6686544597261394e-17	2.5285246618991738e-82	1.846260659687753e-65
4.4790163636890065e-17	2.0582637818800916e-82	1.5665199736849356e-65
4.297081259547894e-17	1.6754631108155136e-82	1.3291648798761056e-65
4.1225362561412165e-17	1.3638565962324922e-82	1.1277732219017227e-65
3.9550811717688925e-17	1.1102033838163663e-82	9.568959120836434e-66
3.794428017941236e-17	9.037251840421512e-83	8.119094945510067e-66
3.640300504097657e-17	7.356482786645061e-83	6.88891047623631e-66
3.492433562443426e-17	5.988307059027462e-83	5.845120406658451e-66
3.3505728920872825e-17	4.8745878258966326e-83	4.959482734779421e-66
3.2144745216959286e-17	3.968000678348429e-83	4.2080346144035254e-66
3.083904389913239e-17	3.2300227107873367e-83	3.5704439884103727e-66
2.9586379428226136e-17	2.6292955969313092e-83	3.029459460894376e-66
2.838459747760174e-17	2.1402931047370993e-83	2.5704435232685116e-66
2.723163122814654e-17	1.7422364299896732e-83	2.180976504753237e-66
2.6125497813767886e-17	1.4182112586659067e-83	1.8505205312728284e-66
2.5064294911269114e-17	1.154449040087318e-83	1.570134400439001e-66
2.4046197468742796e-17	9.397419305585223e-84	1.3322316579466637e-66
2.306945456685479e-17	7.649665471444826e-84	1.1303753296145097e-66
2.2132386407621155e-17	6.226962948246464e-84	9.591037551010262e-67
2.123338142549927e-17	5.068857939419237e-84	8.13782810849733e-67
2.0370893515824743e-17	4.126139985664883e-84	6.904805238352296e-67
1.9543439375827675e-17	3.358750903019633e-84	5.858606835132679e-67
1.8749595953655352e-17	2.7340826214642733e-84	4.9709257341564034e-67
1.7987998001014147e-17	2.2255915954566575e-84	4.2177437998258776e-67
1.7257335725221698e-17	1.811670909606429e-84	3.57868206292738e-67
1.655635253663152e-17	1.474732152751834e-84	3.0364493234621986e-67
1.588384288755577e-17	1.2004580472247717e-84	2.5763742997644266e-67
1.5238650198969923e-17	9.771940758582064e-85	2.186008665186036e-67
1.461966487143339e-17	7.954532556135036e-85	1.85479023164661e-67
1.4025822376805463e-17	6.475130145569314e-85	1.573757166748883e-67
1.3456101427474722e-17	5.270870425908753e-85	1.3353055119849023e-67
1.2909522219953221e-17	4.290581721470066e-85	1.1329834411624787e-67
1.2385144749814946e-17	3.492609383475617e-85	9.613166922678633e-68
1.188206719508048e-17	2.843045791320452e-85	8.156604494454372e-68
1.1399424365267687e-17	2.3142895423081495e-85	6.920736674404397e-68
1.093638621344108e-17	1.8838726066206978e-85	5.872124380802164e-68
1.0492156408700862e-17	1.5335056107267812e-85	4.982395135930921e-68
1.0065970966656702e-17	1.2483006811956911e-85	4.227475387222123e-68
9.657096935530867e-18	1.0161388258208691e-85	3.5869391451285785e-68
9.264831135631099e-18	8.2715497066908e-86	3.043455313718592e-68
8.888498950025382e-18	6.733187711333244e-86	2.5823187603228516e-68
8.527453164338832e-18	5.480933847181882e-86	2.1910524363072427e-68
8.181072853677355e-18	4.4615770605384835e-86	1.8590697834870324e-68
7.848762314763872e-18	3.6318026128627805e-86	1.5773882918564163e-68
7.529950041450518e-18	2.9563515411308353e-86	1.3383864583171832e-68
7.224087741844999e-18	2.4065224260239494e-86	1.1355975703982631e-68
6.930649395360684e-18	1.9589518047440824e-86	9.635347353378718e-69
6.6491303480688025e-18	1.594621405481931e-86	8.175424203109429e-69
6.379046444796927e-18	1.2980500187207832e-86	6.936704869010277e-69
6.119933196481118e-18	1.0566356661892415e-86	5.885673115463514e-69
5.8713449813397496e-18	8.601201147575678e-87	4.993891001021148e-69
5.632854278495198e-18	7.001529812813197e-87	4.2372294282802657e-69
5.404050932725399e-18	5.699369062369755e-87	3.5952152788703364e-69
5.18454144908076e-18	4.639387187876014e-87	3.050477468874921e-69
4.973948316153348e-18	3.776543200393944e-87	2.5882769365169763e-69
