1.0	1.0	0.9999999999999999
0.992850174399053	0.8752115820219142	0.9644706652989866
0.9848505990421762	0.7649338719966682	0.9286450140232776
0.9760993218112349	0.6679006876167268	0.89264518265868
0.9667023131585301	0.5829386040880606	0.8566230937389312
0.9567660308994159	0.5089611921252876	0.8207425264683553
0.9463925422770824	0.44496143043980335	0.7851668041088831
0.9356765111255112	0.3900019298600747	0.7500506579027677
0.9247035282000364	0.34320284080139957	0.7155351608092081
0.9135493913387535	0.3037279240127776	0.6817448864948215
0.9022800401064355	0.2707703114721414	0.6487866532786826
0.8909519246815837	0.24354075982322546	0.6167493709949431
0.8796126464661951	0.22126203269430944	0.5857046308384711
0.8683017522179262	0.20317246841680012	0.5557077720807826
0.857051597402113	0.18853927252162136	0.5267992313075557
0.8458882202103041	0.176678437341145	0.4990060344243952
0.8348321870632307	0.166975470901023	0.47234333294131603
0.8238993848070031	0.1589010278539588	0.44681591699010226
0.8131017453328923	0.15201796721969965	0.4224196605155406
0.8024478958892594	0.14597961774737947	0.39914287096393825
0.7919437336137236	0.1405213882493117	0.3769675280192182
0.7815929263530947	0.1354486840438243	0.3558704046376495
0.7713973440972438	0.13062374169102056	0.3358240696834338
0.7613574266737938	0.1259531483797018	0.31679777554576094
0.7514724939982528	0.1213769729827696	0.2987582367430049
0.741741005351289	0.1168598216518999	0.28167030708758645
0.732160774014199	0.11238376513793287	0.2654975637955661
0.7227291432487616	0.1079429090978	0.2502028072035105
0.7134431291419583	0.10353932169213352	0.2357484846693245
0.704299535309029	0.09918003947603933	0.22209704690723436
0.6952950439019377	0.09487490742720975	0.20921124453008558
0.686426286832684	0.09063505202917985	0.19705437200947487
0.6776899006103928	0.08647182783288415	0.18559046566179654
0.6690825677186063	0.08239611385797793	0.17478446165787812
0.6606010470304059	0.07841786557284552	0.1646023194568727
0.6522421953759137	0.07454585139750769	0.1550111154952831
0.6440029820388737	0.07078752061399722	0.1459791114277666
0.635880497664309	0.06714896324806409	0.13747580072216886
0.6278719588046007	0.06363493282213312	0.12947193695881928
0.6199747091131566	0.06024891064207328	0.12193954677338094
0.6121862180093152	0.05699319608571961	0.11485193001217069
0.6045040774815237	0.05386901168889131	0.10818364933676873
0.5969259975644661	0.050876615042067114	0.10191051121835892
0.5894498009163973	0.04801541189604026	0.09600953999886769
0.5820734168323153	0.045284066637175234	0.09045894646273951
0.5747948749540636	0.042680607589406235	0.08523809215736186
0.5676122988775287	0.04020252554849498	0.0803274505190408
0.5605238998076335	0.03784686464238902	0.07570856570253594
0.5535279703719692	0.03561030510574257	0.07136400987313454
0.5466228786720264	0.03348923790622241	0.06727733959893573
0.5398070626257373	0.031479831402204776	0.06343305187545668
0.5330790246352174	0.02957809037372434	0.059816540223062854
0.5264373265982262	0.02777990787199159	0.056414051218466835
0.5198805852701309	0.026081110393178925	0.05321264175316233
0.5134074679743289	0.024477496911314126	0.050200137252868295
0.5070166886526184	0.02296487231189252	0.047365091041684945
0.5007070042424014	0.021539075758883884	0.0446967449916657
0.4944772113644871	0.020196004508145897	0.04218499156196579
0.4883261433032767	0.018931633653567266	0.03982033730081736
0.48225266726004773	0.017742032261298384	0.03759386785757442
0.4762556818596467	0.01662337631419441	0.03549721453032558
0.47033411489101024	0.015571958854561802	0.033522522356522665
0.46448692126241514	0.01458419767950373	0.03166241973921499
0.4587130811531027	0.01365664091033485	0.029909989589375303
0.45301159834384325	0.012785970726169759	0.028258741955065256
0.4473814987100462	0.011969005522198107	0.02670258810047848
0.4418218288621043	0.011202700725523703	0.02523581599191953
0.43633165491879394	0.010484148475850335	0.023853067143269815
0.43091006140064514	0.00981057635475778	0.022549314770229048
0.42555615023129156	0.009179345325791476	0.021319843200408653
0.42026903983583597	0.008587947028018524	0.02016022848501844
0.41504786432626223	0.008034000547985419	0.0190663201572848
0.40989177276484345	0.00751524877904207	0.018034224082736944
0.40479992849736146	0.007029554462654197	0.01706028634698984
0.39977150854875354	0.006574895993492135	0.016141078127542133
0.39480570307453455	0.006149363058639291	0.015273381497313861
0.3899017148620229	0.005751152171089468	0.01445417610910366
0.38505875887600965	0.005378562148687627	0.013680626711788551
0.3802760618440745	0.005029989581705463	0.01295007145087187
0.3755528618772525	0.004703924325231163	0.012260010907865304
0.3708884081222277	0.004398945046397567	0.011608097834932555
0.3662819604416257	0.004113714851088059	0.010992127543196796
0.36173278911936685	0.0038469770100638904	0.01041002890509769
0.35724017458836443	0.0035975508003773483	0.009859855933155203
0.35280340717815156	0.0033643274744044596	0.009339779899442666
0.3484217868803005	0.0031462663657878275	0.0088480819619756
0.3440946231297183	0.002942391138969274	0.008383146266077616
0.33982123460013736	0.0027517861867628435	0.00794345349058087
0.33560094901228804	0.0025735931785267193	0.007527574810451507
0.33143310295343176	0.002407007759896404	0.00713416624909542
0.32731704170706494	0.002251276403705439	0.0067619633951942456
0.32325211909175133	0.00210569341061091	0.006409776460444052
0.3192376973081497	0.001969598057030145	0.006076485656019196
0.31527314679341795	0.0018423718872565009	0.005761036866961438
0.3113578460822611	0.0017234361460329165	0.005462437605000635
0.3074911816739776	0.001612249347401572	0.005179753221549362
0.30367254790493176	0.0015083049752986153	0.004912103363781502
0.29990134682594305	0.0014111293111084458	0.004658658657806486
0.29617698808414267	0.0013202793832185942	0.004418637603988215
0.29249888880889585	0.001235341033511378	0.0041913036704338425
0.28886647350144135	0.001155927095681485	0.003975962571594909
0.2852791739279254	0.0010816756802700484	0.003771959719784271
0.281736429015558	0.0010122485613472507	0.003578677838219708
0.2782376847516419	0.0009473296598500126	0.003395534724961885
0.2747823940852503	0.0008866236186825326	0.003221981157822787
0.2713700168313615	0.0008298544648100531	0.003057498930983649
0.2680000195772753	0.0007767643537155535	0.002901599014681341
0.26467187559115235	0.0007271123917411407	0.0027538198299014768
0.26138506473254386	0.0006806735319973231	0.002613725630557661
0.2581390733647802	0.0006372375396912031	0.0024809049861415993
0.2549333942691155	0.0005966080228964767	0.002354969358300242
0.25176752656052415	0.0005586015249618586	0.00223555176523621
0.24864097560506115	0.0005230466749285483	0.002122305528237925
0.24555325293870855	0.0004897833925000295	0.0020149030950285538
0.2425038761876348	0.000458662144277831	0.0019130349349794702
0.23949236898980206	0.0004295432481438036	0.00181640850156633
0.23651826091786574	0.0004022962228322848	0.0017247472577555862
0.23358108740330974	0.00037679917989362667	0.0016377897602978648
0.23068038966177315	0.0003529382554034747	0.0015552887991734808
0.22781571461952269	0.0003306070789196026	0.0014770105886857856
0.22498661484103247	0.00030970627732977707	0.0014027340069313662
0.22219264845763517	0.0002901430113699196	0.0013322498805933682
0.2194333790972104	0.00027183054272166083	0.001265360312206678
0.2167083758148812	0.0002546878297222578	0.0012018780472321518
0.21401721302468943	0.00023863914983779087	0.0011416258784527622
0.21135947043222575	0.00022361374716265076	0.0010844360853680933
0.20873473296818873	0.00020954550331471169	0.0010301499064160175
0.2061425907228527	0.00019637263019636685	0.0009786170419923907
0.20358263888142114	0.00018403738318696958	0.0009296951863719034
0.20105447766024845	0.00017248579342234424	0.0008832495867565222
0.19855771224391125	0.00016166741790209373	0.0008391526277928565
0.19609195272311128	0.00015153510624564022	0.0007972834400069152
0.19365681403339552	0.0001420447829934874	0.0007575275307045613
0.1912519158946765	0.00013315524442130005	0.0007197764359791011
0.18887688275153897	0.00012482796890126105	0.000683927392554266
0.18653134371431976	0.00011702693990799302	0.0006498830282718607
0.18421493250094667	0.00010971848082531824	0.0006175510701089024
0.1819272873795248	0.00010287110076548733	0.0005868440686796081
0.17966805111165704	9.645535066441062e-5	0.0005576791382433969
0.17743687089648902	9.044368896507312e-5	0.0005299777113015039
0.17523339831546464	8.481035624688339e-5	0.0005036653069221969
0.17305728927778438	7.953125820137061e-5	0.00047867131198813917
0.17090820396655268	7.458385639457255e-5	0.00045492877460952486
0.16878580678560845	6.994706629380615e-5	0.0004323742089933598
0.16668976630702487	6.560116207143934e-5	0.0004109474111029906
0.16461975521927083	6.152768773093066e-5	0.0003905912844828376
0.16257545027602502	5.770937413091155e-5	0.000371251675661513
0.16055653224563274	5.4130061511585124e-5	0.0003528772185822287
0.15856268586119754	5.0774627154334025e-5	0.0003354191875428543
0.15659359977129808	4.762891783028016e-5	0.0003188313581592605
0.15464896649132173	4.467968671673829e-5	0.000303069875894884
0.15272848235540884	4.191453448215609e-5	0.00028809313172685984
0.15083184746899614	3.932185426033457e-5	0.0002738616445447645
0.148958765661954	3.689078025357075e-5	0.00026033794990205694
0.14710894444230913	3.461113972194378e-5	0.00024748649476285053
0.14528209495054437	3.2473408132362764e-5	0.00023527353790778053
0.14347793191446823	3.0468667256284473e-5	0.00022366705568253328
0.14169617360464867	2.858856601926622e-5	0.00021263665279117812
0.13993654179040071	2.6825283918811948e-5	0.00020215347785386352
0.13819876169632322	2.5171496839361638e-5	0.00019219014346478458
0.13648256195937716	2.3620345104826126e-5	0.00018272065050166586
0.1347876745864979	2.2165403619838085e-5	0.0001737203164524046
0.1331138349127351	2.0800653960925896e-5	0.00016516570753803225
0.13146078155991442	1.9520458288173276e-5	0.0001570345744238557
0.1298282563958126	1.8319534956645807e-5	0.00014930579132255915
0.1282160044938406	1.7192935714992798e-5	0.00014195929830425897
0.12662377409322892	1.6136024386205965e-5	0.00013497604663903308
0.12505131655970694	1.5144456932575814e-5	0.00012833794700734718
0.12349838634667258	1.421416281346529e-5	0.00012202782042311351
0.12196474095684338	1.3341327550651846e-5	0.0001160293517228688
0.12045014090438509	1.2522376421703964e-5	0.00011032704548279849
0.11895434967751083	1.1753959207184722e-5	0.00010490618423308322
0.11747713370154499	1.1032935922439921e-5	9.975278884633963e-5
0.11601826230244638	1.0356363469355762e-5	9.485358098379189e-5
0.11457750767078478	9.721483147785359e-6	9.019594748927774e-5
0.11315464482616429	9.125708970364392e-6	8.576790662728192e-5
0.11174945158209001	8.566616728185264e-6	8.155807606692398e-5
0.11036170851127014	8.04193375829423e-6	7.75556425192339e-5
0.10899119891134991	7.549529367234823e-6	7.375033294013945e-5
0.1076377087710707	7.08740586789913e-6	7.01323872163904e-5
0.10630102673685006	6.653690189782215e-6	6.669253225617062e-5
0.1049809440797762	6.2466260253768165e-6	6.342195741041428e-5
0.10367725466301335	5.864566477909966e-6	6.031229115486868e-5
0.10238975490961129	5.505967177921356e-6	5.7355578966741285e-5
0.10111824377071493	5.169379838327149e-6	5.454426233334988e-5
0.09986252269416909	4.853446219612702e-6	5.187115883357542e-5
0.09862239559351288	4.556892478663514e-6	4.932944323610595e-5
0.097397668817359	4.278523876484086e-6	4.691262956147205e-5
0.09618815111915409	4.017219821678962e-6	4.461455405771563e-5
0.09499365362731366	3.7719292280855507e-6	4.2429359042220254e-5
0.09381398981572933	3.541666166362901e-6	4.03514775647656e-5
0.0926489754746406	3.3255057906608824e-6	3.837561884926348e-5
0.09149842868186996	3.122580522726315e-6	3.649675447389641e-5
0.09036216977441426	2.9320764769530582e-6	3.471010525151694e-5
0.08924002132038954	2.753230110956994e-6	3.301112877418761e-5
0.08813180809132384	2.585325087259572e-6	3.1395507587649816e-5
0.08703735703479411	2.427689332599889e-6	2.985913796331693e-5
0.0859564972474033	2.279692282269727e-6	2.839811923709304e-5
0.0848890599480928	2.140742297682575e-6	2.7008743685933165e-5
0.08383487845178643	2.0102842461504964e-6	2.568748691458762e-5
0.08279378814336168	1.8877972325552137e-6	2.443099872641695e-5
0.08176562645194398	1.7727924732654778e-6	2.323609445352992e-5
0.08075023282552057	1.664811303274739e-6	2.2099746722789443e-5
0.07974744870586967	1.5634233081142878e-6	2.1019077635454617e-5
0.07875711750380049	1.4682245726401087e-6	1.9991351339383563e-5
0.0777790845747013	1.3788360392992726e-6	1.9013966973817897e-5
0.07681319719439061	1.2949019689560417e-6	1.80844519678064e-5
0.07585930453526908	1.2160884978013626e-6	1.7200455674306476e-5
0.07491725764276644	1.1420822842839243e-6	1.6359743322932222e-5
0.07398690941208198	1.0725892403885616e-6	1.5560190275197376e-5
0.07306811456521313	1.0073333419501785e-6	1.4799776566934928e-5
0.07216072962826993	9.46055513030212e-7	1.4076581723364707e-5
0.07126461290907066	8.885125796995972e-7	1.3388779833027707e-5
0.07037962447501597	8.344762888685651e-7	1.2734634867514402e-5
0.06950562613123788	7.837323880808551e-7	1.2112496234584928e-5
0.06864248139901988	7.360797624492397e-7	1.1520794552915397e-5
0.06779005549448518	6.913296251518939e-7	1.0958037637306404e-5
0.0669482153075497	6.493047581361042e-7	1.0422806683761305e-5
0.0661168293811362	6.098387998882035e-7	9.913752644382495e-6
0.06529576789064656	5.727755773273709e-7	9.429592782547136e-6
0.0644849026236895	5.379684790668921e-7	8.969107399309754e-6
0.06368410696005898	5.052798674605721e-7	8.531136722440136e-6
0.06289325585196255	4.7458052701489074e-7	8.11457794994194e-6
0.062112225804494124	4.457491469000036e-7	7.7183824403116e-6
0.06134089485634992	4.186718354354483e-7	7.341553042190146e-6
0.06057914256078349	3.9324166456007353e-7	6.983141556433137e-6
0.0598268499667975	3.69358242420837e-7	6.642246323977057e-6
0.059083899600569076	3.46927312332297e-7	6.318009933215854e-6
0.05835017544710558	3.2586037646832104e-7	6.009617040918995e-6
0.05762556293212847	3.060743427503061e-7	5.71629230102409e-6
0.05690994890418196	2.8749119349240876e-7	5.437298395923053e-6
0.056203221616963964	2.7003767445442315e-7	5.171934165132225e-6
0.055505270711876255	2.5364500303735704e-7	4.9195328264943135e-6
0.054815987200791796	2.382485944358341e-7	4.679460285304276e-6
0.054135263449035395	2.2378780463552956e-7	4.45111352698319e-6
0.0534629931585763	2.1020568921324232e-7	4.233919089143993e-6
0.05279907135142926	1.9744877696223305e-7	4.027331609101889e-6
0.05214339435326161	1.8546685742638036e-7	3.83083244308016e-6
0.05149585977720428	1.7421278148378872e-7	3.643928353550399e-6
0.05085636650786341	1.6364227417398262e-7	3.46615026132446e-6
0.05022481468553089	1.5371375901294824e-7	3.2970520591850043e-6
0.04960110569059076	1.4438819308727078e-7	3.136209484002225e-6
0.048985142128119316	1.35628912262646e-7	2.9832190444371513e-6
0.04837682781267649	1.274014858833201e-7	2.8376970014767525e-6
0.04777606775328596	1.1967358037769824e-7	2.699278399183755e-6
0.0471827681386021	1.1241483122162708e-7	2.5676161431747827e-6
0.04659683632226073	1.0559672274485203e-7	2.442380124464376e-6
0.04601818080841194	9.919247529802311e-8	2.3232563864303667e-6
0.04544671123743289	9.317693932750086e-8	2.2099463327679384e-6
0.044882338371817466	8.752649593323133e-8	2.1021659744058397e-6
0.044324974082241564	8.221896351122627e-8	1.9996452134592595e-6
0.0437745313338013	7.723351010681456e-8	1.9021271623895314e-6
0.04323092417242208	7.255057112792736e-8	1.8093674966319662e-6
0.042694067711436565	6.815177208933988e-8	1.721133839039436e-6
0.042163878118329286	6.401985607910132e-8	1.637205174571502e-6
0.04164027260164553	6.013861565743583e-8	1.5573712937368137e-6
0.04112316939806348	5.6492828916260665e-8	1.4814322633705953e-6
0.04061248775962625	5.306819944422616e-8	1.4091979233993891e-6
0.04010814794113283	4.9851299957895683e-8	1.340487408312057e-6
0.039610071187685406	4.6829519374428604e-8	1.2751286921195796e-6
0.03911817972239184	4.3991013114954846e-8	1.2129581556464498e-6
0.038632396734219775	4.132465644080292e-8	1.1538201750538453e-6
0.03815264636600272	3.882000063691095e-8	1.0975667305491502e-6
0.03767885370259462	3.6467231868166554e-8	1.0440570342881774e-6
0.03721094475917142	3.425713254513001e-8	9.931571765255723e-7
0.036748846469678145	3.21810450456441e-8	9.447397891156021e-7
0.03629248667541887	3.0230837648259843e-8	8.986837255099033e-7
0.035841794113789315	2.8398872542253123e-8	8.548737564409313e-7
0.035396698407148645	2.6677975787305168e-8	8.132002805199472e-7
0.03495713005182978	2.5061409103708024e-8	7.735590490164372e-7
0.03452302040728597	2.3542843381261534e-8	7.358509041220552e-7
0.0340943016853725	2.2116333801886235e-8	6.999815300365787e-7
0.03367090693976096	2.077629647740954e-8	6.658612162460418e-7
0.03325277005548545	1.9517486510021392e-8	6.33404632394271e-7
0.032839825738618544	1.8334977388560758e-8	6.025306141785783e-7
0.03243200950607512	1.7224141639112807e-8	5.731619597284121e-7
0.03202925767554314	1.6180632653386534e-8	5.452252359524441e-7
0.03163150735553941	1.5200367623026566e-8	5.18650594364907e-7
0.031238696435588784	1.4279511512408645e-8	4.933715959260907e-7
0.030850763576525317	1.3414462006594018e-8	4.6932504445480836e-7
0.030467648200913893	1.2601835374990505e-8	4.464508281923944e-7
0.030089290483590832	1.1838453194902548e-8	4.246917691185033e-7
0.02971563134232176	1.1121329882564252e-8	4.0399347963862883e-7
0.029346612428575836	1.044766098245187e-8	3.8430422628196117e-7
0.028982176118414315	9.814812168677824e-9	3.6557480006597376e-7
0.028622265503492315	9.220308915090398e-9	3.477583932010168e-7
0.028266824382172324	8.661826793351534e-9	3.3081048182425526e-7
0.027915797250748064	8.137182360752028e-9	3.1468871446755897e-7
0.027569129294777322	7.644324601857166e-9	2.9935280597845593e-7
0.027226766380522485	7.181326890267294e-9	2.8476443662706385e-7
0.02688865504649725	6.746379438834808e-9	2.708871561450289e-7
0.02655474249511843	6.337782208610209e-9	2.576862924549669e-7
0.026224976584461327	5.953938248602905e-9	2.451288648607627e-7
0.025899305820117593	5.593347440144598e-9	2.331835014803523e-7
0.025577679347154134	5.2546006212411335e-9	2.218203607133207e-7
0.025260046942171856	4.93637406779896e-9	2.1101105654585302e-7
0.024946359005463083	4.637424310021148e-9	2.007285875052449e-7
0.024636566553266362	4.356583263590343e-9	1.9094726908540177e-7
0.02433062121011736	4.092753656497849e-9	1.8164266947350274e-7
0.024028475201294933	3.844904733544052e-9	1.7279154841634166e-7
0.023730081345360796	3.6120682216300076e-9	1.6437179907276203e-7
0.02343539304679197	3.3933345399880223e-9	1.5636239270614114e-7
0.023144364288704672	3.1878492404641077e-9	1.4874332607802866e-7
0.022856949625668595	2.9948096638716462e-9	1.4149557141085298e-7
0.022573104176610386	2.8134617992863653e-9	1.3460102879407922e-7
0.022292783617805276	2.6430973339519257e-9	1.2804248091435623e-7
0.02201594417595572	2.483050882215727e-9	1.2180354999604097e-7
0.021742542621356036	2.3326973826190903e-9	1.1586865684405143e-7
0.021472536261141838	2.1914496529276468e-9	1.1022298188629155e-7
0.02120588293262341	2.058756093509011e-9	1.0485242811791995e-7
0.0209425409967018	1.9340985300483016e-9	9.974358585452077e-8
0.020682469331366662	1.8169901871399285e-9	9.488369920578172e-8
0.020425627325274923	1.7069737848085645e-9	9.026063418561272e-8
0.0201719748714091	1.603619750495409e-9	8.586284837875021e-8
0.019921472360814423	1.5065245394995713e-9	8.167936208780683e-8
0.019674080676413734	1.4153090572905303e-9	7.769973088844252e-8
0.019429761186899135	1.3296171775077624e-9	7.391401952387607e-8
0.01918847574069962	1.249114349839473e-9	7.031277707331578e-8
0.01895018666002348	1.173486292325271e-9	6.688701333209059e-8
0.018714856734974753	1.1024377629590888e-9	6.362817634430433e-8
0.018482449217742725	1.035691405779939e-9	6.05281310317301e-8
0.018252927816863662	9.729866669304318e-10	5.7579138865413165e-8
0.018026256691553652	9.140787764375493e-10	5.477383852906847e-8
0.017802400446111925	8.58737791728028e-10	5.210522752584744e-8
0.01758132412439374	8.06747699132876e-10	4.956664468241572e-8
0.017362993204351716	7.579055698630075e-10	4.715175350653509e-8
0.01714737359264512	7.120207671515852e-10	4.4854526356483426e-8
0.01693443161931604	6.689142014593139e-10	4.266922938268294e-8
0.016724134032531656	6.284176308273425e-10	4.059040820384318e-8
0.016516447993391827	5.903730036394295e-10	3.8612874281767445e-8
0.01631134107080116	5.546318412212439e-10	3.673169196072228e-8
0.016108781236404728	5.210546578608009e-10	3.494216613893631e-8
0.0159087368595867	4.89510415980671e-10	3.3239830541378684e-8
0.015711176702531117	4.5987601433031975e-10	3.162043656447402e-8
0.015516069915343956	4.320358071963049e-10	3.0079942664844766e-8
0.015323386031235751	4.058811527495551e-10	2.8614504265534184e-8
0.015133094961764085	3.8130998876307496e-10	2.722046415446021e-8
0.014945166992135163	3.582264340406119e-10	2.589434335108319e-8
0.014759572776563697	3.36540413997502e-10	2.4632832418443106e-8
0.014576283333690427	3.1616730892947626e-10	2.343278319883784e-8
0.014395270042056589	2.9702762359403457e-10	2.2291200952474443e-8
0.0142165046356345	2.790466768124225e-10	2.1205236879434882e-8
0.014039959199413731	2.6215430987861723e-10	2.0172181006256882e-8
0.013865606165042031	2.462846126353303e-10	1.9189455419343814e-8
0.013693418306520398	2.3137566614618104e-10	1.8254607828285876e-8
0.013523368735951658	2.1736930095813683e-10	1.736530544299976e-8
0.01335543089934177	2.042108700093143e-10	1.651932914938078e-8
0.013189578572453294	1.918490352945392e-10	1.5714567968907148e-8
0.013025785856710409	1.8023556745488623e-10	1.4949013788347707e-8
0.012864027175154672	1.6932515750796984e-10	1.4220756346399764e-8
0.012704277268451103	1.5907523998325523e-10	1.352797846472657e-8
0.012546511190943807	1.4944582677125627e-10	1.2868951511475571e-8
0.012390704306760624	1.403993510373975e-10	1.224203108594017e-8
0.012236832285966111	1.3190052059066788e-10	1.1645652913580697e-8
0.012084871100762312	1.2391618013417316e-10	1.1078328941146767e-8
0.011934797021736717	1.1641518185941681e-10	1.0538643622143411e-8
0.011786586614156823	1.0936826387876422e-10	1.0025250383359623e-8
0.01164021673431066	1.0274793602118829e-10	9.53686826363063e-9
0.011495664525892834	9.652837254517978e-11	9.072278716435931e-9
0.011352907416435392	9.068531134974441e-11	8.630322568344832e-9
0.011211923113783053	8.519595928980957e-11	8.209897125710908e-9
0.011072689602612172	8.003890322622043e-11	7.809953422387346e-9
0.010935185140992933	7.519402646292184e-11	7.429493601587855e-9
0.010799388256994287	7.064243024497207e-11	7.067568425353e-9
0.010665277745330992	6.636636001081376e-11	6.723274905400988e-9
0.01053283266405233	6.234913611080476e-11	6.395754049445175e-9
0.010402032331271904	5.857508872146322e-11	6.084188717349275e-9
0.010272856321938091	5.502949670127553e-11	5.787801581765751e-9
0.010145284464644563	5.1698530149314655e-11	5.505853188164004e-9
0.01001929683848047	4.8569196442383276e-11	5.237640109403283e-9
0.009894873769919639	4.562928953998592e-11	4.982493190241706e-9
0.009771995829748517	4.286734235919899e-11	4.739775877397261e-9
0.009650643830032207	4.0272582033500755e-11	4.508882630990636e-9
0.00953079882111815	3.783488788088709e-11	4.289237413402956e-9
0.009412442088677104	3.554475191718279e-11	4.080292251775006e-9
0.009295555150780779	3.339324176039734e-11	3.8815258705584416e-9
0.009180119755015818	3.1371965781314366e-11	3.6924423907045554e-9
0.009066117875633616	2.9473040364275246e-11	3.512570092242591e-9
0.00895353171073548	2.7689059150358943e-11	3.3414602371580167e-9
0.008842343679492827	2.601306414290178e-11	3.178685949631751e-9
0.008732536419401827	2.4438518562573004e-11	3.023841150844636e-9
0.008624092783572195	2.295928134605384e-11	2.876539545687751e-9
0.008516995838049607	2.1569583188785775e-11	2.736413658848811e-9
0.008411228859171418	2.0264004038282743e-11	2.6031139178682185e-9
0.00830677533095514	1.9037451950165194e-11	2.476307780875637e-9
0.00820361894251944	1.7885143224395036e-11	2.355678906829548e-9
0.008101743585537115	1.6802583744188313e-11	2.240926366188454e-9
0.008001133351719704	1.5785551444777957e-11	2.1317638900432585e-9
0.00790177253033333	1.4830079843609743e-11	2.027919155836495e-9
0.007803645605745389	1.3932442567698339e-11	1.9291331078854045e-9
0.007706737255001753	1.3089138817762929e-11	1.8351593110127868e-9
0.007611032345433986	1.2296879712418794e-11	1.745763335672173e-9
0.007516515932296332	1.1552575459136493e-11	1.6607221730325953e-9
0.00742317325643201	1.0853323301907453e-11	1.579823678562963e-9
0.007330989741968529	1.0196396198586523e-11	1.5028660427272378e-9
0.007239950994041579	9.579232183730303e-12	1.4296572874693064e-9
0.007150042796547224	8.99942437542526e-12	1.3600147872308158e-9
0.007061251109921976	8.45471158711344e-12	1.2937648133065095e-9
0.006973562068950486	7.942969507784769e-12	1.2307421003998379e-9
0.006886961980600393	7.462202416123064e-12	1.1707894342970786e-9
0.0068014373218841205	7.010535396276903e-12	1.1137572596308908e-9
0.0067169747377471955	6.586207024884055e-12	1.0595033067544015e-9
0.006633561038982795	6.18756250081731e-12	1.0078922367946234e-9
0.006551183200172202	5.813047190847287e-12	9.587953039993775e-10
0.00646982835765082	5.461200566040814e-12	9.120900345350765e-10
0.006389483807499448	5.130650505238329e-12	8.676599209337883e-10
0.006310137003560523	4.820107943386089e-12	8.253941314270418e-10
0.006231775555478968	4.528361843844739e-12	7.851872334410391e-10
0.0061543872267674	4.254274475059879e-12	7.46938930563238e-10
0.0060779599328953365	3.9967769731681194e-12	7.105538123239324e-10
0.006002481739402137	3.754865173227465e-12	6.759411161684218e-10
0.0059279408600333965	3.5275956928093714e-12	6.430145010258019e-10
0.005854325654900464	3.3140822526742414e-12	6.11691831909337e-10
0.005781624628662819	3.113492220177308e-12	5.818949750109368e-10
0.005709826428733034	2.925043361920814e-12	5.535496027784123e-10
0.005638919843504002	2.7480007929848158e-12	5.265850084891374e-10
0.005568893800598211	2.5816741108359034e-12	5.009339298574221e-10
0.005499737365138725	2.4254147027336834e-12	4.765323812354573e-10
0.005431439738041667	2.2786132161317033e-12	4.5331949398913294e-10
0.005363990254329908	2.140697182205481e-12	4.312373646504429e-10
0.005297378381467647	2.011128783237639e-12	4.1023091046758e-10
0.005231593717715739	1.8894027551514074e-12	3.9024773199231066e-10
0.0051666259905074	1.7750444170110141e-12	3.7123798236175585e-10
0.0051024650548441184	1.6676078198027745e-12	3.5315424294842505e-10
0.005039100891711447	1.5666740072760522e-12	3.3595140506824583e-10
0.004976523606514512	1.4718493820604054e-12	3.1958655745143266e-10
0.0049147234275329025	1.3827641706859238e-12	3.040188791954368e-10
0.004853690704394798	1.299070981519593e-12	2.892095379328889e-10
0.004793415906570005	1.2204434499929685e-12	2.751215929604622e-10
0.004733889621881729	1.1465749658369812e-12	2.617199030869634e-10
0.004675102555036815	1.077177477359573e-12	2.489710389707366e-10
0.004617045526174249	1.011980368102409e-12	2.3684319972766393e-10
0.00455970946943169	9.507294014952432e-13	2.2530613360170375e-10
0.0045030854315297845	8.93185729391765e-13	2.1433106250004911e-10
0.004447164570374076	8.391249606199233e-13	2.0389061020462487e-10
0.004391938153674271	7.883362859138384e-13	1.9395873408081953e-10
0.004337397557580664	7.406216558143243e-13	1.8451066011307576e-10
0.004283534265337467	6.957950083316673e-13	1.755228211052591e-10
0.004230339865952892	6.536815433583959e-13	1.6697279789162605e-10
0.0041778060528857375	6.141170410021397e-13	1.588392634117223e-10
0.004125924622748284	5.76947221179971e-13	1.5110192950968687e-10
0.004074687474025292	5.420271419765839e-13	1.4374149632523852e-10
0.004024086605808928	5.092206344198381e-13	1.367396041500827e-10
0.003974114116549371	4.783997714692575e-13	1.3007878762963415e-10
0.0039247622028209615	4.494443691465153e-13	1.2374243219579715e-10
0.0038760231581036675	4.22241517862278e-13	1.1771473262211312e-10
0.0038278893715796587	3.9668514211160297e-13	1.119806535978836e-10
0.003780353326944857	3.726755868206828e-13	1.0652589222290916e-10
0.0037334076012352302	3.501192287317112e-13	1.0133684232927987e-10
0.0036870448636676656	3.2892811131028347e-13	9.640056054121086e-11
0.003641257874495226	3.090196017514929e-13	9.170473398825151e-11
0.003596039483876639	2.903160687470745e-13	8.723764959132299e-11
0.0035513826307598194	2.727445797569182e-13	8.298816484496319e-11
0.00350728034177925	2.5623661660434554e-13	7.894568002288891e-11
0.00346372573016706	2.4072780828600423e-13	7.510011173753938e-11
0.003420711994677628	2.2615767995438252e-13	7.144186778763969e-11
0.0033782324185255373	2.1246941709401253e-13	6.796182323103881e-11
0.0033362803683367145	1.9960964397168914e-13	6.465129762313202e-11
0.003294849293112609	1.8752821549670604e-13	6.150203336408672e-11
0.0032539327232072187	1.7617802167940332e-13	5.850617510085578e-11
0.003213524269316823	1.6551480392545798e-13	5.565625013259444e-11
0.0031736176214822694	1.5549698244950803e-13	5.294514977060064e-11
0.003134206548103647	1.46085494135065e-13	5.0366111606278644e-11
0.0030952848949671935	1.3724364020840976e-13	4.7912702642892477e-11
0.003056846584284285	1.2893694313244225e-13	4.5578803249029677e-11
0.003018885613742363	1.2113301216240995e-13	4.335859189374642e-11
0.0029813960555676432	1.1380141703922183e-13	4.124653062531435e-11
0.002944372055599484	1.0691356932779218e-13	3.9237351257345654e-11
0.0029078078323762084	1.0044261093766924e-13	3.7326042227836545e-11
0.002871697676232324	9.436330939121712e-14	3.550783609834853e-11
0.002836035948406919	8.865195943093165e-14	3.3778197662143907e-11
0.002800817080163156	8.328629058219282e-14	3.2132812631610557e-11
0.002766035571918679	7.824538031098334e-14	3.0567576876756804e-11
0.0027316859923868335	7.350957243791778e-14	2.90785861879314e-11
0.0026977629777285585	6.906040049043144e-14	2.7662126537231694e-11
0.0026642612307147726	6.488051569422867e-14	2.6314664814306892e-11
0.0026311755198992156	6.095361932318906e-14	2.5032840013447004e-11
0.002598500678801518	5.726439914392184e-14	2.3813454849973613e-11
0.002566231605100442	5.3798469707129046e-14	2.2653467785019467e-11
0.002534363259837123	5.0542316252939854e-14	2.15499854388033e-11
0.002502890666628218	4.74832420114703e-14	2.0500255373474298e-11
0.0024718089108888225	4.4609318693104546e-14	1.950165922752374e-11
0.0024411131390650346	4.19093399754314e-14	1.8551706184637475e-11
0.002410798557876053	3.937277780545711e-14	1.7648026760697596e-11
0.0023808604335656784	3.698974134669274e-14	1.67883668934353e-11
0.0023512940911631286	3.475093841102988e-14	1.5970582319991732e-11
0.0023220949137530075	3.264763922500656e-14	1.519263322836185e-11
0.002293258341754364	3.067164238917039e-14	1.445257916937979e-11
0.0022647798722086844	2.881524289779691e-14	1.3748574216553784e-11
0.002236655058076742	2.707120209425575e-14	1.3078862361677219e-11
0.002208879507544173	2.543271944486607e-14	1.2441773134730466e-11
0.002181448883335674	2.3893406021173988e-14	1.1835717437147529e-11
0.002154358902037706	2.2447259587246198e-14	1.1259183578054127e-11
0.0021276053334296392	2.1088641194833737e-14	1.0710733503589485e-11
0.002101183999823173	1.9812253195139182e-14	1.0188999209906662e-11
0.0020750907754099753	1.8613118581445278e-14	9.692679330903594e-12
0.002049321585617418	1.748656158205227e-14	9.220535892173256e-12
0.0020238724064723145	1.642818942784706e-14	8.771391223076227e-12
0.0019987392639725593	1.543387522340788e-14	8.34412501923273e-12
0.0019739182334665706	1.4499741854851405e-14	7.937671548107091e-12
0.0019494054390404364	1.3622146871671875e-14	7.551016990714103e-12
0.001925197052912676	1.2797668283620149e-14	7.183196912816446e-12
0.0019012892948365124	1.2023091217238492e-14	6.8332938593053486e-12
0.0018776784315095718	1.1295395380019526e-14	6.5004350657639486e-12
0.0018543607759909098	1.061174328330674e-14	6.1837902815050384e-12
0.0018313326871252822	9.969469178012863e-15	5.882569698653063e-12
0.0018085905689745616	9.366068660011908e-15	5.59602198210466e-12
0.0017861308702562103	8.799188904672158e-15	5.32343239545371e-12
0.0017639500837887425	8.26661949245068e-15	5.064121018206308e-12
0.0017420447459440538	7.76628378977463e-15	4.817441049838581e-12
0.0017204114361065639	7.296230851600184e-15	4.582777196467177e-12
0.0016990467761390695	6.8546278140738965e-15	4.359544136108084e-12
0.0016779474298552358	6.439752747632675e-15	4.147185058695614e-12
0.0016571101024986374	6.049987942673808e-15	3.945170277219769e-12
0.0016365315402282628	5.683813601613422e-15	3.752995906517705e-12
0.0016162085296104174	5.339801912736319e-15	3.570182606423719e-12
0.0015961378971169277	5.016611482728944e-15	3.396274386142656e-12
0.0015763165086295856	4.712982106185907e-15	3.230837466864483e-12
0.001556741268950737	4.4277298516945015e-15	3.0734591997829415e-12
0.0015374091213199558	4.159742445336026e-15	2.923747036819439e-12
0.001518317046936716	3.9079749336025954e-15	2.781327551484809e-12
0.001499462064488992	3.671445608817633e-15	2.645845507436616e-12
0.0014808412296877175	3.449232181171785e-15	2.5169629724086462e-12
0.0014624516348070175	3.240468182447718e-15	2.3943584753024256e-12
0.001444290408230155	3.0443395874107027e-15	2.277726204338278e-12
0.001426354714001115	2.8600816396906066e-15	2.166775244265786e-12
0.0014086417513817602	2.686975869778356e-15	2.061228850731034e-12
0.0013911487544144793	2.5243472935090113e-15	1.960823759990651e-12
0.0013738729914902746	2.371561780107422e-15	1.865309532250828e-12
0.001356811764922203	2.2280235795336002e-15	1.774447926993373e-12
0.0013399624105241293	2.0931729994861083e-15	1.6880123087306736e-12
0.0013233222971946938	1.9664842230053553e-15	1.6057870817073098e-12
0.0013068888265064557	1.8474632581668936e-15	1.5275671521382618e-12
0.0012906594323001397	1.7356460118699818e-15	1.4531574166423783e-12
0.0012746315802839184	1.6305964802104099e-15	1.3823722755950543e-12
0.0012588027676376692	1.5319050483813503e-15	1.3150351701862988e-12
0.0012431705226221498	1.439186893472973e-15	1.2509781420294224e-12
0.0012277324041930257	1.3520804839428418e-15	1.190041414221895e-12
0.001212486001619686	1.2702461699060833e-15	1.1320729928133706e-12
0.0011974289341088028	1.193364858748406e-15	1.0769282876868422e-12
0.001182558850432558	1.1211367708977918e-15	1.0244697519072596e-12
0.0011678734285614856	1.0532802709032335e-15	9.745665386380313e-13
0.0011533703753018802	9.895307692625322e-16	9.27094174769656e-13
0.001139047425937703	9.296396907170571e-16	8.819342504463962e-13
0.0011249023438769364	8.733735049905306e-16	8.389741237165846e-13
0.0011109329203023307	8.205128161924077e-16	7.981066395698612e-13
0.001097136973826488	7.708515073351573e-16	7.59229862660528e-13
0.0010835123501512266	7.241959366296702e-16	7.222468230503513e-13
0.0010700569217311797	6.8036418242490775e-16	6.870652743366132e-13
0.0010567685874415711	6.391853338475912e-16	6.53597463562103e-13
0.0010436452722501106	6.00498824375934e-16	6.217599123331329e-13
0.0010306849268929754	5.64153805748824e-16	5.914732085996213e-13
0.0010178855275548011	5.30008559769147e-16	5.626618085778708e-13
0.0010052450755526584	4.979299457077024e-16	5.352538483219789e-13
0.0009927615970239502	4.677928811529886e-16	5.091809644738771e-13
0.0009804331426181811	4.394798542825354e-16	4.84378123744897e-13
0.0009682577871925612	4.1288046565399274e-16	4.607834607035371e-13
0.000956233629511383	3.8789099772929543e-16	4.383381234648177e-13
0.0009443587919491385	3.6441401045335275e-16	4.169861268963313e-13
0.0009326314201973161	3.4235796131031106e-16	3.966742129748325e-13
0.0009210496829748473	3.216368483758879e-16	3.77351717945062e-13
0.0009096117717421375	3.0216987497393393e-16	3.589704459494468e-13
0.0008983159004186592	2.838811346296289e-16	3.414845488134813e-13
0.0008871603051040451	2.6669931509085774e-16	3.2485041168692913e-13
0.0008761432438026504	2.505574202636657e-16	3.09026544255603e-13
0.0008652629961515288	2.3539250897753816e-16	2.939734772523703e-13
0.0008545178631517924	2.2114544956188735e-16	2.796536640092538e-13
0.0008439061669033041	2.0776068927676724e-16	2.6603138680506466e-13
0.000833426250342668	1.951860376987666e-16	2.53072667774973e-13
0.0008230764769844705	1.8337246321744502e-16	2.407451841597962e-13
0.0008128552306657341	1.7227390184879318e-16	2.290181876836106e-13
0.0008027609152935496	1.618470776202354e-16	2.1786242785859072e-13
0.0007927919545958375	1.5205133382680193e-16	2.0725007902577565e-13
0.0007829467918752057	1.4284847450049756e-16	1.9715467094977864e-13
0.0007732238897658654	1.3420261547471277e-16	1.875510227943237e-13
0.000763621729993563	1.2608004446293757e-16	1.7841518031392233e-13
0.0007541388131384973	1.1844908960618932e-16	1.6972435610503018e-13
0.0007447736584011768	1.112799959765849e-16	1.6145687276764984e-13
0.0007355248033711864	1.0454480955551373e-16	1.5359210883560898e-13
0.0007263908037988253	9.821726823401075e-17	1.4611044734064786e-13
0.0007173702333695805	9.227269941031373e-17	1.3899322688201834e-13
0.000708461683481405	8.668792378530789e-17	1.3222269507954862e-13
0.000699663763024754	8.144116498073442e-17	1.2578196429407224e-13
0.0006909750981653587	7.651196462773925e-17	1.1965496950477271e-13
0.0006823943321296958	7.1881102594671e-17	1.1382642823838e-13
0.0006739201249931229	6.753052204307498e-17	1.082818024502681e-13
0.0006655511534706402	6.344325901965878e-17	1.030072622623759e-13
0.0006572861107102568	5.960337630968897e-17	9.798965146750092e-14
0.0006491237060889174	5.599590129389742e-17	9.321645471392532e-14
0.0006410626650109674	5.2606767566584953e-17	8.86757662885213e-14
0.0006331017287091196	4.9422760087276754e-17	8.435626042047329e-14
0.00062523965404789	4.6431463652061666e-17	8.02471630315442e-14
0.0006174752133294789	4.3621214483692107e-17	7.633822486242348e-14
0.000609807194102058	4.098105475168254e-17	7.261969590812603e-14
0.0006022343989704435	3.850068984506819e-17	6.908230109867629e-14
0.0005947556454091155	3.6170448231220414e-17	6.571721716441777e-14
0.0005873697655775619	3.398124374419767e-17	6.251605062824346e-14
0.0005800756061379163	3.192454015558497e-17	5.94708168698536e-14
0.0005728720280748563	2.9992317889675165e-17	5.6573920209820334e-14
0.000565757906517744	2.8177042753205294e-17	5.381813496378359e-14
0.0005587321305649708	2.6471636557718412e-17	5.1196587419521626e-14
0.0005517936031104865	2.486944951999916e-17	4.870273869194162e-14
0.0005449412406724798	2.336423433296651e-17	4.6330368413226004e-14
0.0005381739732241884	2.195012180591896e-17	4.407355921745269e-14
0.0005314907440268103	2.0621597979147644e-17	4.1926681980989394e-14
0.0005248905094644897	1.9373482623681603e-17	3.988438178184746e-14
0.000518372238881348	1.820090904233042e-17	3.794156454297348e-14
0.000511934914420548	1.7099305093263446e-17	3.6093384326163443e-14
0.0005055775308653473	1.6064375362131847e-17	3.433523124490646e-14
0.0004992990954821299	1.5092084413218144e-17	3.2662719966009434e-14
0.0004930986278653868	1.41786410543056e-17	3.107167877132229e-14
0.0004869751597846218	1.3320483553911963e-17	2.955813915228053e-14
0.00048092773503315644	1.2514265753246246e-17	2.8118325911310946e-14
0.00047495540927881645	1.1756844018735407e-17	2.6748647745410333e-14
0.0004690572499164676	1.1045264984245771e-17	2.5445688288410177e-14
0.0004632323359223871	1.0376754035203148e-17	2.4206197589584084e-14
0.0004574797577104408	9.748704489708317e-18	2.3027084007342905e-14
0.0004517986169900476	9.158667434462442e-18	2.190540649779839e-14
0.0004461880266259073	8.60434217587022e-18	2.0838367278960606e-14
0.00044064711049947015	8.083567269087376e-18	1.9823304852271696e-14
0.0004351750033721278	7.594312090032355e-18	1.885768736406944e-14
0.00042977085075010193	7.134668917499704e-18	1.7939106290422396e-14
0.00042443380875101125	6.70284549450117e-18	1.706527042958465e-14
0.00041916304397209594	6.2971580398295e-18	1.623400018708578e-14
0.0004139577333600773	5.916024682595309e-18	1.5443222139201186e-14
0.0004088170640826357	5.557959294136643e-18	1.469096386124265e-14
0.00040374023340148096	5.2215656932504275e-18	1.3975349007769471e-14
0.00039872644854700457	4.905532202150549e-18	1.3294592632448584e-14
0.00039377492659448165	4.60862653192496e-18	1.2646996735890258e-14
0.0003888848943418162	4.329690977548962e-18	1.2030946030354271e-14
0.0003840555881888005	4.067637903718878e-18	1.1444903910762613e-14
0.0003792862540178776	3.821445503904249e-18	1.0887408621969163e-14
0.0003745761470763805	3.590153816082166e-18	1.0357069612726502e-14
0.000369924531860237	3.3728609796180345e-18	9.852564067255554e-15
0.00036533068199911633	3.1687197186974927e-18	9.372633605766824e-15
0.0003607938801430045	2.9769340385975504e-18	8.916081145703386e-15
0.0003563134178501868	2.796756121914898e-18	8.481767915876609e-15
0.00035188859547661964	2.6274834126490495e-18	8.06861061604712e-15
0.00034751872206668054	2.468455876770427e-18	7.675578714866091e-15
0.0003432031152452708	2.319053428591754e-18	7.30169187943719e-15
0.00033894110111126004	2.1786935129074715e-18	6.946017530087801e-15
0.0003347320141322533	2.0468288334734646e-18	6.607668514250326e-15
0.0003305751970406661	1.9229452189698e-18	6.2858008936516974e-15
0.00032647000073108765	1.8065596181254285e-18	5.979611839291606e-15
0.0003224157841589216	1.6972182161873137e-18	5.688337628958983e-15
0.0003184119142402836	1.5944946653896864e-18	5.411251742291921e-15
0.00031445776575314153	1.4979884225235834e-18	5.147663048629619e-15
0.00031055272123968594	1.4073231871244675e-18	4.896914083136322e-15
0.00030669617090991075	1.322145434188039e-18	4.658379406897359e-15
0.00030288751254639053	1.2421230356929637e-18	4.431464046897004e-15
0.0002991261514102438	1.1669439655554837e-18	4.215602011986897e-15
0.0002954115001482597	1.0963150829662545e-18	4.010254881143522e-15
0.000291742978701182	1.029960989365319e-18	3.814910460493403e-15
0.00028812001421312905	9.676229545983032e-19	3.629081505756268e-15
0.00028454204094214	9.090579080666693e-19	3.4523045069195803e-15
0.0002810085001718326	8.540374909382647e-19	3.2841385321131087e-15
0.0002775188401241562	8.023471657225336e-19	3.1241641277997706e-15
0.00027407251587322943	7.537853797383887e-19	2.9719822725395537e-15
0.0002706689892602476	7.08162779212925e-19	2.8272133817168913e-15
0.00026730772880944665	6.653014709465541e-19	2.6894963607490075e-15
0.0002639882096451115	6.250343286656105e-19	2.55848770441363e-15
0.0002607099134096138	5.872043413577449e-19	2.433860640049603e-15
0.00025747232818246825	5.516640010491041e-19	2.3153043124932178e-15
0.0002542749484003935	5.182747276360954e-19	2.2025230087173248e-15
0.000251117274778367	4.869063285290187e-19	2.095235420239234e-15
0.00024799881423165907	4.574364910005948e-19	1.993173941457624e-15
0.00024491907979883536	4.2975030525992836e-19	1.8960840021683427e-15
0.000241877590565716	4.03739816392263e-19	1.8037234325941725e-15
0.0002388738715902784	3.793036034174359e-19	1.7158618593447854e-15
0.00023590745382849287	3.5634638382567857e-19	1.63228013080024e-15
0.00023297787406108028	3.3477864204875955e-19	1.5527697704847491e-15
0.0002300846748211769	3.1451628041778736e-19	1.4771324570672888e-15
0.00022722740432289974	2.954802912466762e-19	1.4051795296920208e-15
0.00022440561639079824	2.7759644876265066e-19	1.3367315174046688e-15
0.0002216188703901815	2.607950196825571e-19	1.271617691501135e-15
0.00021886673115831178	2.4501049130644296e-19	1.2096756396817492e-15
0.0002161487689364512	2.3018131606818505e-19	1.1507508609490007e-15
0.00021346455930275424	2.162496715471051e-19	1.0946963802382927e-15
0.00021081368310599092	2.031612350048013e-19	1.0413723818205132e-15
0.00020819572640009548	1.9086497156806296e-19	9.906458605620176e-16
0.00020561028037952635	1.7931293523194427e-19	9.423902901721577e-16
0.00020305694131542954	1.6846008190705956e-19	8.964853076108935e-16
0.00020053531049259494	1.5826409378212777e-19	8.528164128692931e-16
0.0001980449941471944	1.4868521431691672e-19	8.112746833740949e-16
0.00019558560340529444	1.3968609322218245e-19	7.717565023039732e-16
0.0001931567542221318	1.3123164082214578e-19	7.341633001398526e-16
0.00019075806732214243	1.2328889123163193e-19	6.984013088046286e-16
0.0001883891681397369	1.1582687381436634e-19	6.643813277790376e-16
0.00018604968676080988	1.0881649242121488e-19	6.32018501610316e-16
0.0001837392578649761	1.0223041193748845e-19	6.01232108258684e-16
0.00018145752066852467	9.60429516969332e-20	5.719453577537316e-16
0.00017920411886808042	9.022998534680357e-20	5.440852006585003e-16
0.00017697870058496572	8.476884677356788e-20	5.175821458635126e-16
0.00017478091831025385	7.96382417224282e-20	4.92370087256283e-16
0.00017261042885050252	7.481816476603946e-20	4.683861388339638e-16
0.00017046689327416395	7.028982129866838e-20	4.4557047784786e-16
0.00016834997685865826	6.60355542516295e-20	4.238661955885668e-16
0.000166259349038106	6.203877524424463e-20	4.032191554395455e-16
0.00016419468335170798	5.82838999018668e-20	3.83577857845084e-16
0.00016215565739276735	5.475628708875948e-20	3.648933118558361e-16
0.00016014195275834442	5.144218181888434e-20	3.4711891293153044e-16
0.00015815325499953667	4.832866162199473e-20	3.3021032669606355e-16
0.00015618925357237563	4.540358615590275e-20	3.1412537835502265e-16
0.00015424964178933478	4.265554986844689e-20	2.988239474998174e-16
0.0001523341167714386	4.007383752457781e-20	2.8426786803603165e-16
0.00015044237940096654	3.7648382425152136e-20	2.704208329863867e-16
0.00014857413427474473	3.536972715451949e-20	2.572483039308701e-16
0.00014672908965801732	3.3228986703848446e-20	2.4471742485814637e-16
0.00014490695743889082	3.121781382640042e-20	2.327969402133709e-16
0.0001431074530833443	2.932836648966415e-20	2.21457116937996e-16
0.00014133029559079753	2.7553277297438156e-20	2.1066967030711168e-16
0.0001395752074502327	2.58856247626314e-20	2.0040769337934323e-16
0.0001378419145968586	2.4318906318767895e-20	1.9064558988332842e-16
0.00013613014636931474	2.2847012964960715e-20	1.8135901037337741e-16
0.00013443963546740648	2.1464205445490233e-20	1.7252479149506927e-16
0.00013277011791036492	2.016509187110519e-20	1.6412089820929435e-16
0.0001311213329956246	1.8944606694787006e-20	1.5612636883063566e-16
0.0001294930232581144	1.7797990959998538e-20	1.4852126274299708e-16
0.00012788493443005271	1.6720773744400927e-20	1.412866106620684e-16
0.00012629681540124262	1.5708754726683084e-20	1.344043673205647e-16
0.00012472841817985972	1.4757987808527843e-20	1.2785736645822797e-16
0.00012317949785372733	1.386476572785296e-20	1.2162927800431892e-16
0.00012164981255207227	1.3025605603330468e-20	1.157045673458034e-16
0.00012013912340775561	1.22372353538189e-20	1.100684565796344e-16
0.00011864719451997272	1.1496580939754871e-20	1.0470688765248329e-16
0.0001171737929174159	1.0800754376754935e-20	9.960648729597991e-17
0.0001157186885218956	1.0147042474690089e-20	9.475453366999971e-17
0.00011428165411241175	9.532896258323946e-21	9.01389246307973e-17
0.0001128624652896729	8.955921028263111e-21	8.574814754483841e-17
0.00011146090044105518	8.413867023465065e-21	8.157125057303639e-17
0.00011007674070599614	7.904620648894686e-21	7.759781535376928e-17
0.00010870976994181907	7.426196234123657e-21	7.381793101654021e-17
0.00010735977468998112	6.976728290737933e-21	7.022216946146435e-17
0.00010602654414274118	6.554464238362898e-21	6.680156184292198e-17
0.00010470987011024082	6.157757570943343e-21	6.354757619872229e-17
0.00010340954698799484	5.7850614366320034e-21	6.045209616897698e-17
0.0001021253717247851	5.434922606253104e-21	5.750740075160453e-17
0.00010085714379095335	5.105975806822607e-21	5.470614504396795e-17
9.96046651470873e-5	4.796938398030136e-21	5.204134192261115e-17
9.836774021309624e-5	4.506605370925035e-21	4.9506344615397874e-17
9.714617583767e-5	4.233844649305212e-21	4.7094830122582875e-17
9.593978126811797e-5	3.977592675487794e-21	4.480078344546299e-17
9.47483681205817e-5	3.7368502632495014e-21	4.261848258327004e-17
9.357175035061834e-5	3.510678701766349e-21	4.0542484260883386e-17
9.240974422414875e-5	3.2981960953610803e-21	3.856761035176295e-17
9.126216828876673e-5	3.0985739247860945e-21	3.66889349622378e-17
9.012884334540416e-5	2.911033816633551e-21	3.4901772144934957e-17
8.90095924203488e-5	2.7348445082758046e-21	3.320166421070206e-17
8.79042407376085e-5	2.569318996501781e-21	3.158437060987029e-17
8.681261569161956e-5	2.4138118587311146e-21	3.004585735512518e-17
8.573454682029333e-5	2.267716736360927e-21	2.8582286959601544e-17
8.466986577839795e-5	2.130463970432124e-21	2.719000886510682e-17
8.36184063112703e-5	2.0015183803961923e-21	2.586555033659687e-17
8.258000422885504e-5	1.880377177321362e-21	2.4605607800193172e-17
8.155449738006511e-5	1.7665680034012463e-21	2.340703860313585e-17
8.054172562746153e-5	1.6596470901215413e-21	2.226685317511926e-17
7.95415308222467e-5	1.559197527903041e-21	2.11822075714588e-17
7.855375677956937e-5	1.4648276404739174e-21	2.0150396379488773e-17
7.757824925413539e-5	1.3761694576325516e-21	1.9168845970498705e-17
7.661485591612143e-5	1.2928772804458652e-21	1.823510808037582e-17
7.566342632738844e-5	1.2146263332885266e-21	1.7346853702942284e-17
7.472381191798964e-5	1.1411114974670145e-21	1.6501867280755632e-17
7.3795865962971e-5	1.0720461214906484e-21	1.5698041178882192e-17
7.287944355945944e-5	1.0071609033505499e-21	1.493337042785988e-17
7.19744016040353e-5	9.462028404482828e-22	1.4205947722737644e-17
7.108059877038636e-5	8.889342430797022e-22	1.3513958665717889e-17
7.019789548723919e-5	8.351318076273435e-22	1.285567724053549e-17
6.932615391656429e-5	7.845857458475265e-22	1.2229461507285436e-17
6.846523793205217e-5	7.370989668570543e-22	1.1633749506960597e-17
6.761501309785656e-5	6.924863086298812e-22	1.1067055365484534e-17
6.677534664760177e-5	6.505738160071808e-22	1.0527965587521553e-17
6.594610746365045e-5	6.111980624056002e-22	1.001513553081989e-17
6.512716605662912e-5	5.74205512578892e-22	9.527286052293837e-18
6.431839454520779e-5	5.39451923948172e-22	9.063200317479436e-18
6.351966663613086e-5	5.0680178416646e-22	8.621720765405339e-18
6.273085760449553e-5	4.761277827244265e-22	8.201746221308661e-18
6.195184427427587e-5	4.473103145370225e-22	7.802229149993854e-18
6.118250499908806e-5	4.2023701357535304e-22	7.42217304298387e-18
6.042271964319482e-5	3.9480231472532137e-22	7.060629932946426e-18
5.967236956274574e-5	3.709070421646246e-22	6.7166980291955164e-18
5.8931337587250454e-5	3.484580226530914e-22	6.389519468370611e-18
5.8199508001282055e-5	3.27367722228486e-22	6.078278174682966e-18
5.7476766526407455e-5	3.07553904891171e-22	5.78219782439198e-18
5.676300030334236e-5	2.8893931194676516e-22	5.5005399094343676e-18
5.6058097874327964e-5	2.714513607564741e-22	5.232601895376376e-18
5.53619491657261e-5	2.55021861720452e-22	4.977715469094306e-18
5.467444547083077e-5	2.395867523906479e-22	4.7352448718127565e-18
5.399547943289327e-5	2.25085847676379e-22	4.504585313342524e-18
5.3324945028357875e-5	2.1146260516862512e-22	4.2851614635629875e-18
5.266273755030572e-5	1.986639046679886e-22	4.0764260173861775e-18
5.200875359210446e-5	1.8663984105664682e-22	3.8778583296231986e-18
5.136289103126078e-5	1.7534352970665944e-22	3.68896311634802e-18
5.0725049013473604e-5	1.6473092366586908e-22	3.509269219519364e-18
5.009512793688516e-5	1.54760641908562e-22	3.338328431779422e-18
4.947302943652777e-5	1.453938079811981e-22	3.1757143784980216e-18
4.88586563689636e-5	1.3659389841405133e-22	3.0210214542738196e-18
4.825191279711554e-5	1.2832660030768368e-22	2.8738638112397884e-18
4.765270397528593e-5	1.2055967753894767e-22	2.7338743966496044e-18
4.706093633436183e-5	1.1326284506482417e-22	2.6007040373443667e-18
4.647651746720355e-5	1.064076508339769e-22	2.4740205688160578e-18
4.5899356114215084e-5	9.996736484556887e-23	2.3535080066953962e-18
4.5329362149093346e-5	9.391687492275514e-23	2.2388657585975237e-18
4.4766446564754716e-5	8.823258879444916e-23	2.129807874359641e-18
4.4210521459436014e-5	8.289234210355571e-23	2.0260623328005026e-18
4.366150002296847e-5	7.787531198297372e-23	1.9273703632227145e-18
4.311929652322161e-5	7.316193586238141e-23	1.8334857999654813e-18
4.2583826292716164e-5	6.873383518921231e-23	1.74417446839789e-18
4.2055005715402635e-5	6.45737437663933e-23	1.659213600821203e-18
4.153275221360429e-5	6.06654404274152e-23	1.578391280823261e-18
4.101698423512239e-5	5.699368578622198e-23	1.5015059146990665e-18
4.050762124050137e-5	5.354416281529077e-23	1.428365728619113e-18
4.000458369045235e-5	5.030342102020255e-23	1.358788290291263e-18
3.9507793033432576e-5	4.725882399302799e-23	1.2926000539230538e-18
3.901717169337941e-5	4.439850014002605e-23	1.22963592734945e-18
3.8532643057596304e-5	4.1711296391531634e-23	1.1697388602463302e-18
3.8054131464789486e-5	3.9186734713536025e-23	1.1127594524025958e-18
3.758156219325322e-5	3.6814971251389004e-23	1.0585555810738285e-18
3.711486144920148e-5	3.4586757946313775e-23	1.0069920464880022e-18
3.665395635524483e-5	3.2493406475069614e-23	9.579402346190425e-19
3.6198774939010255e-5	3.0526754372153083e-23	9.112777963871043e-19
3.574924612190242e-5	2.867913320244185e-23	8.668883424853885e-19
3.5305299708004374e-5	2.694333866017787e-23	8.24661153072325e-19
3.4866866373116174e-5	2.5312602477699376e-23	7.844909016049962e-19
3.443387765392962e-5	2.3780566034386804e-23	7.462773921249768e-19
3.400626593733735e-5	2.2341255562918357e-23	7.099253093412967e-19
3.3583964449874794e-5	2.098905885615816e-23	6.753439808871737e-19
3.3166907247293195e-5	1.9718703383852023e-23	6.424471511575061e-19
3.2755029204262124e-5	1.8525235733802332e-23	6.1115276616302e-19
3.2348266004199864e-5	1.7404002297359032e-23	5.813827688644309e-19
3.194655412923013e-5	1.63506311239142e-23	5.5306290447613255e-19
3.154983085026334e-5	1.5361014873647274e-23	5.26122535253775e-19
3.1158034217201394e-5	1.4431294802049183e-23	5.004944643037708e-19
3.077110304926373e-5	1.3557845713777858e-23	4.761147679752552e-19
3.0388976925433708e-5	1.2737261827176165e-23	4.5292263641643435e-19
3.0011596175023666e-5	1.1966343494335125e-23	4.3086022189763226e-19
2.9638901868357016e-5	1.1242084724920569e-23	4.0987249452270543e-19
2.9270835807566098e-5	1.0561661465115908e-23	3.899071049689327e-19
2.89073405175044e-5	9.922420585977796e-24	3.7091425391301005e-19
2.8548359236771517e-5	9.321869538267716e-24	3.5284656781746673e-19
2.8193835908849547e-5	8.757666633421296e-24	3.3565898076767485e-19
2.7843715173349738e-5	8.227611912758561e-24	3.193086220647245e-19
2.7497942357367637e-5	7.729638569332059e-24	3.0375470929378545e-19
2.715646346694569e-5	7.261804888964636e-24	2.889584466012403e-19
2.6819225178641828e-5	6.822286679053129e-24	2.748829279268627e-19
2.6486174831202816e-5	6.409370155615986e-24	2.6149304494967443e-19
2.6157260417340938e-5	6.021445260849965e-24	2.487553995178717e-19
2.5832430575612853e-5	5.656999385139313e-24	2.3663822034439635e-19
2.5511634582399242e-5	5.3146114690381734e-24	2.2511128376036917e-19
2.5194822343984093e-5	4.992946462228443e-24	2.1414583832871785e-19
2.4881944388732412e-5	4.690750117847289e-24	2.03714533129969e-19
2.45729518593649e-5	4.406844101886184e-24	1.9379134954132582e-19
2.4267796505328754e-5	4.140121398591832e-24	1.8435153633887097e-19
2.3966430675263116e-5	3.889541993953634e-24	1.7537154796101976e-19
2.3668807309558042e-5	3.654128820446554e-24	1.6682898577923537e-19
2.3374879933006054e-5	3.432963947217014e-24	1.58702542229521e-19
2.3084602647544702e-5	3.2251850008564588e-24	1.5097194766533364e-19
2.2797930125089466e-5	3.0299818028063548e-24	1.4361791979935757e-19
2.2514817600455527e-5	2.846593210283085e-24	1.3662211560803126e-19
2.2235220864367515e-5	2.6743041484047533e-24	1.2996708557886363e-19
2.195909625655602e-5	2.512442821947494e-24	1.236362301864185e-19
2.1686400658939838e-5	2.3603780958592375e-24	1.1761375848840773e-19
2.141709148889292e-5	2.217517034316995e-24	1.1188464873861893e-19
2.1151126692594873e-5	2.0833025887318233e-24	1.0643461091843563e-19
2.0888464738464093e-5	1.9572114256864896e-24	1.0125005109349251e-19
2.0629064610672435e-5	1.8387518863364563e-24	9.631803750656238e-20
2.0372885802740356e-5	1.7274620693174014e-24	9.162626832209888e-20
2.0119888311211727e-5	1.622908029684102e-24	8.716304094198273e-20
1.9870032629407034e-5	1.5246820868579126e-24	8.291722281593476e-20
1.9623279741254302e-5	1.4324012349851246e-24	7.887822367379016e-20
1.9379591115196513e-5	1.3457056495078426e-24	7.503596911037181e-20
1.9138928698174775e-5	1.2642572841241335e-24	7.13808754570771e-20
1.890125490968614e-5	1.187738552666675e-24	6.790382587750028e-20
1.8666532635915243e-5	1.1158510907602355e-24	6.459614762746629e-20
1.843472522393884e-5	1.0483145924294098e-24	6.144959042275582e-20
1.820579647600225e-5	9.848657171202587e-25	5.845630586056578e-20
1.797971064386697e-5	9.252570628740919e-25	5.560882784337404e-20
1.7756432423228387e-5	8.692562016495423e-25	5.2900053956383304e-20
1.753592694820283e-5	8.166447730314385e-25	5.032322775209112e-20
1.7318159785883204e-5	7.672176327926347e-25	4.787192189780076e-20
1.710309693096202e-5	7.207820529888331e-25	4.5540022144037255e-20
1.689070480042142e-5	6.771569704673949e-25	4.332171207388148e-20
1.6680950228288954e-5	6.36172280859886e-25	4.1211458595182784e-20
1.6473800460458648e-5	5.976681753054871e-25	3.920399813946355e-20
1.6269223149576223e-5	5.614945173189807e-25	3.729432353309219e-20
1.6067186349987992e-5	5.27510257373589e-25	3.547767150797712e-20
1.586765851275233e-5	4.955828829159825e-25	3.3749510820630227e-20
1.5670608480713204e-5	4.655879016689356e-25	3.2105530949965124e-20
1.5476005483634873e-5	4.374083562069125e-25	3.0541631345639575e-20
1.5283819133396935e-5	4.109343679117935e-25	2.905391120012414e-20
1.5094019419249088e-5	3.8606270853052365e-25	2.7638659718986e-20
1.4906576703124853e-5	3.6269639766408505e-25	2.6292346865119105e-20
1.4721461715013428e-5	3.407443246183084e-25	2.5011614553833972e-20
1.4538645548389054e-5	3.2012089314203334e-25	2.379326827684574e-20
1.4358099655697122e-5	3.007456876673675e-25	2.2634269134267693e-20
1.4179795843896398e-5	2.825431597506361e-25	2.153172625473631e-20
1.400370627005648e-5	2.654423334913867e-25	2.0482889584761142e-20
1.3829803437010043e-5	2.4937652878080197e-25	1.9485143029314313e-20
1.3658060189059027e-5	2.3428310130041158e-25	1.853599792655029e-20
1.348844970773417e-5	2.2010319825728467e-25	1.7633086840380065e-20
1.3320945507607165e-5	2.0678152890327011e-25	1.6774157655416487e-20
1.3155521432154833e-5	1.9426614894347727e-25	1.595706795956217e-20
1.29921516496747e-5	1.8250825799335867e-25	1.5179779700228226e-20
1.2830810649251216e-5	1.7146200929463168e-25	1.4440354100855314e-20
1.2671473236772185e-5	1.6108433094807955e-25	1.3736946825057024e-20
1.2514114530994508e-5	1.5133475796617247e-25	1.3067803376323745e-20
1.235870995965892e-5	1.4217527449064684e-25	1.2431254721812582e-20
1.220523525565292e-5	1.3357016555981007e-25	1.1825713129307876e-20
1.2053666453221323e-5	1.2548587784757724e-25	1.1249668206968394e-20
1.1903979884223925e-5	1.1789088883122981e-25	1.0701683135983222e-20
1.1756152174439635e-5	1.107555838777493e-25	1.0180391086739702e-20
1.1610160239916436e-5	1.040521407694586e-25	9.684491809564138e-21
1.1465981283366783e-5	9.775442121870781e-26	9.212748391531657e-21
1.132359279060765e-5	9.183786894859646e-26	8.763984171255914e-21
1.118297252704489e-5	8.627941394232414e-26	8.337079803963056e-21
1.104409853420115e-5	8.10573824878162e-26	7.930970469529581e-21
1.090694912628702e-5	7.615141266686677e-26	7.544643216520048e-21
1.0771502886814662e-5	7.154237495927197e-26	7.177134435599954e-21
1.0637738665253518e-5	6.721229765237068e-26	6.827527456021795e-21
1.0505635573727611e-5	6.314429676514634e-26	6.494950259189175e-21
1.0375172983753749e-5	5.932251021364836e-26	6.178573303596018e-21
1.0246330523020355e-5	5.573203596102842e-26	5.877607455715642e-21
1.0119088072206206e-5	5.235887391102417e-26	5.5913020216787695e-21
9.993425761838705e-6	4.918987131831961e-26	5.31894287483087e-21
9.869323969191207e-6	4.621267150292454e-26	5.0598506744985136e-21
9.746763315218817e-6	4.3415665668598105e-26	4.813379171521758e-21
9.625724661532256e-6	4.078794763744553e-26	4.5789135963261284e-21
9.506189107409364e-6	3.831927132418768e-26	4.355869125513578e-21
9.38813798684361e-6	3.600001078428556e-26	4.1436894231476914e-21
9.271552865629374e-6	3.382112268013807e-26	3.941845253094643e-21
9.15641553848332e-6	3.177411101900035e-26	3.749833158958726e-21
9.04270802620156e-6	2.985099402512691e-26	3.567174208319861e-21
8.930412572852136e-6	2.804427301696723e-26	3.3934127981407805e-21
8.819511643002352e-6	2.63469031680578e-26	3.2281155183643363e-21
8.709987918980545e-6	2.4752266037601278e-26	3.070870070866322e-21
8.601824298171834e-6	2.325414376362258e-26	2.921284241067467e-21
8.495003890347484e-6	2.1846694818075395e-26	2.7789849196394413e-21
8.38951001502743e-6	2.0524431229362227e-26	2.643617171864753e-21
8.285326198875534e-6	1.928219718345361e-26	2.5148433523292835e-21
8.182436173127193e-6	1.8115148920167108e-26	2.3923422627391944e-21
8.08082387104891e-6	1.7018735846216903e-26	2.2758083507616403e-21
7.980473425429415e-6	1.5988682791389644e-26	2.1649509478908994e-21
7.881369166101903e-6	1.5020973338658975e-26	2.059493544438984e-21
7.783495617497085e-6	1.4111834163239056e-26	1.9591730998423536e-21
7.686837496226609e-6	1.3257720319511467e-26	1.8637393865644094e-21
7.59137970869648e-6	1.2455301418455692e-26	1.77295436595732e-21
7.4971073487501414e-6	1.1701448641685826e-26	1.6865915945263673e-21
7.404005695340807e-6	1.0993222541458125e-26	1.6044356591158836e-21
7.312060210232701e-6	1.0327861579078997e-26	1.526281639607972e-21
7.221256535730861e-6	9.70277135702166e-27	1.4519345977938264e-21
7.131580492439098e-6	9.115514502765308e-27	1.381209091142758e-21
7.043018077045842e-6	8.56380116491141e-27	1.313928710256117e-21
6.9555554601374546e-6	8.045480084519125e-27	1.2499256388524098e-21
6.869178984038694e-6	7.558530206845138e-27	1.1890402351860701e-21
6.783875160680045e-6	7.101052800780041e-27	1.1311206338558333e-21
6.69963066949143e-6	6.671264055252937e-27	1.0760223670095167e-21
6.61643235532223e-6	6.2674881237362356e-27	1.0236080040003706e-21
6.534267226386973e-6	5.888150589729285e-27	9.7374680859621e-22
6.453122452236656e-6	5.531772327741337e-27	9.263144128863138e-22
6.372985361755178e-6	5.1969637358363875e-27	8.811925070727095e-22
6.29384344118073e-6	4.882419317251238e-27	8.382685443721047e-22
6.215684332151683e-6	4.586912589959225e-27	7.974354602924091e-22
6.138495829776789e-6	4.3092913043308406e-27	7.585914055836379e-22
6.062265880729336e-6	4.048472950243755e-27	7.21639492197102e-22
5.986982581364953e-6	3.803440536123468e-27	6.864875516192356e-22
5.912634175862811e-6	3.573238623456026e-27	6.530479049772793e-22
5.839209054389912e-6	3.356969601310502e-27	6.21237144343398e-22
5.7666957512881425e-6	3.153790186344672e-27	5.909759246917384e-22
5.695082943283865e-6	2.962908134646665e-27	5.6218876598951295e-22
5.6243594477197475e-6	2.7835791525912226e-27	5.348038649284729e-22
5.554514220808543e-6	2.6151039946653086e-27	5.087529158271618e-22
5.485536355908534e-6	2.4568257369468322e-27	4.839709402572518e-22
5.417415081820434e-6	2.308127215605105e-27	4.60396124968977e-22
5.350139761105409e-6	2.168428620435157e-27	4.37969667711426e-22
5.283699888423983e-6	2.0371852340425744e-27	4.1663563056310805e-22
5.2180850888956e-6	1.9138853078633632e-27	3.9634080040697213e-22
5.153285116478534e-6	1.7980480667369897e-27	3.770345562018577e-22
5.0892898523699244e-6	1.689221834251923e-27	3.586687427193126e-22
5.0260893034256754e-6	1.5869822715539991e-27	3.4119755043084567e-22
4.963673600599986e-6	1.4909307227502872e-27	3.2457740124602e-22
4.902032997404252e-6	1.4006926604568183e-27	3.087668398163789e-22
4.841157868385121e-6	1.3159162254289876e-27	2.937264301340948e-22
4.781038707621418e-6	1.2362708545803228e-27	2.794186571674212e-22
4.721666127239762e-6	1.1614459920399328e-27	2.6580783328760317e-22
4.663030855948607e-6	1.0911498782227617e-27	2.528600092538461e-22
4.605123737590492e-6	1.0251084121909398e-27	2.4054288953431753e-22
4.5479357297122645e-6	9.630640828703192e-28	2.2882575175196325e-22
4.4914579021530555e-6	9.047749649547497e-28	2.176793700542196e-22
4.435681435649803e-6	8.50013775582911e-28	2.0707594221547706e-22
4.380597620460076e-6	7.985669881094386e-28	1.9698902029047383e-22
4.3261978550020275e-6	7.502339995147477e-28	1.873934446456475e-22
4.272473644511199e-6	7.048263482070901e-28	1.782652812038988e-22
4.219416599714035e-6	6.621669791668651e-28	1.6958176174624078e-22
4.167018435517861e-6	6.220895535678172e-28	1.613212271214267e-22
4.115270969717124e-6	5.844378001831678e-28	1.534630732219067e-22
4.064166121715718e-6	5.490649060476675e-28	1.4598769959136135e-22
4.013695911265146e-6	5.158329439996142e-28	1.3887646053562479e-22
3.963852457218385e-6	4.846123348706887e-28	1.3211161861505536e-22
3.914627976299194e-6	4.552813422265671e-28	1.2567630040234822e-22
3.866014781886731e-6	4.277255976881789e-28	1.195544543954404e-22
3.818005282815255e-6	4.018376549827316e-28	1.1373081098052866e-22
3.7705919821887235e-6	3.7751657098563904e-28	1.0819084434533784e-22
