1.0	1.0	0.9999999999999999
0.9097447380151295	0.45485337223463584	0.6971122602210075
0.8252360071482213	0.2086441112847194	0.4823276185558305
0.7480997028690604	0.09780973041261519	0.33253606954370574
0.678134166694245	0.04769109881055276	0.22894612931334626
0.6147411597159982	0.024542355853867128	0.1575804569087251
0.557298234160068	0.013352370894477638	0.10848269893329972
0.5052357126362285	0.0075869740699101565	0.07471074189179035
0.4580427132432346	0.004427701002816159	0.051472782663028904
0.41526041024539156	0.0026196210877138166	0.03547508577465813
0.37647509942167195	0.0015598096128168141	0.024456337281900026
0.34131274379844684	0.0009318673570390981	0.016863725418737274
0.3094346747299599	0.0005582398739292681	0.011630176197195514
0.2805340307003405	0.00033550124736062985	0.008021792572583999
0.25433268044503177	0.00020245854486778273	0.005533440512836289
0.23057849717018725	0.00012275923371516523	0.0038172251144377315
0.20904291307503048	7.481831186561275e-5	0.0026334302454414866
0.18951871243643262	4.583382262484379e-5	0.001816821300241465
0.17181803479041927	2.8211722086570294e-5	0.0012534736507615976
0.15577056616735555	1.743726814586167e-5	0.0008648246581274977
0.14122189987393613	1.0814929627982243e-5	0.0005966899630982016
0.1280320506181396	6.725919503435171e-6	0.0004116950674731556
0.11607410750996434	4.191547338917169e-6	0.00028405841364152274
0.10523301290926454	2.6160504377039038e-6	0.00019599444848853644
0.0954044553433612	1.6344397076277394e-6	0.00013523317677220938
0.08649386583091048	1.0218583707697707e-6	9.330942022678062e-5
0.07841550795008731	6.391453646456034e-7	6.438282068973489e-5
0.071091652893867	3.998680647961473e-7	4.4423868380136344e-5
0.06445183157406333	2.5020070550915756e-7	3.0652385763836514e-5
0.058432156577616065	1.5655997206922946e-7	2.1150150137396255e-5
0.0529747074509331	9.796538939778767e-8	1.459364126309957e-5
0.04802697339751578	6.129895562692782e-8	1.006965829956536e-5
0.04354134802655399	3.835455019137836e-8	6.94810710970007e-6
0.03947467129102221	2.3997329950034187e-8	4.794229887158308e-6
0.035787814207864796	1.5013853740726488e-8	3.308047076971512e-6
0.03244530236450514	9.393053674259151e-9	2.2825741753394925e-6
0.02941497458911101	5.876372796205132e-9	1.574992316460724e-6
0.02666767350038982	3.676227001307635e-9	1.0867564943529195e-6
0.024176964959427744	2.299789224387869e-9	7.498704961615357e-7
0.02191888372417838	1.4386939625948767e-9	5.174167309222075e-7
0.019871702859324644	9.000052554264024e-10	3.570218663718105e-7
0.018015724682808563	5.630139065319192e-10	2.4634813859051844e-7
0.01633309123754623	3.522017900017142e-10	1.699823595810908e-7
0.014807612464713866	2.203246098724769e-10	1.1728932950781902e-7
0.013424610425312879	1.3782688106762342e-10	8.093068584293824e-8
0.012170778071135976	8.62193244250573e-11	5.5842903786209495e-8
0.011034051206248837	5.3935568369338273e-11	3.8532111723991e-8
0.010003492407018949	3.374006924786864e-11	2.658750997226693e-8
0.009069185783786638	2.1106528101481905e-11	1.8345626666884608e-8
0.008222141571590222	1.3203460536382784e-11	1.2658652038468917e-8
0.00745420963193079	8.259597468081321e-12	8.734587374664815e-9
0.0067580010333029355	5.166900751977491e-12	6.026946578604776e-9
0.006126816955950559	3.232224102794649e-12	4.158649363992935e-9
0.0055545842367793865	2.0219615733459297e-12	2.8695069326664036e-9
0.005035796934248578	1.264865655769201e-12	1.979986648294661e-9
0.004565463350987179	7.91254069414787e-13	1.3662093486701918e-9
0.004139058004394544	4.9497988693597e-13	9.426972719321617e-10
0.0037524780830927446	3.0964150960959183e-13	6.504699723376286e-10
0.0034020039702611416	1.9370053493028058e-13	4.4883039519581365e-10
0.003084263454014295	1.211720561976775e-13	3.096971941235635e-10
0.0027961992804605654	7.580086192930081e-14	2.1369397820997817e-10
0.0025350397372415727	4.7418282099038737e-14	1.4745085664737949e-10
0.002298271984511532	2.966316526370918e-14	1.017424796273017e-10
0.002083617876750951	1.8556205292058815e-14	7.020326931024392e-11
0.0018890120427756355	1.1608092140855796e-14	4.844091725480383e-11
0.0017125820130299717	7.261603390457363e-15	3.34246893833027e-11
0.00155263020295215	4.542596937314972e-15	2.306335069591438e-11
0.0014076175790578298	2.84168465573641e-15	1.59139293749743e-11
0.0012761488505796442	1.777655334944102e-15	1.0980761288520771e-11
0.001156959044178604	1.1120370033065678e-15	7.57682881284293e-12
0.0010489013325511983	6.956502040254315e-16	5.228083318165931e-12
0.0009509359998207845	4.351736541635472e-16	3.607426784744804e-12
0.0008621204375398346	2.722289279477855e-16	2.4891584972200005e-12
0.0007816000750460082	1.7029658965846122e-16	1.7175428351669223e-12
0.0007086001569052222	1.0653139866568031e-16	1.1851207527354299e-12
0.0006424182883254572	6.664219715565494e-17	8.177444953939986e-13
0.0005824176768143314	4.16889527215083e-17	5.642514135358705e-13
0.0005280210050526376	2.607910383273289e-17	3.8933879658820975e-13
0.0004787048760295061	1.6314145892748478e-17	2.686474414102654e-13
0.00043399477699107895	1.0205540725346382e-17	1.853692681550815e-13
0.0003934605137465257	6.3842178557287034e-18	1.279065432394558e-13
0.00035671207140094735	3.993736219445783e-18	8.825672112793024e-14
0.0003233958616877298	2.4983372047234184e-18	6.089796993707593e-14
0.0002931913207927157	1.5628695652509287e-18	4.2020173595104134e-14
0.000265807824934943	9.776747804647641e-19	2.8994316081374875e-14
0.00024098189402610957	6.115980486560321e-19	2.0006351548401926e-14
0.00021847465650277372	3.825936606032281e-19	1.3804571253595993e-14
0.0001980695509382687	2.3933678248495824e-19	9.525284359868238e-15
0.00017957024231956778	1.4972045109615459e-19	6.572536044190729e-15
0.0001627987329398151	9.365970931948932e-20	4.535111858200256e-15
0.00014759364972979797	5.859013304973452e-20	3.129269954320217e-15
0.00013380869154931046	3.66518721420746e-20	2.1592257817093024e-15
0.00012131122149846588	2.2928088086031793e-20	1.4898861538041294e-15
0.00010998099070437916	1.4342984206880425e-20	1.0280354977806253e-15
9.970898130367685e-5	8.972453140822171e-21	7.093541892496896e-16
9.039635748817744e-5	5.612842781084521e-21	4.894610807660894e-16
8.195351452085332e-5	3.51119182133269e-21	3.3773276202046843e-16
7.429921657184168e-5	2.19647485010549e-21	2.330387910801523e-16
6.735981507888547e-5	1.3740353739295657e-21	1.6079896372333237e-16
6.106854011138027e-5	8.595469275346422e-22	1.1095280152602192e-16
5.536485791963323e-5	5.377015283988456e-22	7.655847949173613e-17
5.019388848776417e-5	3.363666652526852e-22	5.282607290204031e-17
4.5505877486026676e-5	2.1041884301557796e-22	3.645048852567472e-17
4.1255717541749505e-5	1.3163043211434643e-22	2.5151180861505358e-17
3.7402514222635405e-5	8.234324649977081e-23	1.7354552005066792e-17
3.3909192556371174e-5	5.1510962436391416e-23	1.1974804561078502e-17
3.07421403005362e-5	3.222339856532941e-23	8.262728086226438e-18
2.7870884530403887e-5	2.0157794884592055e-23	5.701360308531977e-18
2.5267798432809763e-5	1.2609988787671994e-23	3.933992384658854e-18
2.2907835484898817e-5	7.888353767644628e-24	2.7144918484455087e-18
2.0768288460057796e-5	4.934669349140825e-24	1.873024976869348e-18
1.8828570942222082e-5	3.0869510043066633e-24	1.2924048992766432e-18
1.7070019246318922e-5	1.9310851100188246e-24	8.91771569681102e-19
1.5475712838953782e-5	1.208017133065802e-24	6.153307937293981e-19
1.403031153145335e-5	7.556919092843742e-25	4.2458405110079252e-19
1.271990787875983e-5	4.727335781311559e-25	2.9296699967930226e-19
1.1531893363979815e-5	2.9572506089728846e-25	2.021499928661401e-19
1.045483708103454e-5	1.8499492248559825e-25	1.3948540163403037e-19
9.47837574811329e-6	1.157261452296781e-25	9.624624266938154e-20
8.593113993655097e-6	7.239409876648882e-26	6.641081517819626e-20
7.790533955424753e-6	4.52871347767692e-26	4.5824088819581897e-20
7.062913322858229e-6	2.832999666042825e-26	3.161905347059245e-20
6.403251034092752e-6	1.7722223203919782e-26	2.1817445106491508e-20
5.8051999127489385e-6	1.1086383067890337e-26	1.5054242892422206e-20
5.263005596305681e-6	6.935241031205591e-27	1.038756957828297e-20
4.771451168445374e-6	4.338436428398746e-27	7.167520978287523e-21
4.325806962629801e-6	2.7139692129756616e-27	4.945657074740325e-21
3.921785053923829e-6	1.6977611659273228e-27	3.4125500260165626e-21
3.555498001193767e-6	1.0620580965878401e-27	2.3546917030589358e-21
3.2234214427036794e-6	6.643852051543989e-28	1.6247594831384111e-21
2.9223601852098487e-6	4.156154001802744e-28	1.1210993671141088e-21
2.649417460267488e-6	2.5999399072540734e-28	7.735691368398017e-22
2.4019670519382525e-6	1.6264285487015919e-28	5.337700002556249e-22
2.177628027715365e-6	1.0174349863437344e-28	3.6830633437214416e-22
1.9742418295308975e-6	6.364705982704722e-29	2.541348443593363e-22
1.7898515044181626e-6	3.9815302982505745e-29	1.7535543945406805e-22
1.6226828749896183e-6	2.4907016221903606e-29	1.2099690706973981e-22
1.4711274685552927e-6	1.5580930210445642e-29	8.348900704775734e-23
1.333727040628163e-6	9.746867471394928e-30	5.76082022807649e-23
1.2091595439038596e-6	6.0972884302662855e-30	3.97502028994448e-23
1.0962264077102174e-6	3.814243531161766e-30	2.742801490048599e-23
9.938410055313557e-7	2.386053059716255e-30	1.892558896578085e-23
9.010181996424556e-7	1.4926286581515734e-30	1.3058834881095958e-23
8.168648622551916e-7	9.337346049631898e-31	9.010719230987616e-24
7.405712819696429e-7	5.8411066124473994e-31	6.2174812530347286e-24
6.714033728467856e-7	3.653985434043304e-31	4.290120704116238e-24
6.086956111383724e-7	2.2858013794421004e-31	2.9602237476636266e-24
5.518446317124284e-7	1.4299148260363556e-31	2.0425823049276763e-24
5.003034225600774e-7	8.945030955478844e-32	1.4094010548008558e-24
4.535760615240758e-7	5.59568845203654e-32	9.725000204308053e-25
4.112129446066054e-7	3.5004606924335596e-32	6.7103418612919155e-25
3.7280645994378505e-7	2.1897618433014973e-32	4.630199172176832e-25
3.3798706582250046e-7	1.3698359592335817e-32	3.19488109803984e-25
3.0641973500279114e-7	8.569199253103558e-33	2.2044980898334516e-25
2.778007311335701e-7	5.3605817064749185e-33	1.5211244734775843e-25
2.5185468624481113e-7	3.353386399713616e-33	1.049590233025453e-25
2.283319511962477e-7	2.0977574751265218e-33	7.242271598877531e-26
2.0700619358898177e-7	1.3122813478413991e-33	4.9972357079504334e-26
1.8767222002744923e-7	8.209158381326117e-34	3.4481397693902145e-26
1.7014400177785788e-7	5.135353134489688e-34	2.379248961647805e-26
1.5425288482626569e-7	3.2124915357831004e-34	1.6417042231740063e-26
1.3984596711373266e-7	2.009618734526151e-34	1.1327913975512456e-26
1.2678462733453596e-7	1.2571449335115577e-34	7.816367481136062e-27
1.1494319114175363e-7	7.864244877406685e-35	5.393367281233917e-27
1.0420772192663768e-7	4.91958769774167e-35	3.721474291029202e-27
9.447492453682864e-8	3.077516467639822e-35	2.567852359504577e-27
8.565115138514433e-8	1.925183204466908e-35	1.771842346488343e-27
7.76515013858636e-8	1.204325114011135e-35	1.2225879300221978e-27
7.039900304859884e-8	7.533823154454306e-36	8.4359720242514e-28
6.38238738696026e-8	4.712887796016438e-36	5.8209002597187585e-28
5.7862848894477577e-8	2.9482124709429138e-36	4.0164760784161844e-28
5.2458571991816215e-8	1.844295291980044e-36	2.77140637508001e-28
4.755904398069147e-8	1.1537245559957536e-36	1.9122965370337386e-28
4.3117122301960636e-8	7.217284330203676e-37	1.3195026461774866e-28
3.9090067419290474e-8	4.514872534549332e-37	9.104692706132698e-29
3.543913158543957e-8	2.8243412716778287e-37	6.28232383718582e-29
3.212918601696537e-8	1.7668059414436992e-37	4.334862698736528e-29
2.9128382890084274e-8	1.1052500156492552e-37	2.991096145931061e-29
2.6407848905457348e-8	6.914045105001732e-38	2.0638845509019946e-29
2.3941407473425554e-8	4.3251770221343975e-38	1.4240998054330353e-29
2.1705326846600652e-8	2.7056746070786133e-38	9.826422969967343e-30
1.9678091776379373e-8	1.6925723599117304e-38	6.78032452615501e-30
1.784019649629254e-8	1.0588121668593271e-38	4.678487870966531e-30
1.617395704030447e-8	6.623546686936381e-39	3.228200755634532e-30
1.4663341090216041e-8	4.1434516987236905e-39	2.2274889678246452e-30
1.329381371498749e-8	2.5919938049983196e-39	1.5369883961275624e-30
1.2052197517706775e-8	1.6214577539830245e-39	1.0605364892728602e-30
1.0926545844557449e-8	1.0143254366124458e-39	7.3178017993693175e-31
9.906027835820964e-9	6.345253762126699e-40	5.049352258644931e-31
8.980824212890513e-9	3.969361691278026e-40	3.4841006809011994e-31
8.142032798573917e-9	2.483089380952476e-40	2.4040623297519503e-31
7.381582861615422e-9	1.5533310777264428e-40	1.658825681190545e-31
6.692157461271602e-9	9.717078473048213e-41	1.1446053650618926e-31
6.067123044751977e-9	6.078653508277105e-41	7.897884971181479e-32
5.5004656201209715e-9	3.802586196682062e-41	5.44961511818891e-32
4.986732890525977e-9	2.37876065209305e-41	3.7602858290237216e-32
4.520981792975311e-9	1.488066791196861e-41	2.594632686767745e-32
4.098730936891712e-9	9.308808656787489e-42	1.7903210248757765e-32
3.7159174848119008e-9	5.823254649677747e-42	1.2353383923892435e-32
3.3688580603444495e-9	3.642817890586667e-42	8.523951417130501e-33
3.05421330724793e-9	2.2788153674015704e-42	5.881606870573755e-33
2.768955758621833e-9	1.4255446290973478e-42	4.058364212454165e-33
2.5103407070522e-9	8.917692581060194e-43	2.800309582629759e-33
2.275879795428686e-9	5.578586551909726e-43	1.9322400228406358e-33
2.063317074327638e-9	3.4897623610891757e-43	1.3332638394791404e-33
1.8706072955887636e-9	2.1830693534199337e-43	9.199646237786617e-34
1.6958962332292842e-9	1.3656493791611338e-43	6.347842669571301e-34
1.5375028423462066e-9	8.543009519516812e-44	4.3800713110165065e-34
1.3939030843422271e-9	5.34419835458685e-44	3.0222905147845318e-34
1.2637152628438964e-9	3.3431375662079536e-44	2.0854089596173064e-34
1.1456867292163424e-9	2.0913461748660857e-44	1.438951850451804e-34
1.0386818297569165e-9	1.3082706698450434e-44	9.928903481351897e-35
9.416709785973725e-10	8.184069027627123e-45	6.851037045544541e-35
8.537207511756111e-10	5.1196581405359175e-45	4.7272801762630186e-35
7.73984902957785e-10	3.2026733141515596e-45	3.2618679064686183e-35
7.016962269941898e-10	2.0034768095091677e-45	2.250719619428366e-35
6.361591719635093e-10	1.2533027669431165e-45	1.5530177648315837e-35
5.767431496772874e-10	7.84020967036846e-46	1.0715969048579445e-35
5.228764676503918e-10	4.904552139884406e-46	7.394119710057893e-36
4.740408283575283e-10	3.0681107654247522e-46	5.102012336804418e-36
4.2976634224843597e-10	1.9192993367050062e-46	3.5204366314892494e-36
3.896270065377093e-10	1.200644378745661e-46	2.4291344783564102e-36
3.5323660626680595e-10	7.510797803371086e-47	1.6761257001929622e-36
3.2024499819884613e-10	4.698483967589041e-47	1.1565425413368748e-36
2.903347417903679e-10	2.9392019558538716e-47	7.980252613321117e-37
2.6321804482373125e-10	1.8386586390180136e-47	5.506449568107039e-37
2.386339943114804e-10	1.1501984693846774e-47	3.7995021354953815e-37
2.1634604602882266e-10	7.195226405274535e-48	2.6216923080976713e-37
1.961397485188626e-10	4.5010738930000525e-48	1.8089924188034056e-37
1.7782067967129566e-10	2.815709339652618e-48	1.2482218302966013e-37
1.6121257602061548e-10	1.761406116379634e-48	8.612848353779203e-38
1.4615563676420937e-10	1.1018720800217099e-48	5.942946595283491e-38
1.325049861818464e-10	6.892913959143373e-49	4.1006892010230626e-38
1.2012927966217727e-10	4.311958140115269e-49	2.829514223925989e-38
1.089094399236328e-10	2.697405351686269e-49	1.9523915007755452e-38
9.873751126981833e-11	1.6873994122566379e-49	1.3471685493107783e-38
8.951562085521288e-11	1.0555761575486088e-49	9.29559004703304e-39
8.115503696662059e-11	6.603303380880991e-50	6.414044802835305e-39
7.357531525929215e-11	4.1307882172344746e-50	4.425751407347146e-39
6.670352473292264e-11	2.584071988127648e-50	3.0538102120797074e-39
6.04735459999771e-11	1.6165021513246333e-50	2.1071578480256974e-39
5.482543509438191e-11	1.0112253904855559e-50	1.4539587885759536e-39
4.970484669923973e-11	6.325860992666918e-51	1.0032452769772154e-39
4.506251124394792e-11	3.9572302747788315e-51	6.922487031168774e-40
4.0853760839423195e-11	2.47550040473213e-51	4.776581340216784e-40
3.703809949004884e-11	1.548583688163419e-51	3.2958861745754727e-40
3.3578813446985586e-11	9.68738051773945e-52	2.274192545261824e-40
3.044261795372084e-11	6.060075539525801e-52	1.5692143050391072e-40
2.7599336984892854e-11	3.79096449009196e-52	1.0827726703571062e-40
2.5021612896882045e-11	2.3714905319914136e-52	7.471233546032708e-41
2.268464319646933e-11	1.4835188665110642e-52	5.155221610918094e-41
2.056594189478672e-11	9.280358481744262e-53	3.5571515324653743e-41
1.8645123150342232e-11	5.805457247215962e-53	2.4544681063026747e-41
1.6903705119362977e-11	3.63168447808901e-53	1.6936061424073385e-41
1.5324932126132586e-11	2.271850706456853e-53	1.1686042113297522e-41
1.3893613442271238e-11	1.4211877886331078e-53	8.063479273855721e-42
1.2595977123715586e-11	8.890437759926031e-54	5.563876748819436e-42
1.141953749903883e-11	5.561536919701426e-54	3.839127431805369e-42
1.0352975034102523e-11	3.4790967266677534e-54	2.6490341362733885e-42
9.3860274171149e-12	2.1763973175530208e-54	1.8278585381162353e-42
8.50939081613168e-12	1.361475594381866e-54	1.2612396305562793e-42
7.714630358913192e-12	8.516899828665121e-55	8.702672403331158e-43
6.994098973787705e-12	5.327865074544309e-55	6.0049260366404426e-43
6.340863810619375e-12	3.332920055841266e-55	4.143455600111958e-43
5.7486395339138745e-12	2.084954469230632e-55	2.8590234426441335e-43
5.211727846217455e-12	1.3042722495387147e-55	1.972753140004167e-43
4.7249626599122535e-12	8.159056353611939e-56	1.361218272417192e-43
4.283660389858658e-12	5.104011114624221e-56	9.392534461552195e-44
3.883574888607647e-12	3.192885099595502e-56	6.480937363174602e-44
3.5208565905761604e-12	1.9973536558353574e-56	4.471907904871426e-44
3.1920154720765533e-12	1.249472343049324e-56	3.085658630691628e-44
2.893887470806857e-12	7.816247921263756e-57	2.1291335572429412e-44
2.623604041694965e-12	4.8895625346585414e-57	1.4691222351974484e-44
2.3785645561674155e-12	3.0587338095170056e-57	1.013708198158503e-44
2.1564112792724832e-12	1.9134334515952295e-57	6.994682174119095e-45
1.955006683891024e-12	1.1969748927781866e-57	4.826396669753423e-45
1.7724128837556631e-12	7.487842823835178e-58	3.3302592217838084e-45
1.6068729873857432e-12	4.684124161061249e-58	2.2979102720213662e-45
1.4567941935282902e-12	2.9302189792760402e-58	1.5855797601944436e-45
1.3207324654517189e-12	1.833039213154462e-58	1.0940649887633621e-45
1.1973786366305295e-12	1.146683159424516e-58	7.54915160805904e-46
1.0855458141318758e-12	7.17323589518317e-59	5.208985808592292e-46
9.841579585011875e-13	4.487317423739621e-59	3.59424933593196e-46
8.92239530264137e-13	2.8071037890889e-59	2.4800659405786607e-46
8.089061034250706e-13	1.756022794605514e-59	1.7112688894810586e-46
7.333558556463246e-13	1.0985044682565886e-59	1.1807916733949651e-46
6.648618532281488e-13	6.871847395641444e-60	8.147573911553394e-47
6.027650566564119e-13	4.2987796584869137e-60	5.621902841960583e-47
5.464679794184725e-13	2.689161369319949e-60	3.8791659833397717e-47
4.954289390732411e-13	1.682242274494274e-60	2.6766611144515253e-47
4.49156845260054e-13	1.0523500383360486e-60	1.8469214136200964e-47
4.07206474497324e-13	6.583121943709375e-61	1.2743931944434539e-47
3.691741863057538e-13	4.11816343868549e-61	8.793433234717244e-48
3.3469403943726105e-13	2.5761743824192188e-61	6.067551866298103e-48
3.0343427084052587e-13	1.6115616942953233e-61	4.1866680132246883e-48
2.7509410348426825e-13	1.0081348189174658e-61	2.888840415245259e-48
2.494008523235868e-13	6.306527492626694e-62	1.993327132314592e-48
2.261073005633821e-13	3.9451359350889e-62	1.3754145211528354e-48
2.0498932097364196e-13	2.4679346224251934e-62	9.490489916732444e-49
1.8584371936922768e-13	1.5438508078753273e-62	6.548527551105572e-49
1.684862795044295e-13	9.657773327216844e-63	4.518545772013563e-49
1.5274999057054606e-13	6.041554349948127e-63	3.1178391988798534e-49
1.384834402417231e-13	3.779378302503165e-63	2.151338452800471e-49
1.255493578071671e-13	2.3642426312947661e-63	1.4844438225552867e-49
1.1382329337196101e-13	1.4789848414829116e-63	1.0242802379393557e-49
1.0319242041793946e-13	9.25199525794151e-64	7.067630245697819e-50
9.355445020303675e-14	5.7877142383112946e-64	4.87673152714483e-50
8.481664755361157e-14	3.6205850922370895e-64	3.3649907481118064e-50
7.689493857984377e-14	2.2649073313533564e-64	2.321875352754431e-50
6.971310172876754e-14	1.416844263822722e-64	1.6021158919244037e-50
6.320203439136899e-14	8.863266236715457e-65	1.105475075615826e-50
5.729908800714623e-14	5.54453939566709e-65	7.627882283471416e-51
5.194746526860292e-14	3.4684636892388654e-65	5.26331071716694e-51
4.709567362566313e-14	2.1697456731878935e-65	3.6317340352081457e-51
4.269702983170467e-14	1.3573145657899868e-65	2.5059307366122384e-51
3.8709210764023964e-14	8.490869935916778e-66	1.729115842685338e-51
3.509384619679072e-14	5.311581713314526e-66	1.1931062394275852e-51
3.1816149608212146e-14	3.322733772881785e-66	8.232545578613851e-52
2.8844583469585845e-14	2.0785822983338245e-66	5.680534093633665e-52
2.615055579570047e-14	1.300286049459683e-66	3.919622099968698e-52
2.37081450368353e-14	8.134120124927248e-67	2.7045762164831052e-52
2.1493850665309062e-14	5.0884119101516174e-67	1.8661830973002436e-52
1.94863670567571e-14	3.1831268004054e-67	1.2876839378473051e-52
1.7666378490455024e-14	1.9912492161345495e-67	8.885140617706341e-53
1.601637329621109e-14	1.2456536259414708e-67	6.130830825489145e-53
1.4520475359575328e-14	7.792359405585758e-68	4.230331091875373e-53
1.3164291364132514e-14	4.8746187416207105e-68	2.918968351317978e-53
1.1934772301066198e-14	3.049385512060281e-68	2.0141156923532375e-53
1.0820087913458546e-14	1.907585494177848e-68	1.3897588236446247e-53
9.809512867246983e-15	1.1933166217278893e-68	9.589466956793633e-54
8.893323553590808e-15	7.464958000772572e-69	6.616822642239365e-54
8.06270452969494e-15	4.669808241890518e-69	4.565670029013869e-54
7.309663697877682e-15	2.9212634570444617e-69	3.1503553806575515e-54
6.626955406747674e-15	1.827436961738831e-69	2.17377492490004e-54
6.00801073458046e-15	1.1431785931789789e-69	1.499925199911223e-54
5.446874284091355e-15	7.151312593892034e-70	1.034962534325939e-54
4.938146880452843e-15	4.4736029978783906e-70	7.141339098254821e-55
4.476933621205119e-15	2.798524539357965e-70	4.927591330586473e-55
4.05879677820332e-15	1.7506559256829276e-70	3.400084492165444e-55
3.679713098430788e-15	1.0951471488014432e-70	2.3460903671344058e-55
3.3360350928328293e-15	6.850845217115221e-71	1.6188244802279546e-55
3.0244559406977035e-15	4.285641453775078e-71	1.1170041591305744e-55
2.741977671899751e-15	2.680942582738615e-71	7.707434047076597e-56
2.4858823208587943e-15	1.6771008983054354e-71	5.318202184338628e-56
2.253705774663303e-15	1.0491337789948952e-71	3.6696096652597267e-56
2.0432140637276896e-15	6.563002186333885e-72	2.5320652785678614e-56
1.85238186685585e-15	4.105577244790339e-72	1.7471489231199093e-56
1.6793730238897155e-15	2.568300913877329e-72	1.205549235004546e-56
1.522522868438314e-15	1.6066363366060535e-72	8.31840342164296e-57
1.3803222106953767e-15	1.0050536929514212e-72	5.73977681508299e-57
1.2514028162304517e-15	6.287253080863028e-73	3.960500136510246e-57
1.134524241032522e-15	3.9330785588917065e-73	2.732782447233687e-57
1.0285618961347988e-15	2.4603919631449405e-73	1.885645662542252e-57
9.324962269802096e-16	1.5391323925179934e-73	1.3011132914234335e-57
8.454029034129872e-16	9.628256624079249e-74	8.977804423957025e-58
7.664439259058548e-16	6.023089766011939e-74	6.194769725751085e-58
6.948595624481918e-16	3.767827525360229e-74	4.274449536089142e-58
6.299610385130776e-16	2.3570168820947387e-74	2.9494104939239584e-58
5.711239097671109e-16	1.4744646736313806e-74	2.035121057863239e-58
5.177820537561698e-16	9.22371871963329e-75	1.4042527239564268e-58
4.6942222275597e-16	5.770025456722678e-75	9.689476235922078e-59
4.255791053757235e-16	3.6095196290364967e-75	6.685829988065017e-59
3.858308493983581e-16	2.2579851770359285e-75	4.6132857484691115e-59
3.497950027787015e-16	1.4125140139700354e-75	3.183210676164333e-59
3.1712483374449546e-16	8.836177756848018e-76	2.1964453886709927e-59
2.8750599459277737e-16	5.52759382055037e-76	1.5155680337272816e-59
2.6065349708115343e-16	3.457863149177498e-76	1.0457562371927656e-59
2.363089703116112e-16	2.163114358002738e-76	7.215816666032692e-60
2.142381747226194e-16	1.3531662543992188e-76	4.978981554780572e-60
1.942287482695039e-16	8.464919597387704e-77	3.43554423154088e-60
1.7608816310716684e-16	5.295348118332428e-77	2.3705579217382705e-60
1.596418731146436e-16	3.3125786218903024e-77	1.635707323667796e-60
1.447316344372423e-16	2.0722296024723393e-77	1.1286534803328324e-60
1.3121398288676242e-16	1.296312032259705e-77	7.787815462065686e-61
1.1895885354955463e-16	8.109260107935924e-78	5.3736661187899854e-61
1.0784832932048765e-16	5.072860380963161e-78	3.707880303133442e-61
9.777550632139481e-17	3.1733983251519906e-78	2.558472379646232e-61
8.86434652872181e-17	1.9851634332119e-78	1.765370071919789e-61
8.036433902267465e-17	1.2418465798405282e-78	1.2181219995273168e-61
7.285846695664614e-17	7.768543899513793e-79	8.405156682637172e-62
6.605362865953461e-17	4.8597206207567804e-79	5.799637383373278e-62
5.988434894859796e-17	3.0400657854667943e-79	4.001804493199215e-62
5.4291267895087836e-17	1.9017554096611062e-79	2.7612828429067845e-62
4.92205696714885e-17	1.1896695313190246e-79	1.905311204355181e-62
4.4623464743306384e-17	7.442143119766577e-80	1.3146827007478493e-62
4.04557204231336e-17	4.655536075945507e-80	9.071434628080102e-63
3.6677235270043725e-17	2.9123353052514116e-80	6.259375449659456e-63
3.325165323925139e-17	1.8218518322814756e-80	4.3190280949080273e-63
3.014601386943906e-17	1.1396847378124403e-80	2.9801701199469896e-63
2.7330435141903117e-17	7.12945629599331e-81	2.056345489925317e-63
2.4777825960035327e-17	4.459930486920645e-81	1.4188977822552653e-63
2.2463625482658514e-17	2.789971510077532e-81	9.790528519417371e-64
2.0365566803118574e-17	1.7453054593276226e-81	6.755557016740784e-64
1.8463462700287147e-17	1.0918000902002595e-81	4.661398055878549e-64
1.673901140000154e-17	6.829907226787238e-82	3.216408622043025e-64
1.5175620478006208e-17	4.2725434028828804e-82	2.2193522844302345e-64
1.3758247210015058e-17	2.672748914937302e-82	1.531374007845143e-64
1.2473253832765607e-17	1.6719752355185956e-82	1.056662508406477e-64
1.1308276323407592e-17	1.0459273493907828e-82	7.291070966020832e-65
1.025210543464002e-17	6.5429439202448116e-83	5.030907731525425e-65
9.294578840933675e-18	4.0930295176241446e-83	3.471373783231118e-65
8.42648335808549e-18	2.5604515087324348e-83	2.395280650327193e-65
7.639466295275294e-18	1.6017260321092602e-83	1.6527662395639743e-65
6.925955086667026e-18	1.0019819837191735e-83	1.1404242931905709e-65
6.2790844292612016e-18	6.26803757678657e-84	7.869035180935952e-66
5.69263022592944e-18	3.921058033217074e-84	5.429708490825727e-66
5.160949698040352e-18	2.452872356221305e-84	3.746550068395857e-66
4.678927091449016e-18	1.5344283978827748e-84	2.585154882387133e-66
4.2419244534408525e-18	9.598830131773362e-85	1.7837812504642363e-66
3.845737007012635e-18	6.004681614715478e-85	1.230825886366085e-66
3.4865526931083815e-18	3.7563120504395026e-85	8.492814699978439e-67
3.160915491531261e-18	2.3498132166905223e-85	5.860122242076147e-67
2.8656921676105948e-18	1.4699583206052882e-85	4.043539616160795e-67
2.5980421246651012e-18	9.195528601885897e-86	2.790080471370709e-67
2.3553900721871096e-18	5.7523907367171486e-86	1.9251818395971008e-67
2.1354012467649045e-18	3.598487984810671e-86	1.328393626472586e-67
1.9359589473224506e-18	2.251084178648258e-86	9.166041308712362e-68
1.7551441685237887e-18	1.4081969985032792e-86	6.324654951568701e-68
1.5912171363776208e-18	8.809172066521373e-87	4.364071566902182e-68
1.442600568380305e-18	5.510700035581686e-87	3.011250540445738e-68
1.3078644971287578e-18	3.4472950071631245e-87	2.077791273201179e-68
1.1857125113782197e-18	2.156503309866222e-87	1.4336955749792666e-68
1.0749692821583135e-18	1.3490306213424423e-87	9.892634684851276e-69
9.745692539254641e-19	8.439048569939233e-88	6.826011233893766e-69
8.835463919395589e-19	5.279164137499241e-88	4.710012130195666e-69
8.010248872155759e-19	3.3024545077193197e-88	3.249952791820378e-69
7.262107296145455e-19	2.065896322125336e-88	2.242498077944927e-69
6.583840679913338e-19	1.2923501607046893e-88	1.5473448236674046e-69
5.968922838896807e-19	8.084476069714934e-89	1.0676825219509113e-69
5.411437121405689e-19	5.057356381350608e-89	7.367110098818449e-70
4.906019479444264e-19	3.1636995826854584e-89	5.083375450310885e-70
4.447806856607129e-19	1.979096250047374e-89	3.507577004036872e-70
4.032390396444641e-19	1.2380511690768193e-89	2.4202612141300424e-70
3.655773021075501e-19	7.744801179911227e-90	1.6700030641895072e-70
3.3143309718739365e-19	4.844868032480534e-90	1.1523178647494923e-70
3.0047789421814784e-19	3.0307745424164464e-90	7.951101946422237e-71
2.7241384665552525e-19	1.8959431434207024e-90	5.4863353330153556e-71
2.469709262398646e-19	1.1860335873806e-90	3.785623123576824e-71
2.239043248227614e-19	7.419397967055807e-91	2.612115658975421e-71
2.0299209885800897e-19	4.641307529504813e-91	1.8023844405878917e-71
1.8403303389247817e-19	2.9034344402456064e-91	1.243662263005443e-71
1.668447085093715e-19	1.8162837724531732e-91	8.581386909439405e-72
1.5126173909539022e-19	1.136201560589628e-91	5.92123790196372e-72
1.37134188543215e-19	7.10766679670695e-92	4.0857099978891563e-72
1.2432612357806189e-19	4.446299762763377e-92	2.819178432488811e-72
1.1271430682711606e-19	2.7814446211109835e-92	1.9452597072029592e-72
1.0218701104712196e-19	1.739971345409024e-92	1.3422475444829306e-72
9.264294410079727e-20	1.0884632610931597e-92	9.261634649601487e-73
8.399027433834678e-20	6.809033228481415e-93	6.390615258360762e-73
7.61457470064366e-20	4.259485383089649e-93	4.409584800686419e-73
6.903388318284155e-20	2.6645802891463874e-93	3.0426551010101525e-73
6.258625352902995e-20	1.6668652381094486e-93	2.0994607161794435e-73
5.674081987283597e-20	1.0427307194814377e-93	1.448647695007347e-73
5.1441338286022805e-20	6.522946957508535e-94	9.995805723238552e-74
4.6636817913233563e-20	4.080520139622423e-94	6.897200223427811e-74
4.228103034525977e-20	2.552626093440437e-94	4.759133204385645e-74
3.833206481588674e-20	1.5968307347984102e-94	3.2838467962917237e-74
3.475192494248367e-20	9.98919662440695e-95	2.265885260697903e-74
3.1506163130233706e-20	6.248880800359865e-95	1.5634822003407189e-74
2.8563549122293736e-20	3.909074245440075e-95	1.078817464053474e-74
2.5895769506721125e-20	2.4453757312001987e-95	7.443942249506511e-75
2.347715528886549e-20	1.5297387798961355e-95	5.136390358920019e-75
2.1284434907966323e-20	9.569493574591044e-96	3.544157790981724e-75
1.929651032151721e-20	5.986329723585679e-96	2.445502302129846e-75
1.7494254002912494e-20	3.744831769848058e-96	1.6874196529680464e-75
1.5860324899116597e-20	2.3426315675881973e-96	1.1643354752694142e-75
1.4379001577527065e-20	1.465465740182877e-96	8.034024592438028e-76
1.3036030956594201e-20	9.167424640575249e-97	5.543552740842489e-76
1.1818491164704963e-20	5.734809913068223e-97	3.825103674617525e-76
1.0714667207778807e-20	3.5874900561998883e-97	2.6393576115501818e-76
9.713938249266901e-21	2.2442042715322299e-97	1.8211816447940943e-76
8.806675417978929e-21	1.4038931769746726e-97	1.2566325111915828e-76
7.984149160458939e-21	8.782248912708809e-98	8.670882845199124e-77
7.238445246468117e-21	5.493857882476662e-98	5.982990941709457e-77
6.562388619391117e-21	3.436759164178758e-98	4.128320177731032e-77
5.949474358865517e-21	2.149912466836888e-98	2.8485798584531455e-77
5.393805091366634e-21	1.3449076278713196e-98	1.965546968414816e-77
4.890034246521282e-21	8.413256611175743e-99	1.3562459460562878e-77
4.4333146131708376e-21	5.2630296191810155e-99	9.358224940702213e-78
4.0192517001973815e-21	3.2923613355121108e-99	6.457263470201463e-78
3.6438614533574575e-21	2.0595823979538726e-99	4.455572695442122e-78
3.3035319212808355e-21	1.2884003976743398e-99	3.074387182121593e-78
2.9949885017900187e-21	8.059767778053103e-100	2.1213561514241335e-78
2.7152624341455176e-21	5.041899766051027e-100	1.4637557518306836e-78
2.4616622340537936e-21	3.1540304821345595e-100	1.0100052740220111e-78
2.231747796589578e-21	1.9730476097952003e-100	6.969131648339894e-79
2.0233069178545945e-21	1.2342673580896834e-100	4.808766565988671e-79
1.8343340094674286e-21	7.721131024323409e-101	3.3180942839096557e-79
1.6630108010784071e-21	4.830060837632367e-101	2.2895163501558633e-79
1.5076888452318436e-21	3.02151169585601e-101	1.5797878749408536e-79
1.3668736562399257e-21	1.8901486409992807e-101	1.0900685333128263e-79
1.2392103304547563e-21	1.182408755846061e-101	7.521575688528841e-80
1.123470509578858e-21	7.396722329532188e-102	5.189958164037063e-80
1.0185405615769773e-21	4.627122469255719e-102	3.581120081731619e-80
9.234108654676047e-22	2.8945607786314264e-102	2.4710066313532415e-80
8.3716609689400955e-22	1.8107327300846353e-102	1.7050178806735946e-80
7.5897642100393675e-22	1.1327290288753168e-102	1.176478418362081e-80
6.88089507897112e-22	7.085943891878767e-103	8.117812045026368e-81
6.23823293814333e-22	4.4327106976951005e-103	5.601366873361013e-81
5.65559418417339e-22	2.7729437925666206e-103	3.8649959713232334e-81
5.127372750139033e-22	1.7346535339497692e-103	2.666883672517133e-81
4.648486164802648e-22	1.0851366302161102e-103	1.840174886470447e-81
4.2143266497985133e-22	6.788223026621251e-104	1.2697380270810326e-81
3.8207167842471125e-22	4.246467272049782e-104	8.761312140869311e-82
3.4638693102077215e-22	2.6564366288308797e-104	6.0453880085963e-82
3.1403506922231207e-22	1.6617708582004693e-104	4.171374742374346e-82
2.8470480803315414e-22	1.0395438593164088e-104	2.878287914121642e-82
2.5811393586686747e-22	6.503011110765841e-105	1.9860458070144895e-82
2.340065991471668e-22	4.068048993580011e-105	1.370390338022709e-82
2.1215084052132306e-22	2.5448245946820186e-105	9.45582257928401e-83
1.9233636699962605e-22	1.5919503988075866e-105	6.524606761304798e-83
1.7437252654625558e-22	9.95866700423925e-106	4.50204020144461e-83
1.5808647365260738e-22	6.229782572095734e-106	3.106450199516719e-83
1.43321506242482e-22	3.897127083280006e-106	2.143479935825755e-83
1.2993555790707597e-22	2.437902017842868e-106	1.4790213717259546e-83
1.1779983096227548e-22	1.525063494619249e-106	1.0205386957258407e-83
1.0679755717572505e-22	9.54024667766686e-107	7.041813251544937e-84
9.68228742395637e-23	5.968033920676655e-107	4.858917557689067e-84
8.777980717841004e-23	3.733386576022758e-107	3.3526989411767463e-84
7.958134489184908e-23	2.335471867500147e-107	2.313393890040352e-84
7.214860294604428e-23	1.4609868902714388e-107	1.5962636026596632e-84
6.541006455897556e-23	9.139406572384562e-108	1.1014369408279029e-84
5.930089247617135e-23	5.717282821054419e-108	7.600018772582299e-85
5.376230511590116e-23	3.5765257401603415e-108	5.24408463186167e-85
4.874101098118691e-23	2.237345391227362e-108	3.618467855018702e-85
4.41886958966261e-23	1.3996025090600647e-108	2.4967769471629354e-85
4.006155813629271e-23	8.755408043156994e-109	1.7227996416323145e-85
3.6319886969782704e-23	5.477067203434716e-109	1.1887480011304114e-85
3.2927680571234615e-23	3.426255521510054e-109	8.202473323320677e-86
2.985229961490015e-23	2.143341767162608e-109	5.6597839538580524e-86
2.706415322421095e-23	1.3407972353559475e-109	3.905304307820759e-86
2.453641425258817e-23	8.387543479442514e-110	2.6946968048642738e-86
2.2244761156467473e-23	5.246944412207281e-110	1.859366210106615e-86
2.01671439768787e-23	3.282299010701886e-110	1.282980221390945e-86
1.828357217788811e-23	2.053287770800377e-110	8.852684530531376e-87
1.6575922300515186e-23	1.2844627061618118e-110	6.108435819232234e-87
1.5027763581397343e-23	8.035135001448971e-111	4.214878326341954e-87
1.3624199858330253e-23	5.026490390245472e-111	2.908305797358782e-87
1.2351726241521467e-23	3.1443909329057855e-111	2.0067584295586331e-87
1.1198099171468553e-23	1.967017455783352e-111	1.3846822429270948e-87
1.0152218613177293e-23	1.2304951114271455e-111	9.554438071050293e-88
9.204021253209433e-24	7.6975332109755785e-112	6.592652380705198e-88
8.344383671917241e-24	4.815298897477996e-112	4.5489923205960065e-88
7.565034559202005e-24	3.01227715899833e-112	3.138847604555169e-88
6.85847512914891e-24	1.884371848105928e-112	2.1658344508550134e-88
6.217906967779405e-24	1.178795002752972e-112	1.4944461979304062e-88
5.637166619682329e-24	7.374115994738988e-113	1.0311819712845425e-88
5.1106662841257365e-24	4.6129807622929626e-113	7.11525285670935e-89
4.633340050035889e-24	2.885714237268133e-113	4.909591577890444e-89
4.200595152524031e-24	1.8051986531660164e-113	3.387664493042403e-89
3.808267781958224e-24	1.129267110134026e-113	2.33752045060159e-89
3.452583020381431e-24	7.064287377978537e-114	1.612911156994043e-89
3.1301185197897735e-24	4.4191631643946534e-114	1.1129239103282869e-89
2.8377715727885695e-24	2.7644689447969243e-114	7.679279945516428e-90
2.572729258784671e-24	1.7293519751252446e-114	5.298775588729657e-90
2.3324413784660425e-24	1.0818201664006313e-114	3.6562051310696364e-90
2.1145959161480143e-24	6.767476426227987e-115	2.5228160235532406e-90
1.9170967938883867e-24	4.233488947791608e-115	1.7407668499264421e-90
1.7380437033246768e-24	2.648317857689706e-115	1.2011455443091999e-90
1.5757138211783098e-24	1.6566920480604586e-115	8.288017540515599e-91
1.4285452324949596e-24	1.0363667390367817e-115	5.71881027052386e-91
1.2951219021218098e-24	6.483136193230142e-116	3.94603302302068e-91
1.1741600498194466e-24	4.055615962649967e-116	2.722800002480823e-91
1.0644957979116465e-24	2.5370469393619498e-116	1.878757681514395e-91
9.650739726205136e-25	1.5870849784110506e-116	1.2963605195509415e-91
8.749379513350068e-25	9.928230690644911e-117	8.945009849784133e-92
7.932204581247318e-25	6.210742713055548e-117	6.172141160273201e-92
7.19135218934736e-25	3.8852164347993165e-117	4.2588356124904606e-92
6.519693961687877e-25	2.4304511461252204e-117	2.9386367393797856e-92
5.910767298677798e-25	1.5204024982475693e-117	2.027687065616224e-92
5.358713194886527e-25	9.511089166975389e-118	1.399123199193068e-92
4.858219864530028e-25	5.9497940345679945e-118	9.654082031269154e-93
4.404471632226241e-25	3.72197636172918e-118	6.66140765303777e-93
3.9931025972539715e-25	2.3283340493443883e-118	4.596434106963622e-93
3.6201546254793513e-25	1.4565217289069107e-118	3.1715828845910556e-93
3.2820392647542083e-25	9.11147413480181e-119	2.1884221028191348e-93
2.9755032173417257e-25	5.699809296457693e-119	1.5100318908187206e-93
2.697597037150013e-25	3.565594933963143e-119	1.0419362463723073e-93
2.4456467505828242e-25	2.2305074734701686e-119	7.189458369093103e-94
2.2172281279473086e-25	1.395324954558538e-119	4.960794081296742e-94
2.01014335786195e-25	8.728649206383503e-120	3.4229947033037883e-94
1.8223999002291833e-25	5.4603278411375224e-120	2.3618986288951182e-94
1.6521913142989997e-25	3.41578398074434e-120	1.6297323299368083e-94
1.4978798773539036e-25	2.1367911492799675e-120	1.124530678305924e-94
1.3579808267747063e-25	1.3366994052844773e-120	7.759367739242271e-95
1.231148073866546e-25	8.361908933823321e-121	5.354036921740115e-95
1.1161612519856064e-25	5.230908365869549e-121	3.694335972038317e-95
1.0119139743454779e-25	3.272267439010857e-121	2.5491266634486574e-95
9.174031885214245e-26	2.047012381688069e-121	1.75892143960032e-95
8.317195252231348e-26	1.2805370492733609e-121	1.2136723824072837e-95
7.540385484732179e-26	8.01057750910859e-122	8.374453904847976e-96
6.836128230019122e-26	5.011128109557566e-122	5.7784521771287055e-96
6.197647225316127e-26	3.1347808446824907e-122	3.98718650108441e-96
5.618799097535541e-26	1.9610057315129953e-122	2.7511962904795086e-96
5.094014252619204e-26	1.2267343937455756e-122	1.8983513880500998e-96
4.6182432856994395e-26	7.674007518770743e-123	1.3098803618565656e-96
4.1869083964462e-26	4.800582073707126e-123	9.038298036802688e-97
3.7958593421257394e-26	3.003070845321474e-123	6.236510889153754e-97
3.441333504557459e-26	1.878612710615648e-123	4.303251332514389e-97
3.119919686738862e-26	1.1751922942426888e-123	2.9692840050985004e-97
2.8285252907949295e-26	7.3515787508687494e-124	2.048833968008609e-97
2.564346561442813e-26	4.59888227611744e-124	1.4137147612886057e-97
2.324841608658728e-26	2.8768947332690724e-124	9.754765185916236e-98
2.107705949974982e-26	1.799681489846418e-124	6.730879979326869e-98
1.9108503370786235e-26	1.1258157719297054e-124	4.644370667324058e-98
1.732380653362406e-26	7.042697052098042e-125	3.2046595633483973e-98
1.5705796890051636e-26	4.405657035929979e-125	2.2112453231209267e-98
1.423890618224037e-26	2.7560199983977837e-125	1.5257801280817652e-98
1.2909020197190157e-26	1.724066619263107e-125	1.0528026786116559e-98
1.1703342961786662e-26	1.0785138385734983e-125	7.264437776400765e-99
1.0610273621774533e-26	6.746793232918738e-126	5.0125305794994445e-99
9.619294819993725e-27	4.2205502887162124e-126	3.4586933750110092e-99
8.720871499870203e-27	2.6402238996549743e-126	2.3865310490613778e-99
7.906359160462657e-27	1.6516287601040905e-126	1.6467289321696153e-99
7.1679206803084e-27	1.0331993288748945e-126	1.1362584941482316e-99
6.498450909759364e-27	6.463322018685696e-127	7.840290774650844e-100
5.891508306246404e-27	4.043220930342438e-127	5.40987457938915e-100
5.341252954676188e-27	2.529293054608384e-127	3.732864482443163e-100
4.8423903766017914e-27	1.582234428022807e-127	2.5757116990056055e-100
4.3901205875068335e-27	9.897887398454414e-128	1.777265364868589e-100
3.980091912039634e-27	6.191761044847553e-128	1.2263298638511964e-100
3.608359112814154e-27	3.8733421884025726e-128	8.46179172058806e-101
3.271345429899029e-27	2.4230230462371807e-128	5.838716093706811e-101
2.9658081657440754e-27	1.5157557471104346e-128	4.0287691718961105e-101
2.6888074844073343e-27	9.482020769328731e-129	2.7798887255221797e-101
2.4376781248732852e-27	5.931609894363201e-129	1.9181494388392345e-101
2.2100037562918086e-27	3.710601020060648e-129	1.3235412036243079e-101
2.0035937283876595e-27	2.3212180462439645e-129	9.132559133408074e-102
1.8164619933362243e-27	1.4520702142534805e-129	6.301551934825116e-102
1.64680799629485e-27	9.083627066117258e-130	4.348130267455429e-102
1.4929993507211669e-27	5.682389175561882e-130	3.0002508934787853e-102
1.3535561317827907e-27	3.554697535193375e-130	2.0702014130519656e-102
1.2271366367318383e-27	2.223690454193575e-130	1.4284584998933385e-102
1.1125244752326076e-27	1.391060473392044e-130	9.856498372829134e-103
1.0086168654274003e-27	8.701972151674527e-131	6.801076837782648e-103
9.144140231269025e-28	5.443639638747579e-131	4.692807161712853e-103
8.29009542029429e-28	3.405344443769739e-131	3.238081201300382e-103
7.515816724088733e-28	2.130260551813716e-131	2.234306568520469e-103
6.813854143561432e-28	1.3326140992627667e-131	1.5416926049071666e-103
6.177453494963796e-28	8.336352734138261e-132	1.0637824376980387e-103
5.600491422097665e-28	5.2149213299199383e-132	7.340199149641269e-104
5.077416478256035e-28	3.26226652644937e-132	5.064806641570836e-104
4.603195710995297e-28	2.0407561718204145e-132	3.4947643508764655e-104
4.1732662357852365e-28	1.2766233902279992e-132	2.411420362608168e-104
3.783491332585418e-28	7.986095070943382e-133	1.6639027932578502e-104
3.4301206429154475e-28	4.9958127800522115e-133	1.1481086202725834e-104
3.1097540844410146e-28	3.1252001274240704e-133	7.922057762541088e-105
2.8193091358670193e-28	1.955012380657979e-133	5.466294572210187e-105
2.5559911773576784e-28	1.2229851698093653e-133	3.771794809608924e-105
2.3172666011033864e-28	7.650553727287663e-134	2.602573991917278e-105
2.1008384333080243e-28	4.785910228432185e-134	1.7958006003265407e-105
1.9046242330349813e-28	2.9938926685679595e-134	1.2391193511303124e-105
1.7267360552577127e-28	1.8728711745688746e-134	8.550040389041036e-106
1.56546228532219e-28	1.171600596560055e-134	5.899608507247424e-106
1.4192511700350267e-28	7.329110386761402e-135	4.070785511539544e-106
1.2866958869157496e-28	4.584826878635039e-135	2.8088803961488494e-106
1.1665210079517132e-28	2.868102184000934e-135	1.9381539650035372e-106
1.0575702276118192e-28	1.794181188433426e-135	1.3373445153482672e-106
9.587952370397535e-29	1.1223749819254463e-135	9.227803286148259e-107
8.692456373758109e-29	7.021172711949257e-136	6.36727129850108e-107
7.880597951547306e-29	4.3921921857569915e-136	4.393477248217128e-107
7.14456551791488e-29	2.747596874207784e-136	3.031540737889649e-107
6.477277073848945e-29	1.718797416842832e-136	2.091791700802347e-107
5.872312065192402e-29	1.0752176157564582e-136	1.4433560020676363e-107
5.323849604987339e-29	6.726173252904745e-137	9.95929254287408e-108
4.826612465731619e-29	4.207651173596341e-137	6.872005784606094e-108
4.375816302649156e-29	2.63215467889129e-137	4.741748803979953e-108
3.967123619407407e-29	1.6465809468914794e-137	3.2718513960526464e-108
3.596602033346822e-29	1.0300415991540658e-137	2.2576083213995807e-108
3.260686438656216e-29	6.443568401485888e-138	1.5577710341617922e-108
2.9561447034335523e-29	4.0308637805236095e-138	1.0748767055257495e-108
2.680046570574155e-29	2.5215628677721988e-138	7.4167506439967095e-109
2.4297354632551196e-29	1.5773987021961866e-138	5.117627894663482e-109
2.2028029237323367e-29	9.867636843369795e-139	3.531211513688499e-109
1.9970654395038724e-29	6.172837389625208e-139	2.436569248696065e-109
1.810543433864359e-29	3.8615042328353925e-139	1.6812557618475806e-109
1.6414422187005094e-29	2.415617648582027e-139	1.1600823322622e-109
1.488134726258273e-29	1.5111231976706477e-139	8.004677504557531e-110
1.3491458537291597e-29	9.453041212373901e-140	5.523302973420963e-110
1.2231382700215814e-29	5.913481329688091e-140	3.8111311441131153e-110
1.108899548151983e-29	3.6992604444372216e-140	2.6297164337216834e-110
1.0053304994454762e-29	2.3141237915263122e-140	1.8145291411626735e-110
9.114345972993108e-30	1.4476323046032012e-140	1.2520422209435124e-110
8.263083887461534e-30	9.055865105421028e-141	8.63920940955903e-111
7.491328015585972e-30	5.665022295151184e-141	5.961135972393102e-111
6.791652632531071e-30	3.5438334417491246e-141	4.113240042779896e-111
6.1573255616358455e-30	2.2168942695263097e-141	2.8381744231101508e-111
5.582243398370793e-30	1.3868090256050206e-141	1.9583671198903777e-111
5.060872784250748e-30	8.6753766290825e-142	1.3512917828584373e-111
4.588197165649393e-30	5.427002439906701e-142	9.324040747390339e-112
4.159668525236356e-30	3.394936812774219e-142	6.433676054411638e-112
3.7711636216036584e-30	2.1237499135761804e-142	4.439297156084905e-112
3.418944316025456e-30	1.3285412790140172e-142	3.0631569064640705e-112
3.0996216046208113e-30	8.310874640941512e-143	2.1136071553032747e-112
2.8101230098421307e-30	5.198983154569785e-143	1.4584088714234467e-112
2.5476630175347613e-30	3.2522961793150465e-143	1.0063158761124757e-112
2.3097162751174216e-30	2.0345190825805882e-143	6.943674454802406e-113
2.093993293000144e-30	1.2727216923571561e-143	4.7912008623509526e-113
1.8984184154422485e-30	7.961687457568006e-144	3.305973782730538e-113
1.721109848889095e-30	4.980544258234216e-144	2.2811530900290376e-113
1.5603615556231187e-30	3.115648691365117e-144	1.5740171465761328e-113
1.4146268385124374e-30	1.9490373470643034e-144	1.0860866763151495e-113
1.28250345891183e-30	1.2192474044906012e-144	7.494100499700205e-114
1.1627201445226553e-30	7.627171616778784e-145	5.171000024615942e-114
1.0541243573922607e-30	4.771283224187037e-145	3.568038786729343e-114
9.556712043583205e-31	2.9847425427439305e-145	2.4619804144268095e-114
8.664133832359807e-31	1.8671471861709534e-145	1.698789705864538e-114
7.854920680114588e-31	1.1680198760530764e-145	1.1721809190034547e-114
7.121286453407304e-31	7.3067106919022154e-146	8.088158894137706e-115
6.456172228430776e-31	4.5708144381553425e-146	5.580905919577255e-115
5.853178371053624e-31	2.8593365070829523e-146	3.8508777202371006e-115
5.306502960454177e-31	1.788697697392605e-146	2.6571419461128964e-115
4.810885963866517e-31	1.1189447078831665e-146	1.8334530033734537e-115
4.361558625296035e-31	6.999714155862374e-147	1.2650998643473723e-115
3.954197581229978e-31	4.378768487718337e-147	8.729308380563602e-116
3.5848832618508624e-31	2.7391994933074404e-147	6.023305112145254e-116
3.2500621774951806e-31	1.7135443184952374e-147	4.156137335550602e-116
2.946512727483105e-31	1.071931467065934e-147	2.867773959703255e-116
2.6713142023366108e-31	6.705616292989502e-148	1.9787910793045444e-116
2.421818681129793e-31	4.194791481575238e-148	1.3653845074806427e-116
2.1956255535716945e-31	2.6241101197950288e-148	9.421281876424097e-117
1.9905584216767584e-31	1.641548561127727e-148	6.500773350564438e-117
1.8046441587740816e-31	1.0268935202883163e-148	4.4855949232514474e-117
1.6360939243642384e-31	6.423875156551521e-149	3.0951028024615198e-117
1.483285952151344e-31	4.018544397414613e-149	2.1356501248358824e-117
1.3447499456392514e-31	2.513856306426315e-149	1.4736187282969016e-117
1.2191529311485436e-31	1.572577755623424e-149	1.0168108208053292e-117
1.105286432134065e-31	9.837478741962026e-150	7.016090563002795e-118
1.002054841396105e-31	6.153971570085542e-150	4.841168659994151e-118
9.084648793043178e-32	3.849702457183444e-150	3.3404520343703873e-118
8.23616036602901e-32	2.4082348837757537e-150	2.3049434088385465e-118
7.46691909839081e-32	1.5065048065240795e-150	1.5904326909305914e-118
6.769523460456262e-32	9.42415022459033e-151	1.0974135567412108e-118
6.137263210946501e-32	5.8954081706891924e-151	7.572257042922873e-119
5.564054831992366e-32	3.6879545286046964e-151	5.224928776564822e-119
5.044382994393861e-32	2.3070512187226363e-151	3.605250134197437e-119
4.5732474899098716e-32	1.4432079583755917e-151	2.4876565951347154e-119
4.146115119968219e-32	9.028187992600667e-152	1.7165065127151982e-119
3.758876077876086e-32	5.647708492508641e-152	1.1844056828246157e-119
3.4078044048466776e-32	3.533002551840534e-152	8.172510917469491e-120
3.089522139355629e-32	2.2101188557923126e-152	5.639109611233448e-120
2.800966814877402e-32	1.3825705713640238e-152	3.891038816421888e-120
2.539361993269532e-32	8.648862389423771e-153	2.684853481255565e-120
2.3021905502811383e-32	5.4104160887346e-153	1.852574223980332e-120
2.0871704561426855e-32	3.3845609902446954e-153	1.2782936869059051e-120
1.892232818201294e-32	2.1172591735666916e-153	8.820347000579015e-121
1.7155019743309527e-32	1.324480906378412e-153	6.086122618577082e-121
1.5552774455792828e-32	8.285474415519036e-154	4.199482007445286e-121
1.4100175744017947e-32	5.18309369048821e-154	2.897682192111314e-121
1.278324691053054e-32	3.242356304191882e-154	1.999428041742462e-121
1.1589316654079048e-32	2.0283010555309094e-154	1.3796242061981528e-121
1.0506897148162776e-32	1.268831919104328e-154	9.519537140577164e-122
9.525573506805153e-33	7.937354440298164e-155	6.568570409514274e-122
8.635903574007508e-33	4.965322401046943e-155	4.5323755333476846e-122
7.829327072671884e-33	3.1061264470145583e-155	3.1273818646343413e-122
7.098083238836729e-33	1.9430805747495854e-155	2.1579229821717184e-122
6.43513614871386e-33	1.215521062768725e-155	1.4889872099227461e-122
5.834107020034118e-33	7.603860968168148e-156	1.0274152180733844e-122
5.289212836314899e-33	4.75670092392567e-156	7.089261904294983e-123
4.7952107035010634e-33	2.9756203821183505e-156	4.89165757559359e-123
4.3473474035867255e-33	1.8614406917916454e-156	3.375289862314911e-123
3.9413136598301004e-33	1.1644500991726123e-156	2.3289818386895887e-123
3.573202673507813e-33	7.284379456419876e-157	1.607019434243739e-123
3.2394725332552625e-33	4.556844823390431e-157	1.1088585660634126e-123
2.9369121353010545e-33	2.8505976203861382e-157	7.651228686670115e-124
2.6626102866848835e-33	1.7832309653470262e-157	5.279419955563195e-124
2.4139276941744235e-33	1.1155249176633138e-157	3.642849561634154e-124
2.1884715693625917e-33	6.978321182783957e-158	2.5136005546811054e-124
1.9840726055990552e-33	4.3653858160422486e-158	1.7344080894899407e-124
1.7987641052312918e-33	2.730827777018475e-158	1.1967579396360316e-124
1.630763056320519e-33	1.7083072750020342e-158	8.257742654458406e-125
1.4784529767553287e-33	1.0686553617127397e-158	5.697920313609986e-125
1.3403683606915607e-33	6.68512216056697e-159	3.931618755728668e-125
1.2151805776642573e-33	4.1819710921655114e-159	2.7128540221026854e-125
1.1016850886949884e-33	2.616090146993628e-159	1.871894861249009e-125
9.987898563897397e-34	1.6365315556624803e-159	1.291625108841856e-125
9.055048375109908e-34	1.0237550627820854e-159	8.912335069276154e-126
8.209324569230064e-34	6.404242099369011e-160	6.149595253553931e-126
7.442589712520049e-34	4.006262665590415e-160	4.243278724214811e-126
6.747466391635725e-34	2.5061732983649992e-160	2.9279023397464264e-126
6.1172662292085146e-34	1.5677715431352187e-160	2.020280228628842e-126
5.54592552923311e-34	9.807412811668279e-161	1.394012411814969e-126
5.027946933050042e-34	6.135163409467448e-161	9.618817116341718e-127
4.558346524545393e-34	3.837936750871353e-161	6.637074529140497e-127
4.132605875621374e-34	2.4008746826464e-161	4.579644021979196e-127
3.7466285705261395e-34	1.501900530399248e-161	3.1599975675978766e-127
3.3967007907261704e-34	9.395347535287251e-162	2.1804281248281386e-127
3.0794555810744726e-34	5.877390248032129e-162	1.504515970610568e-127
2.7918404534487617e-34	3.676683166633608e-162	1.038130209405859e-127
2.531088016146478e-34	2.3000002615672883e-162	7.163196355062225e-128
2.2946893464368546e-34	1.438797134117256e-162	4.942673043928005e-128
2.0803698500645394e-34	9.000595468338675e-163	3.410491016612697e-128
1.88606737542835e-34	5.630447605414584e-163	2.3532709671510553e-128
1.709912371852932e-34	3.522204763988837e-163	1.6237791619625185e-128
1.5502099010390268e-34	2.2033641495101307e-163	1.1204229362569845e-128
1.4054233286091002e-34	1.3783450709573483e-163	7.731023931687205e-129
1.274159538830707e-34	8.622429184276249e-164	5.334479427205473e-129
1.1551555302557743e-34	5.3938804298273855e-164	3.6808411163549565e-129
1.0472662633009522e-34	3.3742168789661044e-164	2.539815085751823e-129
9.494536428401928e-35	2.1107882709710178e-164	1.752496363168336e-129
8.607765298016284e-35	1.3204329433127635e-164	1.2092390190717806e-129
7.803816856617661e-35	8.260151819886377e-165	8.343863279704989e-130
7.074955627062071e-35	5.167252788800721e-165	5.7573443572677735e-130
6.414168610639608e-35	3.2324468079493623e-165	3.972621906304175e-130
5.81509780900192e-35	2.0221020324122927e-165	2.7411465827166994e-130
5.271979048409662e-35	1.264954034024735e-165	1.891416994910997e-130
4.77958651767559e-35	7.913095791148487e-166	1.3050955651895832e-130
4.3331824861552694e-35	4.9501470658709655e-166	9.005282488527427e-131
3.9284717179790986e-35	3.0966333051548327e-166	6.213729849461144e-131
3.561560143905893e-35	1.937142007902539e-166	4.287532200269504e-131
3.2289173931444987e-35	1.21180610973021e-166	2.958437655596183e-131
2.927342824629989e-35	7.58062156304933e-167	2.0413498845558022e-131
2.653934730912204e-35	4.742163191020909e-167	1.4085506731208213e-131
2.4060624183408733e-35	2.9665261012221918e-167	9.719132490512961e-132
2.1813408949068246e-35	1.8557516379646104e-167	6.706293083432582e-132
1.977607922189321e-35	1.1608912324720498e-167	4.62740547726827e-132
1.79290321060662e-35	7.2621164710844535e-168	3.1929534222044933e-132
1.6254495577894405e-35	4.542917903453617e-168	2.2031679753263905e-132
1.4736357485934504e-35	2.84188544203251e-168	1.520206681922877e-132
1.3360010522171414e-35	1.7777809410767775e-168	1.0489569481966498e-132
1.211221167258565e-35	1.1121155792245607e-168	7.237901873831194e-133
1.0980954794762836e-35	6.956993592275026e-169	4.9942205564558585e-133
9.955355096505166e-36	4.352044045341333e-169	3.4460592864218733e-133
9.025544403914643e-36	2.722481646903061e-169	2.3778134087777936e-133
8.182576211232454e-36	1.7030862372953497e-169	1.6407136781544314e-133
7.418339598837615e-36	1.0653892690017865e-169	1.1321079121455177e-133
6.725481191136183e-36	6.664690663619756e-170	7.811651367374329e-134
6.097334403430926e-36	4.1691898852480205e-170	5.39011311825879e-134
5.527855296994995e-36	2.6080946853448916e-170	3.7192288878850663e-134
5.011564425156235e-36	1.6315298834894917e-170	2.5663030101578394e-134
4.54349411084345e-36	1.0206261972299632e-170	1.7707732808265682e-134
4.119140648306754e-36	6.384669045988732e-171	1.2218502646327922e-134
3.7344209691037075e-36	3.9940184699787683e-171	8.430882063492369e-135
3.385633355397608e-36	2.4985137716032044e-171	5.817388138789594e-135
3.069421822556861e-36	1.562980019700323e-171	4.014052681850861e-135
2.7827438283499082e-36	9.777438770789317e-172	2.769734208593925e-135
2.5228409980381742e-36	6.116412731550056e-172	1.911142726387478e-135
2.28721258368808e-36	3.826207003661709e-172	1.3187065059495227e-135
2.0735914023313902e-36	2.39353697623342e-172	9.099199263472614e-136
1.879922021454324e-36	1.4973103261569246e-172	6.278533309939536e-136
1.704340981919305e-36	9.366632874601225e-173	4.332247199186631e-136
1.5451588680271428e-36	5.8594273929000815e-173	2.9892914265738225e-136
1.4008440522003256e-36	3.665446252918239e-173	2.0626392775244784e-136
1.2700079578811036e-36	2.2929708539971438e-173	1.4232405550578842e-136
1.1513916988460592e-36	1.4343997905014892e-173	9.820494061339505e-137
1.0438539663825674e-36	8.97308727411011e-174	6.77623352328392e-137
9.463600477792752e-37	5.613239472145141e-174	4.675665040401616e-137
8.579718704680962e-37	3.5114399770254173e-174	3.22625297592151e-137
7.778389760238608e-37	2.1966300873923306e-174	2.22614498145238e-137
7.051903371747511e-37	1.3741324847946593e-174	1.5360610328550324e-137
6.393269390879481e-37	8.596076765977095e-175	1.0598965998684853e-137
5.796150535486942e-37	5.377395308256118e-175	7.313386502128631e-138
5.254801413178691e-37	3.363904382020493e-175	5.046305661906445e-138
4.764013239974447e-37	2.1043371451607855e-175	3.4819985004179854e-138
4.3190637221289104e-37	1.3163973518901484e-175	2.4026118053920372e-138
3.915671618895438e-37	8.234906616786399e-176	1.6578248057017365e-138
3.549955549038689e-37	5.151460301087827e-176	1.1439147515349627e-138
3.2183966447384326e-37	3.222567597741617e-176	7.893119672711171e-139
2.9178046935456743e-37	2.0159219551437096e-176	5.446327017300987e-139
2.6452874426138634e-37	1.2610880007849817e-176	3.758017008399676e-139
2.3982227698548514e-37	7.888911282830344e-177	2.5930671791390104e-139
2.174233454254455e-37	4.93501811052273e-177	1.7892408098470286e-139
1.971164302591195e-37	3.087169176841041e-177	1.2345930338314732e-139
1.7870614124747545e-37	1.931221590882446e-177	8.518808372784177e-140
1.6201533721760949e-37	1.2081025105682327e-177	5.878058121468707e-140
1.4688342163566542e-37	7.557453183683402e-178	4.055915542102025e-140
1.3316479736991037e-37	4.727669889263141e-178	2.7986199769924055e-140
1.207274657759163e-37	2.957459614847636e-178	1.9310741790155236e-140
1.0945175662444563e-37	1.8500799713869145e-178	1.332459396244279e-140
9.922917665158744e-38	1.1573432426069979e-178	9.19409550359586e-141
8.99613656520592e-38	7.239921527305467e-179	6.34401261062851e-141
8.155915007135181e-38	4.5290335478582236e-179	4.377428534223181e-141
7.39416849905171e-38	2.8331998903943083e-179	3.020466973872064e-141
6.703567624789791e-38	1.7723475735184814e-179	2.0841506991891696e-141
6.077467521316705e-38	1.1087166606235024e-179	1.4380836388892386e-141
5.509843942809128e-38	6.935731184509178e-180	9.922912739685732e-142
4.995235296219763e-38	4.338743050611408e-180	6.846903377293838e-142
4.528690090608642e-38	2.7141610247630957e-180	4.7244279061837744e-142
4.1057192946041003e-38	1.6978811564572728e-180	3.2598998132130526e-142
3.7222531435837043e-38	1.0621331583317949e-180	2.2493616165201618e-142
3.3746019809799915e-38	6.644321610717296e-181	1.552080730017061e-142
3.059420756931653e-38	4.156447741070711e-181	1.0709503419983787e-142
2.7736768426912586e-38	2.600123659936256e-181	7.389658365346991e-143
2.5146208511043373e-38	1.6265434977461676e-181	5.0989339668771905e-143
2.2797601823986384e-38	1.0175068943164024e-181	3.5183125272061395e-143
2.0668350407449252e-38	6.365155813023198e-182	2.4276688263677986e-143
1.8737966908240831e-38	3.981811695859081e-182	1.6751143864976768e-143
1.698787745188322e-38	2.4908776543758728e-182	1.1558447253490295e-143
1.5401242927442858e-38	1.5582031404251095e-182	7.975437617191201e-144
1.3962796964008797e-38	9.747556338486823e-183	5.503127175365266e-144
1.2658699039851025e-38	6.097719360651053e-183	3.7972096531687614e-144
1.1476401310896e-38	3.814513105654e-183	2.620110473670997e-144
1.040452787716213e-38	2.386221695787023e-183	1.8079009381300953e-144
9.432765325473974e-39	1.4927341507897244e-183	1.2474686983378316e-144
8.55176349527288e-39	9.338005973493577e-184	8.607651672232843e-145
7.75304551270675e-39	5.841519436992166e-184	5.939360836004544e-145
7.028926227359874e-39	3.6542436821756373e-184	4.098214993301876e-145
6.372438266832628e-39	2.285962930150988e-184	2.8278069972631382e-145
5.777264997678821e-39	1.430015886327891e-184	1.9512134982766498e-145
5.2376797476603165e-39	8.945663152180142e-185	1.3463557164763327e-145
4.748490704524223e-39	5.5960839314707084e-185	9.289981423813893e-146
4.304990961126493e-39	3.500708090090854e-185	6.410174799916953e-146
3.902913226243268e-39	2.189916606344899e-185	4.423081068833955e-146
3.538388765303856e-39	1.3699327734066212e-185	3.051967653320589e-146
3.2079101759789326e-39	8.569804887620388e-186	2.1058864651040055e-146
2.9082976404559905e-39	5.360960569565369e-186	1.453081522369072e-146
2.6366683296862448e-39	3.3536234027861266e-186	1.002639955020623e-146
2.3904086652150396e-39	2.097905735692924e-186	6.91831025257798e-147
2.1671491717030264e-39	1.3123740942995653e-186	4.773699323596286e-147
1.9647416781726798e-39	8.209738569687128e-187	3.2938975559258914e-147
1.7812386486137922e-39	5.135716079383661e-187	2.2728203796381642e-147
1.614874443069983e-39	3.212718581006539e-187	1.5682674978173465e-147
1.4640483289030708e-39	2.009760765821649e-187	1.082119364444378e-147
1.3273090787721296e-39	1.2572337831627223e-187	7.466725673619023e-148
1.2033410071311641e-39	7.864800688749839e-188	5.152111136437126e-148
1.090951310890596e-39	4.919935393253274e-188	3.555005275737391e-148
9.890585924362013e-40	3.077733973400147e-188	2.4529871689181708e-148
8.966824545756289e-40	1.9253192682186563e-188	1.692584281644726e-148
8.12934067296563e-40	1.2044102305823562e-188	1.1678991177659768e-148
7.370076155712199e-40	7.53435561299696e-189	8.058614061765514e-149
6.681725459191757e-40	4.713220882859083e-189	5.560519706591454e-149
6.057665371260608e-40	2.94842083804731e-189	3.83681104100647e-149
5.491891274833778e-40	1.8444256389185463e-189	2.6474358047753513e-149
4.978959372316543e-40	1.1538060963349837e-189	1.826755674308094e-149
4.513934306161051e-40	7.217794417130009e-190	1.2604786441271173e-149
4.092341671560491e-40	4.515191626516418e-190	8.697421525198306e-150
3.710124964364731e-40	2.8245408840932863e-190	6.001302881205668e-150
3.3636065499764407e-40	1.766930811764844e-190	4.1409555886905535e-150
3.0494522776759444e-40	1.1053281300143713e-190	2.857298411184769e-150
2.764639399898939e-40	6.914533760270781e-191	1.9715628520277516e-150
2.506427487790903e-40	4.3254827072303625e-191	1.3603969624873886e-150
2.2723320631918437e-40	2.7058658326394824e-191	9.386867345575567e-151
2.060100693342085e-40	1.6926919837194088e-191	6.477026999701915e-151
1.8676913182957783e-40	1.0588869991950163e-191	4.469209717195089e-151
1.6932526025115935e-40	6.624014811014139e-192	3.083796855747281e-151
1.5351061215664074e-40	4.143744540247558e-192	2.1278489149722074e-151
1.391730212595095e-40	2.592176996084134e-192	1.4682358199146727e-151
1.2617453330676455e-40	1.6215723517131518e-192	1.0130965632532553e-151
1.1439007870278629e-40	1.0143971248154602e-192	6.9904618355871826e-152
1.0370626910754037e-40	6.345702217645465e-193	4.823484596362725e-152
9.402030643015562e-41	3.969642228861419e-193	3.328249863679312e-152
8.523899372036733e-41	2.4832648751372995e-193	2.2965237959782117e-152
7.727783844076543e-41	1.5534408605531653e-193	1.584623078648264e-152
7.006023949166004e-41	9.717765234780827e-194	1.093404869473656e-152
6.351675016623488e-41	6.079083121625076e-194	7.54459672270161e-153
5.758440994424736e-41	3.8028549472836043e-194	5.205842894736743e-153
5.220613869488997e-41	2.3789287727675356e-194	3.59208069572957e-153
4.733018745991964e-41	1.488171961421699e-194	2.4785695583857087e-153
4.290964053256831e-41	9.309466563747845e-195	1.71023637165495e-153
3.8901964041309464e-41	5.823666212521846e-195	1.1800792263568673e-153
3.526859669501766e-41	3.6430753494446055e-195	8.142657959796825e-154
3.19745787517298e-41	2.2789764243688855e-195	5.618510788884268e-154
2.898821564099827e-41	1.4256453805219782e-195	3.876825434725321e-154
2.6280773003258304e-41	8.918322845601633e-196	2.6750461138329153e-154
2.382620021192188e-41	5.578980822654435e-196	1.8458070479615464e-154
2.1600879717967353e-41	3.4900090026339766e-196	1.2736242716290316e-154
1.9583399805253988e-41	2.1832236434666525e-196	8.788127594777584e-155
1.7754348570045653e-41	1.3657458974445238e-196	6.063890924700151e-155
1.6096127142444049e-41	8.543613303054805e-197	4.184141928994315e-155
1.4592780352574644e-41	5.3445760597717637e-197	2.887097393301802e-155
1.322984321221969e-41	3.343373844936557e-197	1.992124430734479e-155
1.1994201734766378e-41	2.0914939823090874e-197	1.3745846457194035e-155
1.0873966754299571e-41	1.3083631328455682e-197	9.484763697972935e-156
9.858359529744518e-42	8.184647442779458e-198	6.544576406155278e-156
8.937608033358817e-42	5.120019976174556e-198	4.5158194447330515e-156
8.10285292567639e-42	3.202899665464901e-198	3.1159580073432305e-156
7.346062312207746e-42	2.003618406719559e-198	2.15004041289794e-156
6.659954461697738e-42	1.2533913450463086e-198	1.4835481627802136e-156
6.037927742346821e-42	7.840763783005524e-199	1.0236622242472343e-156
5.473997101852253e-42	4.904898772746807e-199	7.063365892934869e-157
4.962736480089145e-42	3.068327606430097e-199	4.8737890835195984e-157
4.4992266003344933e-42	1.9194349846100353e-199	3.3629604342590493e-157
4.079007636688756e-42	1.2007292351781873e-199	2.3204744170473367e-157
3.698036302267642e-42	7.511328634579978e-200	1.6011492330737302e-157
3.3526469452728875e-42	4.698816036430428e-200	1.1048080718919199e-157
3.0395162786138915e-42	2.9394096861334297e-200	7.623279894868706e-158
2.7556314037137205e-42	1.8387885875818862e-200	5.260135025624124e-158
2.4982608208290657e-42	1.150279760515121e-200	3.6295427780923994e-158
2.2649281469496278e-42	7.195734933240665e-201	2.5044187485357622e-158
2.053388288394276e-42	4.501392009737911e-201	1.7280725566524124e-158
1.861605838840126e-42	2.815908341999876e-201	1.1923863622252238e-158
1.6877354949334434e-42	1.761530605064137e-201	8.227578358023095e-159
1.5301043010441796e-42	1.10194995564872e-201	5.677106664578223e-159
1.3871955523257063e-42	6.893401120953009e-202	3.917257141595005e-159
1.2576342011972819e-42	4.312262890956942e-202	2.7029443729004007e-159
1.1401736268325079e-42	2.697595992811381e-202	1.8650571098376154e-159
1.0336836403516895e-42	1.6875186704624033e-202	1.286906995878459e-159
9.371396103057594e-43	1.05565076117694e-202	8.879779644844836e-160
8.496126038187379e-43	6.603770074248083e-203	6.127131703653251e-160
7.702604485281987e-43	4.131080163757394e-203	4.227778662920727e-160
6.983196293230141e-43	2.5842546193331794e-203	2.917207151266305e-160
6.330979419099425e-43	1.6166163988138668e-203	2.0129004477070103e-160
5.739678325227274e-43	1.0112968595905105e-203	1.3889202933772748e-160
5.2036035968933864e-43	6.326308077587318e-204	9.58368101886382e-161
4.7175971995834095e-43	3.957509954965364e-204	6.612830290498329e-161
4.276982849117131e-43	2.4756753625604312e-204	4.5629152686591064e-161
3.877521017109608e-43	1.5486931354648634e-204	3.1484545700315327e-161
3.5153681388342103e-43	9.688065180547042e-205	2.1724633476407912e-161
3.1870396309914763e-43	6.060503839862049e-205	1.4990201992323384e-161
2.8893763635460074e-43	3.7912324193207663e-205	1.0343380753220894e-161
2.6195142630282145e-43	2.371658138844767e-205	7.137030272233065e-162
