1.0	1.0	0.9999999999999999
1.0060575522388737	0.9785179758819357	1.0151948373992237
1.0120355136411634	0.9567182662224706	1.0300574030239293
1.0178888839395213	0.9347562671741025	1.0444881350488804
1.0235729430029405	0.9128049433610917	1.0583907191809527
1.0290436348374856	0.8910552722623465	1.0716725411224866
1.034257965290433	0.8697161853077386	1.0842451536494655
1.0391744086517367	0.8490138053656574	1.0960247568132682
1.043753317627048	0.8291897448678692	1.1069326873057335
1.047957330536255	0.8104982078384936	1.1168959109257852
1.0517517691054865	0.7932016483217393	1.1258475103959718
1.0551050199007326	0.7775647969304064	1.1337271595311238
1.0579888923247756	0.7638469961550014	1.1404815739798582
1.060378946186308	0.7522929950059882	1.1460649284518587
1.0622547821624013	0.7431226357578833	1.1504392305058608
1.0636002890144738	0.7365201800757949	1.1535746415867423
1.0644038421743176	0.7326242946972331	1.1554497370317052
1.0646584492702977	0.7315198541613827	1.1560516981664386
1.0643618392840668	0.7332326388099676	1.155376431319057
1.0635164932753554	0.7377276835185805	1.1534286105163456
1.062129615940077	0.7449115202678088	1.150221642707227
1.0602130486238746	0.7546379815455181	1.1457775564895634
1.0577831257465447	0.7667167430247187	1.1401268174031671
1.0548604778509154	0.7809234993209989	1.1333080748006592
1.0514697856253767	0.7970106260412149	1.1253678470309363
1.0476394902217396	0.8147173465301093	1.116360153089201
1.0434014659676438	0.8337787068522243	1.1063460999371206
1.0387906621338192	0.8539329752806657	1.095393435325029
1.0338447207504853	0.8749273542182266	1.0835760761192132
1.0286035775744768	0.8965220887859943	1.0709736218302237
1.0231090531997555	0.918493172654875	1.057670862246904
1.017404440998369	0.9406339014424554	1.043757286812949
1.011534098103233	0.9627555272409148	1.0293266016587612
1.0055430450302694	0.984687243835619	1.0144762580541367
0.9994765788202044	1.0062756958061454	0.9993069935233482
0.9933799037957722	1.0273841657994631	0.9839223840262897
0.9872977832129629	1.0478915583674042	0.9684284025416294
0.9812742142679687	1.0676912683518531	0.9529329762032639
0.975352128133104	1.086689997469959	0.9375455309911855
0.9695731159593695	1.1048065640684748	0.9223765100625394
0.9639771811192149	1.121970737111855	0.9075368493873579
0.9586025173839879	1.1381221153732721	0.8931373927490952
0.9534853122447967	1.1532090656142409	0.8792882277646552
0.9486595741965738	1.1671877285141274	0.8660979257927597
0.9441569825123148	1.1800210976502528	0.8536726718496012
0.9400067578335447	1.1916781744818723	0.8421152762789749
0.9362355517871485	1.2021332007262193	0.8315240681017295
0.9328673537989274	1.2113649684950527	0.8219916805818378
0.9299234133006232	1.2193562079195357	0.8136037520814144
0.9274221756092932	1.226093051614605	0.8064375787486397
0.9253792298854935	1.2315645751425477	0.8005607685326391
0.9238072677402377	1.2357624125754625	0.7960299566343861
0.9227160512515237	1.2386804462907002	0.792889648863022
0.922112389362095	1.2403145702364695	0.7911712598081984
0.922000121855119	1.240662526057775	0.7908924062561846
0.9223801103389261	1.2397238116614926	0.7920565028653178
0.9232502359124287	1.2374996620119847	0.794652687929006
0.9246054034265876	1.2339931021751027	0.7986560843030801
0.9264375525022858	1.229209072859146	0.8040283771567975
0.9287356757090676	1.2231546289270288	0.810718669152373
0.9314858445501909	1.2158392115646224	0.8186645575351742
0.934671244134283	1.2072749949749364	0.8277933680679596
0.9382722176386469	1.197477308613309	0.8380234782606936
0.9422663218787442	1.1864651360682459	0.8492656663282464
0.946628395486017	1.1742616917033144	0.8614244313252523
0.9513306413541194	1.1608950760755836	0.8743992421030534
0.9563427251326698	1.1463990108894317	0.88808568621037
0.961631891617746	1.1308136537637472	0.9023765029825023
0.9671631008988956	1.1141864922871687	0.9171624966359445
0.9728991860628295	1.0965733155669697	0.9323333344933635
0.9788010341142678	1.078039259537323	0.9477782422322302
0.9848277915459435	1.0586599193922508	0.9633866123392766
0.9909370956662464	1.0385225182477715	0.9790485440420025
0.997085332370855	1.0177271149790958	0.9946553332701107
1.0032279205243149	0.9963878254259856	1.0100999300975226
1.009319622503648	0.9746340189537598	1.0252773790296965
1.0153148797584088	0.9526114357165334	1.0400852547790267
1.02116817147533	0.9304831479057672	1.0544241030976418
1.0268343936213278	0.908430260044259	1.068197893034969
1.0322692548019023	0.8866522089839135	1.0813144838268907
1.0374296845433106	0.8653664851350045	1.0936861066316639
1.0422742488201406	0.8448075565861034	1.105229858600462
1.0467635669413726	0.825224744990546	1.115868204379634
1.050860723314352	0.8068787891944093	1.1255294781423715
1.0545316671624552	0.7900368575241065	1.1341483776810746
1.057745593010273	0.7749658535236583	1.1416664409878898
1.0604752946955924	0.761924021214794	1.1480324951277199
1.0626974858381815	0.7511511004620253	1.1532030670706324
1.0643930800998989	0.7428575912779289	1.1571427464903714
1.0655474252064647	0.737214003608584	1.1598244913285043
1.0661504855547188	0.7343412097210754	1.1612298681297166
1.0661969692754425	0.7343030829121359	1.1613492207171465
1.065686396825642	0.7371024311335951	1.160181762627093
1.0646231095016716	0.7426808189170062	1.1577355907772617
1.063016217645562	0.7509223024895705	1.1540276200100021
1.0608794897074598	0.7616605281256982	1.14908344033463
1.05823118467275	0.774688212012782	1.142937100792751
1.0550938316113154	0.7897678242042924	1.13563082579294
1.0514939612118905	0.8066423478501128	1.1272146714191549
1.047461795088006	0.8250452143494998	1.1177461305349752
1.0430308993547306	0.8447088293598888	1.1072896964210897
1.0382378094594589	0.8653714153951874	1.095916395149691
1.0331216334989755	0.8867821469947519	1.0837032968859666
1.0277236412736264	0.9087047221753565	1.070733015798833
1.022086846132443	0.9309196033356426	1.0570932072605206
1.0162555862738873	0.9532251897990378	1.0428760695314179
1.0102751116155095	0.9754381738310783	1.0281778551896394
1.004191181666673	0.9973933005164959	1.0130983952141013
0.9980496790683603	1.0189427125115194	0.9977406359201849
0.9918962426398663	1.0399550215582234	0.9822101859514891
0.9857759229290902	1.0603142139981716	0.9666148673471537
0.9797328624332248	1.079918468959895	0.9510642614622431
0.9738100018675734	1.0986789454879677	0.9356692373922444
0.9680488131345335	1.1165185779357278	0.9205414477692626
0.9624890589995353	1.1333709064856872	0.9057927746464235
0.957168578927529	1.1491789607080476	0.8915347070213763
0.952123100078707	1.1638942077526782	0.8778776317756034
0.94738607210723	1.1774755723878112	0.8649300218527469
0.94298852414924	1.1898885331037974	0.8527975097642261
0.9389589422207495	1.2011042964856327	0.8415818412778662
0.9353231651638234	1.211099050728641	0.8313797134776005
0.9321042972710669	1.2198532983187875	0.8222815130027935
0.9293226357731187	1.2273512673770595	0.8143699834663551
0.9269956114807884	1.2335804008761961	0.8077188646043387
0.9251377410223461	1.2385309228095474	0.8023915579777088
0.9237605892977332	1.2421954803793833	0.7984398831155344
0.9228727409769016	1.2445688613434691	0.7959029919847319
0.9224797800922344	1.2456477857913353	0.7948065071567065
0.9225842770095454	1.2454307717985653	0.7951619394077575
0.923185782304443	1.2439180746153562	0.7969664242371564
0.924280827317711	1.2411116992734275	0.8002027955728048
0.9258629314125529	1.237015486733053	0.8048399913512356
0.9279226162060691	1.2316352739299294	0.810833762761017
0.9304474272951722	1.2249791283100198	0.8181276396464271
0.9334219642407832	1.2170576576488579	0.8266540911069094
0.9368279198102305	1.2078843961279682	0.8363358138553618
0.940644129701745	1.1974762677701922	0.8470870814036493
0.94484663418094	1.1858541283982613	0.858815093608907
0.94940875323979	1.1730433872502817	0.8714212768583162
0.9543011770352192	1.1590747092234954	0.8848024982570979
0.9594920734669851	1.1439847983682054	0.8988521707875254
0.9649472148024294	1.1278172626356515	0.9134612390581424
0.9706301252377286	1.110623558877731	0.9285190459710796
0.9765022511907133	1.0924640155305763	0.9439140888872379
0.9825231559393055	1.0734089280420303	0.9595346795502756
0.9886507399440779	1.053539718580679	0.9752695253137823
0.9948414878179499	1.0329501464203195	0.9910082504459872
1.001050742428553	1.0117475480044071	1.0066418758810645
1.0072330060415897	0.9900540752662053	1.0220632741673707
1.0133422677436452	0.9680078863603383	1.0371676139134767
1.0193323556329037	0.9457642235113302	1.051852805075732
1.0251573114541488	0.92349628725642	1.066019953225606
1.0307717845040272	0.9013957844492244	1.0795738276816926
1.0361314407726634	0.879672989546606	1.0924233452421515
1.0411933824515038	0.8585561174576632	1.104482068322448
1.0459165721611345	0.8382897673528105	1.1156687136768757
1.0502622555746264	0.8191321706425626	1.1259076656261637
1.0541943755691496	0.8013509786034062	1.1351294858777903
1.0576799706661533	0.7852173763619191	1.143271410648143
1.0606895503483906	0.7709984316700981	1.1502778249018728
1.0631974398935	0.7589477935655464	1.1561007031268584
1.0651820876528764	0.7492951428305116	1.1607000061623285
1.0666263282345718	0.7422351265639956	1.1640440241769026
1.0675175958120544	0.7379168096522957	1.1661096569203175
1.0678480827569024	0.736434847805947	1.1668826237985002
1.06761483995201	0.7378235390498362	1.1663575980815846
1.0668198164415272	0.7420546039495153	1.1645382615693807
1.0654698374657237	0.7490390247587144	1.1614372782183857
1.063576521359125	0.7586326662163725	1.157076187480606
1.0611561372022067	0.7706448672630103	1.1514852203160109
1.0582294064553397	0.7848488648331657	1.1447030429174028
1.054821253017319	0.8009928410355057	1.1367764350347405
1.050960507195447	0.8188105406103545	1.1277599113212033
1.0466795699147855	0.8380306982653496	1.1177152952744176
1.0420140441067796	0.8583848459314949	1.1067112560573
1.0370023405896067	0.8796133618835319	1.0948228187146956
1.0316852658837092	0.901469837394017	1.082130858031587
1.0261055993065025	0.9237239650935134	1.0687215854994447
1.0203076663803599	0.946163209763002	1.0546860375774738
1.0143369150956707	0.96859352811649	1.0401195716770761
1.0082395009298049	0.9908393799709673	1.0251213740961371
1.002061885770296	1.0127432352247703	1.0097939815341659
0.995850455064847	1.0341647400162595	0.9942428148960307
0.989651156659251	1.054979667398321	0.9785757209286102
0.9835091639218423	1.0750787455938249	0.9629025139477926
0.9774685649203947	1.0943664310719143	0.9473345066579931
0.9715720786402388	1.1127596738673142	0.9319840160473196
0.9658607985310051	1.1301867078335799	0.916963827822334
0.9603739630582774	1.1465858878419897	0.902386601155262
0.9551487524244408	1.1619045883527734	0.8883641950415634
0.9502201102138368	1.1760981724906836	0.8750068987348
0.9456205884102192	1.1891290371180567	0.8624225519628496
0.941380214024764	1.200965736935853	0.8507155462846548
0.9375263754531417	1.2115821890052614	0.8399857071974695
0.9340837266407084	1.220956958018454	0.8303270673395055
0.9310741071650485	1.2290726219810983	0.8218265538371623
0.928516476433567	1.235915217580061	0.8145626265233749
0.9264268603296515	1.2414737643145202	0.8086039169264897
0.9248183088137296	1.245739866411043	0.8040079287558812
0.9237008631863377	1.2487073915844404	0.8008198671381841
0.9230815319412736	1.2503722258194547	0.799071664388747
0.9229642743719133	1.2507321035139347	0.7987812636062599
0.9233499913379923	1.2497865125272398	0.7999522078389639
0.9242365228501362	1.2475366739059695	0.8025735631523458
0.9256186523825526	1.243985596302049	0.8066201808722752
0.9274881180786356	1.2391382053457891	0.8120532805277315
0.9298336312678865	1.233001548478856	0.8188213136540369
0.9326409029633435	1.225585075978782	0.8268610522554151
0.9358926792537671	1.2169009991061823	0.8360988360378853
0.9395687867400769	1.2069647264644034	0.8464519100138566
0.9436461893856687	1.1957953797614294	0.8578297881350425
0.9480990583483578	1.1834163901818733	0.8701355877801361
0.9528988565294244	1.1698561764795357	0.8832672923187331
0.9580144397028479	1.1551489056402067	0.8971189126632467
0.9634121761645221	1.1393353364697232	0.9115815320439189
0.9690560868555899	1.1224637456304711	0.9265442299815221
0.9749080078546447	1.1045909343302207	0.9418948908641134
0.9809277769895571	1.085783311843959	0.9575209093790936
0.9870734460818765	1.0661180490160564	0.9733098093723263
0.993301519998072	1.0456842904228392	0.989149794787129
0.9995672232385173	1.024584407403559	1.0049302515772092
1.005824794247375	1.0029352649495207	1.0205422183197286
1.012027806979336	0.980869462561254	1.0358788410849142
1.0181295185229533	0.9585364915935919	1.0508358253005916
1.0240832407712652	0.936103728255762	1.0653118941737334
1.0298427332704605	0.9137571515386395	1.0792092599242644
1.0353626134941862	0.891701638905507	1.092434110823253
1.0405987799171712	0.87016065120683	1.1048971139397965
1.045508842433576	0.8493750763281988	1.1165139306877672
1.0500525539215162	0.829600967077826	1.1272057398010342
1.0541922361347658	0.8111058966601458	1.1368997603122362
1.0578931926431812	0.7941636841601164	1.1455297655102041
1.0611241012783699	0.7790473353086614	1.1530365777368905
1.0638573784976126	0.7660202196462739	1.159368533275593
1.066069508275616	0.7553257688735434	1.1644819064842136
1.067741328578509	0.7471763094659163	1.1683412827306752
1.0688582691642061	0.7417419746485349	1.1709198705663344
1.0694105353721741	0.7391408821771251	1.1721997448840056
1.069393233686282	0.7394318127080419	1.1721720144895649
1.0688064361381435	0.7426104120591124	1.1708369094942046
1.067655182017657	0.7486094801074759	1.168203786119191
1.0659494168180388	0.7573033007800245	1.1642910487979032
1.0637038698068568	0.7685153718202384	1.1591259917573091
1.0609378730243582	0.7820284648315783	1.1527445644586338
1.0576751258108243	0.7975957742433543	1.1451910672749401
1.0539434101071354	0.8149519957420417	1.1365177854905277
1.0497742627170816	0.833823435373322	1.1267845710447646
1.0452026114371682	0.853936586481589	1.1160583823477284
1.0402663824323493	0.875024932577445	1.1044127929201628
1.035006086459335	0.8968339850908373	1.091927479526515
1.0294643915196533	0.9191247275491962	1.0786876998648223
1.023685689279933	0.9416757197819632	1.0647837687546513
1.0177156621532368	0.964284137538321	1.0503105401423591
1.011600857325739	0.9867660066978774	1.035366900153916
1.005388273275076	1.008955855646837	1.0200552739155124
0.9991249634996917	1.0307059673974088	1.0044811459932657
0.9928576613017016	1.0518853724453718	0.988752591157446
0.9866324285763223	1.0723786880522643	0.9729798088619793
0.980494330692021	1.092084880903507	0.9572746514902947
0.9744871387257641	1.1109160077786113	0.9417501332434124
0.9686530595698866	1.1287959721349539	0.9265199037817412
0.9630324937680672	1.145659322293388	0.911697668688357
0.9576638203787041	1.1614501081935704	0.8973965378718668
0.9525832077101302	1.1761208075733922	0.8837282835934512
0.9478244484241368	1.1896313282092812	0.8708024923208377
0.9434188172585428	1.2019480899886907	0.8587255994691606
0.9393949494691509	1.213043188671229	0.8475998035333647
0.9357787380269398	1.2228936419420053	0.8375218661456638
0.9325932476169344	1.2314807175667708	0.8285818168297177
0.9298586435591836	1.2387893429828347	0.8208615948292811
0.9275921338981443	1.2448075954063758	0.8144336740246191
0.9258079230735492	1.2495262714403539	0.8093597288557804
0.9245171757836741	1.252938535183181	0.8056894073782335
0.9237279898724176	1.2550396439357512	0.8034592802415086
0.9234453773079093	1.2558267507613399	0.8026920302026623
0.9236712525671289	1.2552987833527547	0.8033959353857688
0.9244044279943843	1.253456398890676	0.8055646816614895
0.9256406159586884	1.250302014825095	0.8091775171846296
0.9273724378939686	1.2458399157677538	0.8141997380879022
0.9295894405649904	1.2400764369374229	0.8205834717173215
0.9322781201588243	1.2330202248412783	0.8282687054587305
0.9354219550541443	1.2246825760932936	0.8371844971779094
0.9390014483649325	1.2150778554511557	0.8472502984732057
0.9429941815863463	1.2042239942803257	0.8583773240411802
0.9473748808820286	1.1921430707057334	0.8704699082494954
0.9521154977358928	1.1788619726578757	0.8834268016870991
0.9571853058377849	1.1644131448172421	0.8971423740463446
0.9625510161705112	1.1488354200453097	0.9115077033958625
0.9681769123038614	1.132174935168301	0.926411544344778
0.9740250078674975	1.1144861298145954	0.9417411778909273
0.9800552280573908	1.0958328252001437	0.9573831534731978
0.9862256168196334	1.0762893770260575	0.9732239388772065
0.9924925710427097	1.0559418926045747	0.9891504964031596
0.9988111026695914	1.0348894964269975	1.005050804471694
1.0051351291130264	1.0132456199232078	1.0208143430496923
1.0114177917246707	0.9911392792472189	1.0363325593462291
1.0176118013400863	0.9687162885084956	1.0514993275349893
1.0236698091119527	0.9461403338459534	1.0662114131172866
1.0295447999739278	0.923593805173168	1.0803689491986652
1.0351905051742059	0.901278246986013	1.0938759286046345
1.040561829413147	0.8794142483509774	1.1066407125535485
1.0456152872498763	0.8582405485761107	1.1185765536477084
1.0503094426479387	0.8380120964626984	1.129602128322196
1.0546053448505242	0.8189967800515285	1.1396420716699647
1.058466953250966	0.8014705588728275	1.1486275057919657
1.061861543590199	0.7857108046808025	1.1564965515398746
1.0647600876998116	0.7719878113321881	1.1631948127509886
1.0671375991392038	0.7605546805185069	1.1686758218307978
1.0689734374597921	0.7516361131065619	1.1729014358138992
1.070251564468225	0.7454169843240341	1.1758421728067097
1.0709607467415485	0.7420318654554906	1.1774774799464534
1.0710946997450574	0.7415567677330555	1.1777959256427637
1.0706521701812939	0.7440042418414199	1.176795310826984
1.069636954609464	0.7493225553264163	1.1744826961314287
1.0680578538638794	0.7573990711004707	1.1708743442570289
1.0659285643089373	0.7680673181600026	1.1659955791568886
1.0632675084363787	0.7811167490518293	1.1598805659575038
1.0600976086802336	0.7963039312907501	1.1525720176539864
1.056446009543666	0.8133639431060723	1.144120836453986
1.052343754156104	0.832020975317649	1.1345856991224625
1.0478254221754157	0.8519974767771975	1.124032596726459
1.0429287364975552	0.8730215209591791	1.1125343397434286
1.0376941465267977	0.894832349339407	1.1001700395441323
1.0321643957975426	0.9171842358608782	1.0870245767752609
1.0263840815393055	0.9398489189554137	1.0731880661481894
1.0203992133651185	0.9626168822762698	1.058755325604606
1.0142567776729075	0.9852977557323078	1.043825355807678
1.0080043136173518	1.0077200749737993	1.0285008334436703
1.0016895056767818	1.029730594941123	1.012887618973891
0.9953597969466255	1.0511933106178737	0.9970942763298893
0.9890620263767218	1.0719883004929218	0.9812315987003328
0.9828420922699493	1.0920104772420358	0.9654121311537834
0.9767446435046006	1.1111683058748398	0.9497496775594252
0.9708127991576952	1.1293825312906751	0.9343587763441402
0.9650878965096747	1.1465849437730484	0.9193541273588386
0.9596092668153353	1.1627172013444367	0.9048499508839687
0.9544140377381339	1.1777297211509254	0.8909592600016548
0.949536960966717	1.1915806473785413	0.877793029640846
0.9450102632606585	1.204234900025787	0.8654592499696864
0.9408635190002793	1.215663306728777	0.854061858754534
0.9371235422338232	1.2258418184381317	0.84369955688689
0.9338142962130028	1.2347508088559906	0.8344645232062642
0.9309568184730771	1.2423744570014672	0.8264410582722274
0.9285691596340828	1.2487002119771602	0.8197042006130215
0.9266663342641088	1.2537183388855813	0.8143183715006569
0.9252602823430863	1.2574215448434027	0.8103361135055889
0.9243598400875643	1.259804684129344	0.8077969920505039
0.923970719135892	1.2608645416542947	0.8067267264527513
0.9240954933434862	1.2605996941421431	0.8071366069211113
0.9247335926951951	1.2590104486426232	0.8090232372000684
0.9258813041032876	1.25609885825147	0.8123686207672428
0.9275317791231328	1.2518688151774808	0.8171405843686325
0.9296750488825954	1.2463262215603845	0.8232935093607847
0.9322980467837392	1.2394792386971498	0.8307693217993173
0.9353846397942549	1.2313386155661705	0.8394986787190754
0.9389156693977735	1.2219180977355888	0.8494022817370431
0.9428690035121197	1.2112349178878776	0.8603922499198137
0.9472196009062964	1.1993103692667877	0.8723734907137888
0.9519395898425168	1.1861704633259087	0.8852450188941886
0.9569983628293172	1.1718466726892007	0.898901186958739
0.9623626894846092	1.1563767601625055	0.9132328043093921
0.9679968495615378	1.1398056938725085	0.9281281354437606
0.9738627881727476	1.1221866475257638	0.9434737782222714
0.9799202951480211	1.1035820830860739	0.9591554315805113
0.9861272102652189	1.0840649105928182	0.9750585677182823
0.9924396557959916	1.063719716005278	0.9910690270059562
0.9988122973997592	1.0426440423369807	1.0070735549639855
1.0051986338797654	1.0209497012468982	1.0229603001237662
1.011551315686129	0.9987640807991857	1.0386192897996533
1.0178224913207783	0.9762313992340965	1.0539428981835068
1.023964179981979	0.9535138331626768	1.0688263180441697
1.0299286679022446	0.9307924205764461	1.083168043939395
1.0356689249092497	0.9082676039474367	1.0968703714325003
1.041139036807229	0.886159237214811	1.109839913507214
1.0462946482732547	0.8647058356520603	1.1219881323109868
1.0510934101290914	0.8441628062494082	1.1332318816208142
1.0554954241269807	0.8247993703091316	1.1434939530870272
1.0594636778178412	0.8068938974838401	1.1527036174247192
1.0629644616911604	0.7907274345333775	1.1607971503308292
1.0659677606195797	0.7765753559545427	1.1677183320357594
1.0684476117322237	0.7646973012104327	1.1734189090658849
1.070382421193001	0.7553258849182021	1.1778590069957628
1.0717552329755438	0.7486550254243485	1.1810074836873452
1.072553943594123	0.744829046674252	1.1828422137104961
1.0727714578458216	0.7439338577936269	1.1833502962586488
1.0724057819070585	0.7459914107761558	1.1825281808416335
1.0714600515602473	0.7509582518133944	1.1803817072654907
1.069942494848481	0.7587283855486383	1.1769260587952914
1.0678663300072355	0.7691400161404881	1.172185629832777
1.0652496010398	0.7819851910693564	1.1661938118147828
1.0621149547271365	0.7970210816905325	1.1589927032420164
1.0584893641381272	0.8139816239455487	1.1506327516798536
1.0544038047861197	0.832588458431152	1.141172337144185
1.0498928904265252	0.8525604464339481	1.1306773074223708
1.044994476084737	0.8736213918929	1.1192204765260088
1.0397492362336471	0.8955058947556769	1.1068810975912082
1.0342002261083472	0.9179634660512008	1.093744321114711
1.0283924339670347	0.9407611492834531	1.0799006484395144
1.022372331706756	0.9636849348993141	1.0654453888969124
1.0161874306534457	0.9865402485679511	1.0504781270035506
1.0098858486066429	1.009151761407575	1.0351022036472606
1.0035158933717447	1.0313627270222532	1.019424212334918
0.9971256670992107	1.0530340062882506	1.0035535083991105
0.9907626948111009	1.0740429015634732	0.9876017256721579
0.9844735795679138	1.0942818894897122	0.9716822916730614
0.9783036858449176	1.1136573160270875	0.9559099289955011
0.972296851873403	1.1320880980633419	0.9404001275672891
0.966495130978389	1.149504461779703	0.9252685700710875
0.9609385613239172	1.1658467378043933	0.9106304914353508
0.9556649629675931	1.1810642260486284	0.8965999533416318
0.9507097607294339	1.1951141381862125	0.8832890165945272
0.9461058310935406	1.2079606223793158	0.8708067983806002
0.9418833711779904	1.2195738726033143	0.8592584082080781
0.9380697877190913	1.229929323445988	0.8487437657539123
0.9346896040093666	1.2390069303132234	0.8393563156889815
0.9317643827918798	1.2467905344000314	0.8311816680939123
0.9293126632342589	1.253267311469584	0.8242962070982036
0.9273499102719701	1.258427303347583	0.8187657231907616
0.9258884748111635	1.262263031032866	0.8146441342866214
0.9249375635073244	1.2647691884119385	0.8119723651386714
0.9245032170793444	1.2659424157200168	0.8107774525276946
0.9245882963735095	1.2657811520955555	0.8110719341621518
0.9251924756539598	1.2642855668144823	0.8128535628221318
0.9263122428624162	1.2614575690522067	0.8161053656475844
0.9279409068583405	1.2573008962947785	0.8207960442438176
0.9300686119196311	1.25182128179469	0.8268806876095951
0.9326823600517788	1.245026701731087	0.8343017498271377
0.9357660419179563	1.2369277029767936	0.8429902303333593
0.9393004774605079	1.2275378125826784	0.85286698766624
0.9432634675310988	1.2168740302471834	0.8638441178838726
0.9476298580760194	1.2049574051246112	0.8758263353655891
0.9523716186267513	1.1918136983111638	0.8887123047007748
0.9574579370139865	1.1774741321918152	0.9023958858483071
0.9628553323446346	1.1619762274738878	0.9167672688064759
0.9685277883434932	1.1453647280865626	0.9317139871351006
0.9744369091513642	1.1276926130597178	0.9471218107760916
0.9805420995768218	1.1090221928217727	0.9628755271799776
0.9868007716079585	1.0894262848032843	0.9788596256359049
0.9931685786936613	1.0689894594189377	0.9949589030942263
0.999599678894713	1.0478093418997287	1.0110590110174436
1.00604702748051	1.0259979473589844	1.0270469623293257
1.0124626989097039	1.0036830150043892	1.0428116157913505
1.0187982373903715	0.9810092914735906	1.0582441525186397
1.0250050343814698	0.9581396916890936	1.0732385561919373
1.0310347304929197	0.9352562373144361	1.08769210510017
1.0368396382936542	0.9125606372725841	1.1015058806720008
1.0423731815784358	0.8902743325039588	1.1145852937870206
1.0475903457131213	0.8686377811533496	1.1268406270217848
1.0524481328159854	0.8479087174084018	1.1381875881781036
1.0569060147829428	0.828359089318903	1.148547868035038
1.0609263765698018	0.8102703864340729	1.1578496933199778
1.0644749417445842	0.7939271306416332	1.1660283644519795
1.0675211721513345	0.7796084474409154	1.1730267667026923
1.0700386336091767	0.7675778750521081	1.1787958430625827
1.0720053199215989	0.7580718965693838	1.1832950172921979
1.073403928093589	0.7512880492182374	1.1864925563615727
1.0742220785375372	0.74737378603876	1.1883658626977869
1.0744524751683007	0.7464174251900797	1.1889016883141779
1.0740930016063401	0.7484424226781109	1.1880962649092919
1.0731467511769257	0.7534058151465357	1.185955346307788
1.0716219899560875	0.7612010698540808	1.1824941620650378
1.0695320537076682	0.771664905137122	1.1777372835599964
1.0668951811161798	0.7845870891644064	1.17171840634205
1.0637342871847053	0.7997219216080589	1.1644800547647376
1.0600766819788057	0.8168000896548047	1.156073216928014
1.0559537410081195	0.8355398104551222	1.1465569195690972
1.0514005344100303	0.8556565185775798	1.1359977537139172
1.0464554227102882	0.8768707200630292	1.1244693625692015
1.0411596272733528	0.8989139380097451	1.1120519032610927
1.0355567836234632	0.9215328844913031	1.0988314935911343
1.0296924856313407	0.9444921102428971	1.0848996539841251
1.0236138281470468	0.9675754261023575	1.0703527532611856
1.017368955051153	0.990586383439328	1.0552914648176355
1.0110066189341191	1.0133480669765078	1.0398202372662957
1.0045757577407912	1.0357024088365474	1.0240467806859874
0.998125092776916	1.0575091875787779	1.0080815663750857
0.9917027515093352	1.0786448358106733	0.9920373345586423
0.9853559176393708	1.0990011467768863	0.9760286009758447
0.9791305100227713	1.1184839443210537	0.9601711498672147
0.9730708911765342	1.1370117609972656	0.9445814978275218
0.9672196053732351	1.154514554738732	0.9293763105940581
0.9616171456910286	1.1709324842102742	0.9146717534695393
0.9563017488696096	1.1862147557567135	0.9005827561584845
0.9513092164209432	1.2003185498804805	0.8872221747748418
0.9466727601552912	1.2132080317990486	0.8746998380751327
0.9424228701009152	1.2248534483715754	0.8631214718874155
0.9385872027097689	1.2352303122026729	0.8525875053153976
0.9351904872395685	1.2443186727888134	0.8431917743207218
0.9322544482718926	1.2521024740031725	0.8350201519864294
0.9297977424534007	1.2585689969040612	0.8281491488902624
0.9278359077204397	1.2637083867235979	0.8226445398524586
0.9263813234749959	1.2675132628947365	0.8185600828705507
0.925443180412547	1.2699784110702848	0.8159364003504936
0.925027458952023	1.2711005562518194	0.8148000902754993
0.9251369154788252	1.270878216360668	0.8151631250715918
0.9257710758793806	1.2693116358325314	0.8170225791399289
0.9269262361171559	1.2664027990893614	0.8203607040529419
0.928595469873443	1.262155524025466	0.8251453459569225
0.9307686435501875	1.2565756359285367	0.831330675977427
0.9334324392050288	1.2496712225293582	0.8388581844358042
0.9365703862584754	1.2414529711244422	0.8476578757774886
0.9401629030764196	1.2319345889301572	0.857649594489414
0.9441873497832642	1.221133307988541	0.8687444129246397
0.9486180938951897	1.2090704760322222	0.8808460187844623
0.9534265905711526	1.1957722346989725	0.893852051268805
0.9585814794508334	1.1812702863226967	0.9076553485695555
0.9640487001721542	1.1656027501547461	0.9221450835423121
0.9697916287233388	1.1488151081952747	0.937207777523038
0.9757712367723382	1.1309612397035822	0.9527281933309019
0.9819462760167326	1.112104541711605	0.9685901169890625
0.9882734893979127	1.0923191302022879	0.9846770434903872
0.9947078507145611	1.0716911126347255	1.0008727852213182
1.0012028337454715	1.0503199166509098	1.0170620227973555
1.0077107114479074	1.0283196513520392	1.0331308174961131
1.0141828851375334	1.00582046555002	1.04896710263944
1.0205702427877659	0.9829698507576694	1.0644611685743235
1.026823544725123	0.9599338141535521	1.0795061526709444
1.0328938340643496	0.9368978172380976	1.0939985422675629
1.0387328682511263	0.9140673388403766	1.1078386949579682
1.0442935670954767	0.8916678773139957	1.1209313772011127
1.049530471725126	0.869944159432284	1.1331863190587703
1.0544002080083075	0.8491582799274358	1.144518780032196
1.0588619472345564	0.8295864687053772	1.154850118548267
1.062877856244008	0.811514191919026	1.1641083556986607
1.0664135288011534	0.7952293630075927	1.1722287224073646
1.069438389852382	0.7810135952810513	1.179154178323044
1.0719260644134603	0.7691316827790071	1.1848358904192626
1.0738547032178227	0.7598198391844108	1.1892336595356934
1.075207257920705	0.7532736035144098	1.1923162838870356
1.0759716995851902	0.7496366410933276	1.1940618498629851
1.0761411753478054	0.7489918107516174	1.194457942181797
1.0757140995336454	0.7513557375731521	1.1935017675623392
1.0746941770130671	0.7566777026267639	1.1912001884491186
1.0730903582041464	0.7648430193406439	1.1875696658530697
1.0709167267622222	0.775680378152602	1.1826361129416498
1.0681923225934469	0.7889720936790829	1.17643466350627
1.0649409043192328	0.8044659109115406	1.1690093617381243
1.0611906566446894	0.82188704574478	1.1604127817484635
1.0569738491980565	0.8409493835754942	1.1507055868832197
1.0523264542728947	0.8613651233644873	1.1399560400284738
1.0472877314972548	0.8828525233194779	1.1282394767258639
1.0418997877650362	0.905141704847213	1.1156377529790633
1.0362071207991794	0.9279786739593344	1.1022386791175594
1.0302561544915538	0.9511278275912337	1.0881354499945888
1.0240947737086408	0.9743732475718438	1.073426080152151
1.017771865601865	0.9975190728902373	1.0582128504234682
1.011336873658702	1.0203892036806625	1.0426017698137489
1.0048393698204456	1.0428265439423232	1.0267020534719322
0.9983286490197031	1.0646919441842189	1.0106256142280416
0.9918533494982297	1.0858629649051057	0.9944865616376403
0.9854611012923588	1.1062325488793028	0.9784006988968289
0.9791982043522865	1.1257076645949082	0.9624850045639978
0.9731093369196805	1.1442079639789642	0.9468570830007383
0.9672372940454631	1.1616644835441647	0.9316345651413743
0.9616227554992793	1.1780184081198912	0.9169344400014238
0.9563040818107763	1.1932199093609253	0.9028722976750142
0.9513171367912212	1.2072270664360538	0.8895614669030851
0.9466951346081217	1.2200048730560904	0.8771120350279578
0.9424685093173855	1.2315243328427026	0.8656297455609154
0.9386648046862849	1.2417616436334207	0.8552147787025192
0.9353085821534353	1.250697470431354	0.845960432619825
0.9324213448555871	1.2583163061801568	0.8379517372716959
0.930021475791816	1.2646059192663477	0.831264046736553
0.9281241883809473	1.2695568865485118	0.8259616685409235
0.926741487886447	1.2731622107361047	0.8220965973747753
0.9258821424248717	1.2754170210550448	0.8197074238743141
0.9255516625316449	1.276318356318513	0.818818485444337
0.9257522885255923	1.2758650297510248	0.8194393149041467
0.9264829851873352	1.274057575177263	0.8215644247949123
0.9277394435436146	1.2708982744717618	0.8251734424115297
0.9295140898282759	1.2663912664598678	0.8302315858694648
0.9317961019696133	1.2605427377532186	0.8366904480277737
0.9345714342316461	1.2533611962829345	0.8444890358551017
0.9378228509113624	1.2448578285482785	0.8535550000181518
0.9415299702616093	1.2350469418135281	0.8638059840949888
0.9456693200649446	1.2239464926434873	0.8751510246469747
0.9502144065203836	1.2115787032452054	0.8874919411909085
0.9551357983136058	1.1979707670477913	0.9007246670409672
0.9604012279109109	1.1831556447572422	0.914740485989917
0.9659757122356704	1.1671729517006126	0.9294271539977816
0.9718216949396471	1.1500699365229567	0.9446698979953334
0.9778992124564567	1.131902550072818	0.9603522946436358
0.9841660859071244	1.1127366013915017	0.9763570399674504
0.9905781407059078	1.0926489947978122	0.9925666261490226
0.9970894553785496	1.0717290376973185	1.0088639446573975
1.00365264064846	1.0500798023460272	1.025132835683299
1.0102191492671213	1.0278195155705487	1.041258602998083
1.0167396163667795	1.0050829373870274	1.0571285112975604
1.0231642293059928	0.9820226713787972	1.0726322802212118
1.0294431250784524	0.9588103253202791	1.0876625858841502
1.0355268123863115	0.9356374087902246	1.1021155771872793
1.0413666144715077	0.9127158150153815	1.1158914105860158
1.046915127789016	0.8902776880997081	1.1288948035577253
1.0521266906363596	0.8685744281453752	1.1410356038342995
1.0569578549692427	0.8478745440714228	1.152229368653739
1.061367853880207	0.8284600417975193	1.1623979459078948
1.0653190566408477	0.8106210552415214	1.171470047181261
1.0687774028492762	0.7946485154440139	1.1793818013321558
1.0717128071171451	0.7808248335358735	1.186077276492181
1.0740995258989197	0.7694128566531152	1.1915089581658365
1.0759164785224162	0.7606437223840916	1.1956381714945514
1.0771475152225056	0.7547046232620666	1.1984354366833314
1.077781625993291	0.7517277920849494	1.1998807480278324
1.0778130853275099	0.7517821095091899	1.1999637688583205
1.0772415293616249	0.7548685300927547	1.1986839369487383
1.076071963535922	0.7609200219144701	1.1960504774217369
1.0743147005476879	0.769806027075469	1.1920823227997224
1.0719852300541368	0.7813407608735298	1.1868079424865747
1.069104023201724	0.7952941619532834	1.180265086492537
1.0656962765545281	0.8114040948486129	1.1725004505184304
1.0617916013086437	0.8293884919218768	1.1635692714879184
1.0574236647643713	0.8489564175715345	1.1535348641658376
1.0526297918487908	0.8698174220780406	1.1424681105530932
1.0474505350176124	0.8916889191176732	1.1304469142510118
1.041929221111281	0.914301605501644	1.1175556319083724
1.036111483704691	0.9374031235894847	1.1038844931912037
1.0300447891935351	0.9607602561135035	1.0895290194567182
1.0237779643350216	0.9841599640876816	1.0745894494940995
1.0173607322459113	1.0074095571757904	1.0591701783581486
1.0108432630011333	1.0303362437543326	1.0433792125252639
1.0042757440183652	1.0527862596065298	1.0273276414208756
0.9977079744040748	1.0746237283017963	1.0111291219012135
0.9911889864180086	1.0957293669244605	0.9948993686468527
0.9847666962245799	1.1159991191262812	0.9787556398057443
0.9784875851737057	1.1353427731271553	0.9628162038235277
0.9723964120160936	1.1536826042091233	0.9471997704928358
0.9665359557274333	1.1709520681802594	0.9320248671815793
0.9609467880038933	1.1870945630408434	0.9174091403670754
0.9556670740028717	1.2020622696631371	0.903468563457772
0.950732399537287	1.215815077907504	0.8903165348799267
0.9461756226832556	1.2283196016451672	0.8780628559283461
0.9420267476204863	1.2395482842066314	0.8668125861459101
0.9383128184801185	1.2494785945157076	0.8566647849340633
0.9350578310124826	1.258092313387133	0.8477111612205709
0.9322826599932612	1.2653749090137427	0.8400346673332221
0.9300050004469056	1.271315000447165	0.8337080872446704
0.9282393209681319	1.2759039078167638	0.8287926811523849
0.9269968276546146	1.2791352880892386	0.8253369558704606
0.9262854374172641	1.2810048553141526	0.8233756318906315
0.9261097597014551	1.2815101845058963	0.8229288720314339
0.9264710859279093	1.280650598562669	0.8240018231924519
0.9273673862420975	1.2784271379038639	0.8265845029632799
0.928793313443812	1.2748426128062051	0.8306520389682401
0.930740214252522	1.2699017387245815	0.8361652439158054
0.9331961483482031	1.2636113551841561	0.843071486630847
0.93614591590991	1.2559807291141678	0.851305801705801
0.9395710946530353	1.2470219437476247	0.8607921696805486
0.9434500876369667	1.2367503744194313	0.871444896487954
0.9477581833720182	1.2251852527388702	0.8831700247224216
0.9524676299901923	1.2123503206648143	0.8958667186253023
0.9575477254487337	1.1982745759367586	0.9094285775569189
0.9629649258967538	1.182993110058714	0.9237448470913279
0.9686829744401716	1.1665480395175256	0.9387015109421162
0.9746630525746085	1.1489895300263508	0.954182259383867
0.9808639565052215	1.1303769121471503	0.9700693398754703
0.9872423004230526	1.1107798844151004	0.9862443028956306
0.993752748547156	1.0902797967084987	1.0025886606146965
1.0003482773613293	1.0689710015846292	1.018984478240455
1.006980468968266	1.0469622539614836	1.0353149181065187
1.0135998358519238	1.0243781289841474	1.0514647552757157
1.0201561765863647	1.0013604130716764	1.067320881040988
1.0265989611684232	0.9780694027225563	1.0827728076019019
1.0328777437016528	0.9546850183727189	1.0977131836889829
1.0389425991467665	0.9314076054805894	1.1120383272494017
1.0447445798128387	0.9084582520442951	1.1256487776887998
1.0502361862336602	0.886078402908671	1.1384498667340128
1.0553718460993855	0.8645285019266176	1.1503523038551884
1.0601083940423597	0.8440853539590518	1.1612727694539033
1.064405544355609	0.8250378872071767	1.1711345067580972
1.0682263481985241	0.8076810365821127	1.179867901621141
1.0715376265569814	0.7923075882325419	1.1874110382425986
1.0743103702067502	0.7791980461520737	1.1937102182378232
1.0765200982006	0.768608906220317	1.1987204304907555
1.0781471669691844	0.7607601163342599	1.2024057598176945
1.0791770229869841	0.7558228814078114	1.2047397236167356
1.0796003930855391	0.7539092190704145	1.205705527323602
1.0794134078605175	0.7550646655077621	1.2052962315638547
1.0786176551671054	0.759265207065347	1.2035148262891076
1.077220162369469	0.7664189119169668	1.2003742098004484
1.0752333077369907	0.7763720047041491	1.1958970732745207
1.0726746630915696	0.7889184672289924	1.1901156940905289
1.0695667714364474	0.8038118314589688	1.1830716437846727
1.0659368647725183	0.8207777316302984	1.174815418714365
1.0618165285767274	0.8395259636999529	1.165406003392706
1.057241320434289	0.8597611532057734	1.1549103778659422
1.0522503510516907	0.8811915317563587	1.1434029813848006
1.0468858363153315	0.903535672465359	1.1309651449183915
1.0411926292009543	0.9265272872538983	1.117684504752215
1.0352177401957314	0.9499183369269576	1.103654408496386
1.0290098544942619	0.9734807661772895	1.0889733233223802
1.0226188536081084	0.9970071771940094	1.0737442541801832
1.0160953482290678	1.0203107229575028	1.058074177172999
1.0094902282565494	1.043224454032939	1.0420734902511337
1.0028542348875524	1.0656003032489303	1.0258554800171333
0.9962375586207654	1.0873078478600993	1.0095357998223193
0.989689465987263	1.1082329514747165	0.9932319506245255
0.9832579568268078	1.1282763586371625	0.9770627524550741
0.9769894530117229	1.1473522927309252	0.9611477910508878
0.9709285187033527	1.1653870915770657	0.9456068215500006
0.9651176115253985	1.1823179034513358	0.9305591094976323
0.9595968634629986	1.1980914580756121	0.9161226891963656
0.9544038898488106	1.2126629215121207	0.9024135211198301
0.9495736244745518	1.2259948400730065	0.889544534134095
0.9451381786608056	1.238056175812156	0.8776245449674281
0.9411267220184056	1.2488214345013067	0.8667570568510382
0.937565382628059	1.2582698859347416	0.8570389512885916
0.9344771644365913	1.2663848757673273	0.8485591008065683
0.9318818798036116	1.2731532277409507	0.8413969450708635
0.9297960953175373	1.2785647350077893	0.8356210862151205
0.9282330892221026	1.2826117392567675	0.8312879695770863
0.9272028190429076	1.2852887964521378	0.82844072123388
0.9267118982694924	1.286592428172117	0.827108212126526
0.9267635812253152	1.2865209577704182	0.8273044093720668
0.9273577555412692	1.2850744308579203	0.8290280589491076
0.9284909419351467	1.282254619902139	0.8322627219410769
0.9301563012880564	1.278065113056121	0.8369771616154362
0.9323436492981808	1.2725114876441754	0.843126054061705
0.9350394792812994	1.2656015690375848	0.8506509740924073
0.938226993974523	1.2573457759363713	0.8594815931251183
0.941886147481602	1.2477575533190857	0.8695370181853044
0.9459936987703997	1.2368538945141347	0.8807272011086689
0.9505232783887805	1.2246559539610338	0.8929543534734212
0.9554454702954298	1.2111897522374966	0.9061143139961245
0.9607279108958818	1.1964869747847973	0.9200978290030362
0.9663354075183845	1.1805858654050263	0.9347917211526754
0.9722300786449029	1.1635322149348994	0.9500799352160609
0.9783715182145533	1.1453804443811024	0.9658444613092702
0.9847169862252361	1.1261947800258607	0.981966144927855
0.9912216276604506	1.1060505152807039	0.9983253993033773
0.9978387214507929	1.0850353499588807	1.0148028391569643
1.004519960735271	1.0632507915676768	1.031279856224582
1.0112157651127782	1.0408135944060473	1.0476391564211132
1.0178756248708138	1.0178571996799641	1.0637652766514059
1.024448476355374	0.9945331222916294	1.0795450964832953
1.0308831067185797	0.9710122060652797	1.0948683565253639
1.0371285852723557	0.9474856376913523	1.1096281916889652
1.0431347176181698	0.9241655699272293	1.1237216837862756
1.048852517652116	0.901285157314201	1.1370504342992385
1.0542346915051468	0.879097756264965	1.149521154783966
1.059236126517587	0.8578749936404938	1.1610462693578154
1.0638143775148123	0.8379033778714984	1.1715445211363527
1.06793014199601	0.8194791355603738	1.180941572411799
1.071547715415198	0.8029010315782537	1.189170586845117
1.0746354175614803	0.7884610993841125	1.1961727810167184
1.077165981162125	0.7764334862668074	1.2018979323650705
1.0791168942533924	0.7670619920958979	1.2063048308379891
1.0804706885915467	0.7605472916021594	1.2093616624668617
1.0812151673960675	0.7570351730587221	1.2110463145054196
1.0813435669988762	0.756607269780127	1.2113465936853907
1.080854648473018	0.7592756007078308	1.2102603514436099
1.0797527169746233	0.7649817536706427	1.2077955125627104
1.0780475682866035	0.7736008377576234	1.2039700064203678
1.0757543638292395	0.7849495891101127	1.1988116028317513
1.0728934371280037	0.7987974416023221	1.1923576571657921
1.0694900363321207	0.8148791040992585	1.18465477189182
1.0655740087951946	0.8329072376551402	1.1757583838531642
1.0611794349090602	0.8525841169089818	1.16573228826807
1.0563442192849934	0.8736115615154856	1.154648111644871
1.0511096479786202	0.8956988176867429	1.1425847464088568
1.0455199207483965	0.9185683821803973	1.1296277600366722
1.0396216673298464	0.9419599646901107	1.1158687908667573
1.03346345641999	0.9656328876787343	1.101404941508799
1.0270953055315364	0.9893672503505201	1.0863381789381554
1.020568199136037	1.0129641638251026	1.070774747977082
1.0139336216166523	1.0362453211269986	1.0548246019948953
1.0072431105444433	1.0590521146346057	1.0386008513838303
1.0005478347266903	1.081244464760246	1.022219226788472
0.9938982003983823	1.1026994814918425	1.0057975503149859
0.9873434878804517	1.1233100464608097	0.9894552041910326
0.9809315200458635	1.1429833770885656	0.9733125828062883
0.9747083630452529	1.1616396149848673	0.9574905110153638
0.9687180589677111	1.1792104667774905	0.9421096093750014
0.963002389462192	1.1956379156688088	0.9272895860263479
0.9576006688263976	1.210873015161457	0.9131484356782922
0.9525495646822197	1.2248747717206716	0.8998015290623508
0.9478829440938829	1.2376091200027373	0.8873605817111874
0.9436317428368548	1.2490479922097646	0.8759324991929366
0.9398238554793705	1.2591684817991053	0.8656181069527987
0.936484043979492	1.2679521009509227	0.8565107861954988
0.9336338626136012	1.275384130722517	0.8486950517993599
0.9312915972222514	1.2814530625867033	0.8422451225691242
0.929472216972502	1.286150129992277	0.837223546271514
0.9281873370801182	1.289468928649033	0.8336799497447337
0.9274451912004074	1.2914051243942741	0.8316499860324291
0.9272506124751945	1.2919562477182769	0.8311545447239007
0.9276050225100638	1.2911215742943696	0.8321992782991875
0.928506427846936	1.2889020911601237	0.8347744773598271
0.9299494237902509	1.2853005485165885	0.8388553034504848
0.93192520573941	1.2803215974402016	0.8444023628452547
0.9344215884748528	1.2739720141249373	0.8513625815168521
0.9374230341389704	1.26626101157784	0.8596703234294332
0.9409106899437567	1.2572006399655729	0.8692486832287759
0.944862436920737	1.2468062770368846	0.8800108810277837
0.9492529512994627	1.235097210205766	0.8918616907544447
0.9540537803505206	1.2220973119455263	0.9046988429525769
0.9592334347471483	1.2078358100771072	0.9184143559926591
0.9647574996736342	1.1923481542804468	0.932895764268271
0.9705887670244165	1.1756769796340167	0.9480272262954089
0.9766873910798956	1.1578731670736924	0.9636905083397234
0.9830110699977458	1.1389969991793836	0.9797658494466703
0.9895152553070686	1.1191194073858208	0.9961327212056147
0.9961533913238926	1.0983233031994382	1.0126705002840963
1.0028771860101096	1.0767049807626374	1.0292590740159613
1.009636914267919	1.054375570425905	1.0457793995418012
1.016381753997552	1.031462511927882	1.062114035646623
1.0230601544531477	1.0081110001692364	1.0781476639609098
1.0296202355230335	0.9844853350366677	1.093767612975511
1.036010215557023	0.9607700779043504	1.1088643946893266
1.042178864293098	0.937170880271785	1.1233322599176208
1.0480759763351732	0.91391480447826	1.1370697745375218
1.0536528595450096	0.891249904702396	1.149980415390759
1.0588628316826783	0.8694437843986202	1.1619731813229466
1.0636617177119216	0.8487808054931747	1.1729632120097484
1.068008339430582	0.8295576138735358	1.1828724048798818
1.0718649885405798	0.8120766909730451	1.1916300186536406
1.0751978739796362	0.7966377720014058	1.1991732508182842
1.0779775343318592	0.7835272107277528	1.2054477757861075
1.080179206438571	0.7730057194408235	1.2104082305361767
1.0817831419520585	0.7652953307870773	1.214018635214056
1.0827748645052773	0.760566824618244	1.2162527374198906
1.083145361385566	0.7589291078381804	1.2170942706947343
1.0828912050599453	0.7604220021646414	1.2165371199358614
1.0820146015494507	0.7650135229798832	1.214585389031538
1.0805233644247219	0.7726020756878585	1.2112533687852514
1.0784308150218482	0.7830232206250984	1.2065654060688007
1.0757556112802147	0.7960599801560709	1.2005556779680289
1.0725215093080005	0.8114552569959362	1.193267877331484
1.068757063317314	0.8289248668258392	1.1847548184764594
1.064495270880729	0.8481699098570237	1.1750779737384829
1.0597731714982952	0.8688875925722407	1.1643069529781644
1.054631407198471	0.890780030704311	1.1525189390140678
1.0491137543134652	0.9135609219327021	1.1397980921864743
1.0432666356713594	0.9369602270419349	1.1262349368525515
1.0371386222509986	0.9607271388924472	1.1119257415692212
1.0307799328811047	0.9846316711451012	1.0969719030572258
1.0242419398725495	1.0084651924986971	1.081479341798616
1.0175766875995285	1.0320401937602655	1.0655579143580955
1.010836430042594	1.0551895238784028	1.049320844312159
1.004073192225885	1.0777652793069363	1.0328841701158598
0.9973383593720492	1.0996374850750066	1.0163662044585966
0.9906822965064317	1.1206926681467981	0.9998869958158808
0.9841540002060297	1.1408323942074612	0.9835677791977044
0.9778007832400245	1.1599718169436886	0.9675303997869177
0.9716679920110197	1.1780382728352232	0.951896690580091
0.9657987559950704	1.1949699430714693	0.9367877836832915
0.9602337678021833	1.2107145962655668	0.9223233350262424
0.9550110920384983	1.225228420200019	0.9086206444128314
0.9501660008421646	1.2384749471729621	0.8957936574571833
0.9457308337778157	1.2504240750859943	0.8839518433643115
0.9417348796968636	1.2610511848402497	0.8731989527532797
0.9382042781877646	1.270336353619892	0.8636316724581566
0.935161938336142	1.27826366305852	0.8553382086549345
0.932627472673456	1.284820600980057	0.8483968443884639
0.9306171443999383	1.2899975552984562	0.8428745307719954
0.9291438262096439	1.2937873986937485	0.8388255806906739
0.9282169693116163	1.296185162817133	0.8362905377238566
0.9278425815226939	1.2971878009877915	0.835295289692514
0.9280232135980481	1.2967940386084889	0.8358504851699526
0.9287579532610446	1.2950043108296094	0.8379512931375017
0.9300424266920385	1.29182078731811	0.8415775226590829
0.9318688075351148	1.287247484326223	0.8466940939125707
0.9342258337818449	1.2812904645921555	0.8532518275153067
0.9370988331910649	1.273958125928916	0.8611884989547353
0.9404697582016787	1.2652615796541218	0.8704300913927201
0.9443172315883404	1.255215120267619	0.8808921742559037
0.948616604392278	1.2438367879759376	0.8924813366762511
0.9533400279239114	1.2311490257679705	0.905096612760022
0.958456541870248	1.2171794327302092	0.9186308479254689
0.9639321807360347	1.201961615102285	0.932971970028072
0.969730100988962	1.1855361361408017	0.9480041437264408
0.9758107313502357	1.1679515650718886	0.9636087999975801
0.9821319486562919	1.1492656241082744	0.9796655438855826
0.9886492815994047	1.1295464304469929	0.9960529519782675
0.9953161444200475	1.1088738270052927	1.0126492766887945
1.0020841022603473	1.0873407909084554	1.029333077404533
1.0089031693880166	1.0650549017432487	1.0459837993525274
1.0157221408611294	1.0421398414400522	1.062482320084535
1.0224889574296916	1.0187368832053596	1.0787114812641774
1.029151102571048	0.9950063068348332	1.0945566203561894
1.0356560295516002	0.9711286505410084	1.1099061132195795
1.0419516153241124	0.9473056738847575	1.124651934772087
1.0479866369430098	0.9237608620687389	1.1386902410418567
1.0537112650517642	0.9007392501215862	1.1519219722244778
1.0590775679147482	0.8785062911061838	1.1642534729528864
1.0640400184826548	0.8573454454390103	1.1755971229700004
1.068555996148977	0.8375541458746159	1.1858719688542854
1.072586274226477	0.819437819640237	1.1950043454545825
1.076095483793521	0.8033017557626008	1.2029284742940414
1.0790525444686456	0.7894408190182951	1.2095870254385774
1.0814310528942712	0.7781273413887485	1.2149316292083772
1.0832096202594461	0.7695979393966343	1.2189233246355904
1.0843721510632065	0.7640404315485345	1.2215329327078845
1.0849080564939249	0.7615823377893232	1.222741344131673
1.0848123972386248	0.7622824947672214	1.2225397135222933
1.084085952187238	0.766127029743726	1.220929554480471
1.0827352112951478	0.7730303241479638	1.2179227328263875
1.0807722927393635	0.782840810869532	1.2135413582024446
1.078214786370866	0.7953507069037609	1.2078175771848647
1.0750855272500461	0.8103082852447706	1.2007932738240341
1.071412304680497	0.827431136666843	1.1925196860327114
1.0672275135648857	0.8464190376109458	1.183056948341902
1.0625677560441937	0.8669654100859302	1.1724735731471305
1.057473402212648	0.8887667939443159	1.1608458835959434
1.0519881192064062	0.9115301406576567	1.1482574116681736
1.0461583781426782	0.9349780222277151	1.1347982747458933
1.0400329482516495	0.958852017925145	1.1205645430559426
1.033662387124535	0.9829146135035273	1.1056576088125099
1.0270985353368565	1.0069499520616672	1.0901835657280805
1.0203940228441906	1.0307637414658246	1.0742526048547192
1.0136017935404598	1.0541825721129792	1.0579784295385473
1.0067746532700654	1.0770528449684238	1.0414776887137498
0.9999648454467602	1.0992394609356624	1.0248694239488934
0.993223657302086	1.120624381922895	1.0082745217415234
0.9866010587061088	1.1411051419845193	0.9918151587344005
0.9801453745074624	1.1605933627980545	0.975614224050799
0.9739029904543774	1.1790133101166336	0.9597947001347414
0.9679180920012878	1.196300515281147	0.9444789817209374
0.962232434686517	1.212400477109717	0.9297881122945144
0.9568851442880266	1.227267453467797	0.9158409191093204
0.951912544622456	1.240863347761893	0.9027530319676748
0.9473480106390089	1.253156692904277	0.8906357778639775
0.9432218443613768	1.264121733542867	0.8795949533709942
0.9395611712329395	1.2737376062443784	0.8697294890524061
0.9363898545064157	1.281987616657169	0.8611300344907606
0.9337284254726235	1.2888586123257375	0.8538775074552545
0.9315940275283288	1.2943404496894506	0.8480416645217457
0.9300003723263333	1.298425553811768	0.8436797609935563
0.9289577065201016	1.3011085695108433	0.840835373150907
0.9284727879009673	1.302386102768241	0.8395374540091128
0.9285488700213833	1.3022565515577507	0.8397996841036466
0.9291856946982844	1.300720025543642	0.8416201617694364
0.9303794920938002	1.297778354432604	0.8449814546669207
0.932122988375105	1.2934351851127126	0.8498510087267651
0.9344054212605752	1.2876961680634291	0.8561818856027776
0.9372125640651118	1.2805692338599062	0.8639137784035142
0.9405267591620627	1.2720649609090569	0.8729742404469155
0.9443269620798079	1.2621970358285022	0.8832800544074149
0.9485887977428479	1.250982808093941	0.8947386695551378
0.9532846306428819	1.2384439407115253	0.9072496417382733
0.9583836509750185	1.2246071586862795	0.9207060224892
0.9638519789856421	1.209505096907791	0.934995657996651
0.9696527899370322	1.1931772486902312	0.950002373642836
0.9757464621836426	1.1756710154808183	0.965607033713399
0.982090750859016	1.157042857034269	0.9816884776361298
0.9886409895740361	1.1373595394123357	0.9981243431112113
0.9953503223111406	1.1166994751761974	1.0147917926287515
1.0021699673524103	1.0951541456239982	1.031568163317136
1.0090495145930738	1.072829588232183	1.0483315612089872
1.0159372569620733	1.0498479227080477	1.0649614203140731
1.0227805559003684	1.0263488751195073	1.081339044819615
1.0295262399454923	1.0024912400649846	1.0973481497251742
1.0361210344554281	0.9784541942767273	1.112875411624939
1.042512019402675	0.9544383400526728	1.1278110374695973
