1.0	1.0	0.9999999999999999
1.005763120827632	0.9794704353423589	1.0144357664307846
1.0114538845966543	0.9586478931130861	1.0285711978523857
1.0170333709558013	0.9376659111333514	1.0423199987644247
1.0224628889467802	0.9166724211972767	1.0555985613136776
1.0277042779052268	0.895830127127046	1.0683263202608093
1.0327202186462192	0.8753165254020298	1.0804261182175836
1.037474551540602	0.8553234306086794	1.0918245803101732
1.0419325975986873	0.8360558429397313	1.1024524957162165
1.0460614782501376	0.817729977472452	1.112245202051986
1.0498304291650162	0.8005702739410269	1.1211429673789366
1.0532111032214302	0.7848052328738088	1.1290913636776583
1.0561778576060543	0.7706619919842926	1.1360416250161447
1.0587080200500885	0.7583596754571161	1.1419509833248391
1.0607821293623234	0.7481017192931948	1.146782974683517
1.062384145726725	0.7400675834510991	1.150507709315733
1.0635016266807653	0.7344044710746938	1.153102099058222
1.064125865273134	0.731219833510309	1.154550036898925
1.0642519875997025	0.7305754886105682	1.1548425242235971
1.0638790077130733	0.732484076915947	1.1539777426336317
1.0630098387671638	0.7369083224844303	1.1519610685481252
1.06165126016486	0.7437631984967787	1.14880503022529
1.0598138413913711	0.7529207069459329	1.1445292082758847
1.0575118241062944	0.7642166602952538	1.1391600821346874
1.054762964902844	0.7774586692517055	1.1327308262503164
1.0515883418946663	0.7924345163251512	1.125281060894766
1.0480121289350037	0.8089202048050191	1.1168565634368175
1.0440613417910654	0.8266871639349974	1.1075089466274957
1.0397655609755168	0.8455083053167287	1.0972953108816879
1.0351566361703086	0.865162817852308	1.086277877684669
1.030268377265917	0.8854397341093714	1.0745236110938265
1.0251362369870516	0.9061403937654844	1.0621038338393687
1.0197969898954697	0.9270799760343759	1.0490938437567745
1.014288412266932	0.9480882845897534	1.035572535219013
1.008648966951581	0.9690099580111556	1.0216220288955697
1.0029174968659675	0.9897042566246117	1.007327311572677
0.9971329302519422	1.0100445502533524	0.9927758859574785
0.9913340002952871	1.0299176054657313	0.9780574284015793
0.9855589811445659	1.0492227478557872	0.9632634503725254
0.9798454418279371	1.067870955679371	0.9484869573508815
0.9742300190482636	1.0857839258681266	0.9338220967349543
0.9687482093580622	1.1028931416656171	0.919363784424156
0.9634341807861444	1.1191389623013224	0.9052072981908617
0.9583206036143724	1.134469748640997	0.8914478249416826
0.9534384996896687	1.1488410340841007	0.8781799487492663
0.9488171094055274	1.162214746667013	0.8654970673642491
0.9444837752971333	1.1745584860145584	0.8534907270497708
0.9404638410629256	1.1858448571855118	0.8422498692346099
0.9367805647478131	1.1960508623749506	0.8318599877749561
0.9334550447949268	1.205157350717625	0.8224022025135286
0.9305061576867304	1.2131485259753254	0.8139522630659569
0.9279505059469946	1.2200115116117332	0.8065795058175832
0.9258023753557743	1.2257359726074233	0.8003457961609868
0.9240737003344204	1.230313793309513	0.7953044959889878
0.9227740365813986	1.2337388106187415	0.7914995021949196
0.9219105401775313	1.2360066018738596	0.7889644042934291
0.9214879525273223	1.237114326885623	0.7877218074105343
0.9215085906581906	1.2370606236913009	0.787782860448504
0.9219723425590104	1.2358455577365879	0.7891470185050666
0.9228766674019405	1.2334706243395284	0.7918020545947058
0.9242166006549171	1.2299388044439035	0.7957243199226287
0.9259847642559602	1.225254673822267	0.8008792362537919
0.9281713821824501	1.2194245660355398	0.8072219901376935
0.930764301908135	1.2124567895910845	0.814698388391692
0.933749022394973	1.2043618998574173	0.823245828227332
0.9371087294143913	1.1951530263836445	0.832794333957728
0.9408243391292634	1.1848462563248323	0.8432676149419185
0.9448745509899574	1.1734610746777496	0.8545841054190051
0.9492359111010625	1.161020861965527	0.8666579550176244
0.953882887293273	1.147553449849605	0.8793999478158153
0.9587879571826378	1.1330917348528204	0.892718336834181
0.9639217105098463	1.1176743498965511	0.9065195889796874
0.9692529670193443	1.1013463926072162	0.9207090422136807
0.9747489110561351	1.0841602082239883	0.935191481857737
0.9803752439212798	1.0661762232856358	0.9498716464559345
0.9860963548318186	1.047463823878075	0.9646546756135447
0.9918755110739212	1.0281022688027788	0.9794465129518276
0.9976750676194568	1.0081816232103162	0.9941542770148193
1.0034566960971116	0.9878036915707454	1.00868661189411
1.0091816325748018	0.9670829197744057	1.0229540277359772
1.0148109431271963	0.9461472240724081	1.0368692393606558
1.020305805641822	0.9251386889112594	1.05034750911775
1.0256278057726833	0.9042140561303045	1.0633069979511425
1.0307392443983774	0.8835449046088868	1.0756691265481992
1.0356034534004155	0.8633173933451529	1.0873589464745455
1.0401851160688798	0.8437314147411279	1.0983055194026758
1.0444505879867494	0.8249989834332228	1.1084423009720232
1.0483682138643478	0.8073416770822127	1.1177075245012726
1.0519086355112	0.7909869598222495	1.1260445787355609
1.0550450859634504	0.7761632691846752	1.1334023730676148
1.057753664745024	0.7630938448794478	1.1397356832336316
1.0600135893418097	0.7519894282611714	1.1450054703542345
1.061807418215135	0.7430401570273457	1.149179166363224
1.0631212410724014	0.7364071940268415	1.1522309193279177
1.063944832643546	0.7322148152304297	1.1541417928928113
1.0642717668668762	0.7305437813815373	1.1548999150407433
1.064099489148665	0.7314267789842341	1.1545005725233204
1.0634293452027617	0.7348465180140362	1.1529462486179247
1.0622665658703532	0.7407367423139104	1.1502466032689755
1.0606202082356981	0.7489860159249258	1.1464183961095995
1.0585030542576475	0.7594437888687262	1.1414853542783088
1.0559314689981516	0.7719280012585858	1.135477988286203
1.0529252213176563	0.7862333966814631	1.1284333603991716
1.0495072705977864	0.8021397770116427	1.120394811027257
1.045703523622601	0.819419596544642	1.1114116494181057
1.0415425661856927	0.8378445047662462	1.101538815498199
1.0370553742830289	0.8571906523825081	1.0908365199694345
1.0322750098972537	0.8772427412937358	1.079369869733379
1.0272363063823557	0.8977969130067497	1.0672084853726467
1.0219755483273643	0.9186626337007265	1.054426116769519
1.016530150527167	0.9396637581535652	1.041100261993364
1.0109383403364989	0.9606389517252856	1.0273117933559075
1.0052388472487324	0.9814416310607064	1.0131445930383636
0.9994706030462718	1.0019395587992768	0.9986851989660329
0.9936724553362497	1.0220142010735198	0.9840224596833622
0.9878828967342712	1.0415599321807345	0.9692471949152007
0.9821398114103317	1.0604831500055973	0.9544518563565385
0.976480240181313	1.0787013489232702	0.9397301811008949
0.9709401648389824	1.0961421837791618	0.9251768281144841
0.9655543119515343	1.1127425485985742	0.9108869864389079
0.9603559759802003	1.128447686324986	0.8969559425474569
0.9553768612144348	1.1432103405493859	0.883478593712472
0.9506469417532117	1.156989956383832	0.8705488946166654
0.9461943385455764	1.1697519349532215	0.858259226020395
0.9420452123490983	1.1814669441211685	0.8466996773179198
0.938223671366211	1.1921102867970357	0.8359572394446186
0.9347516922710433	1.2016613273210814	0.8261149108682675
0.9316490533370427	1.21010297587045	0.8172507271471781
0.9289332784122735	1.2174212304836343	0.8094367333478611
0.9266195905588047	1.2236047761036186	0.8027379277801475
0.9247208742682457	1.2286446399481958	0.7972112140584942
0.9232476452824709	1.232533902499927	0.7929044052827141
0.922208027181113	1.235267463447629	0.78985532797303
0.9216077340419244	1.2368418619908208	0.7880910733036443
0.9214500586326343	1.237255151027575	0.7876274385794485
0.9217358657511948	1.2365068248763733	0.7884685928156193
0.9224635904926672	1.234597800325991	0.7906069874186705
0.9236292413844764	1.231530450959248	0.7940235176671431
0.9252264084953512	1.2273086948497818	0.7986879247159699
0.9272462767863345	1.2219381358809291	0.8045594130859528
0.9296776451329207	1.2154262590762173	0.8115874467183113
0.9325069516042267	1.2077826804558143	0.8197126788444079
0.935718305735597	1.1990194520347504	0.8288679676517279
0.9392935286726574	1.1891514226481272	0.8389794308555377
0.9432122021932812	1.178196655313649	0.8499674970928305
0.9474517277253458	1.1661769018065946	0.8617479194738014
0.9519873965670119	1.1531181350035706	0.8742327254676393
0.95679247257684	1.139051139316652	0.8873310864509335
0.9618382886272439	1.1240121591411194	0.9009500988099601
0.9670943581001318	1.1080436046109778	0.9149954758413474
0.9725285026419912	1.0911948129994995	0.9293721554988364
0.9781069972815505	1.073522862683257	0.9439848331873137
0.983794733841618	1.055093434519443	0.9587384313882897
0.9895554033448161	1.0359817125158848	0.9735385191059419
0.9953516978189678	1.0162733114671274	0.988291694198615
1.0011455315526712	0.9960652133646395	1.0029059408689267
1.0068982814386487	0.975466686346935	1.0172909731713229
1.012571045577903	0.9546001491502738	1.0313585735737705
1.0181249188107935	0.9336019298583358	1.0450229335556986
1.0235212833045217	0.9126228497599711	1.058201001078524
1.0287221117751562	0.891828541199892	1.0708128376353196
1.0336902803743606	0.8713993830794357	1.0827819855546241
1.0383898877466553	0.851529911050726	1.0940358443620573
1.0427865762831625	0.8324275353310473	1.1045060533385989
1.046847851184872	0.814310383982363	1.1141288759925685
1.0505433926234018	0.7974040930096985	1.1228455810091282
1.0538453560696937	0.7819373988132814	1.1306028133779102
1.0567286557677273	0.768136465903097	1.1373529488373841
1.0591712263738502	0.7562180120291088	1.1430544245207888
1.0611542579702744	0.7463814724771216	1.1476720387400814
1.0626623999954998	0.738800656732212	1.151177213192108
1.0636839301106065	0.7336155549220899	1.1535482114950448
1.0642108846274665	0.7309250928852296	1.1547703088360064
1.0642391478460733	0.730781656173949	1.1548359085955284
1.06376849846075	0.7331880687394492	1.1537446030668328
1.0628026120720262	0.7380974276682609	1.1515031767571566
1.0613490197516635	0.7454158163770994	1.1481255521886553
1.0594190235212018	0.7550075342932236	1.1436326795503156
1.057027570486737	0.7667021824213793	1.1380523729312333
1.054193088193996	0.7803027915348654	1.1314190971339062
1.0509372845006617	0.7955941847998176	1.123773710172727
1.0472849158841095	0.8123508972473579	1.1151631674615925
1.0432635285943832	0.8303441746221869	1.105640194348507
1.0389031774131843	0.8493477871005238	1.095262934035387
1.0342361269842844	0.869142577844858	1.0840945780073077
1.029296540740498	0.8895198016088379	1.0722029858764992
1.024120162374163	0.9102833915119566	1.0596603010194026
1.0187439945938594	0.9312513305468181	1.0465425675554876
1.0132059795964468	0.9522563107071413	1.032929353095191
1.0075446852794951	0.9731458491036056	1.0189033802917329
1.0017990007458935	0.9937820069554709	1.004550168592516
0.9960078441320332	1.0140408307764832	0.9899576857355441
0.9902098852444811	1.0338116095652454	0.9752160065199099
0.9844432849384238	1.0529960194649164	0.9604169742569874
0.9787454526316707	1.0715072089212645	0.9456538581595847
0.9731528228372076	1.0892688627947826	0.9310209978555101
0.9677006511272532	1.1062142727287907	0.916613424354974
0.9624228295225563	1.1222854327527942	0.9025264453312778
0.9573517209386302	1.1374321730172938	0.8888551817007229
0.9525180120196086	1.1516113401868548	0.8756940424529895
0.9479505834513441	1.1647860299266708	0.8631361257487402
0.9436763966672483	1.1769248747621892	0.8512725367185321
0.9397203957398014	1.188001389109225	0.8401916163680985
0.936105423183295	1.1979933722710767	0.8299780816145536
0.9328521483738794	1.206882369538303	0.8207120836700226
0.9299790073145893	1.2146531911063274	0.8124682004422713
0.9275021525301564	1.2212934882754056	0.8053143877479364
0.9254354119623882	1.226793386267544	0.7993109230626274
0.9237902558457778	1.2311451729513228	0.7945093831699277
0.9225757706701275	1.2343430427851114	0.7909517022284234
0.9217986394769249	1.2363828953537868	0.7886693583604418
0.9214631278861375	1.2372621879727808	0.7876827341093605
0.9215710754061808	1.236979841955482	0.7880006887804404
0.9221218917402613	1.2355362022794187	0.7896203692051087
0.9231125579650984	1.2329330505353193	0.7925272709519039
0.9245376326217656	1.2291736711970367	0.7966955460756447
0.9263892629217982	1.2242629714019773	0.802088538026847
0.928657201433581	1.2182076545768659	0.8086595111319003
0.931328828772659	1.211016448375521	0.8163525324985162
0.934389182973022	1.2027003875072064	0.8251034590854986
0.9378209963620151	1.193273152117679	0.8348409820992253
0.9416047408956807	1.1827514624295816	0.845487684324386
0.9457186830303319	1.1711555303401826	0.8569610725091077
0.9501389493046454	1.1585095685924913	0.8691745553372964
0.9548396038792486	1.1448423579522984	0.882038346670816
0.959792739321586	1.1301878724977865	0.895460282634614
0.9649685819262505	1.1145859626014247	0.9093465490127117
0.9703356128190392	1.0980830943722555	0.9236023218726397
0.9758607060004331	1.0807331431123532	0.9381323291503637
0.9815092843362471	1.0625982365590239	0.9528413441226589
0.987245494295794	1.04374964111079	0.9676346234237962
0.9930323999687305	1.0242686805698906	0.9824183027606302
0.9988321965609374	1.004247671790481	0.9970997630054075
1.004606443179228	0.9837908545190124	1.0115879781533408
1.0103163142699658	0.9630152830878369	1.0257938549497492
1.0159228685850699	0.9420516348725058	1.0396305720113117
1.0213873340227557	0.9210448740063495	1.0530139241419638
1.0266714061424376	0.9001546884723459	1.0658626753963165
1.0317375576018448	0.8795555946413625	1.078098922363803
1.0365493552276006	0.8594365769233926	1.0896484672047808
1.0410717809305245	0.8400001044533922	1.1004411982169797
1.0452715522339793	0.8214603470477047	1.1104114741875861
1.049117437821271	0.8040404073847669	1.1194985075225379
1.052580563244695	0.787968406699817	1.1276467401629344
1.055634701794357	0.7734723199673933	1.134806205614567
1.058256545511912	0.7607735644623289	1.1409328700389103
1.0604259514642096	0.7500795061600202	1.1459889452840197
1.062126158667345	0.7415752506811781	1.1499431669643938
1.0633439714720931	0.735415298597683	1.1527710312151742
1.064069905778038	0.7317158187737727	1.1544549845231966
1.0642982951217204	0.7305483690506095	1.1549845620420502
1.064027354463151	0.7319358235349035	1.1543564709897844
1.063259200350021	0.735851037404476	1.152574617056801
1.0619998270398228	0.7422184296344713	1.1496500731643131
1.0602590390765423	0.750918270119229	1.1456009913537801
1.058050341716717	0.7617931150279744	1.1404524599955128
1.0553907914494212	0.774655618777009	1.1342363098241763
1.052300809626159	0.7892968945936139	1.126990873486244
1.0488039628851313	0.8054946819048289	1.1187607042715249
1.0449267145997752	0.823020758314606	1.1095962604571814
1.0406981519899203	0.8416472478394742	1.099553562185516
1.0361496937973318	0.8611516766430943	1.0886938280026563
1.0313147835447234	0.8813207837361968	1.0770830980893167
1.0262285733731789	0.9019531975098108	1.0647918508111318
1.0209276032974173	0.9228611438750669	1.051894618506247
1.0154494804462915	0.9438713694250219	1.0384696074217044
1.0098325624856224	0.9648254561118673	1.0245983254230862
1.004115648972163	0.985579683444446	1.010365219557884
0.9983376838832704	1.0060045682375582	0.995857323782293
0.9925374720282428	1.0259841856555982	0.9811639152048685
0.9867534114953409	1.0454153515257758	0.9663761751119587
0.9810232437418521	1.0642067258629957	0.9515868488899789
0.9753838224106918	1.0822778814638752	0.9368898968426714
0.9698709014691306	1.0995583689685413	0.9223801259400286
0.9645189428246818	1.11598680040421	0.9081527908873774
0.9593609431875473	1.1315099663112256	0.894303151763099
0.9544282796232654	1.14608199655347	0.8809259750720064
0.9497505729753845	1.1596635713575114	0.8681149656549516
0.9453555681355837	1.1722211866295777	0.855962118743055
0.9412690299956263	1.183726475874227	0.844556984775227
0.9375146538273935	1.1941555898643208	0.8339858445554006
0.9341139887993427	1.2034886344287237	0.8243307989114258
0.9310863733436254	1.2117091662172772	0.815668785020484
0.9284488811318173	1.2188037459910517	0.8080705405122679
0.9262162764922608	1.2247615488119976	0.8015995455900635
0.9244009782026827	1.229574030431898	0.7963109817060933
0.9230130307118323	1.2332346491764743	0.7922507516196226
0.9220600819795106	1.235738642669302	0.7894546087969807
0.9215473672705824	1.2370828588261886	0.7879474431561454
0.9214776983925042	1.237265640664839	0.7877427646453108
0.921851458024974	1.2362867646074858	0.7888424162317554
0.9226665989522935	1.2341474321005237	0.7912365344071043
0.9239186481725585	1.2308503145270906	0.7949037597307045
0.9256007160215738	1.2263996515422617	0.7998116840497574
0.9277035106120212	1.220801403108659	0.8059175067224557
0.9302153580485415	1.2140634556486647	0.8131688610184917
0.9331222290353125	1.2061958828498989	0.8215047649276069
0.9364077726415632	1.1972112617568105	0.8308566482436905
0.9400533581300463	1.187125044842893	0.8411494097219699
0.9440381258787719	1.175955988772711	0.852302463525043
0.9483390485338679	1.1637266405131514	0.8642307419700436
0.9529310036151153	1.1504638813145316	0.8768456305763181
0.9577868588500481	1.136199528819332	0.8900558205118902
0.9628775715309844	1.1209709971179747	0.9037680719007023
0.9681723031660883	1.1048220138858462	0.9178878885175058
0.9736385506237173	1.08780339269879	0.9323201098748629
0.9792422948442947	1.0699738570929938	0.9469694305378018
0.9849481680104453	1.0514009107093427	0.961740858793407
0.9907196398220053	1.0321617446747673	0.9765401277626261
0.9965192232160595	1.0123441688733859	0.9912740719244294
1.0023086995051431	0.9920475475040842	1.0058509810879674
1.008049362482625	0.9713837107760231	1.0201809423371626
1.013702280570457	0.9504778031635346	1.0341761785903678
1.0192285755703971	0.929469013744297	1.0477513903346916
1.024589716038627	0.9085111153591456	1.0608241049438625
1.0297478227514445	0.8877727166609151	1.0733150358719552
1.034665983184582	0.8674371054029348	1.0851484520107595
1.0393085714111414	0.847701534806218	1.0962525556645695
1.043641569354843	0.8287757819010669	1.106559865976694
1.0476328849379746	0.8108797944919586	1.1160076032714115
1.0512526623580205	0.7942402519866231	1.1245380686779154
1.0544735795330673	0.7790859071647142	1.1320990125984494
1.0572711276888553	0.7656416632155739	1.1386439850817973
1.059623868132277	0.7541214802569094	1.1441326609708062
1.061513661473355	0.7447203936613515	1.1485311328042136
1.0629258649206221	0.7376061403662242	1.1518121648576514
1.0638494937787983	0.7329110858835326	1.1539554023851695
1.0642773439086481	0.7307252665558011	1.1549475310407973
1.0642060726510336	0.7310913537712572	1.1547823825823185
1.0636362365446674	0.7340021802996765	1.1534609842395318
1.0625722850540489	0.739401159738731	1.1509915505156088
1.0610225104377538	0.7471855421861335	1.147389417626743
1.0589989547972254	0.7572120751307713	1.142676922212754
1.0565172762186892	0.7693043655574481	1.1368832273135878
1.0535965767273678	0.7832611186614358	1.130044099846655
1.0502591954853304	0.7988644623621892	1.1222016448890804
1.0465304712612484	0.8158877161282456	1.1134040029216203
1.0424384786648857	0.8341021695711109	1.1037050167930291
1.0380137429611627	0.853282646273767	1.0931638754863224
1.0332889384540394	0.8732118040450563	1.0818447417945058
1.028298575462137	0.8936832474280337	1.069816370732735
1.0230786808032812	0.9145036014900937	1.0571517249257696
1.0176664764777175	0.9354937269293495	1.0439275923201918
1.0121000609064097	0.9564892579693061	1.030224210393527
1.0064180966608414	0.9773406283032015	1.016124899587791
1.0006595081363054	0.997912725790022	1.001715707010319
0.994863192093227	1.0180842899818399	0.9870850595567147
0.9890677434416436	1.0377471415616584	0.9723234235675899
0.9833111980932561	1.0568053111723328	0.9575229659952689
0.9776307941703897	1.0751741174685834	0.9427772099133475
0.97206275235738	1.0927792303726138	0.9281806751613095
0.9666420757192971	1.1095557449711413	0.9138284931216858
0.9614023689044463	1.1254472836603013	0.8998159832580567
0.9563756762970211	1.1404051384421359	0.886238178315956
0.9515923383975496	1.1543874611927636	0.8731892852530803
0.9470808654819457	1.167358506842111	0.8607620702815968
0.9428678274236659	1.179287932401704	0.849047159120184
0.938977758453908	1.1901501534047378	0.8381322478512913
0.9354330755775446	1.1999237583988298	0.8281012257265818
0.9322540093515108	1.2085909815263036	0.8190332187416349
0.929458545761835	1.2161372328448157	0.8110015714459187
0.9270623779988606	1.222550685818133	0.8040727936196657
0.925078867021139	1.2278219212964454	0.7983055072133297
0.9235190099116243	1.2319436272763666	0.7937494361828871
0.9223914151597169	1.2349103537603923	0.7904444863774042
0.9217022841450901	1.2367183221081577	0.7884199633986595
0.9214553982505995	1.2373652883757147	0.7876939726788459
0.921652111188719	1.2368504602656336	0.7882730378038258
0.9222913462871574	1.235174467452208	0.7901519609168661
0.9233695986422631	1.2323393851966247	0.7933139340939966
0.9248809422127876	1.2283488113205498	0.7977308945886564
0.9268170420898102	1.2232079967578553	0.8033641016894097
0.9291671723399116	1.2169240300470083	0.8101649003587289
0.931918239976625	1.2095060762553196	0.818075628111737
0.9350548157672711	1.2009656709332024	0.8270306173999675
0.9385591727258891	1.1913170697732889	0.8369572460519562
0.9424113332745764	1.180577654684465	0.8477769924684253
0.9465891261708264	1.1687683969695748	0.8594064592596753
0.9510682543923492	1.1559143781956205	0.8717583376634553
0.95582237523762	1.142045369137141	0.8847422942528399
0.9608231939341647	1.1271964668126653	0.8982657701853458
0.9660405720404649	1.111408789057631	0.9122346908779465
0.9714426518759782	1.0947302251956312	0.9265540901232194
0.9769959981102367	1.0772162400561986	0.941128657145962
0.9826657574825612	1.0589307266666113	0.9558632179857344
0.9884158374040825	1.0399469001787367	0.9706631640538635
0.9942091039121438	1.0203482216634863	0.9854348409949832
1.000007599104067	1.0002293349096054	1.0000859103447235
1.0057727777750787	0.9796969918003223	1.0145256951674257
1.01146576253031	0.9588709316351836	1.0286655191013465
1.017047616141151	0.9378846663138449	1.0424190462180698
1.0224796293840859	0.9168861060938127	1.0557026269651881
1.0277236220502375	0.8960379394688162	1.0684356533200552
1.0327422542632265	0.875517656033868	1.080540924225236
1.0374993447119563	0.8555170746153014	1.0919450204678125
1.0419601919141208	0.8362412138831665	1.1025786864547336
1.0460918941978825	0.8179063250909859	1.112377214862852
1.0498636637447483	0.8007369054626019	1.1212808289331173
1.053247129795825	0.7849615377563832	1.1292350562553213
1.0562166260043895	0.7708074693901843	1.1361910872665473
1.0587494569328162	0.7584939631157206	1.1421061113708475
1.0608261388507765	0.7482246216828299	1.1469436235786186
1.062430610296864	0.740179096583203	1.1506736948541498
1.063550408314386	0.7345048007961047	1.1532731999304957
1.0641768068543989	0.7313094043595245	1.1547259971771686
1.064304914539651	0.7306549409993214	1.155023056152321
1.0639337297795544	0.7325542517211153	1.15416252969427
1.0630661520933073	0.7369702337922966	1.1521497687584135
1.0617089494054672	0.743817996861691	1.1489972796287389
1.0598726819935333	0.7529696367142719	1.1447246245719283
1.0575715846586966	0.7642610150409793	1.1393582683971675
1.0548234095272069	0.777499749128646	1.1329313746802203
1.0516492326426397	0.7924735903288692	1.1254835565536503
1.0480732281549812	0.8089584798338032	1.1170605879087283
1.0441224144312244	0.8267257614285158	1.10771408156094
1.0398263767919922	0.8455482453340368	1.0975011413675975
1.0352169718129132	0.8652050098227478	1.0864839954322871
1.0303280182175811	0.8854849731514903	1.0747296173733019
1.0251949793373878	0.9061893613659483	1.0623093421672278
1.0198546419333476	0.9271332439358542	1.0492984823085134
1.0143447958813256	0.9481463208836701	1.0357759489611131
1.0087039188342672	0.9690731346138787	1.0218238814372582
1.0029708695137183	0.989772857498256	1.0075272867455107
0.9971845927695813	1.010118779895948	0.9929736891381041
0.9913838390042332	1.0299975973313322	0.9782527875994195
0.9856069000042199	1.0493085724726219	0.9634561171096979
0.9798913626796082	1.0679626283156163	0.9486767073662219
0.9742738816929972	1.0858814136550377	0.934008730546938
0.9687899714809431	1.1029963701306804	0.919547127789249
0.9634738177404397	1.119247821294289	0.9053872024934251
0.9583581080790914	1.1345840976561348	0.8916241675493053
0.9534738812141733	1.148960706995652	0.8783526333628024
0.9488503938542928	1.162339555903639	0.8656660243846209
0.9445150042072429	1.1746882262040537	0.8536559139739327
0.9404930709259275	1.1859793083041137	0.8424112710806404
0.9368078662267426	1.196189792437094	0.8320176175220848
0.9334805018861005	1.2053005180425747	0.8225561015268571
0.930529866834998	1.2132956810670088	0.8141025014598003
0.9279725751219633	1.220162398687401	0.8067261826966139
0.9258229230955115	1.2258903308101103	0.8004890396670528
0.9240928547622405	1.230471357638214	0.7954444630752734
0.9227919344003687	1.2338993126093505	0.7916363780500802
0.9219273256466023	1.236169770062859	0.7890984013473092
0.9215037764222733	1.2372798870878638	0.7878531638704577
0.9215236092199263	1.2372282991221846	0.7879118383395938
0.9219867164313794	1.2360150690087004	0.7892739012176545
0.9228905605606945	1.2336416893629343	0.7919271439730408
0.9242301793292433	1.2301111382593561	0.7958479329583812
0.9259981958437605	1.2254279883963242	0.8010017014717935
0.9281848341605275	1.2195985700468017	0.8073436437770273
0.9307779407384088	1.212631188236937	0.814819570491708
0.9337630124280287	1.2045363947112082	0.8233668787252838
0.9371232317919641	1.1953273153329498	0.8329155888935607
0.9408395106876296	1.1850200336221788	0.843389402849034
0.944890543166817	1.1736340311362767	0.8547067439599513
0.9492528688491226	1.1611926853333943	0.8667817479030532
0.9539009480046372	1.1477238253978757	0.8795251820263461
0.958807249629017	1.1332603462136184	0.8928452801488729
0.9639423538047401	1.1178408801892976	0.9066484878031895
0.9692750696094411	1.1015105258928488	0.9208401196863952
0.9747725697504195	1.084321631328583	0.935324936229671
0.9804005429675983	1.0663346280364105	0.9500076497043554
0.986123365051786	1.0476189097961228	0.9647933722867092
0.9919042890682039	1.0282537462975825	0.979588019224846
0.99770565505635	1.0083292173202913	0.9942986799484528
1.003489119098124	0.9879471462917301	1.0088339688924741
1.0092159012113078	0.9672220030118076	1.0231043662039736
1.0148470510423129	0.9462817332414842	1.037022556566197
1.0203437298113507	0.9252684571906495	1.050503772267193
1.0256675064181795	0.9043389593429799	1.063466144488513
1.030780665063961	0.8836648686578219	1.0758310646897042
1.0356465212033599	0.8634324020634175	1.0875235559895629
1.0402297421315583	0.8438415179233404	1.0984726526508526
1.0444966680547223	0.8251043046955103	1.1086117842032617
1.0484156291122841	0.8074424210541394	1.1178791594216977
1.0519572535346804	0.7910834180185162	1.1262181443378836
1.0550947619508473	0.7762558237613378	1.1335776277189606
1.0578042428198413	0.7631829693884602	1.139912367008309
1.0600649040618406	0.7520756845286771	1.1451833075930418
1.0618592962109563	0.7431241874471585	1.1493578684349524
1.063173502804384	0.7364897089134136	1.1524101875636699
1.0639972942532698	0.732296575405013	1.1543213216586925
1.064324242096458	0.7306255768003828	1.1550793949106177
1.0641517912996084	0.7315094048306988	1.1546796935105008
1.0634812891047711	0.7349307501148217	1.1531247034228294
1.0623179698302732	0.740823313879004	1.1504240904992424
1.0606708959372413	0.7490755974067285	1.146594623429948
1.0585528565837095	0.7595369722432215	1.1416600414494191
1.0559802257496813	0.772025289382742	1.135650870055042
1.0529727828055953	0.7863351977332974	1.1286041892071312
1.0495534990878739	0.8022464035004385	1.1205633595078037
1.0457482946163135	0.8195312680539398	1.1115777126606634
1.0415857695245871	0.83796135346443	1.1017022130612277
1.0370969150678109	0.8573127303638812	1.090997097631346
1.0323148092166308	0.8773700289393106	1.0795275009757754
1.0272743018509511	0.8979293277238318	1.0673630725954373
1.0220116944350828	0.9188000385735368	1.0545775922420926
1.016564418806054	0.9398059701900771	1.0412485885496057
1.0109707193534923	0.9607857495077802	1.0274569648432403
1.0052693424352694	0.9815927616986301	1.0132866345323688
0.9994992363772286	1.0020947441462669	0.9988241667620577
0.9936992648720089	1.0221731432119714	0.9841584410751029
0.9879079360404472	1.041722318202903	0.9693803077676613
0.9821631488698391	1.0606486561343516	0.9545822484765771
0.9765019582133876	1.0788696440226508	0.9398580294039587
0.9709603590391074	1.096312932307486	0.9253023375803563
0.9655730901656133	1.1129154130562944	0.9110103888437164
0.9603734573250133	1.1286223292482325	0.8970774949536574
0.9553931750554479	1.1433864260975233	0.8835985766943963
0.9506622266494534	1.1571671515670032	0.8706676101969113
0.9462087411699494	1.169929910543354	0.8583769952928813
0.9420588863912676	1.181645375287467	0.8468168377377864
0.9382367764239912	1.1922888535050225	0.8360741417738815
0.9347643927350906	1.2018397145321122	0.8262319157797144
0.9316615172726177	1.2102808735771777	0.8173682015072925
0.9289456764410903	1.2175983336151035	0.8095550462214729
0.9266320947431678	1.2237807843326385	0.8028574462236813
0.9247336569992588	1.2288192574323953	0.7973322987925001
0.9232608781735028	1.2327068375870458	0.793027406354753
0.9222218799676657	1.2354384283748787	0.7899805805359457
0.9216223734887754	1.2370105726076208	0.7882188936388818
0.9214656474491689	1.2374213265707712	0.7877581204886589
0.9217525615159693	1.2366701878268473	0.7886024044859292
0.9224815445884846	1.2347580763757033	0.7907441688391341
0.923648597945528	1.231687369118011	0.7941642786390012
0.9252473033685155	1.227461987721589	0.7988324434615317
0.9272688365091526	1.222087540140172	0.8047078354245202
0.9297019859315065	1.2155715161750797	0.8117398857469253
0.9325331784150004	1.2079235375948074	0.8198692150389346
0.935746511255687	1.199155663429418	0.8290286492918604
0.939323792444595	1.1892827511258925	0.8391442746752734
0.9432445897307059	1.1783228742757816	0.8501364890647873
0.9474862896874373	1.166297797591006	0.8619210156494772
0.9520241679904965	1.153233509684857	0.8744098528134814
0.9568314721754618	1.1391608139798324	0.8875121436397267
0.9618795181696904	1.1241159776651177	0.9011349569466602
0.9671378018783643	1.1081414379962842	0.915183979120244
0.9725741270427981	1.0912865642715328	0.9295641218040254
0.978154750474726	1.0736084723973827	0.9441800546606092
0.9838445455986377	1.0551728868850958	0.9589366749973233
0.9896071850018899	1.0360550421435726	0.9737395272509022
0.995405342398045	1.0163406107219386	0.9884951853989553
1.0012009140531997	0.996126640279919	1.0031116105716102
1.0069552593116735	0.9755224730091788	1.0174984947206296
1.0126294593922311	0.9546506104065545	1.0315675993789433
1.0181845931187623	0.9336474721160427	1.0452330964879448
1.0235820277118657	0.9126639795409147	1.0584119161226235
1.0287837222163163	0.8918658729733896	1.0710241038139132
1.0337525405905985	0.8714336457320929	1.082993188135517
1.038452570960265	0.8515619521607527	1.0942465573503422
1.0428494470565335	0.8324583222202927	1.1047158422469232
1.0469106674486817	0.8143410003529646	1.1143373008740078
1.050605907853581	0.7974357298878229	1.123052199728838
1.0539073215884946	0.7819713385915197	1.1308071850916097
1.0567898231401438	0.7681740585761798	1.1375546376375871
1.0592313498672439	0.756260643321312	1.1432530032052923
1.061213097042166	0.7464305244801613	1.1478670926525183
1.0627197217726156	0.7388574628346984	1.151368344080486
1.0637395118211441	0.7336813520248944	1.153735041332506
1.0642645159485664	0.7310009748709024	1.1549524835476495
1.0642906331294595	0.7308685330175632	1.1550131016365999
1.0638176588016621	0.7332866352925412	1.1539165188009088
1.0628492871894397	0.7382081450033923	1.1516695535875918
1.0613930696518792	0.7455389068808836	1.1482861654026728
1.059460329921467	0.7551429898507719	1.1437873438426083
1.0570660379807093	0.7668497834803553	1.1382009445818548
1.054228645146652	0.7804621338791168	1.1315614758240808
1.0509698836658952	0.7957647105932889	1.1239098404309695
1.0473145347440205	0.8125319272229746	1.115293039740819
1.043290169424899	0.8305349389688572	1.1057638457430317
1.038926867085641	0.8495474534095957	1.095380448653364
1.034256916517206	0.8693502752338482	1.0842060870196943
1.0293145046196395	0.8897346407426144	1.0723086672676345
1.024135397662081	0.9105044806577741	1.0597603790664412
1.0187566198523377	0.9314777880450668	1.046637312063496
1.0132161336468781	0.9524872743521098	1.033019078412982
1.0075525258265838	0.9733804829501453	1.0189884441287074
1.0018047028902797	0.9940195060347637	1.004630970650251
0.9960115987964038	1.014280424145082	0.9900346661588671
0.9902118975365835	1.034052562043608	0.9752896441616391
0.9844437724723843	1.0532376323563162	0.9604877847380295
0.9787446438269978	1.0717488199439646	0.9457223916930262
0.9731509552123341	1.0895098454121261	0.9310878367896404
0.9676979696020289	1.1064540350229168	0.9166791803776232
0.9624195847414372	1.1225234159574298	0.902591756267276
0.9573481676239298	1.1376678498019654	0.8889207078274066
0.9525144073616877	1.1518442127672186	0.8757604622575687
0.9479471855406185	1.1650156280627866	0.8632041310575524
0.9436734629708425	1.1771507536966859	0.8513428271440094
0.9397181816241054	1.1882231274902144	0.8402648930457882
0.9361041804824387	1.1982105700993058	0.8300550402406419
0.9328521240029305	1.2070946461741068	0.820793406898613
0.9299804419256904	1.214860183368958	0.8125545497588668
0.9275052792093026	1.2214948486653545	0.8054063949967593
0.925440454964263	1.2269887813406777	0.7994091818644993
0.9237974293642751	1.2313342818730029	0.7946144405164858
0.9225852776421913	1.2345255560915394	0.7910640505698923
0.9218106704179464	1.2365585139477417	0.7887894285106429
0.921477859755649	1.2374306223810165	0.7878108892689767
0.921588670503279	1.2371408118753486	0.7881372199271206
0.9221424966291148	1.2356894364428592	0.7897654920204571
0.9231363024318179	1.2330782869193666	0.7926811243593458
0.924564628664961	1.2293106576107775	0.7968581923602004
0.9264196037803598	1.2243914664812228	0.802259964410549
0.928690960656455	1.218327429219098	0.8088396325977959
0.9313660593367031	1.2111272876488985	0.8165411956000306
0.934429916456518	1.2028020930688856	0.8253004464503495
0.9378652421827045	1.1933655451778609	0.8350460173375441
0.9416524856239054	1.1828343872987586	0.8457004370756765
0.9457698897891166	1.1712288585978585	0.8571811634050565
0.9501935572701645	1.1585732039156607	0.8694015607108614
0.9548975278963588	1.1448962416415742	0.882271802898736
0.9598538696502659	1.1302319897368487	0.8956996900550371
0.9650327841358335	1.1146203494819604	0.9095913754079488
0.9704027278476282	1.0981078457100797	0.9238520055464049
0.9759305503972184	1.0807484210698486	0.938386281658533
0.9815816507041767	1.0626042800733837	0.9530989527365076
0.9873201519512601	1.0437467761033123	0.9678952534159618
0.9931090958336138	1.0242573308766072	0.9826812996077642
0.9989106563001905	1.0042283707039579	0.9973644545992578
1.0046863725945068	0.9837642567600685	1.0118536771049673
1.0103974009561996	0.962982176928054	1.026059861061088
1.0160047838528101	0.9420129539966465	1.039896174975476
1.021469735084151	0.9210017085315747	1.0532784065190193
1.026753938553368	0.9001082943240436	1.0661253158957407
1.0318198579467386	0.8795074002251373	1.0783589994491276
1.0366310540274333	0.8593881857408658	1.0899052630199022
1.04115250574795	0.8399532920159136	1.10069400281847
1.0453509309436815	0.8214170502015282	1.11065959005282
1.0491951020073718	0.8040027040591522	1.1197412542903453
1.0526561516820585	0.7879384842417905	1.127883459551737
1.0557078639659108	0.7734524307638292	1.1350362664533116
1.058326945110773	0.7607659685811697	1.141155673338505
1.0604932698270193	0.7500864022980563	1.1462039292717954
1.0621900980844432	0.7415986986682014	1.150149812001506
1.0634042583206578	0.7354571387625876	1.1529688645170035
1.0641262934265228	0.731777595135935	1.1546435846053666
1.0643505665574318	0.7306312640075201	1.1551635628202666
1.064075324599924	0.7320406110636244	1.1545255654691882
1.0633027179790957	0.735978059719417	1.1527335605564495
1.0620387763945676	0.7423675991324205	1.1497986860339593
1.0602933409895114	0.751089095028334	1.1457391611527294
1.058079954356445	0.7619847442788598	1.140580143116929
1.0554157106329811	0.77486689983544	1.1343535325618774
1.0523210687122817	0.7895264375422576	1.127097732554222
1.0488196322609737	0.8057409237524515	1.1188573667986468
1.0449379007820856	0.8232820229195448	1.1096829634903338
1.0407049963678923	0.8419217984912444	1.0996306117433134
1.0361523710501188	0.8614377598812628	1.0887615977279188
1.031313499770839	0.8816166641889449	1.077142027552346
1.0262235639721595	0.9022571843428198	1.0648424435162138
1.0209191306456438	0.9231716098903913	1.051937439651064
1.0154378314095736	0.9441867640231846	1.0385052814533966
1.00981804581017	0.965144313320148	1.0246275334251687
1.0040985925939034	0.9859006260998291	1.0103886964896889
0.9983184321927956	1.0063263092516228	0.9958758555768841
0.9925163831252992	1.0263055271187942	0.9811783357129742
0.9867308544627259	1.04573518225104	0.9663873628590067
0.9809995959645214	1.064524017833563	0.9515957235915877
0.9753594669613174	1.0825916855396396	0.9368974156019622
0.9698462245770144	1.0998678101186132	0.9223872790293856
0.9644943314406128	1.116291072666703	0.9081605970000083
0.9593367826532367	1.131808327631522	0.894312652607727
0.9544049514503986	1.1463737636153046	0.8809382291807403
0.9497284527360086	1.1599481144943944	0.8681310412822123
0.9453350234629958	1.172497924884738	0.8559830857557769
0.9412504186926003	1.1839948722632905	0.8445839054735883
0.9374983220769403	1.1944151468850035	0.8340197634206605
0.9341002694719652	1.2037388898548351	0.8243727313522244
0.9310755843942783	1.2119496892093902	0.8157197052784828
0.9284413240794565	1.2190341335527828	0.8081313689859456
0.9262122349749506	1.2249814226187512	0.8016711359326832
0.924400716601584	1.2297830340573512	0.7963941081385771
0.9230167928381081	1.2334324457416619	0.7923460969584264
0.9220680898190989	1.2359249129389016	0.7895627537191047
0.9215598197828934	1.2372572997771605	0.7880688571993805
0.9214947703605043	1.2374279645530448	0.7878777993689933
0.9218732989554692	1.2364366985593995	0.7889913008456121
0.9226933320268367	1.2342847182581427	0.7913993740246942
0.9239503692512127	1.2309747107759779	0.7950805362365185
0.9256374927033901	1.226510932854263	0.8000022594049451
0.9277453813580876	1.220899363532803	0.8061216283925744
0.9302623313754117	1.2141479109854751	0.8133861691024522
0.9331742827885612	1.2062666740461998	0.821734800508859
0.936464853361327	1.1972682590597885	0.8310988624739225
0.9401153805223782	1.1871681527534539	0.841403173179176
0.9441049724086307	1.1759851518388724	0.8525670754522152
0.9484105691574317	1.1637418500045127	0.8645054390857797
0.9530070156707323	1.1504651828175423	0.8771295952425571
0.9578671471285475	1.1361870307904054	0.8903481881363348
0.9629618885471654	1.120944880426473	0.9040679375344487
0.9682603696536645	1.1047825423699866	0.9181943126774272
0.9737300562761206	1.0877509247439408	0.9326321236727381
0.9793368993229438	1.0699088582207585	0.9472860402344594
0.9850455022408229	1.0513239671343344	0.962061049917091
0.9908193075954835	1.0320735777403736	0.9768628689390061
0.996620803112281	1.0122456502122228	0.9915983185631557
1.002411747145668	0.9919397146767287	1.0061756790603096
1.0081534131214887	0.9712677830145696	1.0205050317630102
1.013806852021326	0.9503551966753475	1.0344985978323609
1.0193331714632172	0.9293413558070065	1.0480710802747493
1.0246938293912147	0.9083802561535637	1.0611400135932645
1.0298509398334776	0.8876407374445033	1.0736261233417728
1.0347675876431246	0.8673063212354087	1.0854536958457115
1.0394081486186126	0.8475744896357682	1.0965509565207714
1.0437386109321676	0.8286552334716986	1.1068504536027786
1.0477268933982467	0.8107686863478567	1.1162894427335792
1.0513431558094157	0.794141669980651	1.1248102667534754
1.0545600963742212	0.779003018504719	1.1323607242490197
1.057353231226213	0.7655776373723409	1.1388944199076325
1.0597011510465797	0.7540793930913013	1.144371089541201
1.0615857500622123	0.7447031188024474	1.148756892756518
1.0629924230460432	0.7376162348185344	1.152024666658694
1.0639102264521425	0.7329506794169819	1.154154134653695
1.0643320004515964	0.7307959658426398	1.1551320653382546
1.0642544493785802	0.7311941717978687	1.1549523775909913
1.063678178925813	0.7341374990425024	1.153616189261506
1.062607689316238	0.7395687298323211	1.1511318082429673
1.0610513245928304	0.7473845182880212	1.1475146661513163
1.0590211790788566	0.7574410811183497	1.1427871962630802
1.0565329629334013	0.7695615805970359	1.1369786587255488
1.0536058295332376	0.7835443740535292	1.1301249172926249
1.0502621681235669	0.7991713397599055	1.12226817290698
1.0465273657760905	0.8162156396801407	1.113456660299844
1.0424295431558055	0.8344484870377036	1.1037443143785144
1.037999268918404	0.8536446965938036	1.0931904134913872
1.033269257733919	0.8735869707973595	1.0818592066819226
1.0282740569617048	0.89406899900074	1.0698195317587817
1.0230497268957022	0.9148975195567951	1.0571444304163051
1.017633519269392	0.9358935251605679	1.043910765746054
1.0120635583750137	0.9568927929220377	1.0301988462978464
1.0063785287302447	0.9777459042607731	1.016092059400175
1.000617372739911	0.9983178950680249	1.001676514760853
0.9948190012718428	1.018487649938502	0.9870406974773652
0.9890220195160853	1.03814712929075	0.9722751275402429
0.9832644699454651	1.0572004966316888	0.9574720207753445
0.977583593660312	1.075563195612662	0.9427249440273047
0.9720156108964879	1.0931610127122011	0.9281284553469727
0.9665955210154615	1.1099291508719493	0.9137777181547446
0.9613569218872546	1.1258113316088103	0.8997680769892435
0.956331848227483	1.1407589374457339	0.8861945817350094
0.9515506281617343	1.1547302024367456	0.873151447401511
0.9470417570643813	1.1676894556942536	0.8607314378607014
0.9428317875533572	1.1796064208324617	0.8490251646871736
0.9389452344136219	1.1904555728750594	0.8381202965675367
0.9354044931653569	1.2002155532566916	0.8281006807177004
0.9322297709828801	1.2088686429451838	0.8190453852467876
0.9294390287001091	1.2164002933323528	0.8110276800663708
0.9270479327022767	1.2227987143198678	0.80411398311273
0.9250698155951834	1.228054518917533	0.7983628074027905
0.9235156446566558	1.232160423643368	0.7938237516526562
0.9223939972051152	1.2351110040451827	0.7905365816647553
0.9217110421628977	1.236902504736397	0.7885304503925343
0.9214705272435053	1.2375327034436	0.7878233008504973
0.9216737713492467	1.2370008286900942	0.7884214877537332
0.9223196619271657	1.235307530881588	0.7903196415254922
0.9234046571941972	1.2324549067110193	0.793500783335973
0.9249227933065178	1.2284465769532595	0.7979366838370218
0.9268656967114519	1.2232878178719422	0.8035884431262138
0.929222602081558	1.2169857466031826	0.8104072569433988
0.9319803763886141	1.2095495610099085	0.8183353254552953
0.935123549827191	1.200990834606879	0.8273068568560524
0.9386343544411326	1.1913238672329365	0.8372491183612103
0.9424927714377774	1.180566092181879	0.8480834913692115
0.9466765882898864	1.1687385404805022	0.859726494589216
0.9511614668187239	1.1558663629016885	0.8720907476027009
0.9559210235184231	1.1419794100900482	0.8850858564995377
0.9609269234147381	1.127112870813943	0.8986192119612276
0.9661489887448768	1.1113079677773392	0.91259669777919
0.9715553236926594	1.0946127095372742	0.9269233139043056
0.9771124563092226	1.077082695750896	0.941503722584568
0.9827854985887745	1.0587819710431712	0.956242729011836
0.9885383254482156	1.0397839200033174	0.9710457093426187
0.9943337730765941	1.0201721918665754	0.9858189992234604
1.000133856776071	1.0000416379108907	1.000470255300789
1.0059000080128047	0.9794992369937369	1.0149088008786133
1.0115933299400133	0.958664974395886	1.0290459651244643
1.0171748701550027	0.9376726256236703	1.0427954232000964
1.0226059089187585	0.9166703795430715	1.0560735425531975
1.027848260516264	0.8958212139764468	1.068799738465209
1.0328645848848055	0.8753029121459266	1.0808968398935033
1.037618706106304	0.8553075817284418	1.0922914647395305
1.0420759338694883	0.8360405132670639	1.1029144019668973
1.0462033835799363	0.8177181972730917	1.1127009965226644
1.0499702904528028	0.8005653185692435	1.1215915318099123
1.0533483126838252	0.7848105739991387	1.1295316035400331
1.0563118186766878	0.7706812282762914	1.1364724781751134
1.0588381533224194	0.7583964422977859	1.142371428859222
1.0609078784874661	0.7481595796046802	1.1471920417337549
1.0625049831752478	0.7401499048676878	1.1509044858267719
1.063617059277051	0.7345142979300636	1.153485740281916
1.0642354394131384	0.7313597646612583	1.1549197735234704
1.0643552940675645	0.7307475731164678	1.1551976700043172
1.0639756860193308	0.732689738437454	1.1543177014106376
1.0630995809405976	0.7371483199253905	1.152285340550913
1.0617338139413526	0.7440376255496667	1.1491132175821663
1.0598890127558165	0.7532290279766063	1.1448210196660495
1.0575794791575674	0.7645577756579035	1.139435336542513
1.0548230310261384	0.7778310005309815	1.1329894558034552
1.051640808239942	0.792836101414687	1.1255231127896463
1.048057046214197	0.8093487938271056	1.1170822009756263
1.0440988214198104	0.8271403091308746	1.1077184494092653
1.0397957735966248	0.8459834404939225	1.097489074205356
1.0351798096065123	0.8656573252309221	1.0864564112336652
1.0302847939571467	0.8859509981683812	1.0746875369789322
1.025146230973699	0.9066658428706192	1.0622538840789078
1.0198009434130197	0.927617113289296	1.0492308572700726
1.014286752018975	0.9486347096150965	1.0356974544006539
1.0086421601282356	0.969563381354225	1.0217358958237595
1.0029060469726043	0.9902625083495753	1.0074312638854042
0.9971173728097856	1.0106055840405486	0.9928711524055778
0.991314898470585	1.030479499313	0.9781453240584319
0.9855369213572809	1.049783702254805	0.963345371447246
0.9798210293845564	1.0684292899503336	0.9485643755169357
0.9742038738364673	1.0863380731804937	0.9338965528506002
0.9687209616340648	1.103441643149796	0.9194368814881856
0.9634064670788114	1.119680460561494	0.905280693349414
0.9582930627636651	1.1350029809079336	0.8915232203439609
0.9534117690311572	1.1493648251938724	0.8782590810461975
0.9487918211073155	1.1627280020124975	0.865581695659492
0.9444605528510709	1.1750601845883089	0.8535826191519199
0.9404432959280807	1.1863340448119457	0.8423507861264797
0.9367632931413311	1.196526645214791	0.8319716663130118
0.9334416246230448	1.2056188891170476	0.8225263364953229
0.9304971456074171	1.2135950287244195	0.8140904829513977
0.9279464345548002	1.220442230671539	0.8067333575492333
0.9258037504793946	1.2261501983612435	0.8005167196843358
0.9240809984379695	1.2307108503918733	0.7954938042058164
0.9227877022612441	1.2341180543741124	0.7917083611708038
0.9219309837479378	1.2363674154969821	0.7891938155651862
0.9215155476898906	1.237456119295945	0.7879725931884819
0.9215436722520592	1.2373828281948815	0.7880556523786375
0.9220152043912032	1.2361476315307294	0.7894422504566486
0.9229275601596874	1.2337520489176097	0.7921199596890984
0.9242757299046251	1.2301990869604063	0.7960649317482772
0.92605228853642	1.225493349481001	0.8012423939520101
0.9282474112030853	1.2196412015671307	0.8076073468242609
0.9308488948662508	1.2126509878890261	0.8151054222228536
0.9338421864295281	1.2045333058449534	0.823673855337372
0.9372104182172027	1.1953013341868926	0.8332425224891361
0.9409344517380617	1.1849712178295873	0.8437349994491748
0.9449929307912288	1.1735625095489657	0.8550696010363901
0.9493623450737331	1.1610986692088665	0.867160370921033
0.9540171055273844	1.147607620992162	0.8799179996595693
0.9589296327097103	1.1331223688157694	0.8932506579901459
0.9640704594834194	1.1176816696229752	0.9070647405361807
0.9694083492855156	1.1013307634931566	0.9212655217984059
0.9749104311540244	1.0841221583761156	0.9357577314297625
0.9805423525523883	1.0661164655912	0.9504460592663101
0.9862684508350635	1.0473832798167488	0.9652356025652011
0.9920519439393346	1.0280020938478915	0.9800322686001878
0.9978551405682695	1.0080632335495183	0.9947431454451012
1.0036396697489982	0.9876687917106944	1.0092768526932177
1.0093667292145014	0.9669335303666643	1.023543882249813
1.014997351572383	0.9459857089913721	1.037456937394118
1.0204926867025805	0.924967780214561	1.0509312761973642
1.0258142982800056	0.9040368750268547	1.0638850632307288
1.030924471765081	0.8833649759516357	1.0762397313978869
1.0357865306636242	0.8631386504809093	1.0879203537540034
1.0403651573484434	0.8435581908546679	1.0988560233816578
1.0446267142799106	0.8248359849419492	1.1089802378260851
1.0485395610835908	0.8071939343678864	1.1182312832788888
1.052074362660451	0.7908597508982043	1.1265526126651395
1.0552043833378928	0.7760620131021336	1.1338932110503628
1.0579057620327315	0.7630239640491844	1.1402079413509945
1.0601577635009984	0.7519561825082108	1.1454578632074206
1.0619430009997537	0.7430484568694443	1.1496105180574614
1.0632476260814536	0.7364614056692332	1.1526401739157333
1.064061481775527	0.732318573947763	1.1545280240984759
1.0643782160703095	0.7306998319620834	1.1552623351021587
1.064195353372599	0.7316368606673338	1.1548385400073422
1.0635143224666157	0.7351113065848296	1.153259275089451
1.0623404403907843	0.7410558545445367	1.1505343587226426
1.0606828525676848	0.7493580731001769	1.1466807131036738
1.0585544304278478	0.7598665287450629	1.1417222307431003
1.0559716286295708	0.7723984230738232	1.1356895890118128
1.0529543047652907	0.7867479224007472	1.1286200172386107
1.0495255051342454	0.802694413505288	1.1205570218799707
1.0457112207301653	0.8200100868271907	1.1115500760837453
1.0415401180267587	0.8384664605960745	1.101654280510409
1.0370432494330808	0.8578396644570079	1.0909300025338349
1.0322537484341792	0.8779144664012499	1.079442500901115
1.0272065144320928	0.8984871396199671	1.0672615425811538
1.0219378921690143	0.9193673286899696	1.054461017874737
1.0164853503608533	0.9403790977697344	1.0411185589021907
1.010887163814571	0.9613613399866777	1.0273151653447004
1.0051821028658046	0.9821677083831427	1.0131348398123408
0.9994091334763934	1.0026662032879217	0.9986642334768538
0.9936071307967894	1.0227385244483302	0.983992300677985
0.9878146084460754	1.04227927189276	0.9692099591402996
0.9820694652131774	1.0611950587443775	0.9544097502906416
0.9764087503527382	1.0794035824245096	0.9396854920337488
0.9708684481537259	1.0968326876127155	0.9251319143433718
0.965483282008577	1.1134194444416043	0.9108442663089288
0.9602865378146825	1.1291092580940478	0.8969178820326674
0.9553099062031316	1.143855020668592	0.8834476922237787
0.9505833428146403	1.157616312396289	0.8705276687371826
0.9461349456294615	1.1703586566324375	0.8582501909170783
0.9419908482048207	1.1820528312032217	0.8467053256654301
0.9381751275758844	1.1926742374289379	0.8359800178273196
0.9347097255302951	1.202202327302866	0.8261571937985562
0.9316143819648265	1.2106200887562903	0.8173147890469413
0.9289065790706077	1.2179135885988503	0.8095247190711228
0.9266014951635266	1.2240715725291151	0.8028518224883955
0.9247119670730894	1.2290851215205287	0.7973528134686784
0.9232484601204602	1.2329473638740067	0.7930752874605373
0.9222190448496471	1.2356532422685647	0.79005682791231
0.9216293798207321	1.2371993352227018	0.788324261493262
0.9214826999270151	1.2375837324887426	0.7878931046035469
0.9217798098563966	1.236805964033335	0.7887672347674373
0.9225190824791388	1.2348669824014966	0.7909388075574592
0.9236964621077237	1.2317691984136563	0.7943884243506901
0.9253054727383427	1.227516570298979	0.7990855402443342
0.9273372315468351	1.2221147465182627	0.80498908674217
0.9297804680726713	1.215571262670194	0.8120482720265628
0.9326215496814448	1.2078957929995082	0.8202035139088799
0.9358445140470765	1.199100457126349	0.8293874573964062
0.9394311095362637	1.1892001826852407	0.8395260300464742
0.9433608445060562	1.1782131245857355	0.8505394931682867
0.9476110466367444	1.1661611415699684	0.8623434544061861
0.9521569335104063	1.1530703306212502	0.8748498161048628
0.9569716957055957	1.1389716195390596	0.887967643008306
0.962026593703838	1.1239014175925792	0.9016039413871615
0.9672910698880332	1.1079023235275878	0.9156643490097917
0.9727328768499043	1.0910238892341428	0.9300537411366036
0.9783182231079287	1.0733234359473791	0.9446767618309088
0.9840119371640343	1.0548669177628427	0.9594382924255991
0.9897776505934622	1.0357298242459243	0.9742438701578591
0.9955780005662372	1.0159981096659652	0.9890000700341194
1.0013748518412977	0.9957691304616748	1.0036148621753134
1.0071295378593506	0.9751525644260415	1.0179979554639491
1.012803120093857	0.9542712741963612	1.0320611364821584
1.0183566643109303	0.9332620633545549	1.0457186106694287
1.0237515318505408	0.9122762553195128	1.0588873504798462
1.0289496834892107	0.8914800031521108	1.0714874531880858
1.0339139928956864	0.8710542130539116	1.0834425089634208
1.0386085661664786	0.8511939376853894	1.0946799779621477
1.042999063449367	0.8321070714140956	1.1051315735284482
1.0470530182509314	0.8140121648547807	1.1147336471767906
1.050740149701521	0.797135180240075	1.1234275698821679
1.0540326628359962	0.7817050444157837	1.131160103348331
1.0569055318589928	0.7679479350997821	1.137883754369727
1.0593367614106244	0.7560803669859194	1.1435571051576692
1.0613076210409809	0.7463013254104297	1.148145112561417
1.0628028484407046	0.7387839075424891	1.1516193694715164
1.063810817455746	0.7336671346704622	1.1539583223248528
1.0643236675259067	0.7310487381789984	1.1551474395125867
1.0643373919124801	0.73097973920441	1.1551793265833536
1.0638518828962198	0.7334615025331231	1.1540537853935722
1.0628709330069972	0.7384456567081827	1.1517778157303518
1.0614021922592736	0.7458368911763203	1.148365559366615
1.05945708228179	0.7554982575561622	1.1438381879434232
1.0570506691118753	0.7672583066187956	1.138223737453509
1.0542014972460496	0.7809192443983091	1.13155689336659
1.050931388269101	0.7962653003172845	1.1238787315397056
1.0472652080028872	0.8130706340031377	1.1152364209495051
1.043230606604264	0.8311063091027695	1.1056828949308186
1.0388577363888731	0.8501460753795845	1.0952764979781249
1.03417895235788	0.8699708838713613	1.0840806152437528
1.0292285004602633	0.8903721937308167	1.072163291638206
1.02404219854081	0.9111542108886012	1.059596846900912
1.018657114715634	0.9321352359933668	1.0464574921697816
1.013111247599764	0.9531483046202887	1.032824952446575
1.0074432124040429	0.974041288745084	1.0187820979525184
1.0016919364425199	0.9946766047725821	1.0044145857203963
0.9958963670692574	1.0149306467754793	0.989810510910945
0.9900951945153628	1.0346930381236699	0.9750600653183817
0.9843265915445765	1.0538657724202174	0.9602551984028642
0.9786279713060838	1.072362296321188	0.9454892740370634
0.9730357642525681	1.0901065723377037	0.9308567140854357
0.9675852145223327	1.1070321486479793	0.9164526180857534
0.9623101957659891	1.1230812546930473	0.9023723468466233
0.9572430460376896	1.138203935301285	0.8887110569235155
0.9524144210713343	1.1523572317588198	0.8755631729323723
0.9478531650248544	1.165504415182574	0.8630217857656485
0.9435861975992048	1.177614275419865	0.8511779672421443
0.9396384163198335	1.1886604672328906	0.840119995747899
0.9360326127028055	1.1986209145374662	0.8299324931016622
0.93278940100946	1.2074772728130587	0.820695480121624
0.929927158316803	1.2152144493869574	0.8124833668605758
0.9274619746889641	1.2218201810489497	0.8053639026159942
0.9254076123220751	1.227284668326596	0.7993971197306158
0.9237754726448261	1.2316002657099148	0.7946343127778288
0.9225745704845898	1.2347612271354917	0.7911170997844109
0.9218115145498397	1.2367635061066231	0.788876613594918
0.9214904936297216	1.237604609925624	0.7879328685731463
0.9216132680682382	1.2372835076378987	0.7882943403530177
0.9221791662313692	1.235800591427249	0.7899577847489665
0.9231850858483182	1.2331576913515443	0.7929083073376367
0.924625500272169	1.2293581434617047	0.7971196792682635
0.9264924698687769	1.224406911499207	0.8025548794306506
0.9287756589046522	1.2183107625123544	0.8091668299941756
0.9314623584634821	1.2110784968631632	0.8168992829104393
0.9345375160741374	1.2027212332081443	0.8256878100081059
0.9379837728786076	1.1932527491189326	0.8354608488776955
0.9417815093023288	1.1826898780519586	0.8461407603108989
0.94590890030783	1.1710529633656648	0.8576448596579336
0.9503419814106703	1.1583663699990354	0.8698863929265157
0.9550547267084408	1.1446590542375166	0.8827754376065079
0.9600191402134356	1.1299651916605447	0.8962197170761377
0.9652053617806441	1.1143248628294464	0.9101253253016128
