1.0	1.0	0.9999999999999999
1.0057730176042117	0.9795757778181576	1.014492150600984
1.0114764968279115	0.9588564273483143	1.028688375875739
1.0170715696467665	0.9379749921746754	1.0425025149917422
1.0225195593710656	0.9170789262799436	1.05585102684251
1.0277822795768683	0.8963304860268934	1.0686533425726161
1.0328223438811004	0.8759067667460393	1.0808322292766808
1.0376034832569627	0.855999246129099	1.0923141641537257
1.0420908670855327	0.8368126714662253	1.1030297166801468
1.0462514236970395	0.8185631100337734	1.1129139348743975
1.0500541557926761	0.8014749805736425	1.1219067304933232
1.053470445875424	0.7857769104730186	1.1299532570458526
1.0564743466741637	0.7716963306618959	1.1370042738499226
1.059042851533872	0.7594528383451902	1.1430164890019205
1.0611561398756888	0.7492505276774591	1.147952874076221
1.062797793108441	0.7412696959044482	1.1517829436191303
1.063954976795935	0.735658542552757	1.154482993031795
1.0646185854438395	0.7325256390289213	1.1560362892263145
1.0647833469514973	0.7319339969752735	1.156433209455477
1.0644478845572207	0.7338974634579178	1.1556713249179615
1.0636147349648535	0.7383799156290741	1.1537554270790358
1.0622903222453717	0.745297362243179	1.1506974960677325
1.0604848880281792	0.7545226684575619	1.1465166119577155
1.0582123793999847	0.7658922972902984	1.1412388111517842
1.05549029678301	0.7792142747458578	1.1348968914117237
1.0523395048395923	0.7942765583160948	1.1275301702518528
1.048784010121672	0.8108550962067804	1.1191842023976228
1.0448507097311024	0.8287210543899279	1.1099104627585268
1.0405691156658567	0.8476469023944626	1.0997660018443347
1.0359710597903347	0.8674112413349907	1.088813080741035
1.031090384483573	0.8878024039895908	1.0771187926428238
1.025962623992177	0.9086209503869616	1.0647546775026802
1.020624681355401	0.9296812294264258	1.051796335618534
1.0151145054929716	0.9508121893260829	1.0383230449244758
1.0094707726704448	0.9718576096777397	1.0244173854240495
1.0037325761028706	0.9926759060452558	1.010164872610289
0.9979391269473282	1.0131396318668002	0.9956535998983738
0.9921294693905668	1.0331347765850276	0.9809738880961746
0.9863422119805182	1.052559935911588	0.9662179378144404
0.9806152767993374	1.0713254109204564	0.951479478550004
0.9749856675475895	1.0893522773466269	0.936853406065024
0.9694892571184163	1.1065714546637446	0.9224353977665323
0.96416059479787	1.1229227956581478	0.9083214942327762
0.9590327328409534	1.1383542107123452	0.8946076340427868
0.9541370718469968	1.152820836317422	0.8813891288837049
0.9495032240948569	1.1662842539981675	0.8687600667975544
0.9451588937975318	1.1787117634963467	0.8568126336414899
0.9411297730946101	1.1900757124403534	0.8456363465844144
0.9374394525153523	1.2003528836278756	0.8353171988604646
0.9341093446097832	1.209523940312392	0.825936721995052
0.9311586194538566	1.2175729294073636	0.8175709800334412
0.9286041507811511	1.2244868422283397	0.8102895193824046
0.9264604715712482	1.2302552322302693	0.8041543068857095
0.9247397380278258	1.234869889128448	0.7992186966224191
0.9234517010021466	1.2383245687913118	0.7955264714558575
0.92260368405509	1.2406147783436787	0.7931110074532529
0.9222005674992363	1.2417376160070142	0.7919946071189212
0.9222447779184907	1.2416916653190095	0.792188040625257
0.922736282823831	1.2404769435103333	0.793690323229043
0.9236725902680858	1.238094903965165	0.7964887428465374
0.9250487534087097	1.2345484928480102	0.8005591359009205
0.9268573801741261	1.2298422601364862	0.8058663939138646
0.9290886483550265	1.2239825254524581	0.8123651697142199
0.9317303266056566	1.2169775992258147	0.8200007420458145
0.9347678019995872	1.2088380598492243	0.8287099916453402
0.9381841149373029	1.199577087580086	0.8384224407174294
0.941960002345812	1.1892108560067167	0.8490613107126678
0.9460739502393334	1.1777589819054644	0.8605445595058355
0.9505022568200729	1.1652450342540492	0.8727858673239735
0.955219107383499	1.1516971030059282	0.8856955499119119
0.960196662347206	1.1371484279307162	0.8991813864206668
0.9654051597398118	1.1216380873287581	0.9131493575875042
0.9708130334597401	1.1052117456513293	0.927504296457134
0.9763870485368347	1.0879224578846391	0.9421504589490408
0.9820924544968724	1.0698315268227605	0.9569920249972588
0.9878931577355893	1.051009406838218	0.9719335429148054
0.9937519135518742	1.0315366441599927	0.986880330289919
0.9996305381683069	1.0115048385975525	1.001738844363618
1.0054901406827224	0.9910176046190086	1.0164170337241196
1.011291374451228	0.9701915001240019	1.0308246815149815
1.0169947069084546	0.9491568785192241	1.0448737483869088
1.022560706295279	0.9280586032219186	1.0584787212872466
1.027950343201674	0.9070565431270128	1.0715569720008316
1.033125304259365	0.8863257430594167	1.0840291272268099
1.038048314755106	0.8660561359950554	1.095819449970805
1.0426834664019375	0.8464516367396545	1.106856230205893
1.0469965460254211	0.8277284350828952	1.1170721811517963
1.0509553605173294	0.8101122985081651	1.1264048361726087
1.0545300531025212	0.7938347117185168	1.1347969402247804
1.05769340577547	0.7791277357708537	1.142196829017601
1.060421122707544	0.7662175753230036	1.1485587885899566
1.0626920895164427	0.7553170031687484	1.153843387864156
1.0644886035315333	0.7466169973539584	1.1580177769064812
1.0657965705832246	0.740278167873608	1.1610559440921122
1.0666056643843278	0.736422736715999	1.1629389261173095
1.066909445243204	0.7351279254946486	1.163654965792565
1.0667054356326817	0.736421547468866	1.163199613746475
1.065995151009955	0.7402803781656849	1.16157577152273
1.0647840852112203	0.7466315242364422	1.1587936750071408
1.0630816506980538	0.7553566027216438	1.154870818618835
1.0609010748764125	0.7662981811534693	1.149831822178531
1.0582592546102434	0.7792676945338829	1.1437082437666732
1.055176571878579	0.7940539851481431	1.1365383431476621
1.0516766742501353	0.8104316915589764	1.1283668014111838
1.0477862244502674	0.8281688941582952	1.1192444033227344
1.0435346237552323	0.8470336450115493	1.109227689446154
1.0389537142581686	0.86679921772239	1.0983785853741264
1.0340774652070372	0.8872480772620908	1.086764015360426
1.028941648620451	0.9081746793119955	1.0744555072817878
1.0235835092523522	0.9293872675985012	1.0615287951683117
1.018041433715457	0.9507088574319682	1.0480634245378972
1.0123546232047766	0.971977587404869	1.0341423644690815
1.00656277380769	0.9930466004954945	1.019851628772187
1.000705767868744	1.0137835891764384	1.0052799068041096
0.9948233793187524	1.0340701120095748	0.9905182024610134
0.988954995301119	1.0538007646329899	0.9756594777331874
0.9831393558543262	1.0728822673087461	0.9607982949929947
0.9774143128563495	1.0912325145454684	0.9460304500096641
0.9718166089197291	1.1087796194108392	0.9314525856729898
0.9663816764572115	1.1254609754356242	0.9171617747262161
0.9611434567260625	1.1412223518581424	0.9032550586587197
0.9561342383099146	1.1560170327872206	0.8898289295290337
0.9513845142129181	1.1698050071816912	0.8769787421398523
0.946922856521921	1.1825522139619369	0.8647980459315416
0.9427758074360962	1.1942298447809974	0.8533778294258365
0.9389677853657015	1.2048137057630064	0.8428056751743492
0.935521004757068	1.2142836387000535	0.8331648299325825
0.9324554083031897	1.2226230016668167	0.8245332029562032
0.9297886102416558	1.229818208681986	0.816982314398648
0.927535849517441	1.2358583278584951	0.8105762249845303
0.9257099516907435	1.240734737400447	0.8053704863962544
0.9243212985937992	1.2444408387953791	0.8014111579504185
0.9233778048801811	1.2469718265964023	0.7987339379956904
0.9228849007612664	1.2483245142755963	0.7973634571287721
0.9228455203837883	1.248497215747249	0.7973127743725661
0.9232600954670653	1.2474896822985948	0.7985831071071207
0.9241265539866157	1.2453030948196913	0.8011638116984233
0.9254403238609189	1.2419401113865285	0.805032615933902
0.9271943417688876	1.2374049704164278	0.8101560884003135
0.9293790673960022	1.2317036497762468	0.8164903157080892
0.9319825035756413	1.2248440823754712	0.8239817475456768
0.9349902229571527	1.2168364289109268	0.8325681629418394
0.9383854019912105	1.2076934085391646	0.8421797091396697
0.9421488631727741	1.1974306883261308	0.8527399668006057
0.9462591266185162	1.1860673323476059	0.8641670010099085
0.9506924721738986	1.1736263112690068	0.8763743656089175
0.9554230133394958	1.1601350730924398	0.889272037535016
0.9604227843702524	1.1456261754835686	0.9027672670327535
0.9656618419282725	1.1301379796251476	0.9167653379756074
0.9711083826524998	1.1137154048078506	0.9311702395616209
0.9767288779404603	1.0964107418486884	0.9458852560475876
0.9824882271119791	1.0782845217633277	0.9608134849223181
0.9883499299373445	1.0594064336915836	0.9758582961083851
0.994276279259293	1.039856282589291	0.9909237456392118
1.0002285741179595	1.019724972267024	1.0059149570428612
1.0061673534015538	0.9991154924870161	1.020738482637009
1.0120526495969164	0.9781438794365522	1.0353026553411928
1.0178442617103125	0.9569401063273467	1.0495179396482246
1.0235020458802726	0.9356488444966886	1.0632972882346106
1.0289862216247943	0.9144300147746905	1.0765565084623947
1.0342576910717702	0.893459024099	1.0892146408342558
1.0392783679339634	0.8729265544410815	1.1011943493879495
1.0440115124302622	0.8530377427201569	1.1124223221150942
1.048422067846833	0.8340105665909157	1.1228296778090052
1.0524769939989527	0.8160732399687863	1.1323523743229078
1.0561455925199585	0.7994604353490012	1.1409316120814603
1.0593998186887865	0.7844082010694811	1.1485142258560774
1.0622145744298317	0.7711475435162396	1.155053057301901
1.0645679771912937	0.7598968032928948	1.16050730056772
1.06644159963831	0.7508531630606976	1.1648428134273414
1.0678206754859034	0.7441838548790531	1.1680323868303917
1.068694267338056	0.7400178360963542	1.170055966510758
1.0690553930799698	0.738438811554938	1.1709008212904228
1.068901108170927	0.7394804396642367	1.17056165393431
1.0682325420793333	0.743124347545542	1.1690406517983152
1.067054888058928	0.7493012245310956	1.166347476011483
1.0653773464518774	0.7578948422112843	1.162499189483098
1.0632130226851524	0.7687484654793192	1.1575201255625667
1.0605787820659913	0.7816728611430528	1.1514417006412712
1.0574950643474341	0.7964550223509662	1.144302175310631
1.053985661796552	0.8128667983548916	1.1361463698245189
1.0500774651320866	0.8306728003490039	1.1270253405093047
1.0458001821869942	0.8496371813370858	1.116996024382382
1.0411860344839823	0.8695291058607503	1.1061208595510457
1.0362694370848335	0.8901268994371734	1.0944673889490932
1.0310866670903513	0.9112209849859119	1.0821078546195304
1.0256755260365744	0.9326157776630424	1.0691187890685554
1.0200750011695048	0.9541307320381309	1.0555806092077349
1.0143249302040451	0.975600730252048	1.0415772170852113
1.008465673705303	0.9968759788785184	1.0271956100083397
1.0025377986957191	1.017821554747036	1.0125255008137124
0.9965817765136918	1.0383167118241843	0.9976589469910132
0.9906376973519488	1.0582540356393766	0.9826899851733535
0.9847450033085047	1.0775385100952397	0.9677142652456325
0.9789422412087313	1.0960865441064591	0.9528286760947383
0.9732668359200233	1.1138249920375	0.9381309529617171
0.9677548843933901	1.1306901917676297	0.9237192546221726
0.962440970238432	1.1466270367486786	0.9096916974211109
0.9573579982753104	1.1615880930306723	0.896145832761773
0.9525370482123658	1.1755327683984438	0.8831780552590515
0.9480072463707395	1.1884265380761772	0.8708829306830673
0.9437956542154226	1.2002402295995112	0.8593524362679531
0.9399271723511284	1.210949368189383	0.8486751110871319
0.9364244585956099	1.220533583115821	0.8389351209891496
0.933307858745846	1.228976074989869	0.8302112508177327
0.9305953486968798	1.236263143580946	0.8225758458035428
0.9283024866518613	1.2423837755646228	0.8160937333174233
0.9264423742683127	1.2473292915200966	0.8108211645629244
0.9250256257135739	1.251093051488524	0.8068048220559859
0.9240603437464534	1.253670218452358	0.8040809417149032
0.9235521020977848	1.2550575791873495	0.8026745971394313
0.9235039335863229	1.25525342206181	0.8025991877494904
0.9239163235754889	1.2542574715035204	0.8038561620860263
0.9247872085488867	1.2520708790159034	0.8064349936550819
0.926111979756852	1.2486962707952827	0.8103134107297587
0.9278834920614046	1.2441378521739288	0.8154578653846787
0.9300920782817494	1.238401569283005	0.8218242126261682
0.9327255695156526	1.2314953284888501	0.8293585593940643
0.935769322081812	1.223429274298042	0.8379982364739265
0.939206251892329	1.2142161265427729	0.8476728443027218
0.943016877219336	1.2038715777375175	0.858305325939399
0.9471793709615504	1.192414751526555	0.869813026250194
0.9516696236399078	1.1798687231001126	0.8821087044782538
0.956461318450527	1.1662611023170606	0.89510147661473
0.9615260197713432	1.1516246799944252	0.908697673273833
0.9668332765486807	1.1359981373512311	0.9228016072507903
0.9723507419744263	1.119426817844048	0.9373162520534143
0.9780443107962247	1.1019635594868513	0.9521438381687805
0.9838782754756664	1.083669584043936	0.9671863776103161
0.9898155022174916	1.0646154369944576	0.9823461295058832
0.9958176276325575	1.0448819685840764	0.9975260203515748
1.0018452764671522	1.0245613412005725	1.012630032330163
1.0078583004321275	1.0037580412266758	1.0275635720422323
1.013816037701279	0.9825898638223611	1.042233830365128
1.0196775921267787	0.9611888260900029	1.0565501421486494
1.025402130651054	0.9397019471210079	1.070424352247624
1.0309491967938227	0.918291812058524	1.0837711921150208
1.0362790374776725	0.897136811606896	1.0965086689395447
1.041352939846494	0.8764309194638599	1.1085584671887323
1.0461335741512146	0.8563828407453302	1.119846360474143
1.0505853382512438	0.8372143399448303	1.1303026299372287
1.0546746988327822	0.8191575459085367	1.1398624839006946
1.0583705241007262	0.802451045730381	1.148466472370038
1.061644402481348	0.7873346336985823	1.156060889125774
1.0644709417964704	0.7740426887802737	1.1625981536332723
1.0668280434501785	0.7627963209788438	1.1680371648209067
1.0686971464136206	0.7537946447263189	1.1723436189360101
1.0700634362029535	0.7472057758710958	1.175490284169884
1.0709160146133143	0.7431583543486031	1.1774572255252251
1.071248026683861	0.741734500674864	1.1782319744487233
1.0710567422043251	0.7429650632011295	1.1778096390251864
1.0703435900049136	0.7468277829824936	1.176192951975198
1.0691141442666061	0.7532486273238206	1.173392255256947
1.0673780631123053	0.7621061059813344	1.1694254216802575
1.0651489807539198	0.7732379929099356	1.1643177155307427
1.062444355439602	0.7864496213237537	1.1581015957084848
1.0592852763347727	0.8015228421627294	1.1508164662462472
1.0556962332500353	0.818224821472295	1.1425083802301688
1.0517048537739933	0.8363160466279154	1.1332297040523756
1.0473416128613784	0.8555571479777064	1.123038749540509
1.04263952025608	0.8757143651733503	1.1119993818047464
1.0376337912914444	0.8965636623670195	1.100180610600036
1.0323615066106364	0.9178936122266077	1.087656172611835
1.0268612661984242	0.9395072300289709	1.0745041113395024
1.0211728428286275	0.9612229586107864	1.0608063601834028
1.0153368396290603	0.9828749970659185	1.046648332959231
1.009394355971474	1.00431314319214	1.0321185243939417
1.0033866653328027	1.0254022908744793	1.0173081212392356
0.9973549081710478	1.0460216945951022	1.0023106225192164
0.9913398022387861	1.06606408718917	0.9872214651714472
0.9853813721418169	1.0854347151132406	0.9721376490271649
0.9795186993594847	1.1040503380433282	0.9571573528135459
0.9737896933931396	1.1218382261779007	0.9423795307862869
0.9682308842127286	1.1387351785498658	0.927903477888133
0.9628772357379047	1.1546865782714175	0.9138283501905177
0.9577619797248468	1.1696454953253719	0.9002526270583764
0.9529164691356026	1.183571843755004	0.8872735022520833
0.9483700498426919	1.1964315974768875	0.8749861933122968
0.9441499493649212	1.2081960671310683	0.8634831622874176
0.940281181236162	1.218841239154744	0.8528532462853193
0.9367864635708469	1.2283471774489743	0.8431807034225682
0.9336861504011803	1.2366974874812195	0.8345441882358774
0.9309981744140281	1.24387884234454	0.8270156799603273
0.9287379998027029	1.2498805701178062	0.8206593964199054
0.9269185840634314	1.254694301799469	0.8155307345217999
0.9255503477017732	1.2583136790917826	0.8116752842697502
0.9246411509652442	1.2607341213731003	0.8091279656452178
0.9241962768803503	1.261952651298452	0.8079123357704595
0.9242184200416457	1.2619677786022439	0.8080401071039591
0.9247076807746766	1.2607794418328853	0.8095109063390662
0.925661564471916	1.2583890079201245	0.8123122891992258
0.9270749860796799	1.2547993296550437	0.8164200100480885
0.9289402798935393	1.2500148613437616	0.8217985290805134
0.9312472149988846	1.2440418330723397	0.8284017257295946
0.9339830168707397	1.2368884841853924	0.83617377635556
0.9371323958208927	1.228565356726816	0.8450501482094952
0.94067758314829	1.2190856497086757	0.8549586603136281
0.9445983760070179	1.2084656351522653	0.8658205648356393
0.9488721921505707	1.1967251368682692	0.877551608830881
0.9534741358360406	1.1838880728897156	0.8900630446960814
0.9583770762709882	1.1699830623118685	0.903262567101508
0.9635517400519523	1.1550440969840405	0.9170551634750814
0.9689668190692486	1.1391112779768477	0.9313438734896008
0.9745890953301701	1.1222316159247607	0.9460304599372292
0.9803835840744447	1.1044598930896778	0.9610159986249954
0.9863136964151902	1.0858595831269335	0.9762013984756823
0.9923414225301139	1.0665038218127334	0.9914878650101692
0.9984275361477016	1.0464764180776396	1.006777321050471
1.0045318207202831	1.0258728891477027	1.0219727980846454
1.0106133172515903	1.0048014958735512	1.0369788105412732
1.0166305932554576	0.9833842437737229	1.051701723473566
1.022542031772839	0.9617578012159024	1.066050122056705
1.0283061387783403	0.9400742678396826	1.0799351890238391
1.0338818666806078	0.918501703376784	1.0932710938381558
1.03922895098235	0.8972242996619647	1.105975395122618
1.0443082565376358	0.8764420482439854	1.1179694557240396
1.0490821292509056	0.856369725935786	1.129178867835094
1.0535147485296894	0.837234997031623	1.139533883884554
1.057572475357349	0.8192754234260143	1.1489698474703935
1.0612241905181756	0.8027341956587004	1.157427617482164
1.0644416173071234	0.7878544640920385	1.164853977760349
1.067199623008757	0.774872273056347	1.17120202418553
1.069476493547497	0.7640082860617502	1.1764315209847558
1.0712541760005172	0.755458723928187	1.180509218282464
1.0725184841248374	0.749386182870952	1.183409123494093
1.0732592626726871	0.7459111961003478	1.1851127200365235
1.0734705070377617	0.7451054804825497	1.185609127973976
1.0731504356660855	0.7469877149200866	1.1848952025839858
1.072301513648949	0.7515224186641501	1.1829755683594572
1.0709304269573023	0.758622084072495	1.1798625875964308
1.0690480078392388	0.7681522665380055	1.1755762643855292
1.0666691129460892	0.7799389559807614	1.1701440864585955
1.0638124567402059	0.7937773333311655	1.163600808872864
1.0605004036338381	0.8094409804871571	1.1559881848790912
1.0567587230833508	0.8266907356856856	1.1473546504601946
1.0526163124923555	0.8452826055166242	1.1377549698947234
1.048104893244209	0.8649743911111779	1.1272498502565598
1.043258685479705	0.8855309061448079	1.1159055329815564
1.0381140673583382	0.9067278294435224	1.1037933704972225
1.0327092244973732	0.9283543386238475	1.0909893954179797
1.0270837950848304	0.9502147212745464	1.0775738889607833
1.021278515828664	0.9721291709806597	1.0636309540484727
1.0153348734572039	0.9939339617111406	1.049248097064141
1.009294765950434	1.0154811677824336	1.0345158204313978
1.0032001770842112	1.036638066198796	1.0195272261646477
0.9970928672363085	1.0572863287688563	1.0043776283148595
0.9910140827590254	1.0773210856052187	0.989164169899988
0.9850042855906506	1.096649920362388	0.973985437546343
0.9791029041768046	1.1151918408187862	0.9589410647958485
0.9733481062185741	1.1328762556397776	0.9441313130052064
0.9677765932695974	1.149641978674223	0.9296566171650736
0.9624234167772255	1.165436275238455	0.9156170830274077
0.9573218148083226	1.1802139599104795	0.9021119219066048
0.9525030684196125	1.1939365518852985	0.8892388106905887
0.9479963764242336	1.206571491531428	0.8770931672233553
0.9438287471665744	1.2180914201381794	0.8657673355028948
0.9400249058407929	1.2284735237318394	0.8553496811604352
0.936607215867843	1.2376989411074981	0.8459236053425532
0.9335956128736027	1.245752235759284	0.8375664940478051
0.9310075498790383	1.2526209311167875	0.8303486295197221
0.9288579524144309	1.2582951083550804	0.8243320995223263
0.9271591823964892	1.2627670660025672	0.8195697480540642
0.9259210097532434	1.2660310405988735	0.8161042160444891
0.925150590941664	1.2680829877357382	0.8139671217098643
0.9248524536725883	1.2689204229338984	0.8131784267751216
0.9250284873335646	1.2685423219579994	0.8137460265414209
0.925677938780225	1.2669490803410952	0.8156655893407273
0.9267974133491829	1.2641425320730795	0.8189206555124098
0.9283808811291174	1.2601260275965287	0.8234829894203503
0.9304196887107185	1.2549045714424052	0.8293131621781814
0.9329025768195729	1.2484850200200686	0.8363613295033903
0.9358157044174688	1.2408763402437508	0.8445681598588638
0.9391426800349841	1.2320899298228376	0.8538658634790776
0.9428646012687367	1.222140000155829	0.8641792730151707
0.9469601035363782	1.2110440228348947	0.875426930742716
0.9514054193264037	1.1988232407720496	0.8875221445070376
0.9561744493020785	1.185503244874753	0.9003739835967864
0.9612388467122995	1.1711146169932996	0.9138881953351425
0.9665681166194071	1.1556936394842698	0.9279680323533742
0.9721297314667046	1.139283071110553	0.9425149885393997
0.9778892644687031	1.1219329880244016	0.9574294481092386
0.9838105422071681	1.103701687106707	0.9726112569719173
0.9898558176492567	1.0846566467552838	0.9879602285926097
0.995985964565127	1.0648755370421163	1.0033765980834608
1.0021606940082792	1.0444472666128826	1.0187614385175787
1.008338793131957	1.0234730472876752	1.0340170527426291
1.0144783861518092	1.0020674484271364	1.049047352529283
1.0205372167347293	0.98035940104026	1.0637582349594241
1.0264729505062717	0.9584930955798137	1.078057963734873
1.0322434957380684	0.9366286967590233	1.09185756072672
1.037807339619937	0.9149427732699036	1.1050712107116192
1.0431238968600032	0.893628310560825	1.1176166799502831
1.048153866714337	0.8728941429048689	1.1294157471290667
1.0528595939514738	0.8529636112816806	1.140394643266011
1.0572054287340704	0.8340722337788996	1.1504844955241342
1.0611580799767237	0.8164641767795897	1.159621768513752
1.0646869564409065	0.8003873529458634	1.167748695630835
1.0677644896770089	0.786087061579065	1.1748136922904329
1.0703664329368396	0.7737982394876097	1.1807717425852033
1.0724721303687796	0.7637366046052356	1.1855847509316815
1.074064751176034	0.7560892275384568	1.1892218506531713
1.0751314839622121	0.7510053092519415	1.1916596621687685
1.075663687195577	0.7485881070274987	1.1928824944819598
1.0756569925737132	0.748888965408666	1.192882484947061
1.0751113590366952	0.7519042322415543	1.191659673784498
1.074031076225744	0.7575754850681374	1.1892220114549479
1.0724247172781327	0.7657930340631938	1.1855852987195732
1.070305041947568	0.7764022173894808	1.1807730609373306
1.0676888521020047	0.7892116728321575	1.1748163598084647
1.0645968026392856	0.8040026215179574	1.167753547296226
1.061053171740463	0.8205382391889473	1.1596299677825914
1.0570855951220974	0.8385723699959152	1.150497615582332
1.0527247695302044	0.8578570854298545	1.1404147557072009
1.0480041311256652	0.8781488399177013	1.129445516203519
1.0429595146378765	0.899213179951428	1.117659460459033
1.0376287992123148	0.9208281063074055	1.1051311475773358
1.032051546758147	0.9427862699318199	1.091939688250108
1.0262686383300805	0.9648962136259227	1.0781683025291684
1.0203219136754895	0.9869828694705638	1.0639038845313844
1.0142538185683891	1.0088875003338051	1.0492365774287788
1.008107063963037	1.030467243682116	1.0342593601221262
1.0019243003594496	1.051594384383147	1.0190676448184914
0.9957478101078643	1.0721554542481133	1.003758882395095
0.9896192197140923	1.092050231506582	0.9884321700154035
0.9835792335650226	1.1111906936506184	0.9731878530742138
0.97766738989188	1.129499961795047	0.9581271113224732
0.9719218392430462	1.1469112632124143	0.9433515171313216
0.9663791452591174	1.1633669302701781	0.9289625525088486
0.961074107137208	1.1788174479280324	0.9150610709298125
0.9560396028425632	1.193220557654093	0.9017466905517812
0.9513064518731281	1.2065404226171683	0.8891171072479043
0.9469032962040548	1.2187468569457918	0.8772673193292324
0.9428564979290678	1.2298146204430989	0.8662887610120195
0.939190052067477	1.239722779214326	0.85626834860671
0.9359255130116875	1.2484541320612081	0.8472874518396434
0.9330819331420386	1.2559947021271851	0.8394208121585739
0.930675812225482	1.2623332930714537	0.8327354395070259
0.9287210563341346	1.267461108961849	0.8272895277980228
0.9272289451620063	1.2713714370741265	0.8231314359295259
0.9262081067770913	1.27405939284599	0.8202987844355407
0.9256644990164998	1.275521726342002	0.818817716784227
0.9256013969104775	1.2757566897283337	0.8187023684339262
0.9260193857042307	1.2747639654245118	0.8199545762262563
0.9269163592324607	1.2725446547849495	0.8225638464478173
0.9282875235891987	1.2691013273587695	0.8265075834761618
0.9301254062240187	1.2644381309754262	0.8317515642744076
0.9324198707842255	1.2585609630989851	0.8382506290879379
0.9351581382100635	1.2514777040784248	0.8459495471909599
0.938324814774811	1.2431985130870447	0.8547840095090722
0.9419019279413399	1.2337361876815762	0.8646816977643184
0.945868971077938	1.2231065880093888	0.8755633821130242
0.9502029582342978	1.2113291267347943	0.887344005195038
0.9548784903178973	1.19842732572186	0.8999337188968618
0.9598678341247076	1.1844294403712994	0.9132388496910216
0.9651410157586022	1.1693691522196352	0.927162778016789
0.9706659300126815	1.1532863299072391	0.941606725931779
0.9764084672744132	1.1362278578174263	0.9564704546109462
0.9823326594466681	1.1182485304517549	0.9716528789106035
0.9884008462407554	1.099412008753875	0.9870526101013836
0.9945738629890225	1.0797918318713335	1.002568440127853
1.0008112508390572	1.0594724739066086	1.0180997815989488
1.0070714898268824	1.0385504295999815	1.033547077423521
1.013312254883811	1.0171353050289405	1.0488121928538372
1.0194906943152522	0.9953508786035605	1.063798800939627
1.0255637297080848	0.973336083107107	1.078412770243445
1.031488375588674	0.9512458405247791	1.092562561303163
1.0372220764827338	0.9292516574106359	1.1061596358911903
1.0427230583414406	0.9075418596698549	1.1191188807233083
1.047950690619389	0.8863213131930373	1.1313590449989541
1.052865854645563	0.8658104441065406	1.1428031890767725
1.057431313346747	0.8462433458174176	1.1533791397578357
1.0616120768920925	0.8278647496633836	1.1630199461069375
1.0653757584554409	0.8109256558769322	1.1716643285238946
1.068692914063088	0.7956774881900449	1.1792571129077571
1.071537360429531	0.7823647634258833	1.1857496412544897
1.0738864647969502	0.7712164624423087	1.1911001499008942
1.0757214010934346	0.7624365379687488	1.1952741068714503
1.0770273672098658	0.7561942593357076	1.1982445003859123
1.0777937588569482	0.7526153092493421	1.1999920715171415
1.0780142962847694	0.7517746372907126	1.2005054852117303
1.0776871011019458	0.7536919782697143	1.1997814353499883
1.0768147214875439	0.7583306476867205	1.1978246811660167
1.0754041052087868	0.7655997828625377	1.1946480141045694
1.073466520999868	0.7753597124184911	1.190272155985405
1.0710174299796025	0.7874297305162797	1.1847255911025716
1.068076309846673	0.801597317004973	1.1780443365312894
1.0646664355528304	0.8176278108872892	1.1702716563794833
1.0608146209835148	0.8352736811479594	1.1614577269424404
1.056550926845978	0.8542827770803435	1.1516592606454543
1.0519083404589051	0.8744052049336847	1.140939097249711
1.0469224334451441	0.8953987119181478	1.1293657710226417
1.0416310034495442	0.9170326322944439	1.1170130624193209
1.0360737059441556	0.9390905574682643	1.1039595422820807
1.030291681957571	0.9613719421008737	1.0902881156484787
1.0243271871943431	0.9836928670530006	1.076085570980353
1.0182232275189227	1.0058861634248268	1.0614421390160262
1.0120232051940812	1.0278010728566238	1.0464510635404656
1.005770579615161	1.0493025864360066	1.0312081842118024
0.9995085455972454	1.070270573267779	1.015811529237496
0.9932797315795335	1.0905987825866261	1.0003609132368856
0.9871259194340514	1.1101937810833677	0.9849575331581992
0.9810877869252865	1.128973869734275	0.9697035527647904
0.9752046732802669	1.146868011256857	0.9547016641291617
0.9695143678077157	1.1638147895940105	0.9400546129746147
0.964052921058773	1.179761415796903	0.9258646738222143
0.958854477654845	1.194662789678134	0.9122330610055596
0.9539511296214503	1.2084806231058387	0.8992592629907621
0.949372788858263	1.221182628391777	0.8870402903466689
0.9451470772402495	1.2327417735809751	0.8756698323437225
0.9412992327762769	1.2431356053502558	0.8652373235783314
0.9378520302419394	1.2523456395056531	0.8558269300781376
0.9348257147440346	1.2603568186202951	0.8475164736282448
0.9322379467564059	1.2671570360957165	0.8403763228491443
0.9301037572822829	1.2727367258062536	0.8344682888403415
0.9284355119391218	1.2770885164607477	0.8298445707559496
0.9272428829214582	1.2802069498621689	0.8265468012267047
0.9265328279698923	1.282088262345653	0.8246052419879512
0.9263095756555766	1.282730228815134	0.8240381757368418
0.9265746164762956	1.2821320689677813	0.8248515310757935
0.9273266994502317	1.2802944154850475	0.8270387640903075
0.9285618340853755	1.2772193441716533	0.8305810040355974
0.9302732977954782	1.2729104662319886	0.8354474536328053
0.9324516490267313	1.2673730830802343	0.8415960186292136
0.9350847465521829	1.2606144042785874	0.8489741283823418
0.9381577755819496	1.2526438293794393	0.8575197005931094
0.9416532815244167	1.2434732946031382	0.8671621995422353
0.9455512124137269	1.2331176854019485	0.8778237381499714
0.9498289711875859	1.2215953160286444	0.8894201791452423
0.954461479151254	1.2089284772254096	0.9018621984656001
0.9594212520917375	1.1951440530477098	0.9150562834365923
0.9646784906029435	1.180274207599107	0.9289056480916188
0.9702011862392761	1.164357142019015	0.9433110572077316
0.9759552451229313	1.1474379213528525	0.9581715585633648
0.9819046305800213	1.129569369823048	0.9733851291887333
0.9880115262642458	1.1108130313392013	0.9888492458588432
0.9942365210369418	1.091240189597951	1.004461392849181
1.000538816603447	1.0709329385007806	1.0201195212371534
1.0068764585547851	1.0499852884249197	1.035722474053338
1.0132065910305899	1.0285042865561311	1.0511703906463101
1.0194857347073683	1.0066111193400211	1.0663651019884675
1.0256700872330649	0.984442151335563	1.081210526550277
1.0317158445860637	0.9621498365481682	1.095613074000369
1.0375795411501971	0.9399034150344561	1.109482061504341
1.0432184055872715	0.9178892790660694	1.1227301449184042
1.0485907288788774	0.8963108603273906	1.135273764800528
1.053656240226978	0.8753878552580829	1.1470336049664918
1.0583764858769134	0.8553545753244856	1.157935059360684
1.0627152053869606	0.8364571920944972	1.1679087013396208
1.0666386994446073	0.8189496570894333	1.1768907481183768
1.0701161830480672	0.8030881302961814	1.184823512136463
1.0731201177551073	0.7891238654437139	1.1916558304812148
1.0756265167671504	0.7772946840595667	1.1973434632750348
1.0776152168749324	0.7678154166526407	1.2018494520883936
1.0790701117446755	0.76086796513	1.205144429971973
1.0799793416637764	0.7565918844842547	1.2072068755844427
1.080335435676488	0.7550765149663786	1.2080233050898772
1.080135402998393	0.7563556477492843	1.207588396960992
1.0793807716714638	0.7604054486992179	1.2059050464905101
1.0780775735708619	0.7671459332705769	1.20298434861324
1.0762362760580364	0.7764457802263737	1.198845509500185
1.0738716617477027	0.7881298206824517	1.1935156892244705
1.0710026589752935	0.8019882487192919	1.187029779539133
1.0676521265754841	0.8177865183208581	1.1794301223749977
1.0638465974755926	0.8352749992071195	1.1707661759963115
1.0596159863409973	0.8541976950759235	1.1610941367856564
1.054993267062381	0.8742996023487637	1.1504765253228662
1.0500141262345157	0.8953325407195691	1.1389817457427882
1.044716598940676	0.9170594811801099	1.1266836272846588
1.0391406931312945	0.9392575219405495	1.1136609564750821
1.0333280086838614	0.9617197251575316	1.0999970075227077
1.0273213568733643	0.9842560434650784	1.0857790772622502
1.0211643854940369	1.0066935519673126	1.071098029395245
1.0149012142822096	1.0288761727515732	1.0560478508716544
1.008576084626732	1.0506640451174178	1.0407252210876992
1.0022330268478152	1.0719326616987692	1.0252290922012577
0.995915547605841	1.0925718616090894	1.009660276363483
0.9896663392947035	1.1124847478069928	0.9941210331316653
0.9835270126020775	1.131586577049066	0.9787146478890378
0.9775378528000739	1.1498036564808625	0.9635449899108367
0.9717375997780332	1.1670722703206702	0.9487160369797786
0.9661632513543612	1.1833376524140664	0.9343313524048004
0.9608498890116148	1.1985530149741974	0.9204935002045199
0.9558305248900866	1.212678639994284	0.9073033853681995
0.9511359686480162	1.2256810371736802	0.8948595087744059
0.9467947126466744	1.2375321703974502	0.8832571307416738
0.9428328338392618	1.2482087536035924	0.8725873433924418
0.9392739107256376	1.2576916160840153	0.8629360599214988
0.9361389537713989	1.2659651367703098	0.8543829380996583
0.9334463477705496	1.2730167467665512	0.847000265231577
0.931211804746976	1.2788364992492887	0.8408518413390907
0.9294483261329777	1.2834167058185815	0.8359919053424033
0.9281661731259027	1.2867516384252338	0.8324641541651231
0.9273728443005264	1.28883729609821	0.8303009058386381
0.9270730597404497	1.289671235838119	0.8295224540590114
0.92726875114303	1.2892524672163381	0.8301366530994367
0.927959057546878	1.2875814104155598	0.8321387590858009
0.9291403265273863	1.2846599176583136	0.8355115377025814
0.9308061209032197	1.2804913581877233	0.840225631245156
0.9329472311947571	1.2750807671821711	0.8462401616252305
0.9355516942733776	1.2684350591951261	0.8535035323693029
0.9386048188371281	1.2605633069050526	0.861954383243097
0.9420892185417598	1.2514770861289648	0.8715226466090251
0.9459848538033381	1.2411908881857332	0.8821306549534397
0.950269083465384	1.22972260077753	0.8936942535361332
0.9549167276841766	1.2170940585706658	0.9061238797125438
0.9599001435236381	1.2033316645736016	0.9193255798713232
0.9651893148580194	1.1884670831913942	0.9332019448722931
0.9707519582476265	1.1725380054260426	0.9476529543273957
0.9765536464705845	1.1555889860093078	0.9625767283008226
0.9825579513527221	1.137672351180574	0.9778701915854497
0.9887266074290931	1.118849174188565	0.9934296604861915
0.9950196977866008	1.099190313165367	1.0091513650609523
1.0013958631715432	1.078777502468124	1.0249319212275656
1.007812535094983	1.057704483470172	1.0406687673033703
1.0142261932320433	1.0360781535408012	1.056260578687515
1.0205926468915365	1.0140197018753478	1.0716076727969865
1.0268673397369037	0.9916656871041425	1.0866124142666513
1.033005676279808	0.9691689933632607	1.1011796280233612
1.0389633679600203	0.9466995780370746	1.1152170253076472
1.0446967958900244	0.9244448954402225	1.1286356451728
1.0501633866046607	0.9026098470727713	1.1413503115413266
1.0553219964430107	0.8814160733588855	1.1532801036225893
1.060133299531873	0.8611003694166643	1.1643488354564344
1.0645601737688442	0.8419119877408299	1.1744855385972295
1.0685680787488374	0.8241085974741698	1.1836249405325105
1.0721254192693253	0.8079507205492307	1.1917079303730747
1.0752038879110408	0.7936945769531101	1.1986820026804272
1.0777787802409138	0.781583455623394	1.2045016700264517
1.0798292764339734	0.771837978432284	1.2091288350112643
1.081338683563571	0.7646459104378222	1.212533112987951
1.0822946334581358	0.7601524282423339	1.214692097633436
1.0826892318517691	0.7584519080123279	1.215591562725476
1.0825191555402647	0.7595822597488711	1.2152255949858661
1.081785695360514	0.7635225804835174	1.2135966545668444
1.0804947439999824	0.770194459999985	1.210715561619128
1.0786567288699163	0.7794667491526781	1.206601409307241
1.0762864914948322	0.7911631262049744	1.2012814055487226
1.0734031160357884	0.8050714850499044	1.1947906475669028
1.0700297106329237	0.8209540743833473	1.187171834984797
1.0661931461859757	0.8385574215319965	1.178474928580323
1.0619237579592589	0.8576213109224649	1.1687567629107853
1.057255015977656	0.8778863718630107	1.1580806217499622
1.0522231705597735	0.8991000945326602	1.1465157856301424
1.0468668795100846	0.9210212967022758	1.1341370607240169
1.041226823469593	0.9434231947881692	1.1210242978306801
1.0353453157182617	0.9660952987587872	1.1072619093522207
1.0292659123531902	0.988844367664918	1.0929383908800092
1.023033028260559	1.0114946489437033	1.0781458523811795
1.0166915636864073	1.0338875950115989	1.0629795620246023
1.0102865455228653	1.055881215506758	1.047537503461694
1.0038627866939838	1.077349189267752	1.031919944943402
0.9974645662787119	1.098179830010258	1.0162290160899872
0.9911353322750993	1.1182749748742444	1.0005682855356166
0.9849174282129673	1.137548845538847	0.9850423301737423
0.9788518441812303	1.15592691682071	0.9697562844942511
0.9729779922654872	1.1733448167498426	0.9548153567306942
0.9673335059012123	1.1897472742193624	0.9403242974666041
0.9619540622434913	1.2050871246957644	0.9263868062585568
0.9568732263371211	1.2193243805528942	0.9131048630110784
0.9521223156389906	1.2324253698875793	0.9005779735600933
0.9477302832930453	1.2443619458366622	0.8889023233987582
0.9437236184796426	1.2551107671877892	0.8781698397958209
0.9401262621471056	1.2646526502767588	0.8684671705951982
0.936959536474293	1.272971991664233	0.8598745973605653
0.9342420864992936	1.2800562607953487	0.8524649105424452
0.9319898324715867	1.2858955617063372	0.8463022839924368
0.9302159316344932	1.290482262810886	0.8414411941931276
0.9289307483139985	1.2938106938468419	0.8379254346999688
0.9281418313727919	1.295876909170669	0.8357872773376529
0.9278538982798187	1.2966785167379027	0.8350468278948038
0.9280688252423054	1.2962145722912217	0.8357116152791371
0.9287856430468467	1.2944855384842582	0.8377764399435745
0.9300005384573984	1.2914933088904554	0.8412234912098894
0.9317068612203179	1.2872412970745986	0.846022725771053
0.933895136929457	1.281734591132282	0.8521324832274717
0.9365530862072616	1.2749801743219742	0.8595003009205098
0.9396656508597915	1.266987212616958	0.8680638809841155
0.9432150278625957	1.2577674101809142	0.8777521581464892
0.947180712227388	1.2473354339096911	0.8884864173268076
0.9515395499820456	1.2357094082682094	0.9001814147882685
0.9562658026627324	1.222911481665542	0.9127464643978515
0.9613312248597313	1.2089684655248336	0.9260864600973082
0.9667051564693953	1.193912546977504	0.9401028157534964
0.972354631374145	1.1777820756841404	0.9546943130906749
0.9782445042907124	1.1606224245718169	0.9697578566760632
0.9843375974839169	1.1424869231551804	0.9851891415104951
0.9905948689297318	1.1234378603990338	1.0008832435214157
0.9969756033190238	1.103547551533677	1.0167351462277225
1.0034376270157517	1.082899459506937	1.0326402182428873
1.0099375477167962	1.061589356386566	1.048494656372828
1.0164310191044152	1.039726502413575	1.064195908136586
1.0228730302398428	1.0174348098067718	1.0796430858661556
1.0292182188254462	0.9948539439680054	1.0947373823696
1.0354212067754218	0.9721402955408849	1.1093824956724183
1.0414369557983403	0.9494677320988041	1.1234850677505113
1.0472211399307643	0.9270280078673863	1.1369551395643913
1.0527305311955586	0.9050306747206326	1.1497066222010435
1.057923393820881	0.883702300604025	1.1616577816083788
1.0627598817779005	0.8632847684742906	1.1727317323327637
1.0672024338097823	0.8440324098948351	1.182856933895779
1.0712161596634304	0.8262077373303962	1.1919676820152838
1.0747692109283402	0.8100755962945383	1.2000045858219721
1.0778331297588433	0.7958956809429967	1.2069150215701916
1.0803831688258532	0.7839135548436951	1.212653553104552
1.0823985761230521	0.7743505845179212	1.2171823095232872
1.0838628387423015	0.7673934905523925	1.220471311063753
1.0847638804262125	0.7631844821036101	1.2224987351986825
1.0850942085845348	0.7618130788992308	1.223251116233438
1.0848510074981483	0.7633106639997389	1.2227234732801409
1.0840361755944952	0.7676485216784207	1.2209193632877127
1.082656305919026	0.7747396419590052	1.2178508577511848
1.080722610202106	0.7844440285135422	1.213538443726254
1.0782507881812682	0.7965767697952938	1.2080108517500843
1.0752608450369268	0.8109178377787062	1.2013048151320531
1.0717768608912726	0.8272225107744496	1.1934647667484104
1.067826717266349	0.8452314494103308	1.184542480881017
1.063441786167356	0.8646797126048075	1.1745966687218914
1.0586565880290757	0.8853042966539418	1.1636925368747417
1.05350842512503	0.9068500472448082	1.1519013184889602
1.0480369971885721	0.9290739940902988	1.1392997865421277
1.0422840059400378	0.9517482822874458	1.1259697582395332
1.0362927549703969	0.9746619333718894	1.1119975985323043
1.0301077510224712	0.9976216803133824	1.0974737293902448
1.0237743121639882	1.0204521027031224	1.0824921497332736
1.0173381876940926	1.0429952559317845	1.0671499688692088
1.010845193899526	1.0651099514293505	1.051546953959826
1.0043408690112376	1.086670810061569	1.0357850895099043
0.9978701499376327	1.1075671804932303	1.0199681442309743
0.9914770725948734	1.1277019896786453	1.0042012379813714
0.985204496941305	1.1469905734389068	0.9885903989646909
0.979093857171501	1.1653595206151866	0.9732420991530005
0.9731849369497868	1.1827455536601703	0.958262754202126
0.9675156690729199	1.199094460886237	0.9437581731964623
0.9621219585516206	1.2143600901864386	0.9298329436839144
0.9570375277915896	1.2285034102833639	0.9165897389326683
0.9522937823335504	1.241491642979921	0.904128537431096
0.9479196954729652	1.253297468141346	0.8925457495537494
0.9439417100154408	1.263898301980208	0.8819332530792566
0.94038365542407	1.2732756484692034	0.8723773477005837
0.9372666786699757	1.2814145232466323	0.8639576483604704
0.9346091871968935	1.2883029491217595	0.8567459474001763
0.932426802545046	1.2939315221735526	0.8508050850510589
0.9307323233399418	1.2982930474268033	0.8461878754401397
0.9295356965305154	1.30138224315684	0.8429361397021173
0.9288439959519984	1.3031955129984398	0.8410798978737145
0.9286614074874268	1.3037307852016662	0.8406367663345718
0.9289892203044895	1.3029874185759265	0.8416115976669554
0.929825823849548	1.3009661748841197	0.8439963857194696
0.9311667104870407	1.2976692576828357	0.8477704418705816
0.9330044838797631	1.2931004178443077	0.8529008309687013
0.9353288734134144	1.287265126233256	0.8593430392821594
0.9381267551768653	1.2801708142388335	0.8670418338818319
0.941382180216724	1.2718271830696946	0.8759322644922823
0.9450764109887975	1.2622465828986378	0.8859407555296988
0.9491879671265783	1.2514444630799166	0.8969862375866211
0.9536926818330309	1.239439894741004	0.9089812731989406
0.9585637703702943	1.2262561670492949	0.921833140132044
0.9637719122646482	1.21192145834166	0.935444845317642
0.9692853489520393	1.196469583035508	0.9497160527246286
0.9750699986526761	1.1799408147479975	0.9645439178664797
0.9810895902711043	1.1623827852387203	0.9798238296592213
0.9873058180604141	1.1438514575210235	0.9954500665866965
0.9936785186559606	1.124412169558934	1.0113163785085006
1.000165871867026	1.1041407421006944	1.0273165080605453
1.006724626307815	1.083124640012183	1.0433446666707369
1.0133103505489067	1.061464170450772	1.059295980023243
1.0198777099768621	1.0392736927009487	1.0750669166462143
1.026380768967584	1.0166828026661685	1.0905557114424849
1.0327733173173133	0.9938374389536692	1.1056627936684946
1.039009219147831	0.970900836277885	1.1202912262911928
1.0450427817286507	0.9480542248597374	1.1343471609751445
1.0508291408625814	0.9254971415997738	1.1477403102987063
1.0563246586902018	0.9034471814002146	1.1603844362687488
1.0614873290150428	0.8821389787936899	1.1721978518777099
1.066277184568268	0.8618221782195915	1.1831039303893522
1.07065670005364	0.8427581376726958	1.1930316153034828
1.074591184373598	0.8252151316480877	1.2019159225780067
1.0780491551651725	0.8094618950123612	1.2096984257124501
1.081002688695013	0.7957594973888044	1.2163277137436557
1.0834277382936661	0.7843517646733044	1.2217598120831608
1.0853044148595492	0.7754547547396956	1.2259585564352036
1.0866172235321605	0.7692461007935265	1.2288959107583493
1.0873552514108813	0.7658552797507211	1.2305522213410904
1.087512302158831	0.7653559531103228	1.2309164005061162
1.087086974449457	0.7677613946451576	1.2299860351787069
1.0860826824475036	0.773023653545818	1.2277674174791366
1.0845076178198516	0.7810365732512361	1.2242754965449227
1.0823746540957813	0.7916422268304888	1.219533752868272
1.0797011954896438	0.8046398834147902	1.2135739984573681
1.076508973512484	0.8197963866146531	1.2064361080097687
1.0728237957880047	0.8368568281814173	1.1981676879409326
1.0686752524142975	0.8555545899358026	1.188823691469432
1.0640963859465102	0.8756201172536583	1.1784659889637947
1.0591233315974742	0.8967880912669802	1.167162903359696
1.0537949345543083	0.9188029232474717	1.1549887206311562
1.0481523513903455	0.9414226753241675	1.1420231850315399
1.0422386424245853	0.9644216156216939	1.1283509881101872
1.0360983615645736	0.9875916575199838	1.11406125937254
1.029777149689438	1.0107429316565617	1.0992470649120079
1.023321337018734	1.0337037137038314	1.0840049184383551
1.0167775592036834	1.0563198946558219	1.0684343069092177
1.010192391104975	1.0784541423365692	1.052637230500212
1.0036120014193692	1.099984868087349	1.0367177540018768
0.9970818305172093	1.1208050832849157	1.0207815640050895
0.990646293082239	1.1408212069425148	1.0049355235525117
0.9843485064270379	1.1599518676847764	0.9892872134459239
0.9782300447100668	1.1781267300123754	0.973944447299658
0.9723307187167458	1.1952853650471011	0.959014745951071
0.9666883803950859	1.2113761790134434	0.9446047562504251
0.9613387509594711	1.2263554078493286	0.9308195998502911
0.9563152710932734	1.2401861829777112	0.9177621396935333
0.9516489715877355	1.2528376709815827	0.9055321557104237
0.9473683626438659	1.2642842883909207	0.8942254269275726
0.9434993400268323	1.2745049917841913	0.8839327247365731
0.9400651062882583	1.2834826427695647	0.8747387311907929
0.9370861053501393	1.2912034470314322	0.8667209063087767
0.934579968864151	1.2976564664303287	0.8599483385502431
0.932561472912059	1.3028332030773309	0.8544806217043173
0.9310425037878766	1.3067272543319715	0.8503668080458794
0.9300320317930912	1.309334037771026	0.8476444904851375
0.929536092176808	1.3106505853265387	0.8463390645781046
0.9295577725589127	1.310675405981658	0.8464632142635907
0.9300972063836024	1.3094084166315818	0.8480166533664916
0.9311515721613789	1.306850940954805	0.8509861393559949
0.9327150984692898	1.3030057763885416	0.8553457583141585
0.934779074891666	1.2978773295534218	0.8610574626554561
0.9373318692968046	1.2914718207181737	0.8680718279204579
0.9403589520583813	1.2837975581263426	0.8763289836320083
0.9438429280425045	1.2748652832145821	0.885759666767931
0.9477635773895886	1.264688587924391	0.8962863451069103
0.9520979063205722	1.2532844054323113	0.9078243610548868
0.9568202093837117	1.2406735756787701	0.9202830535325314
0.9619021447239819	1.226881487036826	0.933566824793052
0.96731282409314	1.2119387952917222	0.9475761293081846
0.9730189194148381	1.1958822207457187	0.9622083719427783
0.9789847877648975	1.1787554236404096	0.9773587116568689
0.9851726166109053	1.1606099570842552	0.9929207743770708
0.9915425910668587	1.141506295118614	1.0087872842179433
0.9980530847478831	1.1215149312126014	1.024850625902321
1.004660875549083	1.1007175390129358	1.0410033531880676
1.0113213873159361	1.0792081821366928	1.0571386586137679
1.0179889579191768	1.057094552584338	1.0731508192216013
1.024617133696737	1.0344992072096155	1.0889356313930691
1.0311589895856348	1.0115607577054506	1.1043908458060538
1.0375674735492544	0.988434950763329	1.11941661101487
1.0437957731272485	0.9652955505343608	1.1339159314531404
1.0497977011184274	0.9423349047723363	1.1477951429103008
1.0555280965785032	0.9197640395570679	1.160964405853635
1.0609432365055937	0.8978120876015688	1.1733382144524458
1.066001252831126	0.8767248171481006	1.1848359168848632
1.0706625486679322	0.8567620019087135	1.1953822405328418
1.074890207226515	0.8381933720571464	1.2049078140480274
1.078650386427945	0.8212929311741997	1.2133496770414645
1.0819126920468978	0.8063315348971308	1.2206517673442308
1.0846505222335545	0.7935678186105284	1.2267653754234773
1.0868413765032903	0.7832378317110895	1.2316495556253637
1.0884671227530116	0.7755440537534903	1.2352714844449322
1.0895142165571226	0.7706447672011789	1.2376067569692288
1.0899738678975353	0.768644950465814	1.2386396139640667
1.0898421515635837	0.7695898434296986	1.2383630937212358
1.089120058682136	0.7734620788502631	1.2367791046820622
1.0878134881608277	0.7801827968785201	1.2338984169239235
1.0859331781978991	0.789616575861964	1.2297405727493056
1.0834945793775872	0.8015794726360317	1.2243337187588592
1.0805176721776704	0.8158491039331894	1.217714363827524
1.0770267329159329	0.8321755835643808	1.209927069247558
1.0730500532113834	0.8502922411266572	1.2010240788741138
1.0686196188984562	0.869925310719109	1.1910648983398702
1.0637707549824853	0.890802096985421	1.1801158332410722
1.0585417436475963	0.9126574215133123	1.16824949660033
1.0529734225200744	0.9352383793025115	1.155544295859646
1.0471087703580504	0.9583075793995254	1.14208390914453
1.0409924870984393	0.981645114842172	1.1279567595753843
1.0346705747688107	1.0050495238999113	1.1132554950079028
1.0281899251956912	1.0283379875842171	1.0980764787945627
1.0215979197460408	1.0513459742845577	1.0825192950206417
1.014942045561525	1.0739265028132263	1.066686269239087
1.008269531921747	1.095949157084571	1.0506820030815807
1.001627009536957	1.1172989525580483	1.0346129183486639
0.9950601947537125	1.1378751275935421	1.0185868033931267
0.9886135998849938	1.1575899118513033	1.0027123519505743
0.9823302701706593	1.1763673080473889	0.9870986822175539
0.9762515472508523	1.1941419117767669	0.9718548221494563
0.9704168585045309	1.2108577857930942	0.9570891459067908
0.9648635311731543	1.2264673992668924	0.9429087464109267
0.9596266298564524	1.2409306384714756	0.9294187303829103
0.9547388157299245	1.25421389256002	0.9167214253118314
0.9502302256858973	1.266289216220395	0.9049154927356071
0.9461283695327097	1.2771335697538044	0.8940949490740753
0.9424580433894807	1.286728136326171	0.8843481038663211
0.9392412574757272	1.2950577156532332	0.8757564351741615
0.9364971766044347	1.3021101931095795	0.8683934323345459
0.9342420718332605	1.3078760831354217	0.8623234460751057
0.9324892819015934	1.3123481458102149	0.8576005939295815
0.9312491832727906	1.315521075539615	0.8542677735421095
0.9305291678044061	1.3173912609410194	0.852355836672468
0.9303336272795575	1.3179566151976094	0.8518829718178297
0.9306639442464418	1.3172164763693077	0.8528543333485952
0.9315184888285111	1.3151715773913566	0.8552619407081984
0.932892621384145	1.3118240857481855	0.8590848540731659
0.934778701111769	1.3071777130734163	0.8642896149338404
0.9371661009143953	1.301237895187774	0.870830923504389
0.9400412290563713	1.2940120433365978	0.8786525116187397
0.9433875583638741	1.2855098676182108	0.8876881611522565
0.9471856639373208	1.2757437737927448	0.8978628145954626
0.9514132705549068	1.2647293348150175	0.9090937259848149
0.9560453111467295	1.25248583852763	0.9212916061194982
0.9610539979014732	1.2390369129582801	0.9343617246201906
0.9664089077238167	1.2244112305550867	0.9482049415440085
0.972077083880556	1.208643292417364	0.9627186516868137
0.978023155745778	1.1917742930659725	0.9777976343611655
0.9842094785686148	1.1738530654436918	0.9933348096412097
0.990596295129547	1.1549371044916197	1.0092219084440586
0.997141921012019	1.1350936655969561	1.0253500682736285
1.003802954985986	1.1144009311469583	1.0416103690913523
1.0105345156719598	1.092949233934896	1.0578943248276016
1.0172905052243806	1.0708423196852996	1.0740943457970267
1.02402390024189	1.0481986217725117	1.09010418603081
1.0306870694841366	1.0251525084070372	1.1058193875699327
1.037232117260094	1.0018554451434114	1.1211377313209592
1.0436112505670623	0.9784769925085962	1.1359597013638099
1.0497771672235852	0.9552055291209183	1.1501889667844696
1.055683461379916	0.9322485548859537	1.163732882316458
1.0612850419374422	0.9098323882806741	1.1765030064181576
1.0665385585983926	0.8882010305853538	1.1884156329737678
1.0714028295362752	0.8676139363869392	1.1993923306533143
1.0758392640633385	0.8483424170826418	1.209360482159429
1.0798122732099424	0.8306644310644706	1.2182538141727006
1.0832896608545572	0.814857602476262	1.226012907819944
1.0862429879785531	0.8011904787469007	1.232585678956004
1.0886479027856344	0.7899122910846846	1.2379278174819743
1.0904844298306104	0.7812418011174886	1.2420031753183605
1.0917372119441124	0.7753561444123647	1.24478409349206
1.0923956996053392	0.7723808283030221	1.2462516600454336
1.0924542834789386	0.7723821078057456	1.246395892081711
1.0919123670591646	0.7753627803614	1.2452158371556048
1.0907743777100756	0.7812620101641319	1.242719591320243
1.089049715803611	0.789959205754882	1.238924233360294
1.0867526430830732	0.8012813815761293	1.2338556769798381
1.0839021127620618	0.8150129888115943	1.2275484448740723
1.0805215451550392	0.8309069985453361	1.220045370601821
1.0766385537773997	0.8486960696385535	1.211397235904221
1.0722846278102256	0.8681028696633847	1.2016623525085905
1.0674947775675836	0.8888489411484356	1.1909060984545594
1.0623071501133112	0.9106618263608539	1.1792004195374615
1.0567626224424091	0.9332804229004884	1.1666233065542995
1.0509043796734379	0.9564587165764235	1.1532582586497424
1.04477748550717	0.9799681314595902	1.1391937421989968
1.0384284518166074	1.0035987678537763	1.124522653350955
1.0319048136745592	1.027159788859175	1.109341790621982
1.0252547154324785	1.0504791840722318	1.0937513418235547
1.018526512675739	1.0734030984327956	1.0778543871835862
1.0117683940339826	1.0957948737899539	1.0617564178532892
1.0050280259570992	1.1175339148522638	1.045564866167509
0.9983522227110443	1.1385144615269944	1.029388641156892
0.9917866430320265	1.1586443263416062	1.013337660033252
0.9853755141263716	1.177843637980903	0.9975223638579153
0.9791613830346152	1.1960436189691155	0.9820532035692364
0.9731848948045252	1.2131854161645876	0.967040081243999
0.9674845964457112	1.2292189961201574	0.9525917311877525
0.9620967652700395	1.2441021127631178	0.9388150264996176
0.9570552599548025	1.2577993516974635	0.9258141994321745
0.9523913924933579	1.2702812533044028	0.9136899683973904
0.9481338191119314	1.2815235154073958	0.9025385709549554
0.9443084482207467	1.2915062753573965	0.8924507104519159
0.9409383635208606	1.3002134708306152	0.8835104337726329
0.9380437604930024	1.3076322783108498	0.8757939681862213
0.9356418946398001	1.3137526280802467	0.8693685554966153
0.9337470400273924	1.3185667945180164	0.8642913303074676
0.9323704568674928	1.3220690605731362	0.8606082948180492
0.9315203670890091	1.3242554554112047	0.8583534439191968
0.931201937063808	1.3251235644204655	0.8575480906271411
0.9314172668703599	1.3246724109845396	0.8582004329010209
0.9321653856996274	1.3229024096787487	0.8603053892555245
0.9334422532288734	1.319815390813587	0.8638447136957725
0.9352407670109782	1.315414696523972	0.8687873823343207
0.9375507761497907	1.3097053488776318	0.8750902268008646
0.940359101756157	1.3026942907414876	0.8826987752577116
0.9436495649040553	1.2943907003915522	0.8915482519973388
0.9474030230300816	1.2848063810689794	0.9015646819792255
0.951597415939198	1.2739562268595463	0.9126660472145361
0.9562078227902154	1.2618587663894953	0.9247634468930449
0.9612065316291316	1.2485367858649603	0.9377622213706143
0.966563123208553	1.234018032903551	0.9515630102120097
0.9722445709667328	1.2183360023692156	0.9660627250827241
0.9782153591287817	1.2015308049580737	0.9811554283059273
0.9844376209231152	1.183650118494693	0.9967331165685326
0.9908712988658656	1.164750220641354	1.0126864161295925
0.9974743289430522	1.144897099789583	1.0289052008022743
1.0042028503045661	1.1241676379993903	1.0452791470158131
1.0110114417673965	1.1026508555687533	1.0616982416273895
1.017853386003307	1.0804492006017548	1.0780532581307798
1.0246809617574253	1.0576798580771698	1.0942362158047656
1.031445763812957	1.0344760405015743	1.110140834450816
1.0380990496927107	1.0109882052177201	1.1256629949440966
1.044592111285382	0.9873851207498144	1.1407012130809357
1.0508766687244975	0.9638546753338776	1.1551571313258961
1.0569052829571934	0.9406042848085227	1.168936030183976
1.0626317825502392	0.9178607155683641	1.1819473581614506
1.0680116994277762	0.8958690950894033	1.1941052767240177
1.0730027074575117	0.8748908453236272	1.2053292143887129
