1.0	1.0	0.9999999999999999
1.005763080728009	0.9794700121956097	1.0144355392461908
1.0114537930587153	0.9586470555855993	1.0285707257492966
1.0170332164390097	0.9376646699722873	1.0423192634830991
1.0224626598624074	0.9166707890612522	1.055597544342632
1.0277039627778919	0.895828118460087	1.0683250031205818
1.0327198062807346	0.8753141562432112	1.0804244827502587
1.037474031191801	0.8553207183295687	1.091822608970624
1.0419319591410237	0.8360528059026556	1.1024501718603201
1.0460607123439893	0.8177266346044552	1.112242510216916
1.0498295274163267	0.8005666442213735	1.1211398935501569
1.053210058331134	0.7848013347382241	1.1290878955372212
1.0561766635058303	0.7706578426564897	1.1360377521668645
1.0587066720213005	0.758355290228379	1.1419466974851875
1.0607806241348454	0.748097110782951	1.1467782698483782
1.0623824815550882	0.740062760894158	1.1505025818785903
1.0634998033952288	0.7343994396912192	1.1530965478914401
1.0641238843041203	0.7312145940200188	1.1545440633891972
1.0642498519744792	0.7305700369484655	1.1548361322607288
1.063876722024134	0.7324784041930034	1.1539709385521966
1.0630074091126551	0.7369024152127873	1.1519538610221334
1.0616486940621124	0.7437570390701348	1.1487974301174602
1.059811147665108	0.7529142743374011	1.144521228443997
1.0575090127537563	0.7642099309134608	1.1391517371985755
1.0547600469386518	0.7774516178846096	1.1327221323237993
1.051585329178681	0.7924271171015881	1.12527203528774
1.0480090339867243	0.8089124321129385	1.116847224332927
1.0440581775944138	0.8266789932505654	1.1074993127436257
1.0397623407778498	0.8454997139147299	1.0972854011153412
1.0351533732795466	0.8651537853835763	1.086267710755574
1.0302650848494883	0.8854302430431682	1.0745132051858475
1.0251329278762071	0.9061304297034615	1.0620932062486312
1.0197936763981623	0.9270695279080681	1.049083010551525
1.0142851059919902	0.9480773447565211	1.0355615109163743
1.008645678646663	0.9689985222642185	1.0216108261597725
1.0029142362711345	0.989692324132695	1.007315940939144
0.9971297059703932	1.0100321234443477	0.9927643555864192
0.9913308196822531	1.0299046898674182	0.9780457438647076
0.9855558502149416	1.0492093519051202	0.9632516144759823
0.9798423651828484	1.067857090510521	0.948474969997341
0.9742269998204606	1.0857696050877548	0.9338099548277606
0.9687452491755767	1.1028783811228169	0.9193514818161211
0.9634312797535788	1.1191237798582725	0.9051948256803541
0.9583177603109031	1.1344541639493166	0.8914351703182427
0.9534357111826178	1.148825068370986	0.8781670968908009
0.9488143712784467	1.1621984225342241	0.8654840003871809
0.9444810816911349	1.1745418272526256	0.8534774245126285
0.940461184729954	1.185827888604717	0.8422363083941616
0.9367779371147377	1.1960336096539086	0.8318461438924273
0.9334524360371733	1.2051398402700761	0.8223880492062078
0.9305035568103678	1.2131307848348318	0.8139377726971774
0.9279479008782103	1.2199935673335167	0.8065646499154687
0.9257997530367816	1.2257178531866242	0.8003305458540302
0.9240710468249209	1.230295527114251	0.7952888224446265
0.9227713371648499	1.23372042633621	0.791483377045967
0.9219077794714959	1.2359881284675487	0.7889478000374229
0.9214851145974413	1.2370957935612115	0.7877046977681259
0.9215056591351631	1.2370420598686593	0.7877652206693517
0.9219693007583523	1.235826993024873	0.7891288256135384
0.9228734984461353	1.233452088512375	0.7917832875717282
0.9242132875977117	1.2299203274109674	0.7957049598248626
0.9259812902087081	1.2252362855935102	0.8008592662753027
0.9281677304423742	1.2194062966740864	0.8072013956232397
0.9307604560883883	1.2124386691501008	0.8146771568129764
0.9337449665563985	1.2043439582960465	0.8232239491350273
0.9371044481989806	1.1951352934568715	0.8327717989221126
0.9408198178950714	1.1848287614413593	0.8432444174938803
0.9448697759473597	1.1734438467195614	0.8545602410015172
0.9492308694500122	1.1610039290626464	0.8666334209555008
0.9538775673612356	1.1475368391023948	0.8793747433090147
0.9587823485625517	1.133075471994552	0.89269246297758
0.96391580419749	1.11765845888777	0.9064930488099491
0.9692467555490925	1.101330895153589	0.9206818407820103
0.974742388633989	1.0841451232091623	0.9351636263256934
0.9803684065538525	1.0661615661107489	0.9498431462102024
0.9860892004496187	1.0474496057002385	0.9646255423946571
0.9918680396470693	1.0280884956664273	0.9794167609912505
0.9976672812637428	1.008168295067412	0.9941239231741731
1.0034485991681665	0.9877908011898664	1.0086556758002434
1.009173231747862	0.9670704515443102	1.0229225319053075
1.0148022474599434	0.946135152713878	1.0368372093063583
1.020296826617541	0.9251269781226154	1.0503149734333568
1.0256185573213041	0.9042026572073202	1.0632739883644744
1.0307297428926132	0.8835337550995767	1.07563567793986
1.0355937176248622	0.863306415824512	1.0873250968557595
1.040175167159863	0.8437205158183536	1.098271309847796
1.0444404493412383	0.8249880531331986	1.1084077755018273
1.0483579110167303	0.8073305887679658	1.1176727299140736
1.0518981959772755	0.790975570839312	1.126009564384123
1.0550345390515257	0.7761514224015345	1.133367190580938
1.0577430413348203	0.7630813712595576	1.1397003861839374
1.0600029216326838	0.7519761505237543	1.144970113870566
1.0617967394456194	0.7430258943342722	1.149143806694374
1.0631105852141218	0.7363917674834061	1.1521956133588014
1.0639342340730078	0.7321980538341769	1.1541065976190443
1.0642612600195238	0.7305255279333588	1.1548648870077762
1.0640891081599315	0.731406895427221	1.1544657672369583
1.0634191235413837	0.7348248897126296	1.1529117199337717
1.0622565359694713	0.7407132809248775	1.1502124027691538
1.060610401127474	0.7489606607116415	1.1463845724748367
1.05849349921707	0.7594165065210431	1.1414519526638431
1.0559221932014973	0.7718987844535511	1.1354450497096964
1.0529162495209123	0.7862022617235086	1.1284009211480204
1.0494986248396803	0.8021067609185574	1.1203629020926333
1.0456952229565741	0.8193847539110256	1.1113802959617598
1.041534626444115	0.8378079046649767	1.1015080363575782
1.0370478078767287	0.8571523754811206	1.090806327205426
1.0322678256522322	0.8772028772855425	1.0793402682244284
1.0272295094149855	0.897755558395509	1.0671794724580563
1.0219691399587114	0.9186198899358236	1.054397681943991
1.0165241282359223	0.9396197300877324	1.041072386654719
1.0109326977500472	0.9605937463549822	1.0272844506074308
1.005233574170737	0.9813953565068085	1.0131177475477413
0.9994656855188189	1.0018923234877544	0.998658806883005
0.9936678757344244	1.021966113081171	0.9839964686192956
0.9878786338905547	1.0415110987166611	0.9692215439889003
0.9821358407660505	1.06043367700498	0.9544264763120068
0.9764765339623764	1.078651340734546	0.9397049945046151
0.9709366922530173	1.0960917429301316	0.925151749641172
0.9655510394037866	1.112691775629693	0.9108619232566338
0.9603528673054773	1.128396679680521	0.8969307948138013
0.9553738779227031	1.1431591965185952	0.8834532551942526
0.9506440432865638	1.156938769085584	0.8705232534447507
0.9461914825446057	1.1697007963578219	0.8582331655895122
0.9420423549268826	1.1814159441039858	0.8466730773373401
0.9382207673883475	1.1920595132182064	0.8359299771401166
0.9347486956404362	1.2016108661260267	0.8260868623278641
0.9316459172822358	1.2100529112056493	0.8172217687940863
0.9289299557785395	1.2173716448221845	0.8094067435131297
0.9266160341010254	1.2235557503745733	0.8027067883368006
0.9247170369450355	1.2285962536640436	0.7971788120690994
0.923243480550963	1.2324862338758653	0.7928706346046661
0.9222034892918642	1.2352205895063875	0.7898200907621478
0.9216027783335176	1.2367958586462013	0.7880542813577989
0.9214446418256542	1.2372100931399839	0.7875890144702788
0.9217299462409725	1.2364627862728388	0.7884284707681449
0.922457128640489	1.2345548537771784	0.7905651139141382
0.9236221998066346	1.231488668105268	0.7939798517627237
0.92521875234949	1.2272681460663855	0.7986424380931543
0.9272379740543318	1.2218988900770802	0.804512089856163
0.9296686668994733	1.215388383413245	0.8115382830271964
0.93249727233005	1.2077462399783239	0.8196616823241819
0.9357079035240327	1.1989845092023064	0.8288151567741875
0.9392823855281731	1.1891180367563774	0.8389248342364206
0.9432003042700782	1.178164881792896	0.8499111527923406
0.9474390655640182	1.1661467913853247	0.8616898743297708
0.9519739653169182	1.1530897327236365	0.8741730344879823
0.9567782722013968	1.139024483386872	0.8872698122817375
0.9618233240891443	1.123987279615527	0.9008873112863272
0.9670786395230261	1.1080205218786339	0.9149312516195987
0.9725120454450751	1.0911735360732508	0.9293065777623858
0.9780898222829918	1.0735033872771083	0.9439179914132655
0.9837768673267582	1.0550757409067635	0.9586704211585264
0.9895368770948494	1.0359657631660544	0.9734694419446278
0.995332549095799	1.0162590484658298	0.9882216574170408
1.0011258030358245	0.9960525556341341	1.0028350573988898
1.006878021110207	0.9754555266994023	1.0172193613692733
1.0125503065519894	0.9545903512298664	1.0312863569792334
1.018103759104521	0.9335933250588017	1.0449502405896327
1.0234997655481242	0.9126152342458367	1.0581279646693995
1.0287003028598984	0.8918216732109002	1.070739594763321
1.0336682510376867	0.8713929807604742	1.0827086767069813
1.0383677120955284	0.8515236511197292	1.09396261289528
1.042764331257476	0.8324210529675967	1.104433044746377
1.046825615964311	0.814303274377793	1.114056237080859
1.0505212479825916	0.7973959150443105	1.1227734589828815
1.0538233836878066	0.7819276812910871	1.1305313548463445
1.0567069374998932	0.7681247166504016	1.137282298747516
1.0591498434932651	0.7562037299269774	1.1429847250309038
1.061133290390722	0.746364162146563	1.147603428047104
1.0626419254848898	0.7387798451569849	1.1511098243280142
1.0636640235068502	0.7335908088521929	1.1534821711087633
1.0641916170684063	0.7308960355248928	1.1547057359778528
1.064220586024893	0.7307479815358467	1.15477291352127
1.0637507039184704	0.7331495522180608	1.1536832860781545
1.0627856405377694	0.7380539318450637	1.1514436270943331
1.061332920540664	0.7453672917220052	1.1480678469898373
1.0594038389993068	0.7549540151126699	1.143576882890117
1.0570133356087918	0.7666437789616647	1.1379985349490893
1.0541798301221272	0.7802396794727405	1.1313672532605397
1.0509250223064996	0.7955265934147552	1.1237238804603358
1.047273660337521	0.81227909742011	1.1151153560210298
1.0432532820394362	0.8302684675282929	1.1055943888944075
1.0388939337305896	0.8492684941547437	1.0952191055379625
1.0342278716376996	0.8690600321689682	1.084052680447837
1.0292892509029783	0.8894343410764923	1.0721629561023767
1.0241138071297147	0.9101953532783243	1.0596220586936613
1.018738535208159	0.9311610468900882	1.0465060151959091
1.013201369849921	0.9521641059769664	1.0328943761988278
1.0075408718556766	0.9730520375723463	1.0188698475421365
1.0017959236675436	0.9936868913867974	1.0045179321491615
0.9960054372375656	1.0139447015529601	0.9899265816082171
0.9902080766974739	1.0337147442451857	0.9751858550345772
0.9844419977631691	1.0528986826652604	0.9603875806239703
0.9787446052683696	1.071409652446104	0.9456250131598192
0.973152329710973	1.08917132594754	0.9309924786654367
0.9677004232256896	1.106116982760537	0.9165849955351012
0.962422774977472	1.1221886054102348	0.9024978600071241
0.957351745608172	1.137336013162131	0.8888261829670319
0.9525180200677036	1.151516042463896	0.8756643650319444
0.9479504779221865	1.164691779462586	0.863105497929594
0.9436760800529791	1.176831847879511	0.8512406825989828
0.9397197705401896	1.187909754042213	0.8401582584061752
0.936104392456736	1.197903289871597	0.8299429434838105
0.9328506162791811	1.2067939939605716	0.8206748933900034
0.9299768796435995	1.2145666704599987	0.8124286937325428
0.9274993372312933	1.2212089652367264	0.8052723115287672
0.9254318196552052	1.2267109986384481	0.7992660390011002
0.9237858003270035	1.231065054156333	0.7944614711505351
0.9225703694113054	1.234265322295608	0.790900563614937
0.921792214113941	1.2363076990291584	0.7886148189140423
0.9214556047005702	1.2371896383074126	0.7876246464384802
0.9215623857983505	1.2369100582203418	0.7879389342205064
0.9221119726936723	1.2354693005461261	0.7895548590597452
0.9231013525014615	1.2328691435703265	0.7924579470677269
0.9245250902456957	1.2291128682126675	0.7966223807657455
0.92637534005376	1.2242053776504445	0.8020115333986123
0.928641861829293	1.2181533707723429	0.808578697908007
0.9313120439267925	1.2109655699289454	0.8162679684428288
0.9343709325042965	1.2026530035570955	0.8250152271565513
0.9378012683765832	1.1932293443398632	0.83474918845308
0.941583532324841	1.182711303607681	0.845392456277723
0.9456959999381875	1.1711190826779188	0.8568625565554924
0.9501148071607617	1.1584768817486364	0.869072915286773
0.9548140277906639	1.1448134667787608	0.8819337619594129
0.9597657642180989	1.1301627944614756	0.8953529468273992
0.9649402526924273	1.1145646948718257	0.9092366685040003
0.9703059843658929	1.0980656105585007	0.9234901147704192
0.9758298432696787	1.0807193896376444	0.9380180243197296
0.9814772622297101	1.0625881286661207	0.9527251803545527
0.9872123975227577	1.0437430585020109	0.9675168486905007
0.9929983228043376	1.024265462699131	0.9822991735176522
0.9987972425092443	1.004247612845671	0.9969795435000368
1.0045707245354178	0.9837936981631954	1.01146693970258
1.0102799515771876	0.9630207170680714	1.0256722751542946
1.0158859899831254	0.9420592856619396	1.0395087338771307
1.0213500744870605	0.9210543017182421	1.0528921150864552
1.0266339066140715	0.9001653823781355	1.0657411861222719
1.0316999640113742	0.8795669697377797	1.0779780455902526
1.0365118174180379	0.8594479721212194	1.089528496250167
1.041034451486817	0.8400107830909416	1.1003224254362765
1.0452345852294482	0.8214695005427645	1.1102941892707447
1.049080987493456	0.8040471628935127	1.1193829956673376
1.0525447826157772	0.7879718396007644	1.1275332801399216
1.0555997412531632	0.7734714717773661	1.1346950677467973
1.0582225513765067	0.7607674663696492	1.140824314122455
1.0603930645453186	0.7500672077129444	1.145883218478094
1.0620945128540193	0.7415558523411923	1.1498405016821047
1.0633136923610633	0.7353879859862593	1.1526716430467587
1.0640411093683193	0.7316798957130459	1.1543590702233995
1.064271086595159	0.7305032861580348	1.1548922976123306
1.0640018270701468	0.7318811993595319	1.1542680098840912
1.0632354344178152	0.7357866699233649	1.1524900885363727
1.061977889118536	0.7421442972104777	1.1495695808235633
1.06023898123493	0.7508345224523815	1.1455246118346256
1.0580322009969538	0.7617000558686096	1.140380241902919
1.0553745894866864	0.7745536829486599	1.1341682728504288
1.0522865524354093	0.7891866221017421	1.1269270077464475
1.048791640814216	0.8053766916530846	1.1187009698479948
1.044916302444808	0.8228957233853736	1.1095405871458168
1.040689609265942	0.84151587361623	1.0995018494335038
1.036142965154559	0.8610146824144357	1.0886459450238886
1.0313097993187668	0.8811788879160813	1.0770388841419938
1.0262252502556208	0.9018071062651908	1.0647511156212324
1.0209258451121084	0.9227115427575131	1.0518571428211445
1.0154491790159805	0.9437189175238139	1.0384351436802035
1.0098335985731304	0.9646707822446281	1.0245665985315713
1.004117893280615	0.9854233839447809	1.0103359277668982
0.9983409981004293	1.0058472059630472	0.9958301396643716
0.9925417099009971	1.0258262899078723	0.9811384867418608
0.9867584199214474	1.0452574186383965	0.9663521269084395
0.981028863867445	1.0640492202678453	0.951563783538861
0.9753898907237074	1.0821212370918516	0.9368673964782712
0.9698772508802594	1.0994029908756144	0.9223577540228999
0.9645254037290817	1.1158330665409946	0.9081300942729056
0.9593673445021496	1.1313582293743303	0.8942796631107855
0.9544344497958434	1.1459325858716307	0.8809012156539521
0.9497563409629388	1.1595167947760436	0.8680884486181822
0.9453607643508272	1.1720773323644162	0.8559333528700174
0.9412734872211326	1.1835858143120082	0.8445254787688982
0.9375182080979481	1.1940183752884457	0.8339511118489856
0.9341164802536166	1.2033551066541803	0.8242923629681472
0.9310876470466309	1.211579552118386	0.8156261850477512
0.9284487878699502	1.2186782609075069	0.8080233374692607
0.9262146735428144	1.2246403978189804	0.8015473283226503
0.924397730079663	1.2294574094605328	0.7962533730039715
0.9230080098897671	1.233122745970687	0.7921874139626275
0.9220531695966259	1.23563163756492	0.7893852495472734
0.9215384538123835	1.2369809253378847	0.7878718189636725
0.9214666843562962	1.2371689458656074	0.7876606848673612
0.9218382545653777	1.236195469284938	0.7887537452216041
0.9226511285071778	1.2340616906732256	0.7911411925964992
0.92390084506815	1.2307702747031128	0.7948017235083672
0.9255805270548	1.2263254537012647	0.7997029845141435
0.9276808956073117	1.220733179387643	0.8058022274528802
0.9301902903855853	1.2140013287100588	0.8130471350573395
0.9330946961431803	1.20613996430983	0.8213767711938967
0.9363777764540238	1.1971616502499434	0.8307226076036679
0.9400209154956009	1.1870818236994456	0.8410095809286147
0.9440032689182849	1.1759192232819848	0.8521571392089065
0.9483018249374605	1.16369637474786	0.8640802448248962
0.9528914768694304	1.15044013448967	0.8766903098399342
0.9577451083858688	1.1361822911602324	0.8898960487994696
0.9628336927808057	1.1209602252140531	0.9036042424100268
0.9681264075204982	1.1048176255097244	0.9177204125926478
0.9735907652754635	1.087805261076698	0.9321494148905081
0.9791927625086012	1.0699818046213307	0.9467959580488597
0.9848970465107596	1.0514147021269393	0.9615650628843537
0.9906671015309205	1.032181079721525	0.976362473526411
0.996465454342371	1.0123686744971827	0.9910950340011325
1.0022538992194985	0.9920767697217566	1.0056710421975212
1.0079937418763218	0.9714171063560693	1.0200005917474282
1.0136460614444098	0.9505147313811028	1.033995910470337
1.0191719890542352	0.9295087285701331	1.047571701953022
1.0245330010431406	0.9085527585845857	1.0606454946833315
1.0296912242613976	0.887815312633761	1.0731380010416194
1.0346097504025697	0.8674795582474271	1.0849734864485507
1.0392529557674042	0.8477426292092272	1.0960801471338035
1.0435868224018594	0.8288141887338367	1.106390493370007
1.0475792561524886	0.8109140826510964	1.1158417336448503
1.0512003968770471	0.7942689078044323	1.1243761541464563
1.0544229158529883	0.7791073624682985	1.131941487131007
1.057222295360025	0.7656543325192672	1.138491261239935
1.0595770854828215	0.7541238066075421	1.1439851266393535
1.0614691333971427	0.7447109013590908	1.1483891479645307
1.0628837807643883	0.7375834913245355	1.1516760584553996
1.0638100253627256	0.7328741350764637	1.1538254693433767
1.0642406437125747	0.7306731112173254	1.1548240294666836
1.0641722721960485	0.7310233711065813	1.154665531211977
1.0636054449959467	0.7339180495901204	1.1533509601589171
1.0625445880666278	0.739300866714125	1.1508884871897573
1.0609979692618374	0.7470693659540601	1.1472934032610291
1.058977605654444	0.7570805602055344	1.1425879984616214
1.0564991299548332	0.7691582831147548	1.136801388343737
1.0535816187416853	0.7831014217992585	1.1299692917527513
1.05024738593084	0.7986922399122357	1.12213376545198
1.0465217455056506	0.815704148692691	1.1133429016919472
1.042432747996587	0.8339084902965715	1.1036504954765136
1.0380108955213294	0.8530801077179082	1.0931156886026983
1.033288840372251	0.8730016515341281	1.0818025975788816
1.028301072170631	0.8934666986268361	1.0697799322472756
1.023083598503334	0.9142818315025701	1.057120611350599
1.0176736237310544	0.935267858067072	1.0439013803956578
1.0121092303242138	0.9562603532985816	1.03020243599204
1.0064290666640854	0.9771096881484019	1.0161070594006856
1.0006720447623187	0.9976806864830158	1.0017012603458335
0.994877050825275	1.0178520242726161	0.9870734302569288
0.9890826710407717	1.0375154602254317	0.9723140020660027
0.9833269344141234	1.056574965453128	0.9575151115515291
0.9776470739456827	1.0749458020857485	0.9427702530771787
0.9720793069381993	1.092553586885337	0.9281739205323934
0.9666586347616516	1.1093333653484354	0.9138212224855178
0.9614186619948276	1.1252287139435935	0.8998074591876212
0.9563914345121983	1.1401908824163436	0.8862276483337216
0.9516072957962739	1.1541779840030049	0.8731759866447947
0.9470947605278979	1.1671542385079117	0.8607452356413302
0.9428804043407272	1.1790892711912861	0.8490260226818377
0.9389887685161004	1.1899574690393424	0.838106052625089
0.9354422783368005	1.1997373950620023	0.8280692314090206
0.9322611738072647	1.2084112606566808	0.8189947103056647
0.9294634514766829	1.2159644556929965	0.8109558682484705
0.9270648161645284	1.2223851357497153	0.8040192587913777
0.9250786414790827	1.2276638658239214	0.7982435570291033
0.9235159381320136	1.2317933198029396	0.7936785490603273
0.9223853291821171	1.2347680350184496	0.7903642111229155
0.9216930314835643	1.236584221274852	0.7883299263251364
0.921442842764943	1.2372396238470265	0.787593883258595
0.9216361339228442	1.2367334400697054	0.7881626925948994
0.9222718462744813	1.2350662892812003	0.7900312456032198
0.9233464936769468	1.232240236035124	0.7931828235999088
0.9248541695844872	1.2282588666471612	0.7975894513506899
0.9267865592782925	1.223127419294817	0.803212472280969
0.9291329576646988	1.2168529680313136	0.8100033107502783
0.931880293195351	1.2094446612028995	0.8179043779060154
0.9350131586151613	1.2009140148664228	0.826850073402695
0.938513849387231	1.191275261880373	0.8367678355267401
0.9423624107757039	1.1805457573785327	0.847579196385959
0.9465366946828372	1.16874644131415	0.8592008057934155
0.9510124274302963	1.1559023586633335	0.8715453961170738
0.9557632897420658	1.1420432376695955	0.8845226695353557
0.9607610102197252	1.12720412615172	0.8980400978860593
0.9659754735956674	1.111426085322948	0.9120036329380388
0.9713748449980578	1.0947569396913928	0.9263183310576409
0.9769257113590408	1.0772520803022576	0.9408889007376771
0.9825932409379126	1.05897531666841	0.9556201843547388
0.9883413617123301	1.0399997699785692	0.9704175869934509
0.9941329591094585	1.0204087962572257	0.9851874654662718
0.9999300932062717	1.0002969226712979	0.9998374900256516
1.0056942351270055	0.9797707726393275	1.0142769899623674
1.0113865219114786	0.9589499452223752	1.028417292530622
1.0169680286288225	0.9379678008623911	1.0421720626224324
1.0224000559798228	0.9169720883720915	1.0554576484769598
1.0276444310814643	0.8961253269608677	1.0681934365700065
1.0326638185769725	0.8756048324422934	1.080302216771311
1.0374220386838973	0.8556022502041432	1.0917105569487089
1.041884388302062	0.8363224324464412	1.102349184486778
1.0460179608742841	0.817981479539506	1.112153370713131
1.0497919603480854	0.800803764048221	1.1210633130144791
1.0531780043452872	0.7850177826718048	1.1290245084996868
1.0561504115258125	0.7708507487599416	1.1359881124418043
1.0586864681464612	0.7585219561340263	1.1419112744126123
1.0607666689725874	0.748235114864363	1.1467574450123197
1.0623749280049393	0.7401700669555765	1.1504966463834958
1.0634987549308357	0.7344744997697604	1.1531057002674046
1.0641293937896528	0.7312564345177428	1.1545684081836898
1.0642619210419875	0.7305783177252213	1.1548756793588801
1.0638953010270291	0.73245344277026	1.1540256032495875
1.0630323976584122	0.7368451725586612	1.1520234648561463
1.061679942115261	0.7436690686310422	1.1488817024437916
1.0598484572000462	0.7527976408009844	1.144619808726558
1.0575521399254397	0.7640671085132089	1.1392641779637809
1.0548087047294372	0.777285379299559	1.132847902714654
1.0516391904707645	0.7922404232351293	1.1254105251403261
1.0480677350027412	0.8087083308391644	1.1169977486878644
1.044121321643314	0.8264605323821136	1.107661116698805
1.0398295022403024	0.8452698708791627	1.0974576649233647
1.0352241017654527	0.8649154138506809	1.0864495550706337
1.030338909460869	0.8851860352054919	1.0747036963699603
1.025209361511131	0.9058828920508587	1.0622913616562817
1.0198722200350703	0.9268209680155497	1.049287803724662
1.0143652528988847	0.9478298666492515	1.035771876638206
1.0087269184659933	0.9687540281794187	1.0218256653357198
1.0029960589377842	0.9894525208458964	1.0075341252954932
0.9972116054276687	1.0097985316899094	0.9929847322027937
0.9914122973681457	1.029678655716214	0.9782671395826457
0.9856364182983163	1.0489920592459734	0.9634728402537295
0.9799215495361551	1.0676495740108236	0.9486948253083377
0.9743043427222168	1.0855727631874037	0.9340272322256823
0.9688203117417297	1.1026929887501722	0.9195649718119447
0.9635036441018104	1.1189505006564537	0.9054033220926995
0.9583870314663896	1.1342935618731422	0.8916374762663793
0.953501518737294	1.1486776185659227	0.8783620315954432
0.9488763708182796	1.1620645214449457	0.8656704069251457
0.9445389560078602	1.1744218019334631	0.8536541786342089
0.9405146448349214	1.1857220052209778	0.842402328454846
0.9368267230728885	1.1959420811744907	0.8320004018720568
0.933496317638883	1.2050628333587845	0.8225295826915334
0.9305423340987019	1.2130684259524347	0.8140656975925297
0.9279814045475858	1.2199459480650285	0.8066781735295375
0.9258278447180367	1.2256850348090715	0.8004289799010765
0.9240936192700245	1.2302775444206542	0.7953715954096474
0.9227883143426944	1.2337172907308516	0.7915500453114144
0.9219191165844184	1.2359998303460404	0.7889980571658748
0.9214907980258025	1.2371223039879085	0.7877383813895984
0.9215057063156392	1.2370833315619862	0.7877823165339357
0.9219637599991357	1.2358829606592374	0.789129468531049
0.9228624486804224	1.2335226683433342	0.7917677591536619
0.9241968380746692	1.2300054162286493	0.7956736831485217
0.9259595801189058	1.225335759007023	0.800812797780322
0.928140928473057	1.2195200067282448	0.8071404147055279
0.9307287599015246	1.2125664412739727	0.8146024536853764
0.9337086021810966	1.2044855875820903	0.8231364115693703
0.9370636693277142	1.1952905402680318	0.832672398476198
0.9407749050719894	1.1849973463439363	0.8431341957681566
0.9448210356354609	1.1736254447396572	0.8544402963764668
0.9491786329630383	1.161198163265816	0.8665048961481112
0.9538221896454361	1.1477432734993207	0.8792388139695908
0.9587242068134699	1.1332936037798915	0.8925503274374366
0.9638552962970116	1.1178877100275508	0.906345918995695
0.9691842983091635	1.1015706033479922	0.920530934236627
0.9746784158348898	1.0843945322743993	0.9350101592225917
0.9803033667670458	1.0664198158486076	0.94968832721265
0.9860235546384715	1.0477157213595036	0.9644705671969367
0.9918022585423726	1.028361377149945	0.9792628073765336
0.9976018425154971	1.00844670610856	0.9939721464341594
1.0033839842801964	0.988073358817226	1.0085072043792997
1.0091099228077083	0.9673556162812716	1.02277846315514
1.0147407236825112	0.9464212201276867	1.036698605263193
1.020237560727838	0.925412072550058	1.0501828565569566
1.0255620118078153	0.9044847287440709	1.063149337204923
1.0306763661698863	0.8838105812395618	1.0755194227237088
1.0355439401495736	0.863575609452185	1.0872181150062672
1.0401293975504424	0.8439795415458368	1.0981744214745786
1.044399070555713	0.8252342541572678	1.1083217389127262
1.0483212766470544	0.8075612263870234	1.117598237215602
1.051866626720283	0.7911878783713944	1.125947237247193
1.0550083194175375	0.7763426743281719	1.133317576254798
1.0577224166534676	0.763248966877046	1.1396639538435485
1.0599880954129226	0.7521177092193099	1.1449472513814525
1.0617878711419353	0.7431393570323371	1.1491348178735934
1.0631077884446305	0.7364754962896026	1.152200715802365
1.0639375753273133	0.7322509201176003	1.154125921154916
1.0642707578846569	0.7305469787447579	1.1548984728191332
1.0641047330826527	0.7313969897250939	1.1545135676849294
1.0634407981338732	0.7347842993208366	1.1529735990917354
1.0622841358544461	0.7406432558217245	1.1502881376624776
1.0606437563072604	0.7488629630521507	1.1464738550028266
1.0585323959405541	0.7592933215709567	1.1415543921638012
1.0559663762932054	0.7717526185834108	1.135560176107373
1.0529654251275213	0.786035837596917	1.1285281886264233
1.0495524635423583	0.8019229183963822	1.1205016931998732
1.045753363191679	0.8191863626833836	1.1115299260720155
1.0415966781715658	0.8375977919347086	1.1016677583948549
1.0371133564327149	0.8569332696865521	1.0909753365397712
1.0323364357235656	0.8769773671354788	1.0795177076537834
1.027300729073478	0.8975260654394546	1.067364437195593
1.0220425046969892	0.9183886524078964	1.05458922454234
1.0165991649511459	0.9393887956877637	1.0412695218118397
1.0110089286264732	0.9603649718075663	1.0274861598169334
1.0053105204190809	0.9811704120422109	1.013322983576155
0.9995428709367488	1.0016727007305941	0.9988664980794747
0.9937448300595282	1.0217531351596074	0.9842055230873182
0.987954895924104	1.0413059316913804	0.9694308536755253
0.9822109612526798	1.0602373419522497	0.9546349210956875
0.9765500782170418	1.0784647260040194	0.9399114463875385
0.9710082425324615	1.0959156162394987	0.9253550771745174
0.9656201970245906	1.1125267957644578	0.9110609963445715
0.9604192545154504	1.1282434076437113	0.8971244900529975
0.9554371395356337	1.1430181060310056	0.8836404619064889
0.9507038480932946	1.156810256375398	0.8707028805485285
0.9462475245153258	1.1695851892062101	0.8584041494285708
0.942094354220878	1.1813135101309542	0.8468343905382542
0.9382684711880985	1.1919704674061433	0.8360806385055342
0.9347918788269765	1.2015353775858373	0.8262259476876768
0.9316843829683582	1.20999110919582	0.8173484226372627
0.9289635357154449	1.2173236240339094	0.8095201911146382
0.9266445889730865	1.2235215754977817	0.8028063479873648
0.9247404565656282	1.228575963249148	0.7972639069228241
0.9232616839708826	1.2324798435061148	0.7929408035957282
0.9222164248301157	1.2352280942943985	0.7898749980191222
0.9216104235381745	1.2368172350675175	0.788093723573299
0.9214470033706965	1.2372453002142885	0.7876129257669573
0.9217270597632059	1.2365117661024048	0.7884369247357458
0.9224490585183749	1.2346175314496473	0.7905583226638894
0.9236090388811969	1.2315649509667266	0.7939581620349011
0.9252006215853265	1.227357922368199	0.7986063246399956
0.9272150221369472	1.2220020269987362	0.8044621464824804
0.9296410697634201	1.215504724462093	0.811475211788724
0.9324652326103637	1.2078756017650423	0.8195862814486545
0.9356716499219836	1.1991266775911522	0.8287283078800661
0.939242172080896	1.1892727623880608	0.8388274893857104
0.9431564095121704	1.1783318749782938	0.8498043218376206
0.9473917915683457	1.1663257163694616	0.8615746129156832
0.9519236366009792	1.1532802013216241	0.8740504329576892
0.9567252344854348	1.1392260479968075	0.8871409856320415
0.9617679428921565	1.1241994256202474	0.9007533902195424
0.9670212985836525	1.1082426594565264	0.9147933746623256
0.9724531449553502	1.0914049914528179	0.9291658843624571
0.9780297769250964	1.0737433934892218	0.943775615887402
0.9837161041051757	1.0553234281178934	0.9585274873419495
0.9894758329598893	1.0362201487158935	0.9733270583872986
0.9952716683581163	1.0165190267901232	0.9880809129769862
1.0010655345763078	0.9963168883319409	1.0026970170969343
1.0068188153947963	0.9757228331100705	1.017085062389642
1.0124926124665528	0.9548591000261003	1.0311568047238362
1.01804802063097	0.9338618275430705	1.0448264047193163
1.0234464183091634	0.9128816402620558	1.0580107750905066
1.028649770565796	0.8920839708491324	1.0706299375423378
1.0336209418747213	0.8716490013244198	1.0826073899189148
1.0383240151006567	0.8517710811124084	1.0938704824315315
1.0427246127288234	0.8326574550710255	1.1043508001251843
1.0467902159607045	0.814526119464846	1.113984547317587
