1.0	1.0	0.9999999999999999
1.0057631709487715	0.9794709642804645	1.014436050406372
1.0114539990122295	0.9586489400330934	1.028571787970878
1.017033564091536	0.9376674626025495	1.0423209178506572
1.022463175288671	0.9166744613935435	1.0555998325072922
1.0277046717977678	0.895832637996318	1.0683279666616503
1.032720734083725	0.8753194868962553	1.0804281625237615
1.0374752019550137	0.8553268210139681	1.0918270444540266
1.0419333956475276	0.8360596393034149	1.102455400503996
1.046062435608591	0.8177341561356479	1.112248566813527
1.0498315563264484	0.800574811179194	1.1211468096338806
1.0532124093105635	0.7848101056414873	1.129095698825079
1.0561793502091998	0.7706671787506774	1.1360464660542982
1.0587097050665528	0.758365157106578	1.1419563406075
1.0607840108808078	0.7481074800496306	1.1467888557190542
1.0623862259301664	0.7400736117690085	1.1505141186142527
1.0635039057823892	0.7344107604267446	1.1531090380312505
1.0641283414859093	0.7312263829947997	1.154557503815105
1.0642546571405562	0.7305823033068662	1.154850514222528
1.0638818648423474	0.7324911679337616	1.15398624779889
1.0630128758629935	0.7369157066824149	1.151970078038831
1.0616544678312958	0.7437708978821576	1.1488145304645385
1.0598172085981141	0.752928747802206	1.1445391831927203
1.057515338357262	0.7642250721121483	1.139170513455381
1.0547666124300907	0.7774674835452781	1.1327416938333894
1.0515921078735655	0.7924437654359027	1.1252923431034767
1.0480159977161996	0.8089299207499502	1.1168682375419452
1.0440652971445552	0.8266973773711797	1.1075209892330484
1.0397695863418621	0.8455190446532058	1.0973076983656775
1.0351607149142679	0.8651741085282069	1.086290586647125
1.0302724929277307	0.8854515980408099	1.0745366188044243
1.0251403735270832	0.9061528489530851	1.0621171186772957
1.0198011319281453	0.9270930363162945	1.0491073856359274
1.01429254528051	0.9481019595217277	1.0355863159921006
1.008653077510783	0.9690242528538839	1.0216360327313434
1.002921572794975	0.9897191724191701	1.0073415253008768
0.9971369607960273	1.0100600839666083	0.9927902993768387
0.9913379762597214	1.0299337501894286	0.9780720345465034
0.9855628950100772	1.0492394930448812	0.9632782457344474
0.9798492878425176	1.067888287417034	0.948501942050649
0.9742337932954812	1.0858018271466183	0.933837274642682
0.9687519098024684	1.102911592673887	0.9193791632232388
0.9634378072966828	1.119157940711724	0.9052228893829188
0.9583241579668975	1.1344892298888385	0.8914636437894983
0.9534419855499627	1.1488609916349894	0.878196014155326
0.9488205322941937	1.16223515226812	0.8655134016830203
0.9444871425379903	1.174579309926907	0.8535073558332917
0.9404671617163529	1.185866068395325	0.8422668209122406
0.9367838495306918	1.1960724287828068	0.8318772932706362
0.9334583059885654	1.2051792393050538	0.8224198948062246
0.9305094090342583	1.2131707029490142	0.8139703767022122
0.927953762541507	1.2200339425261206	0.8065980763880438
0.9258056535204474	1.225758622466958	0.8003648597559255
0.9240770174956676	1.2303366266523807	0.7953240886501226
0.9227774111360424	1.2337617915841912	0.7915196593823025
0.9219139913548298	1.2360296942556854	0.7889851603862548
0.9214915002465432	1.2371374941748154	0.7877431952592108
0.9215122553823027	1.237083829111073	0.7878049109922315
0.9219761451450175	1.2358687642734667	0.7891697604647523
0.9228806289482029	1.2334937947744375	0.7918255142455924
0.9242207423457258	1.2299619013876781	0.7957485209453922
0.925989107203593	1.2252776597602886	0.8009041996573972
0.9281759472668653	1.2194474033867244	0.807247734242802
0.9307691096143724	1.212479440786797	0.8147249288603071
0.9337540926484159	1.204384327446487	0.8232731781227736
0.937114081413973	1.195175193170099	0.8328225038188414
0.9408299911787701	1.1848681255456088	0.8432966128567627
0.9448805203277253	1.1734826102281424	0.8546139370854822
0.9492422137283495	1.1610420286809366	0.8666886237812743
0.9538895378018655	1.1475742138525094	0.8794314546781629
0.958794968582365	1.1331120639747516	0.8927506804279988
0.9639290940568681	1.1176942141851676	0.9065527655103576
0.9692607320464462	1.1013657649290207	0.9207430453682101
0.9747570648063727	1.0841790649733691	0.9352263026849976
0.9803837913867652	1.0661945452105988	0.9499072732231619
0.9861052985996043	1.0474815970321982	0.9646910936453792
0.9918848511813465	1.028119485631214	0.9794837044589707
0.9976848014215206	1.008198283774679	0.9941922209199406
1.0034668181487787	0.987819804912933	1.0087252836629979
1.0091921345312629	0.967098505412356	1.0229933992220628
1.0148218136653298	0.9461623136104883	1.0369092786710359
1.020317030406158	0.9251533277335988	1.0503881805086486
1.025639367349214	0.9042283051261564	1.063348261760498
1.0307511223192687	0.8835588418542639	1.0757109391725073
1.03561562418269	0.8633311156346288	1.0874012603965817
1.040197553289607	0.843745038828818	1.0983482832758866
1.0444632623969057	0.8250126468059342	1.1084854597663745
1.0483810935428157	0.8073555380561368	1.1177510197143965
1.051921686059894	0.7910011967371107	1.1260883486716553
1.0550582707434224	0.7761780784775906	1.1334463531852288
1.057766945152787	0.763109437869018	1.1397798065620162
1.0600269251242243	0.7520060265704657	1.1450496679764108
1.0618207678199536	0.7430579867241576	1.1492233679623052
1.0631345620309582	0.7364264787465995	1.152275053791838
1.0639580819810375	0.7322357687391642	1.1541857889711469
1.0642849015348597	0.7305666001863665	1.1549437020459097
1.0641124664738506	0.7314516356594521	1.15454408106757
1.0634421233454125	0.7348735558523263	1.1529894113765706
1.0622791042854607	0.7407660717381123	1.1502893557596876
1.0606324681297943	0.7490177128459437	1.1464606774773634
1.0585149990341314	0.7594778949115469	1.1415271080756542
1.055943064684214	0.7719645255623105	1.1355191632385309
1.0529364369663585	0.7862723188497793	1.128473911145604
1.0495180786593197	0.8021810507560222	1.120434698828267
1.0457139002794065	0.8194631536053977	1.1114508428220884
1.0415524916471548	0.8378902587859915	1.1015772909601897
1.0370648330361467	0.8572385025108374	1.0908742624164676
1.0322839909107575	0.8772925753983899	1.0794068730719129
1.0272448032627166	0.8978486104427771	1.0672447529345566
1.0219835594259838	0.9187160676414589	1.0544616616938793
1.0165376789990603	0.9397187975185135	1.0411351075418889
1.0109453941515387	0.9606954627545451	1.0273459731599652
1.0052454391571757	0.9814994785891555	1.0131781512753382
0.999476750501001	1.0019986072806863	0.9987181904622331
0.9936781803745283	1.0220743153983822	0.9840549499394764
0.9878882258222413	1.0416209783243817	0.9692792600489892
0.9821447752536245	1.0605449955360804	0.9544835829554825
0.976484873505373	1.0787638633922823	0.9397616659755251
0.9709445061425245	1.0962052390144432	0.9252081779409648
0.9655584032366508	1.1128060189122746	0.9109183172775105
0.9603598624623719	1.1285114486497507	0.8969873792220495
0.9553805910154798	1.1432742745117885	0.8835102690356729
0.9506505655799854	1.157053944323661	0.8705809484459593
0.9461979093569507	1.1698158618960695	0.8582918041330564
0.9420487850134152	1.181530697711465	0.8467329300972756
0.9382273023111609	1.1921737571983475	0.8359913203772635
0.934755439127642	1.2017244070904158	0.8261499748614147
0.9316529745790659	1.2101655598134873	0.8172869286871652
0.9289374329924028	1.21748321549784	0.8094742245340028
0.9266240375423975	1.2236660610164427	0.80277685628174
0.9247256724656303	1.2287051253577368	0.7972517210551864
0.923252852880414	1.2325934906258031	0.7929466234577714
0.9222137013741033	1.2353260580000085	0.7898993796337905
0.921613930663783	1.2368993680659133	0.7881370687020706
0.9214568317890627	1.2373114750383383	0.7876754744976265
0.9217432674537025	1.2365618745274578	0.7885187514665098
0.9224716702945311	1.2346514846425842	0.7906593356928165
0.9236380460193294	1.231582680379846	0.7940781067333963
0.9252359815192006	1.22735938139356	0.7987447899612856
0.9272566582238734	1.2219871934009903	0.8046185743586338
0.929688871129249	1.2154736036107228	0.8116489088229614
0.9325190540832553	1.2078282306896604	0.8197764322266093
0.9357313120667565	1.1990631298852197	0.8289339892068859
0.9393074613477209	1.1891931539887517	0.8390476847985306
0.9432270785155342	1.17823637085134	0.8500379358323148
0.9474675595137036	1.1662145381277267	0.8618204844456733
0.9520041898780399	1.1531536358054497	0.8743073478943961
0.9568102274480957	1.1390844568411342	0.8874076880063951
0.9618569988457458	1.124043255827406	0.9010285921806289
0.9671140110001921	1.10807245498413	0.9150757651859621
0.9725490789370277	1.0912214058102188	0.9294541368159336
0.9781284709347846	1.0735472033122009	0.9440683946068926
0.9838170719808609	1.0551155476554483	0.9588234534078345
0.9895785662266757	1.0360016451112002	0.973624874793533
0.995375638847813	1.0162911359632978	0.9883792493868953
1.0011701973596059	0.9960810311682925	1.0029945543633436
1.006923612025408	0.9754806315143456	1.0173804969951208
1.0125969745301506	0.9546123922109839	1.0314488532700214
1.0181513735845795	0.9336126816690891	1.045113808564566
1.0235481855888013	0.9126323652289854	1.0582923052048698
1.0287493779321093	0.8918371226565642	1.070904399618756
1.0337178219581267	0.871407382986495	1.0828736297506822
1.038417612099433	0.851537733668067	1.094127391539708
1.042814387206221	0.8324356368523983	1.1045973215957865
1.0468756496802065	0.8143192705935736	1.114219681787731
1.050571077700088	0.7974143162865123	1.1229357403033153
1.053872825607232	0.7819495479204179	1.1306921428786332
1.0567558074269994	0.7681511562120044	1.1374412673322216
1.0591979585448135	0.7562358700674356	1.1431415542859393
1.0611804707441128	0.7464031175623013	1.1477578070067058
1.0626879961479454	0.7388266801843002	1.1512614536512566
1.0637088160823187	0.7336464983032723	1.153630765820731
1.064234971486941	0.7309614271375855	1.1548510282050835
1.0642623522204768	0.7308237636788889	1.1549146551829397
1.0637907434205283	0.7332362301075162	1.1538212514953554
1.0628238279556688	0.7381518144925363	1.1515776154818653
1.061369144918301	0.7454764903681906	1.148197684798068
1.0594380050200483	0.7550744523561889	1.1437024259683297
1.0570453646340434	0.7667752065372255	1.1381196705067262
1.0542096610502212	0.7803817019058287	1.1314839016077514
1.0509526122426258	0.795678694639814	1.1238359965150861
1.0472989850689403	0.8124406677870406	1.1152229305753258
1.0432763363143551	0.8304388292432033	1.1056974496377014
1.0389147313425642	0.8494469239045884	1.0953177178404816
1.0342464453212123	0.8692457803175573	1.0841469479105175
1.029305652048691	0.8896266473117342	1.0722530208828207
1.0241281053307136	0.9103934589184715	1.059708101619489
1.0187508176506117	0.9313642042383902	1.0465882556763966
1.0132117405633467	0.9523715851857942	1.0329730719444092
1.0075494508388836	0.9732631314763537	1.0189452940978447
1.0018028459070878	0.9939009187222079	1.004590462243006
0.9960108516354539	1.0141610089193585	0.9899965643083544
0.9902121449245704	1.0339327071016537	0.9752536947006256
0.9844448930539038	1.0531177055930334	0.9604537156279468
0.9787465111713002	1.0716291688587238	0.9456899143413772
0.9731534388082977	1.0893907973878691	0.931056647475071
0.9677009358334466	1.1063358978915006	0.9166489618089498
0.9624228978364429	1.1224064787813446	0.902562179308744
0.9573516905738917	1.1375523838155717	0.8888914334266229
0.9525180028064646	1.1517304724308055	0.8757311436139805
0.9479507166182937	1.1649038521905537	0.8631744160671223
0.9436767941312555	1.1770411666257865	0.8513123611488647
0.939721179406466	1.188115940262677	0.8402333219055225
0.9361067142579876	1.1981059816323074	0.8300220137241223
0.9328540666842644	1.2069928443969056	0.8207585823719639
0.9299816706446727	1.2147613463070235	0.8125175961179266
0.9275056759657576	1.2213991454540258	0.8053669967627328
0.9254399072476764	1.226896373152055	0.7993670433326461
0.9237958307506032	1.2312453227407776	0.7945692898233144
0.9225825283677567	1.2344401936193243	0.791015643528296
0.9218066779320108	1.23647688988707	0.7887375520579629
0.9214725392528437	1.2373528730653662	0.7877553643826779
0.9215819454366706	1.2370670684969278	0.7880779038867474
0.9221342992040374	1.2356198251588415	0.7897022799311139
0.9231265740800524	1.2330129287741876	0.7926139498975328
0.9245533204981742	1.2292496682609695	0.7967870277518331
0.9264066770209978	1.2243349557090053	0.8021848196977965
0.9286763870435553	1.218275500220606	0.8087605542906043
0.9313498215033609	1.2110800360827496	0.816458264835769
0.9344120082748626	1.202759605850434	0.8252137767990567
0.9378456690716015	1.1933278990043497	0.8349557523908543
0.941631264813605	1.1828016468905242	0.845606747946196
0.9457470505365586	1.171201074640879	0.8570842462431972
0.9501691410177169	1.1585504106913103	0.8693016343209214
0.9548715883663266	1.1448784543300798	0.8821691065090745
0.9598264728669017	1.130219201382876	0.8955944812710501
0.9650040083662796	1.1146125276128787	0.9094839283535373
0.9703726634530309	1.098104928601344	0.9237426091806842
0.9758992995853786	1.0807503136576773	0.9382752382403847
0.98154932717542	1.062610849522964	0.9529865764001715
0.9872868804299243	1.0437578470531104	0.9677818688156131
0.9930750114784488	1.0242726803963462	0.9825672405875617
0.9988759039884646	1.0042477230283537	0.9972500628468696
1.0046511060762375	0.9837872778942711	1.0117393007503863
1.0103617818770847	0.9630084692670252	1.0259458531882228
1.0159689806468497	0.9420420511624624	1.0397828920207226
1.0214339217396804	0.9210330707127273	1.0531662065387308
1.0267182932592396	0.9001413045011482	1.0660145566924462
1.0317845616285248	0.8795413617865596	1.078250036554622
1.036596288786769	0.8594223221239502	1.0897984475412632
1.0411184532213607	0.8399867491397782	1.1005896791607466
1.045317770600212	0.8214489025599068	1.1105580935392965
1.0491630094072175	0.8040319653755776	1.1196429087073958
1.052625296720688	0.7879641235005568	1.1277885746508587
1.0556784091300413	0.7734733941586874	1.1349451354469358
1.058299043773838	0.760781207420388	1.141068570429318
1.0604670646121628	0.7500949061596893	1.146121107256753
1.062165719322932	0.7415995321736778	1.1500714999920507
1.063381822632498	0.7354494793825577	1.1528952658156182
1.0641059024480888	0.7317607686940885	1.1545748747760225
1.0643323058384346	0.7306047742637767	1.155099887986333
1.0640592626886758	0.7320041601239833	1.1544670408672653
1.0632889057111217	0.7359315570527939	1.1526802693684448
1.0620272463952085	0.742311158480717	1.149750678512922
1.0602841073967122	0.7510230201202547	1.145696454050829
1.0580730127650242	0.7619095056128262	1.1405427194162832
1.0554110382569935	0.7747831056029483	1.1343213415018178
1.0523186247576934	0.7894348019322163	1.1270706899416174
1.0488193584966794	0.8056422355069914	1.118835355581882
1.0449397222936339	0.823177116310534	1.109665834572221
1.0407088224754286	0.8418115280796044	1.0996181850042623
1.0361580963695478	0.8613229796829545	1.0887536632280923
1.0313210053957043	0.8814982112991452	1.0771383468803164
1.0262327187527547	0.9021358666904069	1.0648427512519731
1.0209297925417986	0.9230481975882342	1.0519414449134477
1.0154498488939214	0.9440619837047076	1.0385126695052915
1.0098312592998135	0.9650188448642436	1.0246379673153134
1.0041128358899358	0.9857751012063265	1.0104018187162123
0.9983335339091048	1.0062013114106452	0.9958912897657555
0.9925321680902925	1.0261815926017246	0.9811956883135159
0.9867471450800757	1.045612801828243	0.9664062248683841
0.9810162135215322	1.0644036389905278	0.9516156723304611
0.9753762328760441	1.0824737150172508	0.9369180165736499
0.9698629615776787	1.0997526166459477	0.9224080879044455
0.9645108646731128	1.1161789897875156	0.9081811617759812
0.959352940714719	1.1316996565503752	0.8943325159993315
0.9544205673484779	1.1462687760076162	0.880956931297467
0.9497433647750334	1.1598470552383473	0.8681481226471107
0.9453490760597965	1.1724010146829709	0.8559980907098313
0.9412634631252411	1.1839023101295159	0.8445963859936081
0.937510217170735	1.1943271124761572	0.834029283354281
0.9341108822273861	1.2036555456331772	0.82437887104201
0.9310847905616567	1.211871182421964	0.8157220665092659
0.9284490086853465	1.2189605980175295	0.8081295801481458
0.9262182928048919	1.2249129803082468	0.8016648572534182
0.9244050526435696	1.2297197964720448	0.7963830367966678
0.9230193226906621	1.2333745150652362	0.7923299718745678
0.9220687400672904	1.235872382968744	0.7895413598033747
0.9215585283449171	1.2372102566230079	0.7880420288486047
0.9214914868066874	1.2373864870970743	0.7878454230374469
0.9218679848008565	1.2364008586705433	0.7889533165623601
0.9226859609976437	1.2342545807534322	0.7913557757946617
0.9239409275244698	1.230950333121149	0.7950313713329623
0.9256259791183888	1.2264923645955939	0.7999476266300376
0.9277318075971606	1.2208866454516545	0.806061675442174
0.9302467221107734	1.2141410739666958	0.8133210892146083
0.9331566757909382	1.2062657376512533	0.821664828599597
0.9364452995653626	1.1972732297952282	0.8310242709677492
0.9400939440427549	1.1871790220254683	0.8413242677278386
0.9440817305002422	1.1760018935849152	0.8524841907075362
0.9483856121121359	1.1637644179934885	0.864418934656154
0.952980446642727	1.1504935076115044	0.8770398519228768
0.9578390818799415	1.1362210163623254	0.8902556044620067
0.962932455105158	1.1209844004317373	0.903972926675472
0.9682297078707951	1.1048274360735817	0.9180972996596776
0.9736983172853189	1.0878009926118328	0.9325335428919992
0.9793042448798596	1.0699638571930854	0.947186333214187
0.9850121039467742	1.0513836056116068	0.9619606632528195
0.9907853459958172	1.0321375103328276	0.9767622523697145
0.9965864666667222	1.0123134723290006	0.991497923111902
1.0023772310692896	0.9920109570684943	1.0060759551917289
1.0081189180974859	0.9713419064330578	1.020406427512856
1.0137725827896382	0.9504315868799417	1.0344015568738196
1.0192993352921103	0.9294193192345332	1.0479760398962605
1.024660634442288	0.9084590166751016	1.0610474025732026
1.0298185934339548	0.8877194347612262	1.0735363597159067
1.0347362944827596	0.8673840116079969	1.0853671845733575
1.0393781088916922	0.8476501497839761	1.096468087064764
1.0437100184483612	0.8287277685943614	1.1067715974469259
1.047699933688417	0.8108369432563192	1.116214950868295
1.0513180042547934	0.7942044562506796	1.1247404671661196
1.0545369163887737	0.7790591282663528	1.132295919459806
1.0573321725226257	0.7656258838135412	1.1388348845946155
1.059682348016239	0.7541186469281105	1.1443170682989259
1.0615693202985514	0.7447323509182775	1.1487085980322393
1.0629784660386785	0.737634560154439	1.151982276907611
1.0638988224764232	0.7329573982621108	1.1541177927509394
1.0643232096746893	0.7307905982376226	1.1551018772799275
1.0642483111989307	0.7311764810729372	1.1549284115099883
1.0636747115580247	0.7341075016390922	1.1535984747764174
1.0626068896281144	0.7395266903203014	1.1511203361502083
1.0610531681961703	0.7473309304910652	1.1475093884620502
1.0590256206698496	0.7573766380143803	1.1427880265781996
1.0565399368735684	0.7694871367826174	1.136985472933589
1.0536152506567913	0.7834609048867119	1.130137554568333
1.050273932752878	0.799079900905603	1.122286436981476
1.0465413529231626	0.8161173299196868	1.1134803209682786
1.0424456158848687	0.8343444161620096	1.1037731092072391
1.0380172758426331	0.8535359592185807	1.0932240496844108
1.033289034618064	0.8734746261636324	1.081897363066101
1.028295428402096	0.8939540563024475	1.0698618608482904
1.023072508049464	0.9147809280512702	1.0571905605201382
1.0176575176059446	0.9357761682135788	1.043960303086946
1.0120885754246527	0.956775485156692	1.0302513771176187
1.0064043618069263	0.9776293910658705	1.0161471520342324
1.0006438166180993	0.9982028538373219	1.001733721673907
0.9948458498001634	1.0183746925327042	0.9870995572628743
0.9890490671536569	1.038036805324451	0.9723351668970629
0.9832915132098833	1.057093297281565	0.9575327564867963
0.9776104324793301	1.0754595577198482	0.9427858849792486
0.9720420498582457	1.0930613230115844	0.9281891046322752
0.9666213705148125	1.1098337502267643	0.9138375753205832
0.9613819991680285	1.1257205191632926	0.8998266404903462
0.9563559783225396	1.1406729746334092	0.8862513516586591
0.9515736447343637	1.1546493168005758	0.8732059285277181
0.9470635031559087	1.1676138444877937	0.8607831431122428
0.9428521162427506	1.1795362543807606	0.8490736190076867
0.9389640093955973	1.1903909976807716	0.8381650412410713
0.9354215892538461	1.200156694841656	0.8281412781099836
0.9322450745467221	1.2088156084211226	0.8190814239079978
0.9294524380378032	1.2163531736966204	0.8110587800900037
0.9270593583622219	1.2227575864738307	0.8041398015990171
0.925079180647351	1.2280194474062123	0.7983830438331414
0.9235228849209737	1.2321314621155812	0.7938381529500705
0.9223990614411671	1.235088196433606	0.7905449466995274
0.9217138922247	1.2368858861571976	0.7885326336976958
0.9214711382021801	1.23752230081502	0.7878192153395954
0.9216721315856217	1.236996661069142	0.788411106283665
0.922315773195306	1.2353096095175495	0.7903029972149842
0.9233985346559214	1.2324632348141524	0.7934779686283203
0.9249144655360193	1.2284611491765671	0.7979078483750687
0.9268552056681205	1.223308619503347	0.8035537905782588
0.9292100030482322	1.2170127524652627	0.8103670409738789
0.9319657378714776	1.2095827340638994	0.8182898450674811
0.9351069534127053	1.2010301242576005	0.8272564513449748
0.9386158946045405	1.1913692073314142	0.8371941621044433
0.9424725552969777	1.1806173987225685	0.8480243886555718
0.9466547352978415	1.1687957089910035	0.8596636746463233
0.9511381083871283	1.1559292655239282	0.8720246599394738
0.9558963025649688	1.1420478923537862	0.8850169666347022
0.9609009938263009	1.127186748106462	0.8985479975676358
0.9661220147490869	1.111387021517212	0.9125236452390747
0.9715274791307893	1.0946966830663611	0.9268489152439403
0.9770839238040793	1.0771712899672847	0.9414284727382656
0.9827564686024873	1.0588748398102443	0.9561671233544334
0.9885089952262193	1.039880665387483	0.9709702414254094
0.9943043454760728	1.0202723592804968	0.9857441586496569
1.0001045389792569	1.0001447112724349	1.0003965256820158
1.005871010128211	0.9796046340563723	1.0148366578219272
1.0115648634974714	0.9587720424663028	1.0289758742097106
1.0171471465034463	0.9377806379608102	1.0427278379182674
1.0225791375390485	0.9167785328305994	1.0560089021881498
1.0278226472645473	0.8959286273783476	1.0687384659122798
1.0328403301851838	0.8754086285870861	1.0808393394193805
1.0375960031146305	0.8554105721763938	1.0922381196974342
1.0420549666328562	0.8361396849038607	1.1028655724898733
1.0461843252186818	0.817812406499309	1.112657017225078
1.049953301393644	0.8006533897212506	1.1215527095328366
1.0533335389736216	0.7848913244218357	1.1294982151804802
1.056299390406744	0.7707534999136525	1.1364447686412347
1.0588281831924267	0.7584591392103944	1.1423496091942342
1.0609004605369239	0.7482117098266695	1.1471762874501952
1.0625001917076433	0.7401906239029907	1.1508949354896232
1.0636149479989285	0.7345429501935965	1.1534824943748914
1.0642360408062546	0.7313759185973342	1.1549228936266496
1.0643586190077805	0.7307510458540826	1.1552071783044897
1.0639817236506002	0.7326806068007283	1.1543335805577601
1.0631082988072313	0.7371269162956796	1.152307533865568
1.0617451583761313	0.7440045191160437	1.1491416296103278
1.0599029095160761	0.753184993823196	1.1448555170688157
1.057595834296185	0.7645037554769775	1.139475749300531
1.0548417319797267	0.7777680592805108	1.1330355787082818
1.0516617251123601	0.7927653839772577	1.1255747071882631
1.0480800332301297	0.809271484896116	1.1171389967292926
1.0441237185206391	0.8270575984561335	1.1077801470246624
1.0398224081492162	0.8458964945384582	1.0975553470940993
1.0352079981945423	0.8655672654057269	1.0865269080564517
1.0303143442249958	0.8858588851964339	1.0747618840321733
1.0251769434936304	0.9065726664797704	1.0623316876852151
1.0198326135479834	0.9275237862932085	1.0493117061392094
1.014319171755725	0.94854206544642	1.0357809219340457
1.0086751198580337	0.9694721742042465	1.021821542343772
1.0029393371999515	0.9901734151972342	1.0075186387798667
0.997150785772769	1.0105192079904946	0.9929597961881301
0.9913482296598944	1.0303963737893602	0.9782347703562166
0.9855699709242538	1.0497042957065903	0.9634351489387373
0.9798536034317692	1.0683540108132759	0.948654009853689
0.9742357855873921	1.0862672749099538	0.9339855686073442
0.9687520324810117	1.1033756291924925	0.919524804194569
0.9634365275107084	1.1196194891735227	0.9053670516637209
0.9583219531772099	1.1349472697556877	0.8916075484325382
0.9534393404305123	1.149314555695366	0.8783409212314688
0.9488179356987655	1.1626833233918141	0.8656606013927269
0.9444850845398836	1.175021217626472	0.8536581583535218
0.9404661307254212	1.1863008852850239	0.8424225449154654
0.9367843294892781	1.196499367015405	0.8320392531183011
0.9334607736457973	1.2055975470588598	0.8225893865054178
0.9305143312964222	1.2135796610319305	0.8141486628175475
0.9279615938952073	1.2204328611588853	0.806786370213691
0.9258168335246221	1.2261468383048306	0.8005643091642631
0.9240919683383945	1.2307135001022018	0.7955357601301516
0.9227965352523361	1.2341267044724622	0.7917445228477019
0.921937669102231	1.2363820479025036	0.789224075356167
0.9215200876363167	1.2374767079286113	0.7879968989852665
0.9215460818652352	1.2374093393994299	0.7880740090199038
0.9220155114523796	1.2361800242263634	0.7894547199814879
0.922925804990013	1.2337902744778027	0.7921266603957405
0.9242719651706387	1.2302430888267097	0.7960660361023542
0.926046579026614	1.2255430625144559	0.8012381254592202
0.9282398335735941	1.2196965511405207	0.8075979760398164
0.9308395373529067	1.2127118887230302	0.8150912621084969
0.9338311485226798	1.2045996605913785	0.8236552561937373
0.9371978102950123	1.1953730317619793	0.8332198666869993
0.9409203946534072	1.185048131501167	0.8437086961612066
0.9449775554068168	1.173644494781833	0.8550400811362051
0.9493457917396817	1.1611855612738184	0.86712808217465
0.9539995234953875	1.147699232346096	0.8798834022907633
0.958911179477887	1.133218486262559	0.8932142206603292
0.9640513000662567	1.1177820512685934	0.9070269367443209
0.9693886554038555	1.1014351355133698	0.9212268266787694
0.9748903803408349	1.0842302116221854	0.9357186189055136
0.9805221271712578	1.0662278520689696	0.9504069995048777
0.9862482370097225	1.0474976090880184	0.9651970596758837
0.9920319303943712	1.028118929421995	0.9799946985145822
0.9978355173831914	1.008182089358754	0.9947069939252068
1.0036206270301664	0.9877891287983231	1.0092425534194565
1.0093484556919246	0.9670547539621119	1.0235118549504254
1.0149800331312484	0.9461071662073911	1.0374275859878173
1.0204765048620288	0.9250887586760076	1.050904986931823
1.0257994286344538	0.9041566028311916	1.0638622028099953
1.0309110824061798	0.8834826234634026	1.0762206451017287
1.0357747806032638	0.8632533345677348	1.0879053635611267
1.040355194965427	0.8436689822631002	1.0988454261165639
1.0446186758144897	0.8249419195590876	1.1089743033555808
1.0485335692051796	0.8072940290780578	1.1182302527892474
1.0520705251343485	0.7909530245711063	1.126556697054113
1.0552027918165228	0.7761475128875235	1.1339025894698207
1.0579064909958118	0.7631007965688295	1.1402227599359476
1.060160869367356	0.7520235487392488	1.1454782340255125
1.061948521430805	0.7431056885907164	1.14963651830978
1.0632555794931622	0.7365080004697727	1.152671845415269
1.0640718670716618	0.7323542252215774	1.154565373046743
1.0643910126054503	0.7307244502871616	1.1553053321778912
1.0642105211485406	0.7316505836425683	1.154887120773622
1.0635318025608678	0.7351144955378259	1.1533133407180753
1.0623601556108109	0.7410490782651429	1.1505937770264376
1.0607047083198156	0.7493420804891086	1.1467453198601525
1.0585783157851996	0.7598422135804808	1.1417918312856519
1.0559974175793874	0.7723667847251923	1.1357639600584206
1.052981857612711	0.7867100262189591	1.1286989089230517
1.0495546700369116	0.8026513539513545	1.1206401599465523
1.0457418353361962	0.8199629554354178	1.11163716420402
1.041572011187614	0.838416319864537	1.1017450026797173
1.0370762429627025	0.8577875279059753	1.0910240255056345
1.0322876588862944	0.8778612844287932	1.0795394766195452
1.0272411548690357	0.8984337904212302	1.0673611105755598
1.0219730738971482	0.919314613351014	1.0545628075848479
1.0165208846103564	0.9403277386378325	1.0412221919087834
1.0109228633439902	0.9613119814983344	1.027420257487588
1.0052177834749971	0.982120919652543	1.0132410031857337
0.9994446154146365	1.0026224818907161	0.9987710783006415
0.9936422400560915	1.0226983009600488	0.9840994370526545
0.9878491779329129	1.0422429148486771	0.9693169987025225
0.9821033357947775	1.0611628797757826	0.9545163077955334
0.9764417717767773	1.0793758413952708	0.9397911868984308
0.9709004798427467	1.0968095976329146	0.9252363721937858
0.965514193732429	1.1134011766741747	0.9109471205776406
0.960316210246015	1.129095946299047	0.8970187756587015
0.95533823136231	1.1438467654504416	0.8835462795055503
0.9506102244113911	1.1576131851339868	0.8706236173855545
0.9461602993092937	1.1703607030831282	0.8583431843464288
0.9420146017084239	1.182060074776737	0.8467950655458805
0.9381972208200191	1.1926866821358046	0.8360662269006377
0.934730110618298	1.2022199603818702	0.8262396189339177
0.9316330231346709	1.2106428829897087	0.81739320448207
0.9289234525878702	1.2179415043250692	0.8095989297511978
0.926616589166024	1.2241045593632056	0.8029216673831622
0.9247252813732322	1.2291231197938557	0.7974181687207273
0.9232600059705949	1.232990305803981	0.7931360691995761
0.922228844674895	1.235701052869895	0.7901129945650969
0.9216374669229923	1.2372519329711131	0.7883758154294817
0.9214891181629782	1.237641029748025	0.7879400929852622
0.9217846132916496	1.236867867256212	0.7888097495118875
0.9225223350196171	1.234933392114592	0.7909769843763673
0.9236982371089913	1.2318400089965336	0.7944224408872921
0.9253058525925792	1.2275916695670173	0.7991156133857205
0.9273363072465737	1.2221940151190336	0.805015469232243
0.929778338749797	1.2156545733030892	0.8120712485390381
0.9326183221194293	1.207983009468296	0.8202233967574358
0.9358403021638819	1.1991914332349443	0.829404582060053
0.9394260338349375	1.1892947609872981	0.8395407506743099
0.9433550314899307	1.178311134999508	0.8505521782028798
0.9476046281858248	1.1662623998711552	0.8623544824331024
0.9521500462156709	1.1531746368277571	0.8748595720017577
0.9569644801580655	1.1390787562039373	0.8879765144341287
0.9620191937357455	1.1240111480238326	0.9016123156234668
0.9672836317639231	1.1080143899573196	0.9156726101428437
0.9727255484063636	1.0911380109642466	0.9300622675523613
0.9783111528417394	1.0734393075054562	0.9446859239843035
0.9840052732697558	1.0549842071107212	0.9594484508405496
0.9897715399529822	1.0358481710949279	0.9742553736139838
0.9955725876944391	1.0161171239686122	0.9890132538991427
1.0013702777939306	0.9958883911702939	1.0036300468478483
1.0071259391110343	0.9752716186356437	1.0180154448985679
1.0128006273961874	0.9543896368235291	1.032081216776728
1.0183554015425884	0.9333792175465155	1.0457415487030133
1.0237516148732597	0.9123916538377526	1.058913392597527
1.0289512190251013	0.8915930710305473	1.071516823936556
1.033917077442864	0.8711643518869648	1.083475409887706
1.0386132849711183	0.8513005319461379	1.0947165864792845
1.0430054895528278	0.8322094972194255	1.105172041898215
1.047061211630986	0.8141098015591146	1.1147781015924316
1.0507501565261317	0.7972274251209405	1.1234761097057704
1.0540445148473543	0.7817913304822431	1.1312128005155255
1.0569192459037808	0.7680277516869364	1.1379406529874692
1.0593523391304585	0.7561532823012197	1.1436182213163406
1.0613250487342865	0.7463670096205504	1.1482104343791983
1.0628220971040878	0.7388421544399731	1.1516888573842874
1.0638318430093656	0.7337178795921557	1.1540319096300058
1.0643464112236476	0.7310920698278415	1.1552250331689282
1.0643617809335817	0.7310159034629593	1.1552608082635687
1.0638778311112338	0.7334908972423799	1.154139012779216
1.0628983419069369	0.7384688175617496	1.1518666240335989
1.0614309520335314	0.7458544700781402	1.1484577630572128
1.0594870730268826	0.7555109957210067	1.143933582654483
1.0570817621508954	0.7672670051569761	1.138322102035616
1.0542335565363157	0.7809247350706725	1.131657992056762
1.050964271874402	0.79626841867322	1.1239823162094587
1.0472987696059168	0.8130721964086629	1.1153422333957435
1.043264697034934	0.831107094421729	1.1057906691734347
1.0388922051448553	0.8501468114330323	1.0953859625297424
1.0342136490950145	0.8699722383408599	1.0841914953195706
1.029263276432312	0.890374768900779	1.0722753112774266
1.024076907970195	0.9111585415112364	1.059709730975598
1.018691616079429	0.9321417895610233	1.0465709682618984
1.013145404817885	0.9531574833991366	1.0329387525795815
1.007476895919496	0.9740534330248569	1.0188959601696113
1.001725024186386	0.9946919968948474	1.0045282555075767
0.9959287453058342	1.0149495156033015	0.9899237424689677
0.990126758565487	1.0347155637016312	0.9751726226934331
0.9843572463874602	1.0538920906437121	0.9603668564912503
0.9786576320620582	1.072392503488329	0.9455998194838868
0.9730643565509013	1.0901407294985228	0.9309659461012998
0.9676126747596009	1.107070285695919	0.9165603492082969
0.9623364712616873	1.1231233741659323	0.9024784036753999
0.9572680950944429	1.1382500158746511	0.8888152808562938
0.95243821294758	1.1524072314254787	0.8756654209288539
0.9478756798280782	1.1655582741201893	0.8631219311599224
0.9436074261077608	1.1776719185533722	0.8512759006179144
0.9396583597412465	1.1887218065023804	0.8402156258806545
0.936051282375995	1.1986858508844265	0.8300257479594955
0.9328068180579141	1.2075456978994523	0.8207863079020571
0.9299433532591247	1.2152862470625418	0.8125717370253968
0.9274769870125976	1.2218952285828653	0.8054498068712298
0.9254214900253834	1.2273628374194587	0.7994805728861241
0.9237882717519752	1.2316814233027287	0.7947153534125545
0.9225863545371432	1.2348452360317412	0.791195790640949
0.9218223540782157	1.2368502254237008	0.7889530416320208
0.9215004656071073	1.237693895391703	0.7880071446176385
0.9216224553490705	1.2373752117501964	0.788366598312594
0.9221876569758373	1.2358945634876128	0.7900281803726902
0.923192972933954	1.2332537773951684	0.7929770165389292
0.9246328806931672	1.2294561860950215	0.7971868960524342
0.9264994441232657	1.2245067496630018	0.802620813492166
0.9287823303699967	1.218412231186576	0.809231704065744
0.9314688327592732	1.2111814267303163	0.8169633299545211
0.9345439004125434	1.202825450292664	0.8257512703418912
0.9379901754016672	1.1933580744207921	0.8355239673154145
0.9417880384058	1.1827961271935192	0.8462037833946973
0.945915663951443	1.1711599462720685	0.8577080330323767
0.9503490864148806	1.1584738906335186	0.8699499588944164
0.9550622780382356	1.144766910414732	0.8828396328872773
0.960027240250255	1.130073174962556	0.8962847707734034
0.9652141095842771	1.1144327586511678	0.9101914570755857
0.9705912794421798	1.0978923832035345	0.9244647833735613
0.9761255388590747	1.0805062140223245	0.9390094078605108
0.9817822292733642	1.0623367062289177	0.9537300471737006
0.9875254200970554	1.0434554935006937	0.9685319132006448
0.9933181036097792	1.023944309083502	0.9833211080237653
0.9991224093663013	1.003895923147141	0.9980049896635759
1.0048998379143284	0.9834150734618594	1.0124925200673913
1.0106115131718327	0.9626193566361426	1.0266946050935972
1.0162184523195468	0.9416400342660803	1.040524434251982
1.0216818515354789	0.9206226917664722	1.053897825831153
1.0269633853492266	0.8997276671049901	1.0667335808946452
1.0320255168410388	0.8791301424489006	1.0789538475483107
1.0368318153735474	0.859019765233018	1.0904844949420627
1.0413472780442383	0.8395996394532158	1.101255494720894
1.0455386506053965	0.8210845085900025	1.111201306122743
1.0493747432375475	0.8036979469410377	1.1202612596640793
1.052826736302516	0.7876683976196106	1.1283799333808893
1.0558684710611608	0.7732239558274732	1.135507514917957
1.0584767203328742	0.7605859059987058	1.141600142391665
1.0606314342085765	0.7499611840852559	1.1466202168922834
1.062315956210398	0.7415341399843343	1.150536679733205
1.063517205717351	0.7354581882650884	1.1533252480816474
1.064225823038385	0.7318481071229714	1.1549686033928845
1.0644362741978368	0.7307738167569848	1.1554565280845701
1.064146913282085	0.73225639240337	1.1547859870874269
1.0633600010553443	0.7362668330298904	1.1529611522445862
1.062081679456793	0.7427277522277329	1.1499933689501622
1.060321902509382	0.7515177632421045	1.1459010658604472
1.0580943250700656	0.7624779902438822	1.1407096099203222
1.055416151700211	0.7754199276693646	1.1344511102656352
1.0523079487050702	0.7901338188331866	1.1271641757362478
1.0487934230569023	0.8063968160192944	1.118893631715975
1.0448991724581669	0.8239803665548441	1.1096902027645235
1.04065441120526	0.8426564839976873	1.0996101679903811
1.036090676771837	0.8622027623221344	1.088714996308726
1.0312415221427826	0.8824061455877781	1.0770709686211606
1.0261421989004642	0.9030655671760537	1.064748793537778
1.0208293359042453	0.9239936260133146	1.0518232225397377
1.0153406181274451	0.9450174836766211	1.0383726694612028
1.0097144698411045	0.9659791586105965	1.024478837870002
1.0039897458821854	0.9867353727960727	1.0102263583701423
0.9982054342365272	1.0071570800847596	0.9957024360676365
0.9924003726261015	1.0271287791262045	0.9809965064753833
0.9866129812365894	1.046547690129124	0.9661998960373618
0.9808810131742282	1.0653228547833204	0.9514054812988352
0.9752413237167595	1.0833742027051296	0.9367073386331758
0.9697296589360491	1.1006316154218783	0.9222003744812773
0.9643804638305523	1.1170340096193978	0.9079799244260074
0.9592267097216187	1.1325284545389571	0.8941413083079918
0.9542997403437086	1.1470693334692308	0.880779328222734
0.9496291357966792	1.1606175557653835	0.8679876968793451
0.945242593328139	1.1731398233649184	0.8558583857073672
0.9411658237728266	1.1846079540678554	0.8444808854961826
0.9374224623899536	1.1949982626920852	0.8339413773816421
0.9340339928034589	1.204291000443534	0.8243218186493876
0.9310196827578139	1.212469852342851	0.8156989558837946
0.9283965304472855	1.2195214922448256	0.8081432869682649
0.926179220253119	1.2254351948180626	0.8017180025647319
0.9243800868247866	1.2302025037808983	0.7964779459415338
0.9230090865626812	1.2338169556888905	0.792468636204648
0.9220737756960662	1.236273858619606	0.7897254029639016
0.9215792942968368	1.2375701251883293	0.7882726793222053
0.9215283557243962	1.2377041594435585	0.7881234943656378
0.9219212411562341	1.2366757973255877	0.7892791962409679
0.9227557990212855	1.2344863005180464	0.7917294233068056
0.9240274493169724	1.2311384036753414	0.7954523251998948
0.9257291929548324	1.2266364151627103	0.8004150197952768
0.9278516264425103	1.2209863715941873	0.8065742578232743
0.9303829623701821	1.2141962465917457	0.8138772559101923
0.9333090563254652	1.2062762143091785	0.8222626520545194
0.936613441009773	1.1972389683594222	0.8316615353792198
0.9402773684682779	1.1871000968444987	0.841998504100737
0.9442798614708531	1.1758785141996073	0.8531927112028603
0.9485977751881582	1.1635969505102113	0.8651588651803989
0.9532058703899021	1.1502824988176044	0.8778081622363207
0.9580768994455355	1.13596722065889	0.891049135404759
0.9631817064246202	1.1206888096396892	0.9047884143955452
0.9684893425689319	1.104491312138537	0.9189313969612123
0.9739671983343938	1.087425903185614	0.9333828379975848
0.9795811530732449	1.0695517139987403	0.9480473663530715
0.9852957432406217	1.0509367053939445	0.9628299415524763
0.9910743497623743	1.031658578045459	0.9776362635493487
0.9968794048912246	1.01180570599422	0.9923731484622074
1.0026726185079757	0.9914780734467955	1.0069488822843842
1.0084152233971884	0.9707881862293412	1.0212735630236103
1.0140682385496698	0.9498619176652834	1.0352594398310733
1.0195927490274255	0.928839233549606	1.048821255588535
1.02495020038338	0.9078747218868648	1.0618765972674944
1.030102705074439	0.8871378301741621	1.0743462562584778
1.0350133577606986	0.8668126871345854	1.0861545988670662
1.039646555866522	0.8470973592769006	1.0972299453452328
1.0439683213122075	0.828202369960007	1.1075049542146689
1.0479466189304447	0.8103482970593069	1.116917007277503
1.051551666779959	0.7937622751675785	1.1254085896238157
1.0547562333797644	0.7786732720143702	1.1329276581528016
1.0575359168259446	0.7653060985634772	1.1394279916367709
1.0598694008315062	0.7538742549013391	1.1448695151783284
1.0617386829541484	0.7445719044470464	1.1492185920369509
1.0631292706472875	0.7375654836854854	1.1524482762199852
1.0640303412807552	0.732985649494346	1.1545385199229916
1.06443486291607	0.7309203832902925	1.1554763308355684
1.0643396733692974	0.7314100562255509	1.1552558754622764
1.0637455159278721	0.7344450851679469	1.1538785258980744
1.06265703097848	0.7399664937272581	1.1513528488910678
1.0610827037200385	0.7478693022204281	1.1476945374661738
1.0590347690466648	0.7580082985003219	1.1429262868129078
1.056529075557984	0.7702054745073259	1.137077617501242
1.0535849114584812	0.7842583003956238	1.1301846503257806
1.0502247958166704	0.7999480487879945	1.1222898381405275
1.0464742392470938	0.8170475356496102	1.1134416608903486
1.0423614785371438	0.8353278530521555	1.103694290635508
1.037917190056278	0.8545638786198805	1.0931072336752237
1.0331741869539781	0.8745385202798651	1.0817449568876414
1.0281671051773489	0.8950457771870578	1.0696765051073158
1.0229320832279956	0.9158927686629296	1.0569751157570255
1.0175064403438343	0.9369009122523635	1.043717836044774
1.011928357452538	0.9579064322700369	1.0299851468435628
1.006236564818443	0.9787603633274663	1.0158605959112503
1.000470039816367	0.9993281884771567	1.0014304414089408
0.9946677177352361	1.0194892249363432	0.9867833047760413
0.9888682179632906	1.0391358454385269	0.972009829967009
0.9831095873546729	1.0581726018116917	0.9572023439135168
0.9774290620422421	1.0765152998989704	0.9424545109316463
0.9718628484582735	1.0940900612417417	0.9278609717591061
0.966445923865444	1.1108323965366764	0.9135169561277511
0.9612118562941295	1.1266863081561205	0.8995178564337838
0.9561926434341363	1.1416034334036245	0.885958749381103
0.9514185697429718	1.155542236158125	0.8729338526917155
0.9469180808087447	1.1684672517278138	0.86053590536264
0.9427176738420876	1.1803483877669858	0.8488554627457381
0.9388418030648303	1.1911602827618508	0.8379801021154847
0.9353127987083203	1.2008817226862027	0.827993540428121
0.9321507983258268	1.2094951158348242	0.8189746735332201
0.9293736891549301	1.2169860254701124	0.8109965547966633
0.9269970603310419	1.2233427597010524	0.8041253402700329
0.9250341638457368	1.2285560179082005	0.7984192362597782
0.9234958832580664	1.2326185930029807	0.7939274922757157
0.9223907092979349	1.2355251288419264	0.7906894866870241
0.9217247216440206	1.2372719321913823	0.7887339529513984
0.9215015763106241	1.2378568387439572	0.7880783903588854
0.9217224982357035	1.237279132815903	0.7887286947727828
0.9223862788238895	1.2355395204971877	0.7906790324642675
0.9234892783617213	1.2326401561775409	0.7939119650807775
0.9250254333864747	1.228584722525779	0.7983988177815425
0.9269862692534884	1.2233785641512054	0.8041002675083352
0.9293609183084403	1.2170288753186527	0.8109671159578006
0.932136144228906	1.2095449422169104	0.8189412033423463
0.9352963732516012	1.2009384403861947	0.8279564150807104
0.9388237331451782	1.191223787985503	0.8379397340773506
0.9426981009195511	1.1804185556137812	0.8488122955825285
0.9468971603773562	1.1685439333736511	0.860490408741328
0.9513964707060428	1.1556252557619078	0.8728865176535291
0.9561695473744606	1.1416925847555048	0.8859100839427436
0.96118795662978	1.1267813510904625	0.8994683815356319
0.9664214248823555	1.1109330531397723	0.9134672019162577
0.9718379642119356	1.0941960118931096	0.9278114741670443
0.9774040151221846	1.076626179196927	0.9424058085045779
0.983084607507456	1.0582879944490875	0.9571549748228699
0.9888435405722071	1.039255282114974	0.9719643291487333
0.99464358215779	1.0196121784200285	0.9867402011375832
1.000446687584099	0.9994540699646361	1.0013902550549
1.0062142377074437	0.978888519295835	1.0158238353486342
1.011907295437117	0.9580361420746126	1.029952306139669
1.0174868794501657	0.9370313867967125	1.0436893919238923
1.0229142533090247	0.9160231505566211	1.0569515246353807
1.028151227634514	0.8951751429079559	1.0696582000784791
1.033160472435512	0.8746658849646229	1.081732344682669
1.0379058361655498	0.854688204203322	1.0931006916323596
1.0423526675874308	0.8354480605376807	1.1036941637233135
1.0464681361016854	0.817162522279367	1.1134482588352836
1.0502215458543698	0.8000567107419505	1.1223034327149632
1.0535846387048464	0.7843595613253386	1.1302054728551552
1.0565318810217799	0.7702983196557696	1.1371058566494276
1.0590407292987132	0.758091813362205	1.1429620867027535
1.0610918697482026	0.7479427137157483	1.1477379961878813
1.0626694273478943	0.7400292108466728	1.151404017444458
1.063761140269793	0.7344967352475674	1.1539374076062487
1.0643584962152703	0.7314505127098373	1.1553224258841366
1.0644568278867403	0.7309497812781004	1.1555504581930658
1.0640553656308442	0.7330043865954556	1.1546200860469955
1.0631572461602754	0.7375742055576757	1.152537098005869
1.0617694771722743	0.7445714764319954	1.1493144433887719
1.0599028585993284	0.7538657229397407	1.1449721294087396
1.05757186211885	0.7652906436496296	1.1395370642790696
1.0547944713830015	0.7786521626813986	1.1330428501326097
1.051591986179043	0.7937368219673142	1.1255295307305138
1.0479887943702475	0.8103198119836227	1.1170432998704305
1.0440121159799405	0.8281721325632904	1.1076361770962417
1.0396917241529247	0.8470665901658226	1.097365657732642
1.0350596479544516	0.8667825286468923	1.086294344395796
1.0301498620462575	0.8871093335204493	1.0744895669549124
1.0249979682193153	0.9078488397502358	1.062022997433683
1.0196408735743827	0.9288168170629318	1.048970265549771
1.0141164698406986	0.9498437167424155	1.035410579506078
1.0084633179289553	0.9707748523541314	1.021426355287015
1.0027203413479644	0.9914701641773106	1.007102856102365
0.9969265315975435	1.0118036905918044	0.9925278417931269
0.9911206681041433	1.0316628437739754	0.9777912260127626
0.9853410547119181	1.0509475641481583	0.9629847368805518
0.9796252741979771	1.0695694090116061	0.9482015746487042
0.974009961763651	1.0874506156346138	0.9335360578321735
0.9685305979757185	1.1045231675244154	0.9190832473520424
0.9632213212038707	1.1207278838506256	0.9049385367073737
0.9581147592295549	1.136013545662243	0.8911971952216843
0.9532418793911029	1.150336067942779	0.8779538512479708
0.948631856382123	1.1636577233016778	0.8653019031200195
0.9443119566334306	1.1759464208305082	0.8533328478638462
0.9403074380805619	1.1871750420895963	0.8421355214419946
0.9366414640446887	1.197320835132264	0.8317952497090605
0.9333350299291535	1.2063648667728553	0.8223929162582704
0.93040690145062	1.214291532856043	0.8140039616600521
0.9278735631768292	1.2210881260143567	0.8066973376826004
0.9257491762256763	1.2267444602571238	0.8005344491065252
0.9240455440870736	1.2312525516805246	0.7955681236293821
0.9227720856541283	1.2346063546007977	0.7918416559135893
0.9219358146893937	1.2368015524727267	0.7893879739438693
0.9215413251008657	1.2378354030504288	0.7882289737030438
0.9215907815583949	1.2377066373680186	0.7883750614325967
0.9220839151414961	1.2364154122552584	0.7898249317583274
0.923018023872521	1.233963316252344	0.7925655957507203
0.924387978153186	1.2303534289416185	0.7965726571263371
0.9261862312864063	1.2255904338672998	0.8018108191455064
0.9284028354279468	1.2196807853612432	0.8082345911500312
0.9310254634718915	1.2126329297273475	0.815789153579539
0.9340394375287017	1.2044575813527016	0.8244113345800852
0.9374277648017403	1.195168054402109	0.8340306501618178
0.9411711818046143	1.1847806508031737	0.8445703628288302
0.9452482079832494	1.173315105229027	0.8559485197836898
0.9496352099085789	1.1607950877148456	0.8680789400481205
0.9543064772825331	1.1472487643760767	0.8808721289643312
0.9592343120455523	1.1327094163915334	0.8942361075223249
0.9643891318820645	1.1172161169172472	0.9080771520231629
0.9697395893844367	1.1008144648269242	0.9223004462492627
0.9752527080504737	1.083557373018726	0.9368106533490533
0.9808940361486629	1.0655059073276065	0.9515124180466957
0.9866278192855029	1.046730169621334	0.9663108116984209
0.9924171922475987	1.0273102151459623	0.981111733360857
0.9982243903673794	1.0073369892479107	0.995822279672661
1.00401098027726	0.9869132617629094	1.0103510952364172
1.0097381094775266	0.9661545280717297	1.0246087135545503
1.015366773655832	0.9451898334741798	1.0385078966185215
1.0208581001718844	0.9241624615663555	1.0519639791337703
1.0261736455732255	0.9032304073824302	1.06489522120823
1.031275704454078	0.8825665323634211	1.077223171235407
1.0361276264276187	0.8623582719030165	1.0888730387354935
1.040694137474147	0.8428067400563578	1.0997740751345044
1.0449416614746658	0.8241250550575527	1.1098599589033746
1.0488386373639516	0.8065357015564283	1.119069180177093
1.0523558270591333	0.7902667618869108	1.1273454189529721
1.055466609158387	0.7755469019442083	1.134637910242732
1.058147253373842	0.7625990988104164	1.1409017891350004
1.060377170774159	0.7516332518965998	1.1460984086161576
1.0621391351701013	0.7428380182506824	1.1501956231913464
1.063419471380015	0.7363724275501835	1.1531680318302655
1.0642082066536875	0.7323580149377252	1.1549971745109706
1.0644991821989562	0.7308723012227827	1.1556716776162652
1.0642901225256272	0.7319443996330994	1.155187344611556
1.0635826611708457	0.7355533181111833	1.1535471897521048
1.0623823222703932	0.7416291861434586	1.1507614139777993
1.060698458359124	0.7500572401168647	1.146847323598077
1.0585441456896378	0.7606840462199543	1.1418291937895693
1.0559360392180506	0.7733252052027804	1.1357380802669799
1.0528941901914228	0.7877737070364529	1.1286115836895392
1.0494418299557626	0.8038081746801857	1.1204935723817653
1.0456051241672526	0.8212004080212164	1.1114338697368311
1.0414129020163125	0.8397218524113057	1.1014879131994415
1.0368963653566774	0.8591488201882351	1.0907163919682281
1.0320887827670768	0.8792664564540118	1.079184870499349
1.0270251735656428	0.8998715505229289	1.0669634045260175
1.0217419866565007	0.9207743548960445	1.0541261556343342
1.016276778828301	0.9417995951375747	1.0407510094623686
1.0106678967634957	0.9627868494086772	1.0269192013322137
1.0049541665758346	0.9835904569994042	1.0127149516066738
0.9991745941930383	1.0040790894712077	0.9982251113126457
0.9933680793641633	1.0241350914959224	0.9835388166325136
0.9875731455177916	1.0436536742420106	0.9687471487841507
0.9818276871473055	1.0625420235905818	0.9539427936589951
0.9761687358700758	1.0807183688684736	0.9392196934566154
0.9706322458131476	1.0981110448844025	0.9246726805631212
0.9652528985297761	1.1146575703084391	0.9103970822228457
0.9600639272575121	1.130303758239413	0.896488283338944
0.9550969599945229	1.1450028695919086	0.8830412342358637
0.9503818805987637	1.1587148162186758	0.8701498906791916
0.9459467069046299	1.1714054180737612	0.8579065751373918
0.9418174847013867	1.1830457169140625	0.8464012514196445
0.9380181963232115	1.1936113478042767	0.8357207095920923
0.9345706825571642	1.203081968866019	0.8259476644823242
0.9314945765765477	1.2114407491761987	0.8171597789456617
0.9288072486470483	1.2186739143879701	0.8094286319453089
0.92652376042506	1.2247703494598647	0.8028186606627717
0.9246568277658185	1.2297212577940628	0.7973861143150276
0.923216791077634	1.2335198760742252	0.7931780639487632
0.9222115923928368	1.2361612441368517	0.7902315160385945
0.9216467584717043	1.2376420292929053	0.7885726772703753
0.9215253894092779	1.2379604046282267	0.7882164129084392
0.9218481523739157	1.2371159809432348	0.7891659317058543
0.922613280268593	1.2351097921376684	0.7914127171845068
0.9238165752698319	1.2319443339988836	0.794936709671036
0.925451417363305	1.2276236565063225	0.7997067275146599
0.9275087781584043	1.2221535099148773	0.805681101316248
0.9299772404250403	1.215541545020127	0.8128084834040751
0.9328430239528478	1.207797568132066	0.8210287873220493
0.9360900184833322	1.1989338513840428	0.8302742092034376
0.939699824606653	1.1889654990703018	0.8404702843712959
0.943651803642515	1.1779108707266917	0.8515369375797189
0.9479231376348398	1.1657920616282034	0.8633894929002024
0.9524889006771077	1.1526354412500945	0.8759396181741427
0.9573221428435753	1.138472249992513	0.8890961880956599
0.9623939880248965	1.1233392540532758	0.9027660584799821
0.9676737469484871	1.1072794576794107	0.9168547515139145
0.9731290465982595	1.0903428710362166	0.9312670574574534
0.9787259771292401	1.0725873304630624	0.9459075622871473
0.9844292571958604	1.0540793657457634	0.9606811132333378
0.9902024183747992	1.0348951059659122	0.9754932352644011
0.996008009063252	1.0151212111462857	0.9902505115633364
1.0018078178719874	0.9948558108639056	1.0048609401865545
1.0075631161135394	0.9742094227226972	1.019234277635402
1.0132349185156224	0.9533058124724444	1.0332823782186844
1.0187842607779751	0.9322827430372321	1.0469195360130144
1.0241724920502757	0.9112925413228005	1.0600628340745697
1.0293615798548055	0.8905023893443711	1.0726325034267392
1.034314424428644	0.8700942206756563	1.0845522923231121
1.0389951789365817	0.8502640765307782	1.0957498444252056
1.0433695715291305	0.8312207520590837	1.106157082884997
1.0474052248120567	0.8131835494781265	1.1157105959185694
1.051071967975992	0.7963789603500858	1.1243520183257558
1.0543421366264218	0.7810361369083584	1.132028402570459
1.0571908552718983	0.7673810943118712	1.138692572499974
1.059596297484554	0.7556297201456973	1.1443034525542373
1.0615399189481396	0.7459798516313286	1.1488263653949307
1.0630066589574323	0.7386028945140131	1.152233291258721
1.063985106422684	0.7336356594002336	1.154503082988992
1.0644676270532851	0.7311732247237545	1.1556216315971777
1.0644504491279172	0.7312636439740078	1.155581978310692
1.0639337060811653	0.7339051651720676	1.1543843703344787
1.0629214350211988	0.7390463335402242	1.1520362589355662
1.061421531209145	0.7465889634117087	1.1485522398985921
1.0594456594456163	0.7563935839066654	1.1439539378372876
1.0570091241913053	0.7682866747479359	1.1382698372232543
1.0541307010662524	0.7820688702257703	1.1315350642540287
1.0508324330986265	0.7975233279892143	1.1237911247757661
1.047139395706089	0.8144235994825935	1.115085604357072
1.0430794348739494	0.8325405431870022	1.105471837243051
1.0386828833326556	0.8516480343715204	1.0950085512735444
1.0339822597292605	0.8715274061512742	1.0837594959082508
1.0290119558336817	0.8919706873442648	1.0717930602531127
1.0238079167297751	0.9127827811414285	1.0591818874249677
1.0184073187247933	0.9337827635534209	1.046002490731079
1.0128482493865623	0.9548044845279559	1.0323348759893072
1.0071693937042743	0.9756966397106245	1.018262172892872
1.0014097298883329	0.9963224566988487	1.0038702766585474
0.9956082377985447	1.0165591129268472	0.9892474993235955
0.9898036224401616	1.0362969769572763	0.9744842280222791
0.9840340544136316	1.0554387428925365	0.9596725854386728
0.9783369286646372	1.073898509505116	0.944906085480861
0.972748642371642	1.091600841420379	0.9302792751603809
0.9673043923409093	1.1084798387979586	0.9158873518296619
0.9620379918635832	1.1244782338535775	0.9018257435057783
0.9569817066319876	1.1395465266513582	0.8881896392046184
0.9521661090162674	1.1536421683574825	0.8750734562713671
0.9476199497688556	1.1667287971517368	0.8625702328823649
0.9433700460513788	1.1787755299086158	0.8507709364598708
0.9394411845633146	1.189756311328837	0.839763682878523
0.9358560384892725	1.1996493212378405	0.8296328671316745
0.9326350969666366	1.2084364401331695	0.8204582134696077
0.9297966058010995	1.216102772660928	0.8123137615827973
0.9273565182181458	1.2226362284643055	0.8052668145631448
0.9253284545274607	1.2280271597269734	0.7993768832376045
0.92372366968874	1.2322680546982545	0.7946946689199705
0.9225510278962505	1.2353532865114774	0.7912611314771302
0.9218169834414166	1.2372789166764562	0.789106690784296
0.9215255672634696	1.238042552728762	0.7882506064254058
0.921678378755697	1.237643259643516	0.7887005727081992
0.9222745825557743	1.2360815247626946	0.7904525542110178
0.9233109102122379	1.233359276135311	0.7934908723246876
0.9247816667832993	1.2294799543243513	0.7977885372653202
0.9266787425880784	1.224448637886663	0.8033078046998416
0.9289916304923057	1.2182722228767446	0.8100009232157983
0.9317074492694123	1.2109596568564025	0.8178110297261234
0.9348109737310463	1.2025222280022931	0.8266731452447021
0.9382846724662391	1.1929739099841121	0.8365152233313441
0.9421087541618713	1.182331763326661	0.847259207313517
0.946261223594679	1.1706163939542018	0.8588220591592631
0.9507179484816685	1.1578524695247565	0.8711167314239645
0.9554527384460513	1.1440692939661992	0.8840530628689335
0.9604374373932557	1.1293014402817074	0.8975385871778783
0.9656420305900274	1.113589441139652	0.9114792519698228
