1.0	1.0	1.0
1.0058112351315112	0.9800008378777785	1.014716219715711
1.0115642201393247	0.9596984979872303	1.0291541968591944
1.0172203390479408	0.9392240109390836	1.0432283879791375
1.0227410179138552	0.9187228656395121	1.056855602229815
1.0280880150546736	0.8983554555210712	1.0699553427344533
1.0332237242081803	0.8782971781178749	1.0824501625008072
1.03811148769419	0.8587380502562545	1.0942660346994353
1.042715916117682	0.8398816754391085	1.1053327353686258
1.0470032106581348	0.821943381369206	1.1155842350585077
1.0509414835590967	0.8051473427797776	1.1249590946005843
1.054501072085578	0.7897225293876798	1.133400859112445
1.0576548409751325	0.7758973835925849	1.1408584435405411
1.0603784682892734	0.76389324775157	1.1472865025214187
1.0626507095891597	0.753916728324079	1.152645777112521
1.0644536355225185	0.7461513904959481	1.156903411009562
1.0657728382210538	0.74074938851969	1.1600332292224056
1.066597602366445	0.7378238019969033	1.1620159728104096
1.0669210373790976	0.7374425081727598	1.1628394841570124
1.0667401679013482	0.7396243311028603	1.162498838358263
1.066055980564131	0.7443379635783727	1.1609964175687093
1.0648734259163952	0.7515037990236294	1.1583419265406218
1.0632013753292664	0.760998420036711	1.1545523490532517
1.0610525336291339	0.7726611611514416	1.1496518463982415
1.0584433091320256	0.7863019665129805	1.1436716005047223
1.0553936436133384	0.8017097240558169	1.1366496055934434
1.0519268055225484	0.8186603554145679	1.1286304133875522
1.0480691504165287	0.8369241242087474	1.1196648378280356
1.0438498531175073	0.8562718368252166	1.1098096259015866
1.0393006164888305	0.8764798032963032	1.0991271015536324
1.034455361956542	0.8973335750032793	1.0876847897048898
1.0293499069870908	0.9186305731185818	1.0755550271013374
1.0240216346673838	0.9401817721479858	1.0628145661000041
1.01850916033466	0.9618126179850062	1.0495441765313602
1.0128519998868202	0.9833633519115158	1.0358282494980187
1.007090243988844	1.0046888914920145	1.02175440539396
1.0012642419001123	1.0256583939478516	1.0074131065951475
0.9954142981040778	1.0461546021922161	0.9928972732317619
0.9895803843489569	1.0660730508705962	0.9783018982722074
0.9838018691278252	1.0853211905721503	0.9637236559195239
0.9781172660585672	1.1038174730116732	0.9492604951593306
0.9725640020856325	1.1214904280928804	0.9350112083553341
0.9671782059304518	1.1382777548077028	0.9210749632509296
0.9619945167762679	1.1541254413202344	0.9075507858276132
0.9570459127932281	1.1689869247926934	0.8945369814473331
0.952363558794867	1.1828222980829532	0.8821304828350087
0.9479766720686196	1.1955975680185518	0.8704261159919952
0.9439124052392829	1.2072839682541765	0.859515779264082
0.9401957449018271	1.2178573285425063	0.8494875365934083
0.9368494246935338	1.2272975014423215	0.8404246333538209
0.9338938514589443	1.2355878469461277	0.8324044517505148
0.931347043187755	1.2427147751572996	0.8254974319212038
0.9292245774687476	1.2486673469317953	0.8197659936937862
0.9275395492953996	1.2534369322858854	0.8152635013111285
0.9263025371749158	1.2570169263341497	0.8120333181336608
0.9255215766266985	1.2594025225436338	0.8101079993116933
0.9252021403042621	1.2605905431578095	0.8095086669769299
0.9253471241327992	1.2605793267480914	0.8102446044924324
0.9259568390202954	1.2593686729831834	0.8123130942547998
0.9270290078713752	1.2569598448605666	0.8156995086529536
0.9285587678085244	1.253355628813481	0.8203776477388165
0.9305386776838599	1.2485604532844283	0.8263103018481969
0.9329587311451639	1.242580566535755	0.8334500045876997
0.9358063757011104	1.2354242746420088	0.8417399326039627
0.939066538410699	1.2271022407688736	0.8511149040711035
0.9427216589983046	1.2176278469792752	0.8615024278818066
0.9467517313650452	1.2070176199052782	0.8728237595200475
0.9511343546249154	1.1952917216667582	0.8849949265313211
0.9558447949349186	1.1824745073795282	0.8979276952079065
0.9608560595058517	1.1685951504413188	0.9115304594173471
0.9661389842672629	1.1536883364630572	0.9257090414491759
0.9716623367086356	1.1377950261526693	0.9403674026316693
0.9773929354210136	1.120963286555443	0.9554082678557968
0.9832957878111103	1.1032491886622808	0.9707336728712292
0.9893342473460924	1.0847177673106374	0.9862454463203751
0.9954701915053317	1.0654440362428714	1.0018456401139084
1.0016642213607299	1.0455140467790855	1.0174369221595863
1.0078758833771013	1.0250259723209287	1.0329229448936847
1.01406391361852	1.004091192225019	1.0482087017806476
1.0201865040686164	0.9828353367606083	1.0632008821633245
1.0262015902291366	0.9613992391399885	1.0778082327495226
1.032067158562057	0.9399397203128559	1.0919419317601706
1.037741571700405	0.9186301070193221	1.1055159794576368
1.0431839086897898	0.8976603539397541	1.1184476065105464
1.0483543168579776	0.8772366085084228	1.1306576995047304
1.053214371268088	0.8575800261646581	1.1420712409349698
1.0577274371186187	0.8389246217508634	1.152617759255039
1.0618590299379191	0.8215139404695592	1.1622317830627553
1.065577168009001	0.8055963637962613	1.1708532922848676
1.0688527111779749	0.7914189478208506	1.1784281583304355
1.0716596800678018	0.7792198358220482	1.184908564621137
1.0739755497555512	0.7692194942016487	1.190253398695372
1.0757815121867973	0.7616112716769012	1.1944286072234975
1.077062701998687	0.7565520305252572	1.1974075057569866
1.0778083809990446	0.7541537784862632	1.1991710358459642
1.0780120772897503	0.7544772691180451	1.1997079632665377
1.0776716759074978	0.7575283897032443	1.1990150124587553
1.0767894588554794	0.7632578237337004	1.1970969338340105
1.0753720934809918	0.7715640256414146	1.1939665023041104
1.0734305692774087	0.7822990880342389	1.18964444714303
1.070980084312951	0.7952767282847544	1.184159315042547
1.068039883571598	0.8102814449717708	1.1775472698897407
1.0646330524936305	0.8270779078430713	1.1698518343054414
1.0607862698892028	0.8454198061026748	1.1611235792714112
1.0565295251384166	0.8650576194785923	1.1514197691818875
1.0518958051634015	0.885745026389788	1.1408039703339836
1.0469207570479142	0.9072438754895435	1.129345631185021
1.0416423323826602	0.9293277983912549	1.1171196426294538
1.0361004194329837	0.9517846309393984	1.1042058860726995
1.0303364690707193	0.9744178488295406	1.0906887762056476
1.0243931201014198	0.9970472260241695	1.0766568041259967
1.0183138291748186	1.019508905796501	1.062202084837303
1.0121425099168286	1.041655045670958	1.0474199112231954
1.0059231852944148	1.0633531665981124	1.0324083143965685
0.9996996565494217	1.0844853077901495	1.017267627933077
0.9935151913421639	1.1049470638190173	1.0021000510078022
0.9874122330562967	1.1246465604351115	0.9870092029832405
0.9814321325559876	1.1435034098670644	0.9720996596980296
0.9756149030737428	1.161447674499421	0.9574764597686354
0.9699989983570841	1.1784188590687483	0.9432445678693784
0.9646211137250595	1.1943649451763216	0.929508281463597
0.959516009287408	1.2092414773902072	0.9163705681060378
0.9547163542623525	1.2230107070201797	0.9039323225046221
0.9502525910922444	1.2356407974245653	0.8922915362527192
0.9461528178955826	1.2471050931722536	0.8815423786508371
0.9424426877030428	1.2573814543349782	0.8717741942863464
0.9391453228962654	1.2664516564818182	0.8630704317468572
0.9362812432926201	1.2743008564899863	0.8555075274292159
0.9338683063880546	1.2809171240045683	0.8491537779881879
0.93192165837476	1.286291038227831	0.844068243407144
0.9304536946827981	1.2904153496636988	0.8402997286970231
0.9294740289480969	1.2932847064625546	0.8378858946354365
0.9289894694776215	1.2948954450895571	0.8368525458482607
0.9290040024616946	1.2952454451640858	0.8372131375547334
0.9295187813702575	1.2943340484790087	0.838968530786686
0.930532122162306	1.2921620423978302	0.8421070109232561
0.932039504134671	1.288731708037696	0.8466045676200054
0.9340335764370846	1.2840469338691114	0.852425417642967
0.9365041704846142	1.2781133955912813	0.8595227376974552
0.9394383187053175	1.270938803366824	0.8678395636426816
0.9428202802690421	1.2625332177117352	0.8773098064492644
0.9466315746503718	1.2529094355245378	0.887859334097029
0.9508510240813406	1.2420834478882368	0.8994070718560818
0.9554548061428368	1.2300749713709582	0.9118660800751334
0.960416517921347	1.216908054559724	0.9251445774851382
0.9657072533121854	1.2026117614493057	0.9391468878547159
0.9712956951727932	1.187220933020747	0.9537742975060893
0.9771482241102621	1.1707770278039746	0.9689258198851481
0.9832290457156715	1.1533290413134702	0.9844988705511957
0.9895003380237056	1.1349345028142146	1.000389861369916
0.9959224208695183	1.1156605456894844	1.0164947263440853
1.0024539486271895	1.0955850444267154	1.0327093935456602
1.0090521275384996	1.074797806483476	1.0489302182563744
1.0156729584727444	1.0534018004768329	1.0650543919546263
1.0222715054968052	1.031514392538019	1.0809803404747924
1.02880219008233	1.0092685494284874	1.0966081227562663
1.035219110140814	0.9868139491744132	1.1118398393022206
1.041476382369444	0.9643179166551606	1.1265800569529583
1.0475285056276544	0.9419660722395633	1.1407362539816448
1.0533307422682119	0.919962546524128	1.1542192869485977
1.0588395135436124	0.8985295754559401	1.1669438782897712
1.0640128044288146	0.8779062522963594	1.1788291213353657
1.0688105724777786	0.8583461845844381	1.1897989974143017
1.0731951546983358	0.8401137988855107	1.1997828979499958
1.0771316659216856	0.8234790716209305	1.2087161430359794
1.0805883817912207	0.808710560568628	1.2165404869329863
1.0835370993283064	0.7960667842949467	1.223204600280651
1.085953468071672	0.7857862470512277	1.2286645185855154
1.0878172850460737	0.7780767098553509	1.2328840467393598
1.089112747299183	0.7731046068690107	1.2358351099308802
1.0898286564473747	0.7709857146011626	1.2374980423171804
1.08995857057452	0.7717782110375833	1.2378618061813906
1.0895008999060658	0.7754790576839381	1.236924135965425
1.0884589438971355	0.782024213613743	1.2346916034648523
1.0868408686840867	0.7912926386032192	1.2311796025266555
1.0846596252043486	0.8031135032869698	1.2264122537125852
1.081932809637283	0.817275633502369	1.220422231488411
1.0786824691071084	0.8335380520230999	1.2132505184801108
1.0749348567687242	0.8516405436170231	1.2049460931132858
1.0707201414252914	0.8713133954676059	1.1955655584413163
1.066072077667576	0.8922857646594783	1.185172721101892
1.0610276431539658	0.9142924171148086	1.1738381300655079
1.0556266500521023	0.9370788169256054	1.1616385851140134
1.04991133783476	0.9604047022794322	1.148656624789618
1.043925954571003	0.9840463685283111	1.134980002878718
1.0377163335955353	1.0077979069708147	1.120701161350599
1.0313294719992152	1.0314716390478311	1.1059167060841062
1.024813116792784	1.0548979567775076	1.090726889726982
1.0182153638887577	1.077924743633621	1.0752351036998113
1.011584274259783	1.100416513371258	1.0595473787545018
1.0049675108020035	1.1222533715735907	1.0437718907220388
0.9984119985935508	1.1433298775316014	1.0280184652578823
0.9919636104221636	1.1635538626174844	1.0123980726693573
0.9856668786885613	1.182845244976152	0.9970223014784134
0.979564734094699	1.2011348682582488	0.9820027974668181
0.9736982709139951	1.2183633833462688	0.9674506538405913
0.9681065381239833	1.2344801857749454	0.9534757381380975
0.9628263552653075	1.249442417154239	0.940185942902234
0.957892151574475	1.2632140358508053	0.9276863502231131
0.9533358267172167	1.275764960084328	0.9160783052311646
0.9491866313173557	1.2870702851667486	0.9054584005253786
0.945471065423145	1.297109575655124	0.8959173821709258
0.942212793067986	1.305866232563324	0.8875389978112056
0.9394325711536455	1.31332693538845	0.8803988177964971
0.9371481910000224	1.3194811584898716	0.874563069911449
0.9353744310555148	1.3243207612680552	0.8700875359555355
0.9341230194367568	1.3278396515968895	0.8670165627394039
0.9334026051582754	1.330033522045747	0.8653822398743996
0.9332187371156653	1.3308996585705475	0.8652037914089029
0.9335738500962635	1.3304368215444013	0.8664872179608089
0.9344672573067475	1.3286451992276245	0.8692252113613672
0.9358951491267313	1.325526434034729	0.8733973465314945
0.9378505980213089	1.3210837222333116	0.8789705374029069
0.9403235697740651	1.3153219879974878	0.8858997273320333
0.9433009414356549	1.3082481330270082	0.8941287715165305
0.9467665266212596	1.2998713632218124	0.903591460696599
0.9507011090315022	1.2902035941581573	0.9142126324183589
0.9550824853126095	1.2792599373314328	0.9259093180942639
0.9598855186077286	1.2670592692924636	0.9385918801351195
0.9650822043753372	1.2536248858814438	0.9521651022917431
0.970641750253668	1.238985243718213	0.9665292066604043
0.9765306719212117	1.223174790883716	0.9815807813144491
0.9827129070304567	1.2062348882439755	0.9972136122239619
0.9891499493618577	1.1882148220059157	1.0133194213400494
0.9958010053440365	1.169172906681593	1.029788519094688
1.0026231750011765	1.1491776754264664	1.046510384014201
1.0095716592074433	1.1283091513593202	1.0633741847729776
1.0165999948410358	1.1066601884840532	1.0802692610531508
1.023660319030116	1.0843378635682752	1.0970855793111642
1.0307036631662003	1.0614648899493058	1.113714178278349
1.0376802767292403	1.0381810096971968	1.1300476170138878
1.0445399802295658	1.0146443006812922	1.1459804358232462
1.0512325457383176	0.9910323086768089	1.1614096375514584
1.0577081025694268	0.9675428808474503	1.1762351938192739
1.063917564718547	0.9443945357918886	1.1903605778204243
1.0698130756895663	0.921826158736989	1.2036933224453623
1.075348465384572	0.9000957634709519	1.2161455998284771
1.0804797128395074	0.8794780250714738	1.227634816007334
1.0851654077985156	0.8602602753318273	1.2380842123001237
1.0893672034784545	0.8427366880845519	1.247423463309511
1.093050252422243	0.8272004896478482	1.2555892601974485
1.0961836171114592	0.8139342312554203	1.2625258670862471
1.0987406470332919	0.8031984592013911	1.2681856381537224
1.100699314192803	0.7952194855979612	1.272529483216765
1.1020424996348446	0.7901773266072497	1.2755272703324196
1.1027582243838723	0.7881951282756731	1.2771581551630582
1.1028398193035618	0.7893314301439487	1.2774108285063175
1.1022860296873251	0.793576355871236	1.2762836754148417
1.1011010518693243	0.8008522903660121	1.2737848416408766
1.0992945007372439	0.8110189261847875	1.2699322056366948
1.0968813086701041	0.8238819190960875	1.2647532569132338
1.093881558050563	0.8392039501487035	1.2582848840903702
1.0903202510459813	0.8567168362729506	1.2505730783473552
1.0862270217548602	0.8761334490492176	1.2416725600915142
1.0816357970219121	0.8971585022608913	1.231646338409026
1.0765844131935753	0.9194976386462392	1.220565214160762
1.0711141967867626	0.9428645894634964	1.2085072383749464
1.0652695174616167	0.96698644216421	1.1955571378240029
1.0590973218228936	0.991607216309154	1.1818057193342038
1.0526466564365977	1.016490027155652	1.167349263464122
1.0459681880629361	1.0414181332320962	1.152288916722433
1.0391137285074263	1.0661951428422345	1.1367300895182881
1.032135770720092	1.090644614347978	1.1207818646082262
1.0250870418733258	1.1146092396006402	1.1045564180022471
1.0180200781687943	1.1379497568031107	1.0881684512195322
1.0109868251082192	1.1605437020797784	1.0717346305680637
1.0040382659540652	1.1822840791994518	1.0553730259191882
0.9972240801410877	1.2030780038995994	1.0392025384515726
0.9905923325089433	1.2228453621118742	1.023342304284218
0.9841891934331202	1.2415175089243013	1.0079110590838543
0.9780586892525087	1.2590360262347688	0.9930264479350532
0.9722424818359982	1.2753515508226567	0.9788042653406652
0.9667796757000078	1.2904226802534087	0.965357612504493
0.961706650780508	1.3042149610774347	0.9527959633055356
0.9570569187688106	1.3166999617830464	0.941224136741727
0.9528610008285442	1.3278544316241645	0.9307411820272407
0.949146324507753	1.337659545566466	0.9214391926049602
0.9459371377296759	1.3461002350434044	0.9134020763682694
0.9432544378730966	1.3531646038937366	0.9067043202996176
0.9411159141236518	1.3588434287029596	0.9014097971645925
0.9395359014782276	1.3631297427506972	0.897570668359022
0.9385253450049226	1.3660185028459164	0.8952264391192554
0.9380917731928994	1.3675063384913673	0.8944032191051298
0.9382392794644336	1.3675913830421347	0.8951132325588411
0.938968511162746	1.3662731867977282	0.8973546083808744
0.9402766655731231	1.3635527122812339	0.9011114629389844
0.9421574927823512	1.359432412301805	0.906354269281511
0.9446013054344647	1.353916391757352	0.9130404880042428
0.947594995701192	1.3470106545014897	0.9211154195323829
0.9511220600545649	1.3387234369605263	0.9305132267122319
0.9551626327067653	1.3290656305289221	0.941158071258843
0.9596935288661883	1.3180512950788696	0.9529653078093557
0.9646882992441559	1.305698266170792	0.9658426843625723
0.9701172975261885	1.2920288587187037	0.9796915064985926
0.9759477627848692	1.277070669908298	0.9944077334924122
0.9821439190451268	1.2608574840293856	1.0098829858243743
0.9886670944019853	1.2434302814839668	1.0260054544444102
0.9954758622185991	1.22483835344274	1.042660711600774
1.0025262069809795	1.2051405222634206	1.059732430590738
1.0097717173375436	1.1844064655874753	1.077103027240714
1.017163808689894	1.1627181386152183	1.0946542393290146
1.0246519774117748	1.1401712838841724	1.1122676617372116
1.032184088345069	1.1168770102033763	1.1298252551506156
1.039706696648789	1.092963411246428	1.1472098449452155
1.0471654043589151	1.068577178435778	1.1643056248050367
1.054505251160088	1.0438851406878928	1.180998676883793
1.0616711378887662	1.0190756337751943	1.1971775171897379
1.068608280203912	0.9943595631950246	1.212733671524001
1.0752626887063572	0.9699709761387324	1.2275622838970957
1.0815816706004844	0.9461669020891834	1.24156275601558
1.0875143468176574	0.9232261631102707	1.2546394132815377
1.0930121774112955	0.9014468051832484	1.266702189878433
1.0980294870434075	0.8811417798820528	1.277667323014679
1.1025239815671166	0.8626325383954785	1.287458044338719
1.1064572461220599	0.8462403196760431	1.2960052549944407
1.1097952148462693	0.8322751495305396	1.3032481698089748
1.1125086023065518	0.8210229254314516	1.3091349157360492
1.1145732870840184	0.8127314093583025	1.313623069937142
1.1159706386314567	0.8075963993681853	1.3166801237664087
1.1166877795366827	0.8057496631712023	1.318283860404651
1.116717776654861	0.8072502495687621	1.3184226359062552
1.1160597561696568	0.8120804608689327	1.3170955558983513
1.1147189394488783	0.8201471045582799	1.31431254299685
1.112706598503226	0.8312878078948892	1.3100942930532617
1.1100399318565115	0.845281408225356	1.3044721214793906
1.1067418636079522	0.8618609303120158	1.2974877039678272
1.1028407703288825	0.8807275250120136	1.2891927187893233
1.0983701421106615	0.9015639355912227	1.279648400367218
1.0933681855018507	0.9240464541038381	1.2689250158832734
1.087877377189516	0.9478547850537674	1.2571012781592035
1.0819439780576312	0.9726796346757052	1.244263708909922
1.0756175176793021	0.9982281341622867	1.23050596663213
1.0689502593716305	1.024227375073314	1.2159281528578263
1.0619966556823235	1.0504264055146035	1.2006361092772326
1.0548128036203588	1.0765970376818166	1.1847407163564558
1.0474559081354364	1.1025337805638435	1.1683572016037846
1.0399837613470824	1.1280531583112121	1.151604462660499
1.0324542438827862	1.1529926192603213	1.134604407017115
1.0249248534648778	1.1772091905191693	1.1174813065198876
1.0174522646446782	1.2005779914841301	1.1003611611010247
1.010091922371171	1.2229906870986964	1.0833710625410995
1.0028976709439534	1.24435393715885	1.0666385457968928
0.995921418871608	1.264587880079237	1.050290912791414
0.9892128392624807	1.2836246767781898	1.0344545118986668
0.9828191046311516	1.3014071314110185	1.019253956030565
0.9767846544175323	1.3178873995222824	1.0048112636212347
0.9711509930852522	1.3330257899901223	0.9912449102403219
0.9659565163835655	1.3467896643051382	0.9786687842822815
0.9612363632086988	1.3591524348401305	0.9671910482130476
0.9570222904687656	1.3700926625320358	0.9569129169665274
0.9533425684211503	1.3795932536143614	0.9479273766665156
0.9502218940919782	1.3876407545740435	0.9403178789005088
0.9476813205839664	1.3942247442726312	0.9341570569212144
0.9457382003135439	1.3993373221094645	0.929505518797382
0.9444061404755136	1.4029726911746845	0.9264107770767356
0.943694969302073	1.405126835515017	0.9249063736669011
0.9436107119550017	1.405797290894853	0.9250112517181438
0.9441555751613123	1.4049830087629378	0.9267294135073334
0.9453279399731073	1.4026843135166855	0.9300498858332983
0.9471223623039376	1.3989029535785253	0.9349469942261687
0.9495295811704747	1.393642247248747	0.9413809268358465
0.9525365348542546	1.3869073247637733	0.9492985507317463
0.9561263854974966	1.3787054684536697	0.9586344296298606
0.9602785529617488	1.3690465533426073	0.9693119840957073
0.9649687591078491	1.3579435909530395	0.9812447334373644
0.9701690839965331	1.3454133794365128	0.9943375622861796
0.9758480358531366	1.331477263432124	1.008487963067687
0.981970636975462	1.316162007207087	1.023587216625737
0.9884985280752858	1.2995007846037807	1.03952148555724
0.9953900938121992	1.2815342890165549	1.0561728069159717
1.0026006124818398	1.262311965918656	1.0734199817698622
1.0100824329358813	1.2418933691592986	1.0911393679624166
1.017785181814804	1.220349640063317	1.1092055890205634
1.0256560040438467	1.197765104867523	1.127492176449308
1.0336398392575343	1.1742389806117641	1.1458721648427603
1.0416797363626897	1.149887171418993	1.1642186596223927
1.0497172078135195	1.1248441249954828	1.1824053961337142
1.057692624351964	1.0992647016623234	1.200307306636089
1.0655456499675688	1.0733259834626643	1.217801108720359
1.0732157156688908	1.0472289168487012	1.2347659251556082
1.0806425293588944	1.0211996372844196	1.251083941326638
1.0877666177068637	0.9954902668907026	1.266641102466597
1.0945298944565751	0.9703789083902061	1.2813278489744337
1.1008762481620769	0.9461684858521265	1.2950398843729674
1.1067521409631838	0.923184018007114	1.307678967034278
1.112107208772484	0.9017678760301316	1.3191537137877454
1.1168948522153779	0.8822726085610895	1.3293804010353443
1.1210728069127067	0.8650510538996601	1.3382837471200757
1.1246036812827453	0.8504437404622927	1.3457976585025637
1.1274554500145364	0.8387640139572536	1.3518659218535598
1.1296018917601025	0.830281882391743	1.3564428244962186
1.1310229604213482	0.8252081239891572	1.359493686730942
1.1317050806583189	0.8236805810083915	1.3609952914124837
1.1316413598852721	0.8257545789684326	1.360936198653358
1.1308317109932957	0.8313989627890693	1.359316936593983
1.1292828822661518	0.8404983861148239	1.3561500626717085
1.1270083933465656	0.8528614519179091	1.351460093575887
1.124028378559467	0.8682333860527948	1.34528330591541
1.1203693412985913	0.8863113803131125	1.337667413362125
1.116063825427752	0.9067606608132439	1.3286711294849625
1.1111500116416506	0.9292296463244792	1.3183636284851423
1.1056712483922004	0.9533630848137543	1.3068239184346757
1.099675528253742	0.978812612033692	1.2941401432902573
1.0932149214361035	1.0052446362018452	1.2804088308189898
1.0863449785443615	1.0323457633419633	1.2657341035849392
1.079124114638438	1.0598261420124262	1.2502268692976712
1.0716129861961219	1.0874211575622044	1.2340040051432069
1.0638738717797025	1.114891885754019	1.2171875482655976
1.0559700661129643	1.1420246587095566	1.1999039014358457
1.0479652959644286	1.1686300272276813	1.1822830592559657
1.0399231647808262	1.1945413370657676	1.1644578561505283
1.031906631497322	1.2196130796538232	1.146563233078536
1.0239775274383078	1.2437191320253156	1.128735515573458
1.0161961137766897	1.2667509659820013	1.1111116916489507
1.0086206806916505	1.2886158810018256	1.0938286745998518
1.00130718819398	1.3092352971964063	1.0770225331388394
0.9943089476005276	1.3285431319123038	1.060827670037176
0.9876763418490304	1.3464842748409724	1.0453759309026756
0.9814565822539332	1.363013170588226	1.0307956273294483
0.9756934989051765	1.3780925136925537	1.0172104637080388
0.9704273616894592	1.3916920584582717	1.0047383646361023
0.9656947288451739	1.403787544258785	0.9934902099900595
0.9615283200221533	1.4143597358795288	0.9835684968069218
0.9579569109778083	1.423393577818488	0.9750659602450301
0.9550052472747977	1.4308774611194621	0.9680641986706946
0.9526939746267391	1.4368026011977524	0.9626323586519474
0.9510395838461125	1.4411625251758677	0.9588259425176425
0.9500543686656162	1.4439526674414802	0.9566858025564269
0.9497463950195401	1.4451700724447842	0.9562373808551028
0.9501194806795256	1.4448132041469384	0.9574902420681215
0.9511731844388606	1.442881861997738	0.9604379289846661
0.9529028043350406	1.4393772038428665	0.9650581495327564
0.9552993846984534	1.4343018767232047	0.9713132814508999
0.9583497321239369	1.427660257114847	0.9791511601139913
0.9620364407894455	1.4194588027521389	0.9885060984584174
0.9663379278979968	1.409706518759377	0.9993000773836958
0.9712284803977671	1.3984155413696224	1.011444041161121
0.9766783145383114	1.3856018430071306	1.0248392349574316
0.9826536502405597	1.3712860629217054	1.0393785294410245
0.9891168026809128	1.3554944678455803	1.0549476889213558
0.9960262938963017	1.3382600472333568	1.0714265527656848
1.0033369875833553	1.3196237474491248	1.0886901132793148
1.0110002505628488	1.2996358486398834	1.1066094855164164
1.0189641445797595	1.2783574867648153	1.1250527747363002
1.027173652178003	1.2558623210106183	1.1438858549890059
1.035570940296561	1.2322383431305848	1.1629730775112357
1.044095664952478	1.2075898193941668	1.1821779303975992
1.0526853198832085	1.1820393468192967	1.2013636716923104
1.0612756313003089	1.1557299917926223	1.2203939569995286
1.0698009999518905	1.1288274592197327	1.239133480320914
1.0781949905070811	1.1015222116799654	1.2574486434531487
1.086390866879245	1.0740314180490127	1.2752082652287842
1.0943221705270458	1.0466005571504784	1.292284337427211
1.1019233370592567	1.0195044326830214	1.3085528295447717
1.1091303446802725	0.9930472721627022	1.3238945399888211
1.115881386221222	0.9675614916215554	1.3381959868225048
1.1221175547893942	0.9434046252095326	1.3513503270927547
1.127783531526189	0.9209538736270504	1.3632582901698265
1.1328282626828123	0.9005977613222307	1.3738291075477465
1.137205612291781	0.8827245640105023	1.3829814193224288
1.1408749762095522	0.8677075245750642	1.3906441361792476
1.143801843293811	0.8558874311097956	1.3967572352590083
1.1459582899988987	0.8475538271614507	1.4012724687707827
1.1473233957385878	0.8429268039321695	1.4041539656810955
1.147883567961132	0.8421417497127834	1.405378709185112
1.147632767960419	0.8452393677843858	1.4049368758627812
1.146572630932462	0.8521626131558888	1.4028320263015541
1.1447124765754912	0.8627610577797394	1.3990811413468693
1.1420692095013496	0.8768019003337651	1.3937145028099118
1.1386671117398366	0.8939857875655313	1.3867754221866821
1.1345375325364746	0.9139650926850589	1.3783198254840798
1.1297184833337823	0.9363623597427106	1.368415706375661
1.1242541481667976	0.9607871221394132	1.3571424634113483
1.1181943215977055	0.9868499942189807	1.3445901397036368
1.1115937876921331	1.0141735970642654	1.3308585852717985
1.1045116543624738	1.0424003823695043	1.3160565629568415
1.0970106576651937	1.0711977243924808	1.300300818485301
1.0891564503638644	1.1002607849126376	1.2837151338704904
1.0810168883092026	1.1293136712403744	1.2664293809532656
1.0726613270148964	1.1581093541412166	1.2485785886006946
1.0641599393121701	1.1864287304556582	1.2303020330387167
1.0555830632440892	1.2140791291666384	1.2117423561681206
1.0470005875116684	1.2408924827419645	1.193044711711735
1.0384813799028947	1.266723322773268	1.1743559339124896
1.0300927623086116	1.291446710647174	1.155823718538011
1.021900034228617	1.3149561784233805	1.137595801487583
1.0139660451545947	1.3371617297338456	1.1198191167338452
1.006350814924135	1.3579879328727082	1.1026389131051646
0.9991112000958171	1.377372126204162	1.0861978089969746
0.992300603606852	1.3952627479199626	1.0706347659567743
0.9859687244356474	1.4116177968028767	1.0560839666131459
0.9801613436834066	1.426403427124319	1.042673589848359
0.9749201433838016	1.4395926785219992	1.030524486408047
0.9702825544138725	1.4511643402626324	1.0197487708723252
0.9662816300752591	1.461101948430032	1.0104483601743108
0.962945942205053	1.4693929141182929	1.002713503235955
0.9602994970246728	1.4760277805427775	0.9966213589698936
0.95836166831275	1.480999607036752	0.992234688837261
0.9571471458701046	1.4843034781311615	0.9896007334564634
0.9566658976153442	1.4859361362855892	0.9887503390714514
0.9569231440004514	1.4858957373241335	0.989697388582376
0.9579193437667424	1.4841817282090244	0.9924385740579994
0.9596501903792224	1.480794847437424	0.9969535250982248
0.9621066187929821	1.4757372490537333	1.003205282897113
0.9652748225326545	1.4690127520116079	1.011141086554071
0.96913628141895	1.4606272173768	1.0206934190470371
0.9736678006661638	1.4505890566128128	1.0317812474923118
0.9788415625077509	1.4389098749126088	1.044311386923901
0.9846251919833984	1.425605254203581	1.058179918689466
0.9909818390324804	1.4106956810242437	1.0732736025320222
0.9978702795690979	1.3942076249011652	1.089471233709858
1.0052450387387406	1.376174773073008	1.1066449110698695
1.0130565400445173	1.3566394273087194	1.1246611969268083
1.0212512844447366	1.3356540679853748	1.1433821633826848
1.0297720638224448	1.313283089275962	1.1626663313047494
1.038558213368905	1.2896047068627563	1.1823695170123167
1.0475459073654776	1.26471303545525	1.2023456076569095
1.056668502554125	1.2387203266891473	1.2224472894676526
1.0658569327245617	1.2117593474645132	1.2425267538063876
1.0750401572938648	1.1839858626921285	1.2624364047502856
1.0841456655023056	1.1555811623933212	1.2820295891241775
1.0931000364020107	1.1267545381339434	1.3011613659436425
1.1018295530944964	1.0977455643760032	1.319689327460522
1.1102608677192762	1.0688259730715055	1.3374744787338548
1.1183217115679487	1.0403008225887644	1.3543821771482665
1.1259416424745514	1.0125085564145877	1.3702831278040954
1.1330528194086027	0.985819432077692	1.38505442542319
1.1395907920807857	0.9606316981585787	1.3985806285512878
1.1454952914799856	0.9373648469215113	1.4107548475810197
1.1507110057136503	0.9164493320092606	1.4214798246449736
1.1551883244350278	0.8983123875440415	1.4306689808937496
1.1588840346103109	0.883360078107863	1.4382474052104695
1.1617619504832273	0.8719564539136296	1.4441527581145257
1.1637934613808611	0.8644015793808851	1.4483360655196207
1.164957982482683	0.8609110089467347	1.4507623791241984
1.1652432958147751	0.8615996742307198	1.4514112834540414
1.164645771461711	0.8664728408419236	1.4502772338114447
1.1631704621994345	0.875425731595236	1.4473697144175108
1.1608310683008756	0.8882518530035737	1.4427132116170287
1.1576497729849915	0.9046584959555415	1.4363470028646186
1.1536569526895752	0.9242868032424448	1.4283247680208462
1.1488907698682733	0.9467334673411644	1.4187140349504719
1.1433966591745734	0.9715714873595217	1.4075954762419323
1.137226720555595	0.9983681985665918	1.3950620778026386
1.130439034824889	1.0266996676653142	1.3812182029238167
1.1230969186443538	1.0561612853905333	1.36617857700675
1.1152681364917165	1.0863748813091927	1.3500672184207654
1.1070240871350077	1.1169929371618947	1.3330163399105175
1.0984389814310853	1.1477005437219407	1.315165242638411
1.0895890269957544	1.1782157030166258	1.2966592214482375
1.0805516335670684	1.2082884818000459	1.2776484954310765
1.0714046508245856	1.2376994127396725	1.2582871725733198
1.0622256481652341	1.2662574385382053	1.2387322514213137
1.0530912435977404	1.2937976103033872	1.2191426566025914
1.0440764866188694	1.3201786866255842	1.1996782990413042
1.0352542977766355	1.3452807320850595	1.1804991461882512
1.0266949656888253	1.369002780014159	1.1617642830025297
1.0184657006282176	1.391260600922296	1.1436309412740813
1.0106302424445444	1.4119846021540372	1.1262534737031982
1.0032485195815326	1.4311178738157309	1.1097822504922399
0.9963763552593863	1.4486143890916026	1.094362460526559
0.9900652165060291	1.464437362586634	1.0801328068291798
0.9843620015981487	1.4785577674682662	1.0672240968779572
0.9793088615699932	1.490953010392405	1.0557577421586162
0.9749430517131776	1.5016057621411625	1.0458441970391543
0.9712968093726475	1.510502941346951	1.0375813831604728
0.9683972547935183	1.5176348484888558	1.0310531600156283
0.9662663122483486	1.5229944474329629	1.0263279129371796
0.9649206491413197	1.5265767920898776	1.023457334137901
0.9643716312228475	1.5283785962390823	1.0224754691410107
0.9646252924452909	1.5283979451899599	1.023398089306935
0.9656823183492648	1.5266341486868455	1.0262224319546798
0.9675380422020972	1.5230877352961547	1.0309273248743207
0.9701824534340653	1.517760589413916	1.0374736849638626
0.9736002182569067	1.5106562329782465	1.0458053548971165
0.9777707127254884	1.501780254939126	1.0558502205012152
0.9826680689364229	1.4911408925016398	1.0675215373797904
0.9882612355586164	1.4787497690904627	1.0807193894670317
0.9945140544621953	1.4646227948497226	1.0953322044788432
1.0013853558444485	1.4487812362515256	1.1112382603290398
1.008829074922811	1.43125296198051	1.1283071304536392
1.016794393942399	1.4120738726056703	1.1464010323276799
1.025225913886096	1.3912895215139116	1.1653760601157
1.0340638608277577	1.3689569339584637	1.1850832976542014
1.043244332277841	1.3451466295500045	1.2053698206680963
1.0526995890781268	1.3199448505924323	1.226079606672714
1.0623583983523355	1.2934559935775272	1.2470543772676934
1.0721464326620775	1.2658052327598377	1.268134400676447
1.0819867298116885	1.2371413113606111	1.2891592828088347
1.0918002166631535	1.207639455224104	1.3099687732973577
1.1015062988523312	1.1775043324504546	1.3304036093631444
1.1110235164490325	1.1469729365497112	1.350306415460391
1.1202702634081467	1.116317205259821	1.369522670830556
1.1291655661739053	1.0858460978273325	1.3879017507243594
1.137629914107162	1.0559067379130833	1.405298040433581
1.1455861316136664	1.0268840908241055	1.421572114700179
1.1529602790890061	0.9991984975939333	1.4365919688037947
1.1596825672092244	0.9733002689254655	1.4502342819248746
1.165688266840459	0.9496605098759399	1.462385688482958
1.1709185950716794	0.9287574887409706	1.472944029285221
1.1753215567360382	0.9110582783223927	1.4818195516897483
1.178852720400124	0.8969961485068614	1.488936026751686
1.181475908253995	0.8869452364044971	1.4942317515839862
1.1831637806715314	0.8811951544339135	1.4976604069645953
1.1838982984222115	0.879929034094774	1.4991917435157103
1.1836710485384958	0.8832086063820725	1.498812074440068
1.1824834235599115	0.890969029714137	1.4965245586118943
1.1803466481192106	0.903024426005549	1.492349264497992
1.1772816514025124	0.9190830161861387	1.4863230125787832
1.1733187886743417	0.9387690604028712	1.478499001261743
1.168497419571792	0.9616480103886682	1.4689462283282682
1.1628653550107528	0.9872514592510967	1.4577487263397322
1.156478188108005	1.015099340857063	1.4450046357977726
1.1493985273429588	1.044717950789745	1.4308251439166821
1.1416951521492948	1.0756533691694155	1.4153333194082733
1.133442112183873	1.1074805740766598	1.398662874575153
1.1247177916694653	1.1398089170032681	1.3809568852209753
1.1156039595045548	1.1722847567090307	1.3623664964673916
1.1061848243789298	1.204592010520122	1.3430496386488884
1.0965461120649171	1.2364512655008209	1.3231697722407023
1.0867741795305075	1.2676179526649882	1.3028946745247239
1.0769551777123487	1.2978799569494062	1.282395273730763
1.0671742718616992	1.3270549274950056	1.2618445290733797
1.057514925490689	1.3549874696073483	1.241416347857299
1.048058251234845	1.3815463390701315	1.2212845241228645
1.0388824295194998	1.4066217168547497	1.2016216776824364
1.0300621938514665	1.430122613185208	1.182598168450773
1.0216683799014818	1.45197443051674	1.1643809593265464
1.013767534315938	1.472116702269533	1.1471324021610962
1.00642157838965	1.4905010159399652	1.1310089260926182
0.9996875213130039	1.5070891239678368	1.1161596160671658
0.9936172176263849	1.5218512424455584	1.1027246817024974
0.9882571637090216	1.5347645357458075	1.0908338322634057
0.9836483285277977	1.5458117839921723	1.0806045912652353
0.9798260144025436	1.554980229736455	1.0721406022952613
0.9768197441406701	1.562260600071703	1.065529993665536
0.9746531714982469	1.5676463005985084	1.0608438808336444
0.9733440124930846	1.5711327781068214	1.0581350896763295
0.9729039956009616	1.5727170494898057	1.0574371789354249
0.9733388292994992	1.5723973952338377	1.0587638259856136
0.9746481857929256	1.5701732167983242	1.0621086175701027
0.9768257000770751	1.5660450582811356	1.0674452589178198
0.9798589838195262	1.5600147939311197	1.0747281844211833
0.9837296538717172	1.5520859842891153	1.0838935249524095
0.9884133756339464	1.5422644049830163	1.0948603646453259
0.9938799219892919	1.530558753439056	1.107532206155939
1.0000932491258672	1.5169815399657303	1.1217985590903656
1.0070115912802418	1.5015501707774424	1.137536570947549
1.0145875772428736	1.4842882314987365	1.1546126318186092
1.02276837233596	1.465226980451799	1.1728839007416485
1.0314958504561114	1.444407061466167	1.1921997203843433
1.0407068016060077	1.4218804458821288	1.212402905251134
1.0503331810483594	1.397712612563792	1.2333309050821444
1.060302406724242	1.3719849726411109	1.2548168583825023
1.070537711807826	1.344797541647583	1.2766905605662178
1.0809585591466333	1.3162718546041323	1.2987793769804128
1.0914811237961481	1.286554107741404	1.3209091333875738
1.1020188488499503	1.2558184914809707	1.342905015804514
1.1124830782611728	1.2242706495036213	1.364592508476906
1.122783768342159	1.1921511534865805	1.385798393754073
1.1328302771396237	1.1597388164600377	1.4063518312250056
1.142532227967575	1.127353573161365	1.4260855261347627
1.1518004401291249	1.0953585277523767	1.4448369892241986
1.1605479163949544	1.064160606970477	1.4624498820943215
1.1686908732863803	1.0342090704762152	1.4787754343374784
1.1761497968171442	1.0059909508794371	1.4936739113374253
1.1828505032806642	0.9800223867401826	1.507016105146543
1.1887251821355245	0.9568348746679647	1.5186848155141444
1.1937133962405089	0.9369558322384391	1.528576284251291
1.1977630137969608	0.9208836477935136	1.5366015439163911
1.2008310465062237	0.9090586115188316	1.5426876414680586
1.2028843697241385	0.9018325838255733	1.5467786991470458
1.2039003028073818	0.89944151551526	1.548836778403908
1.2038670313384634	0.9019853927184371	1.548842518055872
1.202783857353622	0.9094193829108993	1.546795524791818
1.2006612688778926	0.9215579306700528	1.542714502297677
1.1975208257348704	0.9380909121026254	1.5366371142064885
1.1933948644473789	0.9586086475655897	1.5286195852873872
1.188326030765103	0.9826313548771967	1.5187360542483104
1.1823666536398896	1.0096387095793167	1.5070776997208497
1.1755779790436456	1.0390962284612903	1.4937516679513623
1.1680292856640673	1.0704766230936216	1.478879836047665
1.1597969070635608	1.1032755750529706	1.46259744803546
1.1509631862663743	1.137022297931692	1.4450516622911194
1.1416153889461342	1.171285735153982	1.4264000480884587
1.1318446004917742	1.2056773901425593	1.4068090660965948
1.121744630368245	1.2398517259513644	1.3864525628720978
1.1114109445412759	1.273504915504171	1.3655103029734876
1.1009396435155265	1.3063725441948195	1.344166554640755
1.0904264999685107	1.3382267028100698	1.3226087364453398
1.0799660662709578	1.368872775873735	1.3010261234056837
1.0696508585721307	1.398146130463879	1.2796086023183355
1.0595706207714723	1.4259088390142454	1.2585454580750848
1.049811668734456	1.4520465203661044	1.2380241661869666
1.0404563126385264	1.4764653504079994	1.2182291623365114
1.0315823534104558	1.4990892721113915	1.199340558278541
1.0232626478550158	1.5198574209392866	1.1815327755225655
1.0155647362558686	1.5387217728472542	1.1649730745357252
1.008550525901491	1.555645016629369	1.1498199679996073
1.0022760240762358	1.5705986490173929	1.1362215217678087
0.9967911144675073	1.5835612889767574	1.124313565790182
0.9921393715748279	1.5945172065962203	1.114217857811774
0.9883579084662055	1.6034550615581773	1.1060402627699488
0.9854772540214551	1.6103668462327403	1.0998690275778975
0.9835212565568912	1.615247028855337	1.0957732413122137
0.982507011388953	1.6180918929557428	1.0938015720704823
0.9824448104392118	1.618899070156227	1.0939813623894081
0.9833381124095698	1.6176672646071182	1.0963181452207413
0.9851835323883005	1.6143961686425488	1.1007956140337343
0.9879708500281487	1.6090865706814195	1.107376047290735
0.9916830357223275	1.6017406579326836	1.1160011539696342
0.9962962945514551	1.5923625180532346	1.1265932776877952
1.0017801282369658	1.580958845513201	1.1390568761267192
1.0080974159529135	1.5675398600073445	1.1532801820764214
1.0152045156362377	1.552120445767516	1.169136952851386
1.02305138838866	1.5347215220249322	1.1864882247189976
1.031581749648468	1.5153716560678594	1.2051840057897047
1.0407332519697383	1.4941089312298457	1.2250648614888304
1.0504377054009653	1.4709830825521466	1.2459633682983815
1.0606213425092355	1.4460579125098956	1.2677054314887783
1.071205135944759	1.4194139976158044	1.2901114793663635
1.082105176975152	1.3911516931748389	1.3129975592180678
1.0932331235345814	1.3613944367753388	1.3361763683632364
1.1044967259356477	1.3302923394231294	1.3594582577170433
1.1158004374053567	1.2980260337604401	1.3826522455086907
1.1270461149788455	1.2648107174672014	1.4055670758929153
1.138133813995045	1.2309002809893932	1.4280123517858705
1.1489626765036989	1.1965913346652326	1.4497997639560556
1.159431910372103	1.162226842249269	1.4707444297642707
1.1694418518774192	1.128198917216571	1.4906663454791353
1.1788951002382317	1.0949501409151727	1.509391946265155
1.187697708073712	1.0629725257616203	1.526755758197005
1.1957604074153187	1.0328030053762485	1.542602117436824
1.202999846897105	1.0050141612168928	1.5567869234558307
1.2093398123916461	0.9801989202507749	1.569179386310135
1.2147124009077752	0.9589483553705717	1.5796637228859272
1.2190591162636175	0.9418226582274034	1.5881407540488959
1.2223318550824078	0.9293168795850489	1.5945293540195487
1.2244937531453464	0.9218249172264416	1.5987677051883127
1.2255198651018784	0.919606887823229	1.600814315980678
1.2253976549098389	0.9227656334269262	1.6006487661265458
1.2241272799804936	0.9312370583612758	1.5982721524641317
1.2217216585669415	0.9447963148319987	1.5937072187546555
1.2182063171118582	0.9630784315460136	1.5869981643160016
1.213619021663666	0.9856091014613828	1.5782101379357876
1.208009204660129	1.0118399917872776	1.5674284347971215
1.2014372049595514	1.0411832906696712	1.5547574243625137
1.193973344612854	1.0730417158030987	1.5403192457006436
1.1856968702293644	1.106832072732655	1.52425231310764
1.1766947897041786	1.1420020333285799	1.5067096787150354
1.1670606364597758	1.1780408281276082	1.4878572999003534
1.156893193229578	1.214485021453167	1.4678722577011811
1.1462952058943539	1.250920619638796	1.4469409682170349
1.135372115172613	1.2869826247130272	1.4252574224447463
1.1242308303215998	1.3223529224178177	1.4030214815316537
1.1129785647188384	1.3567571650487404	1.3804372445434503
1.101721748568299	1.3899611142541681	1.3577114951075329
1.0905650293007216	1.4217667577554978	1.3350522223559635
1.0796103657744118	1.4520084044080543	1.3126672011702498
1.068956218346317	1.4805488862861467	1.2907626076069
1.058696833435663	1.5072759459214764	1.2695416384065086
1.048921618448822	1.5320988539795888	1.2492030995524253
1.0397146009222868	1.5549452817659961	1.2299399288322947
1.0311539644650232	1.575758439885533	1.2119376220449485
1.0233116534892628	1.5944944863270265	1.1953725424045116
1.0162530387186324	1.611120202375059	1.1804101078792955
1.0100366359345216	1.6256109319017655	1.1672028710362543
1.0047138712290133	1.637948778052433	1.1558885289423386
1.0003288870340385	1.648121050682267	1.1465879243620387
0.9969183842578616	1.6561189578752935	1.1394031206425639
0.9945114968672104	1.661936535328993	1.134415647649078
0.9931296961213452	1.665569808225397	1.1316850215095762
0.992786722344719	1.667016181365778	1.131247634410631
0.9934885426087509	1.666274054770095	1.1331160916950325
0.9952333330100515	1.6633426635878445	1.137279043700574
0.998011484443574	1.6582221429891217	1.1437015229132512
1.001805630957679	1.6509138206586416	1.1523257583212558
1.0065907000356493	1.6414207415556434	1.1630724039793716
1.012333984560735	1.6297484316826543	1.1758420925708308
1.018995236856374	1.6159059096777348	1.1905172102880066
1.0265267860871314	1.5999069570556081	1.2069637875385895
1.0348736814599289	1.5817716598106915	1.2250334096031918
1.0439738650410426	1.5615282357769573	1.2445650696491335
1.0537583795267105	1.5392151634937707	1.2653869098928756
1.06415161786661	1.5148836291591379	1.2873178216392511
1.0750716231085644	1.4886003082408457	1.310168898410079
1.0864304480634739	1.4604504969253982	1.3337447562741882
1.0981345852307682	1.4305416049253765	1.357844750590162
1.1100854777309617	1.3990070137887871	1.3822641282525845
1.122180121632472	1.3660102914507588	1.4067951593575319
1.134311768928435	1.3317497307635962	1.4312282925012851
1.146370738443227	1.2964631417909454	1.4553533744013427
1.1582453390976968	1.2604327671249793	1.4789609679304967
1.169822906257509	1.2239900961776797	1.5018437937062319
1.1809909474091456	1.1875202160119445	1.5237983097490968
1.1916383882944421	1.1514651407163006	1.5446264320354417
1.2016569050926416	1.1163253024883208	1.5641373866108144
1.2109423225354687	1.0826580769058383	1.582149671877396
1.2193960522943192	1.0510719001526043	1.598493098300062
1.2269265409444934	1.022214325470963	1.613010862669688
1.2334506926592175	0.9967524459845045	1.6255616057842943
1.2388952288727428	0.9753447289080782	1.6360213964817243
1.2431979457896423	0.9586046814498923	1.6442855818246052
1.2463088310430892	0.947058908240667	1.6502704432185562
1.248191003149662	0.9411045984772721	1.6539146014916186
1.2488214416759258	0.9409733710258272	1.6551801204315006
1.2481914820868336	0.9467085851972715	1.654053267704722
1.2463070568131351	0.9581610583750259	1.6505449039887026
1.2431886727558188	0.9750040922729237	1.6446904848604889
1.2388711247457347	0.9967643262565546	1.6365496746795358
1.233402953845273	1.0228619384261437	1.6262055864618148
1.2268456682553444	1.052653017744186	1.6137636756346443
1.2192727524515576	1.0854682628984194	1.599350327707623
1.2107684965766288	1.120644505016988	1.5831111895403542
1.2014266827365407	1.1575478559436503	1.5652093004571606
1.1913491675001224	1.1955889402126638	1.5458230825936436
1.1806444005474541	1.234231546443528	1.5251442494325664
1.1694259181552251	1.2729962936627317	1.503375687597272
1.157810847273044	1.311460796153146	1.4807293599263591
1.1459184516544048	1.349257535580749	1.4574242681355685
1.1338687462412227	1.386070344537885	1.4336845016049877
1.1217812001690215	1.4216301374903475	1.409737385745515
1.1097735427615303	1.455710315664471	1.3858117298208525
1.0979606810840044	1.4881221207356385	1.3621361609304687
1.0864537323329	1.5187101080097953	1.3389375190690116
1.0753591697935212	1.5473478410035626	1.3164392788108297
1.0647780774564024	1.573933865258309	1.2948599573139792
1.0548055057272274	1.598387991647504	1.2744114670770956
1.0455299189976954	1.6206479025047127	1.2552973761768815
1.0370327251014548	1.6406660836753377	1.2377110492301684
1.0293878767384907	1.6584070795428267	1.221833659193072
1.0226615356484363	1.6738450646248872	1.2078320826536022
1.0169117914562247	1.6869617235302088	1.1958567177737556
1.0121884285009695	1.6977444303567082	1.1860392916331075
1.0085327353985332	1.7061847186787644	1.1784907485696208
1.0059773534146765	1.712277033927803	1.1732993288449332
1.0045461608165567	1.7160177611045735	1.1705289535061556
1.0042541911577532	1.71740452229488	1.1702180238644717
1.0051075839281316	1.7164357403314137	1.1723787219200927
1.007103566215005	1.7131104670960238	1.1769968633689794
1.0102304640752104	1.707428477333446	1.1840323121131853
1.0144677423401594	1.6993906313927463	1.193419920769671
1.0197860717104132	1.6889995129692756	1.2050709222281386
1.026147422374795	1.6762603506297802	1.218874668484409
1.0335051841118543	1.661182234606862	1.234700598219838
1.0418043139517446	1.6437796429818512	1.2524003146624552
1.0509815139905812	1.6240742938609367	1.2718096684051006
1.0609654437947342	1.6020973423851779	1.2927507625561443
1.0716769738926522	1.577891943244126	1.3150338255532963
1.0830294889657806	1.5515162005274368	1.3384589259961233
1.0949292513256983	1.5230465268094415	1.362817530533696
1.1072758368929758	1.4925814315648989	1.387893927846119
1.1199626569639292	1.4602457540843985	1.4134665578415668
1.1328775793663095	1.4261953458785324	1.439309295022731
1.1459036619918763	1.3906221887094756	1.4651927388689219
1.1589200100191293	1.3537599015083326	1.4908855627203021
1.1718027653206167	1.3158895344568218	1.5161559668942997
1.1844262325661867	1.2773454598990175	1.540773272498097
1.1966641414399426	1.2385210322272697	1.5645096804763923
1.2083910383205771	1.199873484647377	1.5871422066494132
1.2194837939560679	1.161927244037817	1.608454788613838
1.2298232064060404	1.125274473342469	1.6282405451477593
1.2392956712204528	1.0905712255052327	1.6463041539378076
1.2477948839274973	1.0585272114542288	1.6624642998054635
1.255223533910833	1.029887045964118	1.6765561339267552
1.261494944163353	1.0054012495691835	1.6884336755613154
1.2665346086695908	0.9857866040925953	1.697972082199098
1.2702815786647568	0.9716778711792512	1.7050697123205087
1.2726896509897965	0.9635760854947232	1.7096499074686209
1.2737283162878306	0.9618015943179351	1.7116624271118084
1.2733834317574508	0.9664611745580107	1.7110844805973522
1.2716575922864417	0.9774366773029428	1.7079213148213082
1.2685701845476085	0.9943978615789721	1.7022063332422133
1.2641571204109825	1.0168361872347247	1.6940007404886923
1.2584702580826803	1.044111832832808	1.6833927258440948
1.2515765309572846	1.07550470223209	1.670496217072142
1.2435568145417242	1.1102615998910093	1.6554492521666853
1.2345045703497515	1.1476347612825453	1.638412029610979
1.2245243119074152	1.1869100145906202	1.61956470680031
1.213729941672134	1.2274250973185123	1.599105020895021
1.2022430086771303	1.2685798356967326	1.577245806329608
1.19019093519398	1.3098402331469166	1.5542124786265827
1.177705256957287	1.3507383520630059	1.5302405454592174
1.1649199159494417	1.39086950117984	1.5055731937264674
1.1519696379186795	1.429887839310501	1.4804589865894653
1.1389884192549835	1.4675011609067394	1.455149687959524
1.1261081401198596	1.5034653652645233	1.429898214919123
1.1134573133114267	1.537578924661182	1.4049567021843983
1.101159971658979	1.5696775416022135	1.3805746482422907
1.0893346910943877	1.5996291047358446	1.3569971015454259
1.078093742144608	1.6273290026268064	1.3344628384828665
1.0675423595218045	1.6526958238770602	1.3132024840770382
1.0577781177411536	1.675667453736674	1.2934365325985557
1.048890400162599	1.6961975665940416	1.2753732392162964
1.0409599493446924	1.71425250759132	1.2592063753356424
1.034058487870552	1.7298085532862884	1.2451128682654296
1.028248400577617	1.7428495397339738	1.2332503777943076
1.023582471105695	1.7533648460016393	1.2237548942655279
1.0201036676030786	1.7613477216309126	1.2167384698547097
1.017844974076718	1.7667939477343557	1.2122872116751986
1.0168292650887885	1.7697008231453135	1.210459667516629
1.0170692222244182	1.7700664692460284	1.211285719912786
1.0185672910121797	1.76788944970797	1.2147660722662166
1.0213156768839322	1.7631687043205244	1.2208723656980385
1.025296378493487	1.755903799289036	1.2295479137257672
1.0304812564908803	1.7460954997787863	1.240708991854738
1.0368321358890704	1.7337466739952696	1.2542465784298984
1.0443009406478743	1.7188635416502267	1.2700284173462284
1.0528298601587502	1.7014572831923578	1.2879012650715138
1.062351548984449	1.6815460295988212	1.3076931932098326
1.0727893634406078	1.6591572557251562	1.329215840162674
1.0840576412671612	1.6343306030466085	1.3522665364026434
1.096062033518448	1.607121159846724	1.3766302621969264
1.1086999006415	1.5776032280909393	1.4020814296790673
1.1218607872209643	1.5458746056059964	1.4283855095559947
1.1354269917471922	1.5120614084416897	1.4553005444127831
1.1492742487251046	1.476323449137357	1.4825786047262077
1.1632725402318875	1.4388601682344069	1.5099672504230675
1.177287052447746	1.3999170825824516	1.5372110608014706
1.1911792895890532	1.3597926551323003	1.5640532898435173
1.2048083530132714	1.318845392664543	1.5902376934492934
1.218032387084206	1.2775008204004303	1.615510560964907
1.2307101858401646	1.236257741000947	1.6396229665660265
1.2427029458726753	1.1956928353898693	1.6623332375650386
1.2538761414988087	1.1564621926277663	1.683409617506004
1.264101488810045	1.1192977946720666	1.7026330829964134
1.273258956114092	1.084996443747069	1.7198002556355172
1.2812387703222432	1.0543983597408209	1.7347263351930888
1.287943362654894	1.028353113458189	1.7472479684004858
1.2932891932752846	1.007672203047545	1.7572259602690767
1.2972083936372187	0.9930707250516211	1.7645477324927064
1.299650167790385	0.9851048508965831	1.7691294366833883
1.3005818997404288	0.9841157438708423	1.7709176390342956
1.2999899230577758	0.9901919298120302	1.7698905071875581
1.297879920842261	1.003159281349209	1.7660584488626414
1.2942769381989958	1.0226010825709633	1.7594641740320274
1.2892250046810012	1.0479028688288596	1.750182176652715
1.2827863796965713	1.0783113552742176	1.738317656511972
1.2750404486224347	1.1129956675757327	1.7240049249057665
1.2660823103325318	1.151101684273588	1.707405358019147
1.256021107229683	1.1917945153561313	1.6887049776421745
1.244978156067279	1.234287997836455	1.668111749211835
1.233084941559743	1.2778625945165605	1.645852691528085
1.2204810349825852	1.3218741855839033	1.6221708907150965
1.2073119969057609	1.3657563637723036	1.5973225033889857
1.1937273173662066	1.4090184617593724	1.5715738212381947
1.1798784388113517	1.4512410019585662	1.545198452321288
1.1659168977744507	1.4920697517724164	1.5184746545725727
1.15199261123799	1.531209164242236	1.4916828356782188
1.1382523237264426	1.5684156936384899	1.4651032121621095
1.1248382219764061	1.60349127976682	1.4390136008082717
1.1118867160650336	1.6362771690111813	1.41368729912328
1.0995273794917255	1.6666481622996197	1.389391000126171
1.0878820361008097	1.694507333398701	1.3663826820326377
1.0770639789469816	1.719781233496593	1.344909416880412
1.067177305140142	1.7424155822756695	1.3252050548930252
1.058316351137357	1.7623714368579053	1.307487763670628
1.0505652145539113	1.7796218253092684	1.291957432179839
1.0439973509533034	1.794148829200455	1.278792986444969
1.0386752368291794	1.8059410991511458	1.2681497025205022
1.03465009270582	1.8149917878546273	1.2601566369379722
1.03196166260992	1.8212968865299723	1.2549143188265055
1.0306380478541504	1.8248539529289056	1.252492855327179
1.0306955939987945	1.8256612218299195	1.2529305889085995
1.0321388300402605	1.8237170922946238	1.256233411404275
1.0349604584698562	1.819019989754237	1.2623747888578731
1.0391413941186542	1.8115686051485056	1.2712964911370384
1.044650848986269	1.8013625177637829	1.2829099605013354
1.0514464598852369	1.7884032130194496	1.2970982035759517
1.0594744560148006	1.7726955111410514	1.3137180589133077
1.0686698647104051	1.7542494273430642	1.332602681175611
1.0789567556741069	1.7330824887268288	1.3535640924490528
1.090248526913702	1.7092225374614811	1.3763956773633481
1.1024482392108386	1.68271105378564	1.400874535543989
1.1154490098979168	1.6536070356564034	1.4267636459754747
1.1291344806710097	1.6219914739592254	1.4538138373741587
1.1433793776811865	1.5879724621229572	1.4817655924376256
1.1580501848031612	1.5516909750302985	1.510350739343067
1.1730059523765268	1.5133273412208479	1.5392941001208262
1.1880992635011005	1.4731084093153815	1.5683151726698434
1.2031773778696855	1.4313153656734727	1.597129922047859
1.2180835689622604	1.388292081745888	1.6254527484447794
1.2326586641479036	1.344453735600886	1.6529986852267045
1.246742788927536	1.3002952335558216	1.6794858619080566
1.260177306442876	1.2563986185494764	1.7046382451243627
1.2728069318861728	1.213438156790199	1.7281886468864678
1.2844819891542023	1.1721811318188873	1.7498819648837471
1.2950607647390973	1.133481603638883	1.7694785957239023
1.304411902302192	1.0982637119588161	1.7867579401742792
1.3124167715688542	1.0674909439898603	1.801521901156144
1.3189717380401054	1.0421188121579164	1.8135982618349473
1.323990256373252	1.0230312885017954	1.8228438238685407
1.3274047107799247	1.0109662864112832	1.829147185634495
1.3291679307864792	1.006441347727414	1.8324310475277985
1.3292543202087352	1.0096948086291853	1.832653946123817
1.3276605508335508	1.0206569634522025	1.8298113404547636
1.3244057893147476	1.038958944105782	1.8239360005686205
1.319531445091145	1.0639766403959598	1.8150976791244835
1.3131004473944556	1.094897932480735	1.803402078850568
1.3051960791998658	1.1307977520988037	1.7889891598961531
1.2959204138815246	1.1707075146000967	1.7720308591384353
