1.0	1.0	0.9999999999999999
1.0057655721504042	0.9794963583644484	1.0144496736689324
1.0114594816287164	0.9586992040694472	1.0286000984362684
1.0170428205774789	0.9377419535019066	1.0423650112486864
1.0224769011286057	0.9167724212351432	1.0556608199240258
1.02772355582695	0.8959532015282154	1.0684069575298298
1.0327454484775516	0.8754616928941402	1.080526247257103
1.0375063920450038	0.8554896279697375	1.091945276975588
1.0419716697406793	0.8362419458659451	1.1025947809464194
1.0461083550022763	0.817934826621133	1.1124100246917261
1.049885625721663	0.8007927062788867	1.1213311878072874
1.053275067831531	0.7850441181478648	1.1293037385749047
1.0562509632363293	0.7709162736707639	1.1362787936003067
1.0587905570821279	0.758628414923745	1.142213455377694
1.0608742995123974	0.7483841411630332	1.147071120663666
1.0624860573555048	0.7403631193741924	1.1508217528231717
1.0636132916322225	0.7347127984607361	1.1534421118716918
1.0642471973484036	0.7315409054608646	1.1549159367552813
1.064382802733678	0.7309095515140375	1.1552340754490686
1.064019025880293	0.7328316730370205	1.1543945596726024
1.0631586876009311	0.7372702763281033	1.1524026223677701
1.0618084802307415	0.7441405875055244	1.1492706575073082
1.05997889301512	0.7533148188269967	1.1450181232415129
1.057684095618479	0.7646289406063815	1.1396713907893892
1.0549417821292881	0.777890663559196	1.13326354278132
1.051772978694377	0.792887811241687	1.1258341259105398
1.0482018185666229	0.809396371643919	1.1174288637032228
1.044255288875445	0.827187707808923	1.1080993359320768
1.0399629538159312	0.8460346214973384	1.097902631644723
1.0353566591930488	0.8657161562748872	1.0869009829334713
1.0304702233520033	0.8860211721566947	1.0751613864238976
1.0253391194798926	0.9067508169309605	1.0627552190010165
1.0200001540883956	0.9277200657305624	1.0497578535270358
1.0144911461977604	0.9487585121953467	1.0362482792439474
1.0088506113573816	0.9697105841921839	1.022308730215216
1.003117454178815	0.9904353349834317	1.0080243235680726
0.9973306725448318	1.0108059344208127	0.9934827074845041
0.9915290761149991	1.0307089588356084	0.9787737168981754
0.9857510211947579	1.0500435552523457	0.9639890327435688
0.9800341634900844	1.0687205363405703	0.9492218384483372
0.9744152297497163	1.0866614472141338	0.9345664652605147
0.9689298088152594	1.103797633403206	0.9201180160892778
0.9636121621666088	1.1200693304888076	0.9059719559775375
0.9584950536733494	1.135424789405616	0.8922236563203012
0.9536095979466083	1.1498194467446117	0.8789678797322966
0.9489851264317719	1.163215146069378	0.8662981933110849
0.9446490701898892	1.1755794139381026	0.85430630019445
0.9406268581817174	1.186884792721508	0.843081282987656
0.9369418297890398	1.1971082312194332	0.8327087579560599
0.9336151602775923	1.2062305333560461	0.8232699458007694
0.9306657979188252	1.2142358647684994	0.8148406730947912
0.928110411537234	1.2211113168208347	0.8074903275171589
0.9259633473299879	1.2268465274213172	0.8012807990611667
0.9242365939100051	1.231433357960476	0.796265447348933
0.9229397546470838	1.2348656256934012	0.7924881408733133
0.922080026519482	1.2371388909452479	0.7899824162834947
0.9216621848364833	1.2382502986103925	0.7887708038892536
0.9216885733478122	1.2381984735333411	0.7888643590378512
0.9221590994158215	1.2369834694956303	0.7902624282245223
0.9230712340892439	1.2346067716807516	0.7929526647202453
0.9244200170815167	1.2310713526428014	0.7969112926873817
0.9261980668210081	1.226381781958329	0.802103603061281
0.9283955959035601	1.2205443898890638	0.8084846507389143
0.931000432438203	1.213567485519815	0.8160001123232224
0.9339980479326578	1.2054616299540224	0.82458725772927
0.9373715925139076	1.1962399652412175	0.8341759875864908
0.9411019384173305	1.185918599765661	0.8446898911538163
0.9451677328017638	1.1745170508301084	0.8560472855095999
0.9495454610524579	1.1620587451040245	0.8681622049407018
0.9542095218138896	1.148571577444887	0.8809453185568787
0.9591323150435944	1.1340885283058453	0.8943047631619566
0.964284344390376	1.1186483394577549	0.9081468865353401
0.9696343351689432	1.102296246999148	0.922376903014763
0.9751493691221813	1.0850847694921246	0.936899468390529
0.9807950370264883	1.0670745473889172	0.9516191846055352
0.9865356100006152	1.0483352274886373	0.9664410467381491
0.9923342301216214	1.0289463826993224	0.9812708454486246
0.9981531206320908	1.0089984525028257	0.9960155377525316
1.003953815642488	0.988593682761237	1.0105835979039228
1.0096974087958133	0.967847034307213	1.0248853585601128
1.0153448198760238	0.9468870175200149	1.0388333504574472
1.0208570778175965	0.9258563942343611	1.0523426467142198
1.0261956180246745	0.9049126685011734	1.0653312157190589
1.0313225913510757	0.8842282640636293	1.0777202844570377
1.036201181545913	0.8639902600323063	1.089434712144667
1.0407959274546612	0.844399529818763	1.1004033722439017
1.0450730458040132	0.825669106889425	1.1105595393465222
1.0490007500128649	0.8080215922065446	1.1198412760958543
1.052549560182316	0.7916854331958477	1.1281918142671057
1.0556925992433326	0.7768899554907058	1.1355599233779639
1.0584058701974024	0.7638591282258694	1.1419002597579866
1.0606685094838486	0.7528041965671118	1.1471736888719817
1.0624630117532605	0.7439155134147779	1.151347573864068
1.0637754217191917	0.7373541183791718	1.1543960237521724
1.0645954892929466	0.7332437985166668	1.156300095434723
1.0649167848655328	0.7316644626916725	1.1570479446408213
1.0647367723673244	0.7326476181380951	1.1566349221221754
1.064056838584892	0.736174533646992	1.1550636127020057
1.0628822781169498	0.7421773367137059	1.1523438162096566
1.0612222342759365	0.7505428955690654	1.1484924707824122
1.0590895971555163	0.7611189766568843	1.1435335204490589
1.0565008609552162	0.7737219258538328	1.1374977302648779
1.0534759434513945	0.7881450380790794	1.130422453489883
1.0500379712024954	0.8041668458335637	1.1223513563413168
1.046213034654681	0.8215587267202228	1.1133341066647644
1.0420299177558312	0.8400914436737819	1.1034260334208945
1.037519806982392	0.8595404376599893	1.0926877641510835
1.0327159848319147	0.8796898582577701	1.0811848475480357
1.027653512837915	0.9003354303444328	1.0689873679093138
1.022368909032109	0.9212863176595338	1.0561695575926906
1.0168998245262837	0.942366166967652	1.0428094126305516
1.0112847235297544	0.9634135127254647	1.0289883154114263
1.005562570679109	0.9842817030814276	1.0147906668224782
0.9997725290565368	1.0048384823409322	1.0003035284976018
0.9939536717336069	1.0249653383669317	0.9856162738714471
0.9881447091203691	1.0445566989405428	0.970820244652402
0.9823837338447752	1.063519040313362	0.956008407166582
0.9767079843521673	1.0817699543810066	0.9412750008814238
0.9711536279136723	1.0992372078307442	0.9267151694114288
0.9657555632773724	1.1158578167292	0.9124245625935269
0.9605472427956395	1.1315771527112766	0.8984988969866126
0.9555605135214459	1.1463480916359758	0.8850334616262638
0.9508254764884001	1.1601302117976624	0.8721225563062182
0.946370363173775	1.1728890461261046	0.859858851324716
0.9422214279887531	1.1845953909681113	0.8483326607616922
0.9384028555417715	1.1952246727870237	0.8376311261016202
0.9349366813739959	1.2047563732746698	0.8278373134094986
0.9318427248647998	1.2131735128218464	0.8190292351238984
0.9291385330431557	1.220462191952006	0.8112788164119533
0.9268393341117381	1.226611190128081	0.8046508352107066
0.9249579995880602	1.2316116212525248	0.7992018735679821
0.923505014085427	1.235456645166346	0.7949793245314888
0.922488451890883	1.23814123449379	0.7920205024432613
0.9219139596433867	1.2396619962607065	0.790351904106509
0.9217847445696835	1.2400170478256036	0.7899886633623658
0.9221015678950812	1.2392059467944723	0.7909342322148059
0.922862743209465	1.2372296747366436	0.7931803085310558
0.9240641397338223	1.234090674673033	0.7967070149012349
0.9256991905980001	1.2297929424642584	0.8014833172534617
0.9277589064051497	1.2243421723788053	0.8074676571756625
0.9302318945209264	1.217745957264419	0.8146087602399144
0.9331043846842721	1.210014043873017	0.8228465750901826
0.9363602616892005	1.2011586439928146	0.8321132951023804
0.9399811060304194	1.1911948021116954	0.8423344158481896
0.9439462435361331	1.1801408203607837	0.8534297866394157
0.94823280512435	1.1680187414496885	0.8653146220115331
0.9528157979092073	1.1548548901811673	0.8779004479306434
0.9576681889452553	1.1406804738887693	0.8910959666733627
0.9627610029240067	1.1255322417273061	0.9048078328506867
0.9680634351218168	1.1094532020920933	0.9189413403220427
0.973542980835039	1.0924933964486476	0.9334010254516686
0.9791655824216005	1.0747107263791142	0.9480911962106758
0.984895794892963	1.056171828500738	0.9629163991138545
0.9906969707634785	1.036952988822547	0.9777818370990932
0.9965314645639797	1.017141083733228	0.992593751460638
1.0023608570639049	0.9968345287162098	1.007259780097027
1.0081461988248501	0.9761442075339228	1.0216893028745104
1.0138482722345272	0.9551943434096365	1.035793783049123
1.0194278706533977	0.9341232590585518	1.0494871116096434
1.024846092759328	0.9130839538166907	1.0626859592376425
1.0300646496142645	0.8922444035147445	1.0753101384362689
1.035046181419528	0.8717874628645819	1.0872829763371914
1.039754580393398	0.851910223051148	1.0985316968165157
1.0441553157180716	0.8328226531032105	1.1089878088821465
1.0482157560852075	0.8147453393637417	1.1185874968725134
1.0519054850417975	0.7979061429965625	1.127272006857206
1.055196604121	0.7825356334317438	1.1349880227736873
1.0580640186526635	0.7688612386253243	1.141688025284093
1.0604857011984317	0.7571001892354687	1.1473306260979708
1.0624429277540235	0.7474515204908777	1.1518808705787524
1.0639204822082615	0.7400876119531767	1.1553105018232763
1.064906825039835	0.7351459497841611	1.157598180055224
1.0653942228572784	0.7327219308721356	1.1587296520760773
1.0653788361274956	0.7328635358528756	1.1586978666336076
1.0648607632701437	0.7355685452285032	1.1575030328522578
1.063844040191287	0.7407846707194592	1.1551526202699514
1.062336595258771	0.7484125835577085	1.1516613004850198
1.0603501606508867	0.7583114354968732	1.1470508318757668
1.057900141906114	0.7703061780521667	1.141349890254393
1.0550054483339533	0.7841958475996577	1.1345938495996155
1.0516882876869316	0.7997620051040234	1.1268245181260617
1.0479739291185701	0.8167766627622601	1.1180898358474582
1.0438904389436454	0.8350092374266713	1.1084435404370554
1.039468394064015	0.8542322856348381	1.0979448085533694
1.034740578120804	0.874225957556429	1.0866578798626616
1.0297416654834548	0.8947812383449572	1.0746516707405664
1.0245078980955977	0.9157021237645696	1.061999384072067
1.019076759979719	0.9368069114396304	1.0487781206973403
1.0134866538740572	0.9579287924289772	1.035068496884074
1.0077765840560609	0.9789159123631875	1.0209542707651356
1.0019858489188593	0.9996310468164454	1.0065219789918531
0.996153746332923	1.0199510085436116	0.9918605829545089
0.9903192942664051	1.0397658786253594	0.9770611218614395
0.984520968575124	1.058978131358337	0.9622163678100066
0.9787964593252504	1.077501704529776	0.9474204758110901
0.9731824464942184	1.0952610524058781	0.9327686196543382
0.9677143954209709	1.1121902078569965	0.9183566026674311
0.962426371954969	1.128231871933331	0.9042804310089708
0.9573508768908339	1.1433365432954643	0.8906358363586132
0.9525186989755672	1.1574616956703456	0.8775177349781573
0.9479587855388201	1.1705710085150465	0.8650196113768452
0.9436981296220835	1.1826336539910498	0.8532328174719008
0.9397616723666626	1.1936236419255517	0.8422457823810238
0.9361722193579792	1.2035192234750862	0.8321431338895643
0.9329503696093621	1.2123023535746378	0.8230047400906657
0.9301144558956802	1.2199582118553296	0.8149046883463523
0.9276804952093848	1.2264747814781005	0.8079102279225863
0.9256621482024552	1.231842485211967	0.8020807114948689
0.9240706865913768	1.2360538780508419	0.7974665780769655
0.9229149676333828	1.2391033956893982	0.7941084245989198
0.9222014149262064	1.2409871582497995	0.7920362142904723
0.9219340049367518	1.2417028287554221	0.791268666513654
0.9221142588234786	1.241249525975652	0.7918128646007531
0.9227412392806394	1.2396277914100997	0.793664106138439
0.9238115522980879	1.2368396103346442	0.7968060052027349
0.9253193538968404	1.232888486989725	0.8012108399897433
0.9272563620666968	1.2277795741473911	0.8068401240015662
0.9296118742967463	1.221519857442127	0.8136453661948956
0.932372791250826	1.2141183949848182	0.8215689765973443
0.9355236472959154	1.205586612892296	0.8305452695208333
0.9390466487391969	1.1959386574478843	0.8405015166413798
0.9429217207655911	1.185191804649742	0.8513590062643456
0.9471265641875672	1.1733669278882153	0.8630340720426597
0.9516367232178629	1.1604890243993098	0.8754390630762571
0.9564256655475168	1.1465878009379205	0.888483236542142
0.9614648760500824	1.1316983187573102	0.9020735628228009
0.966723965431438	1.115861697406889	0.9161154408230207
0.9721707950967753	1.0991258759776934	0.9305133273849737
0.977771619406067	1.0815464291059502	0.9451712892760641
0.9834912463314108	1.0631874331117108	0.9599934891765232
0.9892932173102641	1.0441223748593447	0.974884618606171
0.9951400068055426	1.02443509195762	0.9897502910433628
1.0009932417370215	1.0042207273547263	1.0044974078667586
1.006813940541033	0.9835866737167178	1.0190345084445651
1.0125627711527172	0.9626534726142904	1.0332721139297016
1.018200326695737	0.9415556198616214	1.047123072279537
1.0236874171202843	0.9204422108198224	1.0605029098547802
1.0289853744664321	0.899477337868192	1.0733301927798975
1.034056368864132	0.8788401269914852	1.0855268991556333
1.0388637318337692	0.8587242731492609	1.0970188012698971
1.0433722829437202	0.839336908271605	1.1077358552074517
1.0475486554366382	0.8208966174512989	1.1176125937506067
1.0513616160762542	0.8036304173580697	1.1265885172223673
1.0547823742123146	0.7877695381050489	1.1346084759726645
1.0577848749308738	0.773543918864029	1.1416230375628318
1.0603460711648602	0.761175448733661	1.147588831371568
1.062446169794936	0.750870158942287	1.1524688633279587
1.0640688470766468	0.7428097854116754	1.1562327937656078
1.065201429183848	0.737143335973377	1.1588571719697303
1.0658350342507763	0.7339794593544808	1.1603256218297704
1.065964673009915	0.7333804630781402	1.1606289740783593
1.0655893059379318	0.7353587212663542	1.1597653418493437
1.0647118557104478	0.7398759478546915	1.1577401376722096
1.0633391746974883	0.7468454338039392	1.1545660314813049
1.061481968172232	0.7561369460930595	1.150262850696265
1.0591546748227125	0.7675836580215559	1.1448574248649428
1.0563753070171185	0.7809902945000181	1.1383833786933466
1.053165254049056	0.7961416539435345	1.130880878464288
1.0495490522543813	0.812810783696925	1.1223963378192534
1.04555412642644	0.830766283320289	1.112982089605852
1.0412105073483207	0.8497784297837285	1.1026960309441378
1.036550530502321	0.8696240147008257	1.0916012488166416
1.0316085211079937	0.8900899313037525	1.0797656333256809
1.026420470587037	0.9109756421763515	1.0672614852831517
1.0210237093673769	0.9320947046053176	1.0541651240063066
1.0154565806361506	0.953275541156087	1.0405565000995054
1.0097581192514435	0.9743616316015902	1.026518816625239
1.0039677395471074	0.9952112792742293	1.0121381604340813
0.9981249352364636	1.015697077817374	0.9975031435671663
0.9922689940615693	1.0357051778347048	0.9827045526117483
0.9864387292662373	1.0551344295003218	0.967835001739931
0.980672229412556	1.073895457728111	0.9529885829714869
0.9750066275288065	1.0919097110423612	0.9382605050772219
0.9694778900853229	1.1091085134238843	0.9237467106142059
0.9641206258544169	1.1254321395300666	0.9095434590286865
0.9589679143283925	1.140828927188734	0.8957468627847908
0.9540511530501865	1.15525443639124	0.882452363319177
0.9493999229557759	1.168670660699368	0.8697541345460136
0.9450418706352381	1.1810452946686947	0.857744403900134
0.9410026062872696	1.1923510592995998	0.8465126847203482
0.9373056160655319	1.202565086449621	0.836144919250098
0.9339721874887376	1.211668362427099	0.8267225386135869
0.9310213466035634	1.2196452305291718	0.8183214545266747
0.9284698056437496	1.226482952011613	0.8110110066603552
0.9263319200135128	1.2321713248313744	0.8048528986420198
0.9246196535325959	1.2367023594484599	0.7999001635719323
0.9233425510083292	1.2400700109865197	0.7961962054520432
0.9225077173421777	1.2422699671133812	0.7937739649490972
0.9221198025304489	1.2432994911005741	0.7926552556241265
0.9221809920779086	1.2431573196449317	0.7928503098550582
0.9226910025066354	1.2418436151776477	0.7943575625208312
0.9236470818085949	1.239359972540004	0.7971636861487331
0.9250440148578423	1.2357094800643944	0.801243875246662
0.9268741339656289	1.230896835258239	0.8065623618307833
0.9291273349278364	1.2249285154413703	0.8130731305504219
0.9317910990775868	1.2178130038279067	0.8207207917687482
0.9348505220145361	1.209561071664743	0.8294415653402106
0.9382883498338017	1.2001861171321098	0.8391643268026576
0.9420850238181616	1.1897045617664561	0.8498116708088418
0.9462187346830851	1.1781363051680225	0.8613009529306338
0.9506654875701768	1.1655052386849842	0.8735452793145853
0.9553991790651198	1.1518398185948082	0.8864544228673263
0.9603916875648628	1.1371736989909698	0.8999356536765627
0.9656129783290235	1.1215464240711088	0.9138944794571844
0.9710312245156222	1.1050041787275855	0.9282352984698745
0.9766129454150829	1.0876005951451742	0.9428619723761852
0.9823231629533488	1.0693976113482357	0.9576783298667811
0.9881255773306824	1.0504663750852836	0.9725886137732184
0.9939827623945517	1.0308881827899692	0.9874978849768626
0.9998563810123993	1.0107554382210002	1.0023123960229723
1.0057074203149838	0.9901726082685202	1.0169399461919046
1.0114964462282379	0.9692571437407103	1.0312902281055554
1.0171838762090826	0.9481403200838268	1.0452751739529138
1.022730268559587	0.9269679363632842	1.0588093072634024
1.0280966261286153	0.9059007901029991	1.0718101039654384
1.033244711637906	0.8851148209632201	1.084198364336032
1.038137371310326	0.8648007889957131	1.0958985954478655
1.04273886295336	0.8451633263111205	1.1068394019084062
1.0470151841836088	0.8264191798340983	1.116953881103482
1.050934396090751	0.808794455864137	1.1261800178377899
1.054466937353652	0.7925206959089636	1.1344610722318214
1.057585923656265	0.7778296709641905	1.1417459540059502
1.0602674272220622	0.764946889710428	1.1479895758684866
1.0624907314039076	0.7540839792441778	1.1531531786279698
1.064238555536474	0.7454303045729468	1.157204620865154
1.0654972456793883	0.7391444142687955	1.1601186265124523
1.066256927443187	0.7353460830072048	1.1618769844736838
1.0665116177823162	0.73410980577901	1.162468695441514
1.0662592934389563	0.7354605328352976	1.161890062291613
1.0655019146022995	0.7393722038977556	1.1601447218014986
1.0642454032796846	0.7457692805913232	1.1572436169025084
1.0624995768258803	0.7545310683500331	1.153204910166005
1.0602780380109171	0.7654982619243115	1.148053840688711
1.0575980238922413	0.7784809220807727	1.141822527917523
1.0544802165628826	0.7932670295226093	1.1345497271848781
1.0509485195475763	0.8096308492772714	1.1262805427614313
1.0470298041917314	0.827340523699189	1.1170661050303847
1.0427536308190615	0.8461645334434648	1.10696321891284
1.038151949713749	0.8658768723800225	1.09603399090114
1.0332587871108323	0.8862609441033154	1.0843454419716105
1.0281099213584293	0.9071122945431599	1.071969113243056
1.022742554258124	0.9282403517264037	1.0589806705248108
1.0171949823104578	0.9494693617005874	1.0454595128681112
1.0115062722100203	0.9706387022328931	1.0314883889142479
1.0057159444706225	0.9916027345638875	1.0171530232471546
0.9998636685380516	1.0122303265914632	1.00254175313959
0.993988972188976	1.0324041537163249	0.9877451740740578
0.9881309674412977	1.0520198591027248	0.9728557902783577
0.982328094633903	1.0709851345239723	0.9579676643155149
0.9766178857896946	1.0892187664707313	0.9431760576066242
0.9710367478697297	1.1066496794528553	0.9285770517702704
0.9656197660695673	1.1232159988423396	0.9142671389961907
0.9604005269097348	1.1388641485592659	0.9003427685340204
0.9554109605355383	1.1535479938171596	0.8868998360060841
0.9506812013694002	1.167228035531415	0.874033102906507
0.9462394660510486	1.179870660464626	0.86183553558954
0.9421119474546144	1.1914474494360812	0.8503975565045931
0.9383227234827288	1.2019345447358298	0.8398062055432555
0.9348936793005338	1.21131207709353	0.8301442161125657
0.9318444416808481	1.2195636520419213	0.8214890187100611
0.9291923241788881	1.2266758952021253	0.8139116938506419
0.9269522819343026	1.2326380558453138	0.8074759053949456
0.9251368750035378	1.237441668012974	0.8022368536120202
0.9237562392509054	1.241080268478096	0.7982402934861246
0.9228180639672047	1.2435491708826794	0.7955216666868473
0.9223275755361421	1.244845295479052	0.7941053943523573
0.9222875266276643	1.2449670540228148	0.7940043719522646
0.9226981905611744	1.2439142895058093	0.7952196972059703
0.9235573606483871	1.241688270571079	0.7977406482338937
0.924860354493856	1.2382917406123082	0.8015449133067938
0.9266000233997678	1.2337290217217343	0.8065990575829237
0.9287667671891991	1.2280061738071715	0.8128591979638352
0.9313485549272944	1.2211312093443731	0.8202718462321698
0.9343309521809271	1.213114364358754	0.828774873970321
0.9376971556118554	1.2039684263322605	0.8382985507224023
0.9414280358430221	1.1937091197968894	0.848766609118132
0.9455021896684336	1.1823555503926215	0.8600972963809767
0.9498960027891019	1.169930708115738	0.872204379658832
0.9545837243452883	1.1564620303375888	0.8849980817446437
0.9595375545723888	1.1419820248961023	0.8983859329206136
0.9647277469277751	1.126528953098698	0.9122735330271496
0.9701227260118399	1.1101475717478668	0.9265652248784998
0.975689222532059	1.0928899321993915	0.9411646855489566
0.9813924264281692	1.0748162328330866	0.9559754457921369
0.9871961590849208	1.055995718944317	0.9709013500489123
0.9930630653031078	1.0365076206644461	0.9858469703626594
0.998954825378698	1.0164421147143532	1.0007179873122658
1.0048323872551628	0.9959012891131211	1.0154215500558874
1.0106562182697723	0.9750000808357248	1.029866625992316
1.0163865755179902	0.9538671442087349	1.0439643485981729
1.0219837933216998	0.9326455919434959	1.0576283698564164
1.027408585720668	0.9114935307124608	1.0707752214875663
1.0326223613292327	0.8905842891367103	1.0833246870316076
1.0375875473312193	0.8701062089639474	1.0952001847835964
1.0422679188472028	0.8502618426311744	1.1063291597184841
1.0466289294221196	0.8312663771901526	1.116643480895917
1.050638037971071	0.8133450935764994	1.126079839448579
1.0542650272089895	0.7967296824429451	1.13458014115455
1.0574823083957192	0.781653286473606	1.1420918867945768
1.0602652071684344	0.7683442367654183	1.1485685330111797
1.0625922253203763	0.7570186039855592	1.1539698262227216
1.0644452736249257	0.7478718868392203	1.1582621022982011
1.065809871197228	0.7410703843132037	1.161418545154693
1.066675307425344	0.7367429961313001	1.1634193981768592
1.0670347631757595	0.7349743064484703	1.1642521233447325
1.0668853887643095	0.7357997735754889	1.163911504151373
1.066228337057684	0.739203649070936	1.1623996897469115
1.0650687510028822	0.7451199080778981	1.1597261792048839
1.0634157058393623	0.7534360633676218	1.1559077463109975
1.0612821071970575	0.7639993572414622	1.150968306762245
1.0586845471892141	0.776624565713159	1.1449387310747527
1.0556431214406063	0.7911025535338916	1.1378566077743095
1.0521812107213906	0.8072087798437139	1.1297659625318721
1.0483252314619842	0.8247111260580073	1.120716939762383
1.0441043598884001	0.8433766381218734	1.1107654537925025
1.0395502348304622	0.8629769897508627	1.0999728169941696
1.0346966444141839	0.8832926466861756	1.0884053522587909
1.0295792018578873	0.9041158306129202	1.0761339968429882
1.0242350154586992	0.9252524475290839	1.0632339039519731
1.0187023575966256	0.946523169964531	1.0497840474492235
1.0130203372158606	0.9677638589405833	1.0358668338075123
1.0072285797888054	0.9888254919818028	1.0215677238700154
1.0013669182501181	1.009573736919141	1.0069748652028154
0.9954750978292748	1.0298882835944994	0.9921787338329694
0.9895924971328252	1.0496620202363687	0.9772717820334685
0.9837578672524986	1.0688001197311425	0.9623480866088966
0.978009090120812	1.087219083619106	0.9475029899467609
0.9723829568171226	1.1048457781207046	0.9328327240515067
0.9669149660564021	1.1216164862870919	0.9184340060271887
0.9616391426791167	1.1374759928349019	0.904403592214705
0.9565878756092017	1.152376712771749	0.8908377776507963
0.9517917744608008	1.1662778710353034	0.8778318279564049
0.9472795437532396	1.1791447376431883	0.8654793324464437
0.9430778735352761	1.1909479209649474	0.8538714704188768
0.9392113451200382	1.2016627204422092	0.8430961873886962
0.9357023505857491	1.2112685392242313	0.833237284502992
0.932571024698136	1.2197483566279286	0.8243734323221616
0.9298351879515939	1.2270882599855342	0.8165771291317322
0.9275102995009964	1.2332770352474323	0.8099136332217441
0.9256094188580053	1.238305815619306	0.8044399071326136
0.9241431753489564	1.2421677875018384	0.8002036185410626
0.9231197444705832	1.2448579530467148	0.797242246061039
0.9225448304306627	1.2463729487297381	0.7955823377850814
0.9224216543195474	1.2467109194592951	0.7952389653517953
0.922750947522757	1.2458714478774466	0.79621540677593
0.9235309501522221	1.243855538664483	0.7985030779960628
0.9247574144429852	1.240665657819297	0.8020817174839763
0.9264236132317608	1.2363058270516278	0.8069198121324019
0.9285203538027439	1.230781773582077	0.8129752378995927
0.9310359975529376	1.2241011357956977	0.8201960769979515
0.9339564860924457	1.2162737253282225	0.8285215659013498
0.9372653745522149	1.2073118462727073	0.8378831255657192
0.940943873019619	1.1972306722687729	0.8482054267865334
0.9449708971570836	1.1860486822640692	0.8594074487855733
0.9493231291759738	1.17378815570029	0.8714034968247991
0.9539750904315892	1.1604757277496658	0.8841041536810396
0.9588992269691585	1.1461430049765513	0.8974171490687606
0.9640660093785117	1.1308272413717124	0.911248139682023
0.9694440482998619	1.1145720740306346	0.9255013998379679
0.9750002268580877	1.0974283167172656	0.9400804284226155
0.9806998511821848	1.0794548080240378	0.954888481883734
0.9865068199850121	1.0607193086047673	0.9698290454787544
0.9923838139326527	1.0412994387442895	0.9848062560708518
0.9982925052211079	1.021283642975409	0.9997252897284421
1.0041937874015179	1.0007721620993113	1.0144927264869057
1.0100480250573534	0.9798779842516105	1.0290169031227974
1.0158153224448392	0.9587277349526985	1.0432082628837154
1.021455809671331	0.9374624507594348	1.0569797089871404
1.0269299444188413	0.9162381617197847	1.0702469664884307
1.0321988266379019	0.8952261842683162	1.082928954929288
1.0372245230598183	0.8746129992826417	1.0949481720956502
1.04197039782455	0.8545995619983634	1.106231087300534
1.0464014450199202	0.8353998658039259	1.1167085409107416
1.0504846184989032	0.8172385679782939	1.1263161453933466
1.0541891540080317	0.8003474927999912	1.1349946819969656
1.0574868784421558	0.7849608692679175	1.1426904863246903
1.0603525009562396	0.7713092500204617	1.1493558155140768
1.0627638807268114	0.7596122029975291	1.1549491895206596
1.06470226637135	0.750070063950357	1.1594356991029748
1.0661525024048215	0.7428552629012168	1.1627872735177138
1.0671031986330244	0.7381039459054499	1.164982901632505
1.0675468590400705	0.7359087440788703	1.1660088011204615
1.067479967503245	0.7363135360533146	1.1658585315750827
1.066903028537716	0.7393108763074087	1.164533048728393
1.0658205622066896	0.7448424368291909	1.1620406984143647
1.064241053296746	0.7528024011391531	1.158397150434119
1.0621768558187599	0.7630433562277287	1.153625273987412
1.059644054817844	0.7753839422359701	1.147754957774525
1.0566622883287315	0.7896173956886908	1.1408228791852586
1.053254533067224	0.8055201610039593	1.1328722281232453
1.049446858080023	0.8228599047619971	1.1239523919175916
1.0452681510665385	0.8414024860183358	1.1141186084115378
1.0407498224262504	0.8609176561826732	1.103431594660644
1.0359254922694303	0.8811834447750592	1.091957158701638
1.0308306656602868	0.90198931574036	1.0797658015580207
1.0255024012483864	0.9231382532646717	1.0669323160290833
1.0199789782006852	0.9444479663831581	1.05353538787281
1.0142995659907592	0.9657514015817584	1.0396572037555893
1.008503901155203	0.9868967346153684	1.025383068825453
1.0026319746124648	1.0077469865570576	1.0108010350014947
0.9967237325801108	1.0281793811076425	0.9960015391002943
0.9908187935454108	1.0480845341563336	0.9810770477930857
0.984956183162366	1.0673655442414554	0.9661217041735876
0.979174088384781	1.0859370344069512	0.9512309685063818
0.9735096316156076	1.103724181772609	0.9365012436373077
0.9679986651703231	1.1206617603924829	0.9220294737323251
0.9626755859259999	1.1366932150278057	0.9079127036585968
0.95757316966409	1.1517697776947309	0.8942475856574801
0.9527224243168512	1.1658496347334355	0.8811298202391727
0.9481524610951907	1.1788971492531903	0.8686535197193944
0.9438903823073572	1.1908821418036144	0.8569104857643959
0.9399611845696447	1.2017792307538784	0.8459893968873474
0.9363876760565963	1.2115672329445555	0.8359749080920151
0.9331904064330182	1.2202286245783953	0.8269466726368945
0.9303876081465808	1.2277490619424758	0.8189783047860311
0.9279951478310827	1.2341169613393554	0.8121363117234864
0.9260264866699942	1.2393231375032523	0.8064790315645561
0.924492648691527	1.2433604997573067	0.8020556214345463
0.923402196104893	1.2462238052075292	0.7989051437047082
0.9227612109379842	1.247909468352164	0.7970557986502573
0.9225732823957765	1.24841542660047	0.7965243474108405
0.9228394995234819	1.2477410613330289	0.7973157601742172
0.9235584489266268	1.2458871742894289	0.7994231116500589
0.9247262174703456	1.2428560192318538	0.8028277304804285
0.9263364000508444	1.238651388998735	0.8074995930240317
0.9283801127022118	1.2332787582253308	0.8133979368717605
0.9308460114701298	1.2267454821615922	0.8204720572181717
0.933720317648992	1.2190610521554495	0.8286622410492873
0.9369868501381794	1.2102374084839278	0.8379007905660989
0.9406270658238587	1.2002893112956803	0.8481130882116404
0.9446201090307729	1.1892347704645159	0.8592186604013529
0.9489428712094908	1.17709553512717	0.8711322044984156
0.9535700621229022	1.163897643566469	0.8837645525194876
0.9584742938652364	1.1496720338691129	0.8970235543631394
0.9636261790808014	1.1344552153867316	0.9108148720962832
0.9689944447411458	1.1182900003893186	0.9250426843673911
0.9745460627815733	1.101226294321215	0.9396103059803729
0.9802463987847518	1.0833219416101976	0.9544207319477688
0.9860593797251996	1.0646436218436688	0.9693771180199012
0.9919476815499981	1.045267788046257	0.9843832109495033
0.9978729370662137	1.025281634417749	0.9993437418504315
1.003795964234818	1.004784074768159	1.0141647952103359
1.009677014537611	0.9838867044665627	1.028754164671392
1.0154760405942325	0.962714707372268	1.043021704819788
1.0211529816704727	0.9414076542984653	1.056879686105227
1.0266680651498612	0.9201201205543128	1.070243157791204
1.0319821214541665	0.8990220268863252	1.083030321627256
1.0370569093141908	0.8782985813475545	1.0951629168217754
1.041855447731529	0.8581496712958654	1.1065666149434843
1.0463423504578284	0.8387885290148723	1.1171714216414215
1.0504841583741586	0.8204394783871133	1.1269120805858757
1.0542496648024067	0.8033345739275737	1.1357284738259006
1.0576102285443265	0.787708980335198	1.1435660118550146
1.06054006934026	0.7737950240043393	1.1503760060903532
1.0630165404822305	0.7618149868484034	1.1561160162091482
1.065020373513676	0.7519729052773527	1.160750164848991
1.0665358903024746	0.7444458625987718	1.164249412554746
1.0675511782805218	0.7393754785141844	1.1665917865254316
1.068058225290268	0.7368604444528576	1.167762557649371
1.0680530112478204	0.7369509672335676	1.1677543614762727
1.0675355546992003	0.7396458293407036	1.1665672601129953
1.0665099132816236	0.7448924621403916	1.164208743491014
1.0649841380724674	0.7525900215450869	1.1606936699781067
1.0629701827801201	0.7625950514461578	1.156044147832332
1.0604837696684815	0.7747290151627519	1.1502893604603566
1.057544214977441	0.7887868296366292	1.1434653397846648
1.0541742173756448	0.8045455586060964	1.1356146931900584
1.0503996136345706	0.8217725710337478	1.1267862904609356
1.0462491062256751	0.8402326881471658	1.1170349177974277
1.0417539679030963	0.8596940668867086	1.1064209063803288
1.0369477285380901	0.8799327575105638	1.095009743021421
1.0318658495198358	0.9007360090433444	1.0828716701765873
1.0265453909386344	0.9219044768798724	1.0700812820124783
1.021024676535402	0.9432535217201027	1.0567171223104008
1.0153429610537847	0.9646137916324001	1.0428612887782573
1.0095401041893768	0.9858312623334308	1.028599046845154
1.0036562548173975	1.0067668848574614	1.0140184542638364
0.9977315486195306	1.0272959615227755	0.9992099958829681
0.9918058216455354	1.047307344512147	0.9842662258257837
0.9859183417573891	1.0667025284119913	0.9692814120911133
0.9801075593324082	1.0853946893020079	0.9543511763654373
0.9744108780634889	1.1033077082918044	0.9395721197159882
0.9688644462025595	1.1203752062376102	0.9250414229734478
0.9635029681573795	1.1365396080973857	0.9108564091942863
0.9583595359785024	1.1517512493707207	0.8971140548406016
0.9534654799659734	1.1659675327752792	0.883910436483401
0.9488502373846905	1.1791521402893568	0.8713401011909427
0.9445412381015589	1.1912743035931024	0.8594953515565944
0.9405638058427693	1.202308134507668	0.8484654407363676
0.9369410737105442	1.2122320160693483	0.8383356789665244
0.9336939125891649	1.221028054246253	0.829186460687343
0.9308408711033329	1.2286815899098995	0.821092230228657
0.9283981258608726	1.2351807704447126	0.8141204133456705
0.9263794408098012	1.2405161802669846	0.8083303507800147
0.9247961346606168	1.244680529498327	0.8037722773073295
0.9236570554627791	1.247668400073939	0.800486394209706
0.9229685615750814	1.2494760486466683	0.7985020837232327
0.9227345084291464	1.2501012657618207	0.7978373100883732
0.9229562406506695	1.2495432909156	0.7984982432918889
0.9236325892720192	1.2478027832643392	0.8004791290458331
0.924759873940868	1.2448818479156991	0.8037624132749074
0.926331910201232	1.2407841179005383	0.8083191131281132
0.9283400220947098	1.2355148920893668	0.8141094112198306
0.9307730604994394	1.2290813294738412	0.821083437195705
0.9336174277907876	1.2214927003751979	0.8291821920948775
0.936857109568949	1.2127606952600294	0.8383385669681455
0.940473714351384	1.2028997919301776	0.8484784077426868
0.9444465222688437	1.1919276818956017	0.8595215827385376
0.9487525439277701	1.1798657567204665	0.8713830164896743
0.9533665907037709	1.166739655030415	0.8839736623950242
0.9582613578044293	1.152579870649993	0.897201396065643
0.9634075214780763	1.137422421956045	0.910971820088833
0.9687738517415252	1.1213095819171608	0.9251889786217694
0.9743273419470606	1.1042906673431871	0.9397559863691255
0.980033356400925	1.0864228844543589	0.9545755809574159
0.9858557970766391	1.0677722258050044	0.9695506105516538
0.9917572902327532	1.0484144106007645	0.9845844699509514
0.9976993934438798	1.028435856184128	0.9995814985972193
1.0036428231864474	1.0079346624850427	1.014447353202128
1.00954770268948	0.9870215829939201	1.029089366295762
1.0153738292721028	0.9658209446823596	1.0434169001496312
1.0210809598528299	0.9444714646196481	1.0573417034128292
1.0266291127438643	0.9231268922679186	1.0707782755720423
1.031978883252916	0.901956383397446	1.0836442421193877
1.0370917700243603	0.8811444848085468	1.0958607411753514
1.0419305084826198	0.8608905804717919	1.1073528203348404
1.0464594072165092	0.8414076232709577	1.1180498407343413
1.050644682687876	0.8229199590617646	1.127885883817432
1.0544547872845444	0.8056600513570196	1.136800155035259
1.0578607254880366	0.7898639485994962	1.144737377781279
1.0608363528094458	0.7757654154118279	1.1516481702414367
1.0633586521766223	0.7635887843426872	1.1574893975501186
1.065407982641362	0.7535407746885051	1.1622244916786235
1.066968295619474	0.7458017509459044	1.1658237318370863
1.0680273143750878	0.7405171137915695	1.1682644788238459
1.0685766731022865	0.7377896712295793	1.1695313576790543
1.0686120127239402	0.7376738642036199	1.1696163841532614
1.0681330313953763	0.7401725795136592	1.1685190318392753
1.0671434886398097	0.7452369792408943	1.1662462382821295
1.0656511630203567	0.7527693697244473	1.1628123499173555
1.0636677642349326	0.7626287213805197	1.1582390072291855
1.0612088014701295	0.7746381323265117	1.1525549730043914
1.0582934107348319	0.7885933686950574	1.145795907923521
1.0549441446834715	0.80427162437933	1.1380040989229594
1.0511867291072436	0.8214397866652476	1.1292281467295056
1.0470497907997478	0.8398617104365984	1.119522619673085
1.0425645618788266	0.8593042312194372	1.108947681291651
1.0377645658631915	0.8795418423850441	1.0975686993339604
1.0326852908621011	0.9003601030501566	1.0854558435292427
1.0273638551467412	0.9215579282205357	1.072683678925888
1.0218386701463906	0.9429489506523484	1.0593307607104974
1.0161491055689185	0.9643621483209973	1.0454792352186948
1.0103351609049125	0.9856419154770202	1.031214450361951
1.0044371470609392	1.006647729485479	1.0166245769504627
0.9984953813040709	1.0272535371308902	1.0018002404300985
0.9925498981103428	1.0473469570561902	0.9868341604225447
0.9866401779161976	1.0668283715677793	0.9718207932287183
0.9808048951939995	1.0856099618534212	0.9568559702135294
0.9750816867270979	1.1036147255961881	0.9420365228493768
0.9695069404604059	1.1207755045083905	0.9274598833033078
0.9641156048590531	1.1370340408066053	0.9132236479926213
0.9589410183273175	1.1523400754665796	0.8994250907277882
0.9540147579262481	1.1666504966778382	0.8861606121632024
0.9493665063819857	1.1799285438065832	0.8735251135534026
0.9450239361959546	1.1921430700158322	0.8616112855175944
0.9410126095492046	1.2032678652147346	0.8505088068401404
0.9373558926308848	1.2132810400168703	0.8403034543503447
0.9340748830088752	1.222164470737245	0.8310761325149405
0.9311883486921034	1.2299033050488302	0.822901840175099
0.9287126776020144	1.236485527680807	0.8158486012112999
0.926661836268187	1.2419015854233189	0.8099763948868159
0.9250473366838964	1.246144070673184	0.805336129055392
0.9238782103958579	1.2492074627882017	0.8019687041062338
0.923160989053703	1.251087926597324	0.7999042163853192
0.9228996908050248	1.251783167527772	0.7991613461761533
0.9230958120880751	1.2512923429487064	0.7997469670246032
0.9237483245441629	1.2496160294864078	0.8016560008242234
0.9248536769438148	1.246756246231467	0.8048715278823738
0.9264058021935796	1.242716533927978	0.8093651448980477
0.928396129662858	1.2375020904021563	0.8150975483298614
0.9308136032411294	1.2311199626469278	0.8220193077974902
0.9336447057038323	1.2235792961232965	0.8300717852639303
0.9368734901278405	1.214891641960972	0.8391881514574641
0.9404816192520614	1.2050713228305916	0.849294451280161
0.9444484138214876	1.1941358583059183	0.860310674181731
0.9487509110793508	1.182106450520474	0.872151792616238
0.9533639346764755	1.1690085308263107	0.884728740535682
0.9582601773431484	1.1548723679506694	0.8979493132414327
0.9634102977101507	1.1397337377721442	0.9117189788401859
0.9687830326648261	1.1236346542341311	0.9259415993406728
0.9743453265783062	1.1066241599831732	0.9405200656767482
0.9800624786346981	1.088759173926684	0.9553568555047982
0.9858983093265817	1.0701053908583333	0.9703545255480732
0.9918153469494114	1.050738225340764	0.9854161517263076
0.997775034628037	1.0307437878192873	1.000445730562677
1.0037379580417662	1.0102198750223288	1.0153485546693037
1.0096640935829435	0.989276948536688	1.0300315737332213
1.0155130761940783	0.9680390643940328	1.0444037505830943
1.0212444855894396	0.9466447019077815	1.0583764198019359
1.0268181489916186	0.9252474212971893	1.0718636541139026
1.0321944579180093	0.9040162566096437	1.0847826415317887
1.0373346959556382	0.8831357236187268	1.0970540740965835
1.0422013738869662	0.86280529356238	1.108602547040283
1.0467585679975575	0.8432381566770989	1.1193569654109956
1.0509722569329443	0.824659081204806	1.1292509536562962
1.0548106521004057	0.8073011739587914	1.13822326239842
1.0582445163536203	0.7914013806522423	1.1462181656771235
1.061247465573455	0.7771946419366251	1.1531858412994358
1.063796247781138	0.7649067548124799	1.1590827266287174
1.0658709946002216	0.7547461786352887	1.1638718421688385
1.0674554402240088	0.7468952520663819	1.1675230756440313
1.0685371035416975	0.7415015109852385	1.1700134199221355
1.069107429718242	0.7386699575192565	1.1713271590499097
1.06916188829198	0.7384571634466838	1.171455997825031
1.068700025726074	0.7408679554054488	1.1703991316727458
1.0677254712953812	0.7458551284852504	1.168163255070972
1.0662458961762145	0.7533222272578173	1.1647625083153021
1.0642729265971702	0.763129016242075	1.1602183639714858
1.061822012869302	0.7750989359072832	1.1545594558635128
1.0589122570092302	0.7890276728028341	1.1478213548288374
1.0555662024686991	0.8046919769747058	1.1400462966815827
1.0518095901627402	0.8218580013334142	1.131282868809829
1.0476710855261475	0.8402886544821873	1.1215856625527298
1.0431819817114256	0.8597496885398402	1.1110148989256032
1.0383758842647985	0.8800144416754264	1.0996360353643009
1.033288382681471	0.9008672992164616	1.087519360932458
1.0279567141548445	0.9221060244416069	1.07473958687442
1.0224194246101104	0.9435431495345279	1.061375438509123
1.0167160317688193	0.9650066223254734	1.0475092532606534
1.010886694548783	0.9863398887615492	1.0332265881318314
1.004971892586738	1.007401565172749	1.0186158381782449
0.9990121191035336	1.028064825636247	1.00376786557114
0.9930475897371462	1.0482166024236037	0.9887756366996702
0.9871179693697073	1.0677566737829074	0.9737338625228935
0.9812621183910676	1.0865966938644789	0.9587386351270477
0.9755178592901843	1.1046592043255412	0.9438870512881226
0.9699217639606778	1.121876655527555	0.9292768119304651
0.9645089616585675	1.1381904566157524	0.9150057848932104
0.9593129671654411	1.15355006749983	0.9011715175896263
0.954365528392753	1.1679121412731162	0.8878706862236687
0.9496964924134957	1.181239722452524	0.8751984694818685
0.9453336887242985	1.1935015042319308	0.863247837301037
0.9413028284204252	1.204671146444328	0.8521087496168466
0.9376274179027617	1.2147266549223836	0.84186726599917
0.9343286857234403	1.2236498222882335	0.8326045746642988
0.931425521208187	1.231425729788792	0.8243959581592193
0.9289344235617397	1.2380423095508881	0.8173097223870948
0.9268694602608545	1.243489966511313	0.811406124650361
0.9252422336610165	1.2477612592458591	0.8067363438791064
0.9240618548824001	1.2508506389546177	0.8033415409690691
0.9233349241929606	1.2527542459410945	0.8012520580938551
0.9230655172678857	1.253469763037637	0.8004868022697311
0.923255176871979	1.2529963255695302	0.8010528502066445
0.9239029096825628	1.251334487607179	0.8029452991390416
0.9250051881435722	1.2484862444231735	0.8061473731302233
0.9265559574154046	1.2444551112424924	0.8106307780181373
0.9285466476586861	1.2392462585435864	0.8163562826540116
0.9309661920622386	1.2328667043293118	0.8232744911682686
0.9338010511946622	1.225325563933013	0.8313267620154198
0.9370352444228746	1.2166343580487446	0.8404462251817576
0.9406503892969587	1.2068073797664487	0.8505588491657547
0.9446257499448534	1.195862121440787	0.8615845135345338
0.948938295648262	1.183819762210057	0.87343804998457
0.95356277087705	1.1707057168864157	0.886030223679342
0.9584717781370417	1.1565502467279256	0.899268636028422
0.9636358750287147	1.1413891322297007	0.91305853903326
0.9690236869145592	1.1252644074680016	0.9273035591536329
0.97460203654385	1.1082251546004502	0.9419063349362577
0.9803360918785663	1.0903283557305763	0.9567690772427437
0.9861895331975172	1.071639797294507	0.9717940638652901
0.992124740323194	1.0522350191612124	0.9868840818031244
0.998103000515023	1.0322002964079817	1.001942830737651
1.0040847372037096	1.0116336357923357	1.0168753005579627
1.010029759307012	0.9906457607378268	1.0315881344078257
1.0158975303737257	0.9693610475440542	1.0459899868779097
1.0216474562592477	0.9479183608516206	1.0599918848428624
1.0272391894558228	0.9264717175724654	1.0735075961942018
1.0326329475997786	0.9051906853084338	1.0864540094657877
1.037789843076012	0.884260394237149	1.0987515251799416
1.0426722200586584	0.8638810123760245	1.1103244577288336
1.047243994789858	0.8442665069485807	1.1211014448011174
1.0514709944301777	0.8256424960454704	1.131015859809414
1.0553212894385677	0.8082429950430313	1.1400062215023943
1.0587655141789987	0.7923058944616419	1.1480165939801312
1.0617771703244518	0.7780670841888718	1.154996969689858
1.064332907651581	0.7657532737394349	1.1609036276704159
1.0664127770007943	0.7555737493850648	1.1656994593377605
1.0680004505195886	0.7477115381231754	1.1693542544522022
1.0690834048079518	0.7423146741087424	1.1718449405616473
1.069653063232294	0.7394884246326662	1.1731557701448607
1.069704894450488	0.7392893658048452	1.1732784508457283
1.0692384650706934	0.7417220605341455	1.1722122155454675
1.0682574453209384	0.7467387872892124	1.1699638305092432
1.0667695676011708	0.7542423566713791	1.1665475414053745
1.0647865387890914	0.7640916323233882	1.1619849585652857
1.0623239081394416	0.7761090448193019	1.1563048843657653
1.0594008935190993	0.7900892195430674	1.149543087009897
1.056040169526499	0.8058078455900393	1.1417420262015463
1.0522676217272622	0.8230300565437209	1.1329505372003175
1.048112071778697	0.8415178132080516	1.1232234804674712
1.043604978600745	0.8610360102970064	1.112621364536551
1.038780120974348	0.8813572284414173	1.101209949843517
1.0336732670111215	0.9022651975114794	1.0890598410184014
1.0283218358487338	0.9235571244972001	1.076246074571786
1.022764556698051	0.9450450782627906	1.062847708011588
1.0170411300191669	0.9665566282364991	1.0489474152137286
1.0111918951557224	0.9879349180090339	1.034631091366901
1.005257508234023	1.0090383285971412	1.01998746904775
0.9992786335599074	1.02973985710095	1.005107744998409
0.9932956511461408	1.0499263089786826	0.9900852150254105
0.9873483823986936	1.0694973783052648	0.9750149121851962
0.9814758354019062	1.0883646708607198	0.9599932411551528
0.9757159706872703	1.1064507095765255	0.9451175995258098
0.9701054878624298	1.1236879502234738	0.9304859748377285
0.9646796330261801	1.1400178265907113	0.9161965047114767
0.9594720265088881	1.1553898381329373	0.9023469866043775
0.9545145101593019	1.1697606885829848	0.8890343238285393
0.9498370131490182	1.1830934808756164	0.8763538957505193
0.9454674350830974	1.195356971542933	0.864398842817737
0.9414315450855454	1.2065248862485511	0.8532592614123669
0.9377528954662602	1.2165752971257957	0.8430213095903878
0.9344527485650653	1.2254900619296634	0.8337662324030309
0.9315500154015854	1.2332543246008132	0.8255693243494301
0.9290612048296991	1.2398560766005864	0.8184988559116059
0.9270003819952444	1.2452857782593856	0.812615000130961
0.9253791350189594	1.2495360393521888	0.8079688026428038
0.9242065489676538	1.252601358150543	0.8046012432705225
0.9234891863304867	1.2544779182830381	0.8025424381155682
0.9232310733799202	1.2551634428535248	0.8018110273638349
0.9234336919655755	1.254657105408515	0.8024137856481202
0.9240959764614018	1.2529594975045322	0.8043454793433266
0.9252143157607929	1.2500726527956976	0.8075889798811768
0.9267825603892518	1.246000127735369	0.8121156258026495
0.9287920349788892	1.2407471391569824	0.8178858107606326
0.9312315565222157	1.234320759162094	0.8248497618293071
0.9340874589928367	1.2267301678912688	0.8329484635930952
0.9373436250856791	1.2179869648780437	0.8421146792403116
0.9409815259862864	1.20810553977842	0.8522740202353659
0.944980270223807	1.197103503315871	0.8633460204458665
0.949316662790804	1.1850021792683203	0.875245177810319
0.9539652758193256	1.1718271582256958	0.8878819355313683
0.9588985321804253	1.1576089136314303	0.9011635841965019
0.9640868034164961	1.1423834802407766	0.9149950751886811
0.9694985234152123	1.1261931945140695	0.9292797435586087
0.9751003191832815	1.1090874955153966	0.9439199447860085
0.9808571599710378	1.0911237834667615	0.958817614414659
0.9867325258292758	1.0723683310203098	0.9738747624572996
0.9926885964435045	1.0528972392908857	0.9889939159128899
0.9986864607855657	1.0327974263849857	1.0040785229691394
1.0046863477484989	1.0121676301145648	1.0190333317467333
1.0106478774905803	0.9911193982341369	1.0337647550356608
1.016530332714883	0.9697780282379829	1.0481812306054565
1.0222929485611172	0.9482834038253354	1.062193584529583
1.0278952192001036	0.9267906560167841	1.0757154027015603
1.0332972186146145	0.905470553371946	1.0886634134551905
1.038459932443169	0.8845094983656736	1.1009578820242856
1.043345597177815	0.8641089776356258	1.1125230155583785
1.0479180424669852	0.8444842865520792	1.1232873756033999
1.052143031804791	0.8258623303419889	1.133184293402052
1.0559885965128124	0.8084783052042223	1.142152282099754
1.0594253576620305	0.7925710968564657	1.1501354389830174
1.062426830460389	0.7783773149465619	1.1570838302448054
1.0649697056604333	0.7661240200671771	1.1629538504745922
1.0670341027310275	0.7560203950491738	1.1677085491098336
1.0686037898899976	0.7482488442424129	1.1713179164509566
1.0696663666065496	0.7429562307552637	1.1737591225144697
1.0702134048417649	0.7402461201796376	1.1750167029484984
1.070240546083803	0.7401729256857782	1.175082687422219
1.0697475521264848	0.7427387024418775	1.1739566672763293
1.0687383085054691	0.7478930257522093	1.1716458007292994
1.0672207805109752	0.7555359693369702	1.1681647555118526
1.065206922703899	0.765523778217464	1.1635355903848907
1.0627125438367353	0.7776765066331643	1.1577875785186995
1.0597571299873674	0.79178673122265	1.1509569771110668
1.0563636295214047	0.807628464103056	1.1430867488411331
1.0525582041811974	0.8249655412047261	1.1342262417438722
1.0483699511371365	0.843558984571642	1.1244308348053649
1.0438306012165064	0.8631730705194846	1.1137615569897765
1.0389741987414212	0.883580034023163	1.102284687493707
1.03383676846196	0.9045634823227598	1.090071344771223
1.028455974971788	0.9259206756721201	1.0771970712820162
1.0228707797555048	0.9474638701774016	1.063741419993061
1.0171211006582852	0.9690209208660399	1.0497875474268077
1.0112474781112852	0.9904353260114304	1.035421816519748
1.0052907519148304	1.0115658669360785	1.0207334107658441
0.9992917518002301	1.03228596822172	1.0058139591112063
0.9932910043845103	1.0524828756889721	0.9907571688926304
0.9873284585229548	1.0720567257069868	0.9756584618425669
0.9814432304722911	1.0909195599819421	0.9606146059073205
0.9756733697198827	1.1089943247801688	0.9457233334617127
0.9700556458251293	1.126213882016163	0.9310829346033428
0.9646253561687312	1.142520051105394	0.9167918127618767
0.9594161541202809	1.1578626942941401	0.9029479890901352
0.9544598968182807	1.1721988537657657	0.8896485422716034
0.949786511509708	1.1854919457228243	0.8769889717537791
0.9454238792166113	1.1977110144974326	0.8650624752505528
0.9413977343809365	1.2088300482776866	0.8539591358359275
0.9377315790802032	1.2188273570570314	0.843765020135942
0.93444661039924	1.2276850127734993	0.8345611968813109
0.9315616595796886	1.2353883512058481	0.8264226940196373
0.9290931416421824	1.2419255349631715	0.8194174220196525
0.9270550142789002	1.247287176794811	0.8136050999656017
0.9254587449400751	1.251466022424441	0.8090362283678866
0.9243132851813379	1.2544566921524771	0.8057511570837668
0.9236250514945641	1.2562554805577204	0.803779297286338
0.9233979120093213	1.2568602137499538	0.8031385223734624
0.9236331786221181	1.2562701637706557	0.8038347940010698
0.9243296042841459	1.2544860199011005	0.8058620366908443
0.9254833853536355	1.2515099168091663	0.8092022690010288
0.9270881690949826	1.2473455196417684	0.8138259828380922
0.9291350665825412	1.2419981663428095	0.8196927470740719
0.9316126714411181	1.2354750676404926	0.8267519989881419
0.9345070850262508	1.2277855652960008	0.8349439784568298
0.9378019488131044	1.2189414493298574	0.8442007558912624
0.9414784849203188	1.2089573350331975	0.854447305575372
0.9455155458404402	1.1978511006161496	0.8656025806161193
0.9498896745769771	1.1856443863275508	0.877580553105667
0.9545751764937319	1.1723631557754335	0.8902911920924148
0.9595442042585178	1.1580383199518078	0.9036413613968041
0.9647668573034839	1.1427064240688647	0.9175356282298177
0.9702112972207791	1.1264103966754209	0.9318769813011766
0.9758438804578518	1.1092003595401623	0.946567463256545
0.9816293095646939	1.09113449531775	0.961508726729855
0.9875308040699609	1.0722799678540804	0.9766025261017303
0.9935102918199878	1.0527138868643922	0.9917511584063338
0.9995286213020725	1.032524304268507	1.0068578669793007
1.0055457950912778	1.0118112232237513	1.0218272206586982
1.0115212241116758	0.9906875922834698	1.0365654798955743
1.0174140018949323	0.969280245466739	1.0509809592257953
1.0231831974614296	0.9477307336718249	1.0649843933880785
1.0287881648553079	0.9261959732435338	1.0784893120942274
1.0341888667519483	0.9048486134378272	1.0914124261834615
1.03934620894453	0.8838769966500475	1.103674025713126
1.044222381928089	0.8634845556479088	1.1151983885216414
1.0487812052591565	0.843888464954008	1.1259141959994792
1.0529884699015801	0.8253173462487945	1.1357549512614318
1.056812273398928	0.8080078309778064	1.144659393660571
1.060223342463326	0.7921998209426593	1.1525719026452714
1.0631953374591265	0.7781303737757804	1.1594428833519053
1.0657051333019791	0.7660262846737048	1.165229126055801
1.067733071498661	0.7560956366199614	1.1698941316713314
1.0692631784228133	0.7485188269448128	1.1734083958883375
1.07028334545143	0.7434398031631355	1.1757496452362897
1.0707854672643369	0.7409583919493778	1.1769030193484034
1.0707655354144798	0.7411246175913001	1.176861194914605
1.0702236851847045	0.7439357421412706	1.1756244482144098
1.0691641947258839	0.7493364304507677	1.1732006546509004
1.0675954364868423	0.7572220167466801	1.1696052253020166
1.065529781961928	0.7674444287112617	1.164860982099582
1.0629834617605498	0.7798200112717826	1.1589979747740633
1.059976383909804	0.794138347429808	1.152053244100996
1.0565319141053404	0.8101712031158104	1.144070537195583
1.0526766223011292	0.8276808849795617	1.1350999815748648
1.048440000556253	0.8464275288679278	1.1251977254009622
1.0438541574240763	0.8661750702168467	1.1144255517031338
1.0389534943711707	0.8866958429205554	1.1028504744302505
1.0337743697526622	0.9077738912323513	1.0905443238984862
1.0283547557561297	0.9292071595757765	1.077583328571229
1.022733893472763	0.9508087584089452	1.064047699147909
1.0169519508813336	0.9724075048430463	1.0500212196623373
1.0110496880604503	0.9938479180110343	1.0355908487241776
1.0050681334018268	1.014989821598193	1.0208463322121828
0.9990482740070875	1.0357076764153161	1.0058798266877165
0.9930307628371636	1.0558897384145467	0.990785530597151
0.9870556445693739	1.0754371139906675	0.9756593180436415
0.9811621015228426	1.0942627652987242	0.9605983676264622
0.9753882204550817	1.1122905034203534	0.9457007766912277
0.9697707805248881	1.1294539959455727	0.931065149462844
0.9643450622691226	1.1456958072213548	0.9167901461387147
0.9591446770599894	1.1609664835004898	0.9029739793337849
0.9542014161981854	1.1752236909416351	0.8897138445523304
0.9495451185560255	1.1884314114087158	0.8771052728848994
0.9452035555110502	1.2005591989424202	0.8652413971407636
0.9412023318004261	1.211581498363918	0.8542121273027398
0.9375648008737824	1.2214770265275727	0.8441032375746027
0.9343119933202986	1.2302282161265714	0.8349953752212917
0.931462556987491	1.2378207215752923	0.8269630104559432
0.9290327074868842	1.2442429862764075	0.8200733560873089
0.9270361878885577	1.2494858704820615	0.8143852945104991
0.9254842365358252	1.25354233894415	0.8099483567153475
0.9243855620574802	1.256407207595981	0.8068018020802662
0.9237463248131654	1.258076948600036	0.8049738477812275
0.9235701241738747	1.2585495532222273	0.8044810920636906
0.9238579912112805	1.2578244521425028	0.805328166405016
0.9246083865445299	1.2559024929771807	0.8075076384506991
0.9258172032697594	1.2527859749631653	0.8110001719087574
0.9274777750747553	1.2484787409318951	0.8157749331510256
0.9295808898178959	1.2429863268751495	0.8217902190484866
0.9321148090255326	1.2363161695694256	0.8289942682933092
0.935065293933748	1.2284778728732453	0.8373262103534429
0.9384156388666058	1.219483533434532	0.8467171028040794
0.9421467129006343	1.2093481266330217	0.8570910089226796
0.9462370109102167	1.1980899536225487	0.8683660723832859
0.950662715215894	1.185731150312257	0.8804555535392811
0.9553977691614025	1.1722982590092517	0.8932688009112467
0.9604139640189183	1.157822863201959	0.9067121409457425
0.9656810406582362	1.1423422855416459	0.9206896779495265
0.9711668074070364	1.1259003484041141	0.9351040036876207
0.9768372754686893	1.108548195377533	0.9498568221093353
0.9826568131444755	1.0903451704742442	0.9648494989299029
0.9885883199230053	1.0713597495940983	0.9799835484281127
