1.0	1.0	0.9999999999999999
1.0057680637834578	0.9795228209978496	1.0144638487842106
1.0114651732274642	0.9587515870438198	1.0286295567410872
1.0170524334869764	0.9378195904340686	1.0424108944072223
1.0224911601325672	0.9168745258366613	1.0557242861066243
1.027743179081653	0.8960788752953202	1.0684891637202298
1.032771137094503	0.8756099368107316	1.080628331178437
1.0375388194859845	0.8556593587195207	1.0920683388944963
1.0420114712086872	0.8364320170008616	1.102739865643487
1.0461561170280043	0.8181440550259266	1.1125781039106406
1.0499418761565373	0.8010199040760971	1.121523143512639
1.0533402664640046	0.7852881298696335	1.129520347357764
1.0563254932474377	0.7711760180532778	1.1365207125702355
1.0588747175486706	0.7589029300463469	1.1424812098686954
1.0609682991514002	0.7486726308879568	1.1473650940593352
1.0625900096819019	0.7406649982389123	1.1511421787730385
1.0637272116734349	0.7350277314990055	1.1537890691271153
1.0643710000255073	0.7318688390968913	1.1552893468004428
1.06451630298021	0.7312507318932142	1.1556337030423258
1.0641619405278218	0.7331866490357634	1.1548200163478617
1.0633106390168678	0.737639885961641	1.152853372877004
1.0619690016501562	0.7445259282721505	1.1497460291164965
1.0601474354662164	0.7537172043115128	1.1455173177258156
1.0578600363025445	0.7650498470374449	1.1401934989116738
1.0551244340817354	0.7783316707281369	1.1338075609835643
1.0519616015252151	0.7933505421940887	1.1263989749019088
1.0483956300572164	0.8098824349789776	1.1180134085930862
1.0444534771942946	0.8276986454959412	1.108702407531667
1.0401646901096784	0.8465718640848098	1.0985230485476345
1.0355611103098274	0.8662809864123014	1.087537573982381
1.0306765644621287	0.8866146965794443	1.075813013177645
1.0255465463729947	0.9073739465092016	1.063420797831204
1.0202078949455102	0.9283735028383324	1.0504363769945788
1.0146984726604273	0.9494427444767614	1.0369388364316237
1.009056848742338	0.9704258837408604	1.0230105257199305
1.0033219907151387	0.9911817619681018	1.0087366948842862
0.9975329675393234	1.01158334425219	0.9942051405361134
0.9917286669800078	1.0315170120544845	0.9795058594986423
0.985947529299803	1.050881729412265	0.9647307057823759
0.9802272988235976	1.0695881392518285	0.9499730446156937
0.9746047943996013	1.0875576310048511	0.9353273951323816
0.9691156992962683	1.104721408935906	0.9208890514029537
0.9637943706385798	1.1210195817466553	0.9067536699370412
0.9586736681071457	1.1364002875313353	0.8930168107845454
0.9537848013041398	1.150818863477506	0.879773419162226
0.949157194933029	1.1642370663822692	0.8671172353899579
0.9448183707437167	1.1766223477268583	0.8551401230933112
0.9407938450584545	1.1879471854455443	0.8439313093299611
0.9371070406124439	1.1981884734326118	0.8335765356432464
0.9337792114111039	1.2073269691040698	0.8241571259928451
0.9308293793174668	1.215346798861655	0.8157489857905882
0.9282742811316514	1.222235021020177	0.8084215553365737
0.9261283250036128	1.2279812456025234	0.8022367499801407
0.924403555124297	1.2325773103431112	0.7972479272573925
0.9231096237635084	1.2360170122446894	0.7934989268960213
0.9222537698605041	1.238295894087155	0.7910232318059854
0.9218408035215473	1.2394110853773515	0.7898432961547103
0.9218730959342072	1.2393611973458634	0.7899700800251536
0.9223505743685958	1.2381462717327365	0.7914028192939332
0.9232707220990947	1.2357677832522063	0.7941290452434672
0.9246285832449668	1.2322286957808692	0.7981248525929883
0.9264167726933091	1.227533572468678	0.8033553989573081
0.9286254914318214	1.2216887401217884	0.8097756050509949
0.9312425477803546	1.2147025083446445	0.8173310147302495
0.9342533851672014	1.2065854440488355	0.8259587680993661
0.9376411172461268	1.1973507020299798	0.8355886396130009
0.9413865712899131	1.1870144123708493	0.8461440959535483
0.9454683409216844	1.1755961254352254	0.857543334557111
0.9498628493516721	1.1631193151533967	0.8697002718541504
0.9545444243688381	1.1496119411395638	0.8825254594049154
0.9594853863877978	1.1351070698845527	0.8959269151126534
0.9646561508653664	1.1196435547781214	0.9098108648067778
0.9700253463712988	1.1032667739533388	0.9240823962066049
0.9755599495182441	1.086029423797485	0.9386460323742595
0.9812254378210845	1.067992364280946	0.9534062352283772
0.9869859613613582	1.049225509800336	0.9682678516539781
0.992804533875549	1.0298087557233437	0.9831365154311621
0.9986432435658977	1.0098329258815626	0.9979190178745467
1.004463483550691	0.9894007194093195	1.012523658983474
1.0102262014320957	0.968627626008202	1.0268605892828786
1.0158921669709384	0.9476427663145345	1.0408421505840524
1.0214222563299253	0.9265895979859223	1.0543832217737918
1.0267777507933697	0.9056264080443591	1.0674015735751088
1.0319206473090652	0.8849264880750183	1.0798182341090108
1.0368139776457204	0.8646778622169934	1.0915578650978206
1.0414221324383148	0.8450824112354313	1.1025491467412523
1.0457111859260222	0.8263542144062251	1.1127251677094012
1.0496492167952718	0.8087169224928351	1.1220238153642992
1.0532066202453394	0.7923999907859199	1.1303881602684709
1.056356406214737	0.7776336539333305	1.1377668282828293
1.0590744786593667	0.7646426258403443	1.1441143531081337
1.061339890869153	0.7536386633855994	1.1493915019877654
1.063135072054554	0.7448123335523384	1.1535655674602956
1.064446020827636	0.7383245415930075	1.156610618515078
1.0652624617374622	0.734298564410786	1.1585077052405064
1.0655779616829752	0.7328134285026012	1.1592450120312325
1.0653900037989115	0.7338994238995133	1.158817955597189
1.0647000172665297	0.7375363353222096	1.1572292253460763
1.0635133624120743	0.7436546288679011	1.1544887651379958
1.0618392713898717	0.7521394324070378	1.150613696878324
1.059690745670676	0.7628367869525342	1.1456281878630985
1.0570844124367254	0.7755614065208231	1.139563265161007
1.0540403427924663	0.7901051048036782	1.132456581551845
1.0505818354073304	0.806245117663024	1.1243521385921977
1.0467351697925569	0.8237517238237159	1.1152999732015991
1.0425293338619035	0.8423947820791482	1.10535581472102
1.0379957307268741	0.8619490100507212	1.0945807196640387
1.0331678698278564	0.8821979947505192	1.0830406913422848
1.0280810475070097	0.90293703695675	1.0708062911927536
1.0227720219960275	0.9239749927682154	1.0579522479657024
1.0172786875363802	0.9451352975788504	1.0445570699564817
1.011639751989315	0.9662563530812065	1.0307026641983874
1.0058944218485	0.9871914382815347	1.0164739649995496
1.0000820980619027	1.0078082794913765	1.001958572436106
0.9942420855237772	1.0279883874419675	0.987246399447512
0.9884133185341608	1.04762624517564	0.9724293240717342
0.982634103962114	1.0666284095923493	0.9576008411795318
0.9769418833078014	1.0849125727750788	0.9428557059120909
0.9713730143522589	1.1024066161998678	0.9282895590177682
0.9659625726241925	1.1190476811068373	0.9139985225788767
0.9607441725088885	1.1347812710544185	0.9000787534130482
0.9557498074808963	1.149560397425175	0.8866259409564649
0.9510097086620766	1.163344774906991	0.8737347369452023
0.9465522206899113	1.1761000713426066	0.8614981059683663
0.9424036937255257	1.1877972145176292	0.850006589205316
0.9385883903326804	1.1984117572130342	0.8393474785316518
0.9351284059129058	1.2079233010149686	0.8296039046956074
0.9320436013818749	1.216314978831823	0.8208538512306729
0.9293515468116051	1.2235729957309105	0.8131691147212672
0.9270674748355497	1.229686227514983	0.806614241227763
0.9252042427128793	1.234645876370871	0.8012454770967687
0.9237723020684493	1.2384451829099283	0.7971097788595133
0.9227796754610763	1.241079193962492	0.7942439302849229
0.922231939080479	1.2425445855717174	0.7926738139537947
0.9221322110291618	1.2428395407451416	0.7924138794518727
0.9224811448068659	1.2419636816566877	0.7934668405607738
0.9232769277800092	1.239918056140506	0.7958236204648035
0.9245152845851518	1.23670517847484	0.7994635484093572
0.9261894855827312	1.2323291246131347	0.8043547952546105
0.9282903606439126	1.226795682175065	0.8104550208520653
0.9308063187179368	1.2201125556559875	0.817712194753916
0.933723373788175	1.2122896274428583	0.8260655445357439
0.9370251779797484	1.203339275329966	0.8354465833858472
0.9406930627270864	1.1932767472992496	0.845780170336015
0.9447060890422415	1.1821205943545663	0.8569855617934338
0.9490411080395045	1.1698931621594466	0.8689774207772154
0.9536728329634432	1.1566211420987653	0.8816667592699852
0.9585739240297689	1.1423361821306428	0.8949617982700812
0.9637150874149906	1.1270755573646176	0.9087687386060536
0.969065189714954	1.110882899622002	0.9229924427685805
0.9745913891275854	1.0938089841999268	0.937537033620431
0.9802592844956499	1.0759125705250847	0.9523064197915491
0.9860330831661762	1.057261291144303	0.9672047599529554
0.9918757883810239	1.0379325802834451	0.9821368791944328
0.9977494066063887	1.0180146286545737	0.9970086506608814
1.0036151748387803	0.9976073448480415	1.0117273546925516
1.0094338074947442	0.9768232949602165	1.0262020262078755
1.0151657620079926	0.9557885804602884	1.0403437991742441
1.0207715217305313	0.9346435990782542	1.0540662549040234
1.026211894176823	0.9135436142455106	1.0672857787266616
1.0314483220782253	0.8926590353091657	1.079921927427893
1.0364432041476563	0.8721752841888398	1.0918978077938155
1.041160221912791	0.8522920966137341	1.1031404647116065
1.0455646684823907	0.8332220820078485	1.1135812756063637
1.0496237746875174	0.8151883527937853	1.123156346570716
1.0533070277095422	0.798421041830608	1.1318069043979977
1.0565864770902966	0.7831525687768441	1.139479677881098
1.0594370229336059	0.7696116051389924	1.1461272612010605
1.0618366811646809	0.758015831355299	1.1517084520080103
1.0637668209219358	0.7485637732314859	1.1561885568900518
1.065212369516222	0.7414262263204141	1.1595396573225356
1.0661619808999705	0.7367379808544633	1.1617408298703822
1.0666081642314296	0.7345906868649724	1.162778315350384
1.066547369878702	0.7350276918009908	1.162645632809786
1.0659800310604635	0.7380415108645026	1.1613436354951574
1.06491056023637	0.743574270159178	1.1588805074180062
1.0633473003080656	0.7515210613043272	1.1552717006124815
1.061302431637785	0.7617357597647983	1.150539814665203
1.0587918368020441	0.7740385785410366	1.1447144215171074
1.0558349258410844	0.7882245068037063	1.1378318398341754
1.0524544255121844	0.8040718207880454	1.1299348643648273
1.0486761366829824	0.8213500106866388	1.1210724566001404
1.044528664491961	0.8398266819553105	1.1112994036907726
1.0400431262457903	0.859273205923118	1.100675952922388
1.035252842213006	0.8794690746474054	1.0892674290900475
1.0301930145124474	0.9002050417576505	1.077143841831125
1.0249003991913586	0.9212852047231086	1.0643794893745897
1.0194129763553945	0.9425282144339528	1.0510525642487636
1.0137696228686746	0.9637677983781517	1.0372447652744547
1.0080097917072144	0.9848527663314952	1.023040918677623
1.0021732015458338	1.0056466418731924	1.0085286094154253
0.9962995396101225	1.0260270355715286	0.993797821861028
0.9904281802535791	1.0458848500525695	0.9789405868875929
0.9845979211465846	1.065123385124052	0.9640506301983109
0.9788467384071534	1.0836573931846478	0.9492230145567788
0.973211561479245	1.1014121211128043	0.9345537664974802
0.9677280680856057	1.1183223641769953	0.9201394762902225
0.9624304991581474	1.1343315496166317	0.9060768585828313
0.9573514932859786	1.1493908618087048	0.8924622604781599
0.9525219399226793	1.1634584168378117	0.8793911040685397
0.9479708503607216	1.176498491401939	0.8669572519185492
0.9437252453103286	1.1884808089827639	0.855252286899345
0.9398100578088137	1.1993798848381927	0.8443647023107083
0.9362480501294351	1.2091744304532341	0.8343790044275285
0.9330597433499888	1.217846817481399	0.8253747373275125
0.9302633582741462	1.2253826008290896	0.8174254486937642
0.9278747664661867	1.2317701003145392	0.8105976245488533
0.9259074502558333	1.2370000402253325	0.8049496296023937
0.9243724706882465	1.241065246072753	0.8005306969262199
0.9232784425296869	1.2439603978752163	0.7973800148151936
0.9226315155872219	1.245681839380987	0.7955259589244859
0.9224353617575585	1.2462274427507447	0.7949855134753462
0.9226911673827016	1.2455965283543105	0.7957639164659485
0.9233976306564783	1.2437898394855746	0.7978545510783519
0.9245509639944289	1.2408095719589534	0.801239090148635
0.9261449014488708	1.2366594587135027	0.8058878844275768
0.9281707114198622	1.2313449097112505	0.8117605703129885
0.9306172150801189	1.2248732075683442	0.8188068604955391
0.9334708110959321	1.2172537594945214	0.8269674727533035
0.9367155073846656	1.2084984062306556	0.8361751485203872
0.940332960799479	1.198621788756175	0.8463557137204729
0.9443025257698634	1.1876417735758529	0.8574291390037156
0.9486013130477212	1.1755799373720808	0.8693105638923863
0.9532042598077178	1.1624621117008704	0.8819112582259804
0.9580842124213685	1.1483189881839817	0.8951395035647058
0.9632120232601873	1.133186784257468	0.9089013859344333
0.9685566628774321	1.1171079689092962	0.923101498828242
0.9740853488637973	1.1001320468766473	0.9376435613569324
0.9797636925636419	1.0823163983377702	0.9524309607475223
0.985555864669742	1.0637271690308556	0.9673672310943526
0.9914247804822698	1.0444402027011097	0.9823564815607261
0.9973323053197456	1.0245420034701507	0.9973037873589009
1.0032394802064333	1.0041307096947358	1.0121155560671362
1.0091067675351562	0.9833170525911201	1.0266998804240464
1.0148943159228423	0.9622252617251696	1.040966886891526
1.020562242947743	0.9409938647697302	1.0548290871791708
1.0260709338947733	0.9197763101936572	1.068201737719969
1.0313813540547614	0.8987413186226023	1.0810032098910871
1.0364553715432676	0.878072842117277	1.0931553716703075
1.0412560870461498	0.8579694825112931	1.1045839794732362
1.045748166384936	0.8386431942727669	1.1152190771786574
1.0498981713486042	0.8203170809534465	1.1249953978577802
1.0536748838825296	0.8032220972529551	1.133852762507466
1.0570496184812628	0.7875925038801891	1.1417364691700769
1.0599965175177755	0.7736600031107139	1.1485976652185952
1.0624928242718892	0.7616466185733166	1.1543936953029363
1.0645191286035809	0.7517565718713268	1.1590884174916842
1.0660595805554438	0.7441676315333998	1.162652480493546
1.0671020676586878	0.7390226248197939	1.165063555486031
1.0676383523477517	0.7364219508626647	1.1663065169867879
1.0676641666422255	0.7364179537236144	1.1663735683378442
1.0671792621077147	0.7390118684518892	1.1652643086881789
1.0661874140307461	0.7441537499496582	1.162985739802152
1.0646963797046174	0.751745393540601	1.1595522125313296
1.062717811688845	0.761645853171421	1.1549853143036701
1.06026712784009	0.773678854474756	1.1493137004446334
1.0573633407841858	0.7876412474858697	1.1425728734897926
1.054028850277407	0.803311657542542	1.1348049158226596
1.0502892025654527	0.8204586365144679	1.1260581819260866
1.0461728213715416	0.8388478297077834	1.1163869572304086
1.0417107155179925	0.8582478969740241	1.1058510909453507
1.036936168402962	0.8784351172425721	1.0945156103543094
1.0318844146167894	0.8991967434504629	1.0824503238171235
1.0265923088981586	0.9203332575884364	1.0697294191685023
1.021097992411941	0.9416597123592965	1.056431063319669
1.0154405609957413	0.9630063500394908	1.042637007684691
1.0096597395914402	0.9842186734235513	1.0284322025815527
1.003795566574266	1.0051571184065298	1.013904422031132
0.9978880911385658	1.0256964497849925	0.9991438984333889
0.9919770863195623	1.0457249753592164	0.9842429644900452
0.9861017796456605	1.0651436504243408	0.9692956975331237
0.9803006028457637	1.0838651259051442	0.9543975591962112
0.9746109614972066	1.101812778592677	0.9396450212442722
0.9690690250057962	1.1189197506764283	0.925135166505225
0.963709536870236	1.1351280174002483	0.9109652524062698
0.9585656448056813	1.1503874955819053	0.8972322238317355
0.9536687499890409	1.1646552013797484	0.8840321621395042
0.9490483744427779	1.1778944626188552	0.871459658466735
0.9447320453927407	1.190074188854165	0.8596071021732964
0.9407451953154505	1.2011682008854154	0.8485638796022124
0.9371110763261404	1.2111546204538317	0.8384154843487295
0.9338506875445937	1.220015320203295	0.8292425478040272
0.9309827141047293	1.227735433579552	0.8211198075073279
0.928523476539038	1.234302924100448	0.8141150401450555
0.9264868893636778	1.2397082133095516	0.8082879949413938
0.9248844278080922	1.2439438666914737	0.8036893705467857
0.9237251017687995	1.2470043368561872	0.8003598831419372
0.9230154362158849	1.2488857633750945	0.7983294742702799
0.9227594574387565	1.2495858287612636	0.7976167032023259
0.9229586846819766	1.249103670220741	0.7982283603102158
0.9236121268901217	1.2474398469535222	0.8001593255693675
0.924716284451042	1.2445963629449412	0.8033926811498088
0.9262651559982533	1.2405767453547534	0.8079000708421065
0.928250250504399	1.235386178776119	0.8136422837019299
0.9306606050675035	1.229031695793828	0.8205700265598129
0.9334828089585564	1.2215224244139011	0.8286248412366173
0.9367010346606696	1.2128698930574215	0.8377401180870178
0.9402970767837935	1.2030883939009647	0.8478421578249687
0.944250399881107	1.192195405392225	0.8588512378321814
0.9485381963190819	1.1802120747561986	0.8706826462787354
0.9531354554575177	1.167163761211911	0.8832476561912489
0.9580150454723604	1.1530806404095868	0.8964544209289835
0.963147809196134	1.1379983702267544	0.9102087814077378
0.9685026753514117	1.1219588174615587	0.9244149831568658
0.9740467865049779	1.1050108440365383	0.9389763075068136
0.979745644967708	1.0872111499403123	0.9537956257387441
0.9855632777022384	1.0686251680992107	0.9687758879344681
0.9914624210729658	1.0493280034283576	0.9838205597222573
0.9974047259785404	1.0294054041198701	0.998834020367811
1.0033509835457843	1.0089547473440132	1.0137219349755102
1.009261371138654	0.9880860134244368	1.028391612197409
1.0150957179522906	0.9669227115731353	1.0427523570205444
1.020813788929531	0.9456027057798084	1.0567158261044403
1.0263755851680256	0.9242788708906517	1.0701963909200622
1.0317416583961803	0.9031194860678697	1.0831115117156338
1.0368734365043395	0.882308246204367	1.0953821231931844
1.0417335565452799	0.862043743285768	1.1069330307905298
1.046286201088259	0.8425382429843249	1.1176933146790098
1.0504974333473815	0.8240155635820009	1.127596737048226
1.0543355261314673	0.8067078645955724	1.1365821469866713
1.057771279400755	0.7908511840863953	1.144593876305334
1.0607783210848625	0.7766796403599737	1.1515821190066304
1.0633333858311431	0.7644183458767959	1.1575032867824795
1.0654165665227275	0.7542752686916498	1.1623203329336982
1.0670115337343704	0.7464325017154406	1.1660030374299792
1.0681057187783594	0.7410376221784144	1.1685282464575741
1.068690456621699	0.7381959835827034	1.1698800607024362
1.068761085712114	0.737964817237647	1.170049967752418
1.0683170026104938	0.7403498882995763	1.169036915326454
1.067361670262343	0.7453051552062758	1.1668473234974657
1.065902579717813	0.7527354784971176	1.1634950356093425
1.0639511660940573	0.7625020109533521	1.1590012091338833
1.061522680529615	0.7744295756475931	1.1533941492077069
1.0586360207744347	0.7883151691656958	1.146709088970315
1.0553135238602334	0.8039367285380383	1.1389879220359511
1.0515807249782445	0.8210614383060856	1.130278893423426
1.047466087234874	0.8394530680171115	1.1206362559977827
1.043000707346989	0.8588780586068752	1.1101198999132131
1.038218002571164	0.8791102735831755	1.0987949626655498
1.0331533842358975	0.8999344751905795	1.0867314271524764
1.0278439231697702	0.9211486735965079	1.0740037145972716
1.022328012104663	0.9425655372905329	1.0606902783232302
1.0166450297991687	0.9640130587925976	1.0468732031848045
1.0108350111941415	0.9853346546992565	1.032637813989617
1.004938327403185	1.0063888536783252	1.0180722945126222
0.9989953787797246	1.0270486975628612	1.0032673167488397
0.9930463037128024	1.0472009535638573	0.9883156779250988
0.9871307052081596	1.0667452119896643	0.9733119405604507
0.981287396729492	1.0855929244621323	0.9583520686163921
0.9755541682242616	1.1036664223576105	0.9435330506254513
0.9699675727529596	1.1208979435719189	0.9289524987763144
0.9645627336908739	1.1372286870679669	0.9147082114489824
0.95937317208427	1.1526079083747276	0.9008976858555967
0.9544306534224176	1.1669920647052812	0.8876175675044771
0.949765052834	1.1803440151888884	0.8749630244348748
0.9454042375296691	1.1926322795067221	0.863027036821765
0.9413739651881701	1.2038303567101092	0.8518995968182481
0.937697796916472	1.2139161049828964	0.841666819463742
0.9343970233983624	1.2228711824408316	0.8324099730296177
0.9314906028741858	1.2306805486378305	0.8242044459424819
0.9289951096597218	1.237332026199657	0.817118676772848
0.9269246920077373	1.2428159218798895	0.8112130827739996
0.9252910382351298	1.247124706296442	0.8065390299584584
0.9241033501760284	1.2502527516352127	0.8031378924918363
0.9233683231720028	1.2521961266835435	0.8010402501834093
0.9230901319705636	1.2529524486674943	0.8002652693439366
0.9232704220694353	1.2525207915038994	0.8008203041225866
0.9239083062143203	1.250901650232905	0.8027007431768038
0.9250003659303563	1.2480969615623594	0.8058901113944471
0.9265406581409781	1.2441101806258648	0.8103604200996756
0.928520727101283	1.238946414225314	0.816072743662602
0.9309296220450841	1.2326126109901805	0.8229779874881861
0.933753921114134	1.2251178090329733	0.8310178033228931
0.9369777623023351	1.2164734418054097	0.8401256033791497
0.9405828823043753	1.2066937029537281	0.8502276249282094
0.9445486643033731	1.1957959710221644	0.861244001136035
0.9488521958612212	1.1838012948446979	0.8730898009860629
0.9534683381828617	1.1707349403741238	0.8856760099401869
0.9583698081054699	1.1566269994917906	0.8989104323631176
0.9635272742085937	1.1415130609743136	0.9126985056954381
0.9689094684445955	1.1254349431978428	0.9269440242023468
0.9744833146431151	1.1084414872396495	0.9415497764349058
0.9802140751420957	1.0905894076546208	0.9564181051637535
0.9860655166354313	1.0719441961708605	0.9714514015256399
0.9920000960991078	1.0525810706047622	0.9865525466360631
0.9979791673614071	1.0325859570963918	1.0016253142120242
1.003963208518113	1.01205648786534	1.0165747470847897
1.0099120699634738	0.9911029885349476	1.0313075191202534
1.015785242317673	0.9698494180300727	1.0457322922312096
1.0215421429910265	0.9484342094505042	1.059760076051768
1.0271424195466996	0.927010941585662	1.0733045956016662
1.032546267423512	0.9057487476279333	1.086282670016451
1.037714758977556	0.8848323406499528	1.0986146032497046
1.0426101802175887	0.8644615063287648	1.11022458563548
1.0471963710680132	0.8448498860764108	1.1210411033867183
1.0514390645191127	0.8262228548723395	1.1309973515402703
1.0553062196411054	0.8088142977582216	1.1400316445738408
1.0587683431690014	0.7928621202455389	1.1480878179393268
1.061798794228736	0.778602404897812	1.1551156130980644
1.064374066786971	0.7662622597235356	1.1610710383159408
1.0664740445771923	0.7560515940063555	1.1659166974815152
1.0680822235869007	0.7481542858773118	1.1696220795400123
1.0691858976814255	0.7427194323911311	1.172163801772355
1.069776303578462	0.7398535367129472	1.1735258010630143
1.0698487221562385	0.7396145238794363	1.1736994684550328
1.069402533953083	0.7420083433721294	1.1726837236377476
1.0684412276675859	0.7469886162233258	1.1704850274972736
1.0669723614630822	0.7544593745112883	1.1671173324208965
1.0650074778821141	0.7642805195823809	1.162601971619948
1.0625619741497119	0.7762752942139306	1.1569674902568112
1.0596549305541565	0.7902388919562815	1.1502494225676436
1.056308900408963	0.8059473288476754	1.1424900204052608
1.0525496657936175	0.823165843705726	1.1337379396351552
1.0484059638226153	0.8416563112383817	1.124047891559265
1.0439091885889105	0.8611833843485595	1.1134802669839337
1.0390930741626663	0.881519282450697	1.1021007406678451
1.0339933640998757	0.9024472886716763	1.089979863670134
1.0286474728355255	0.9237641073967264	1.0771926505655685
1.023094144115801	0.9452812737565757	1.0638181676089682
1.0173731112813968	0.9668258121208235	1.0499391267294507
1.0115247637709268	0.9882403249953542	1.0356414887391285
1.0055898236934036	1.0093826676993796	1.0210140773814227
0.9996090357462989	1.0301253352151694	1.006148203861223
0.9936228731549835	1.050354660058867	0.9911372993450279
0.9876712617030613	1.0699698960842254	0.9760765506617282
0.9817933233316588	1.0888822435194072	0.9610625321627961
0.9760271402265955	1.1070138551323234	0.9461928245300066
0.9704095397996321	1.12429685169974	0.9315656093982047
0.9649759005143866	1.1406723662592453	0.9172792271761633
0.9597599781161349	1.1560896303010797	0.9034316846240492
0.9547937515014131	1.17050511053869	0.890120098836975
0.9501072872090716	1.1838817017160401	0.8774400655603491
0.9457286213274064	1.196187978701689	0.8654849424784835
0.9416836574885493	1.2073975096091878	0.8543450424655306
0.9379960795559334	1.2174882306679797	0.8441067378381637
0.9346872775970386	1.22644188290306	0.8348514842842154
0.9317762857645693	1.2342435102618092	0.8266547819906706
0.9292797307775926	1.2408810185805552	0.8195851008971154
0.9272117897928189	1.246344794661412	0.8137028060122755
0.9255841565787176	1.250627384697198	0.8090591261951724
0.9244060150456577	1.2537232313145212	0.8056952144967797
0.9236840193388713	1.255628468585389	0.8036413490035915
0.9234222798637832	1.2563407744732709	0.8029163194202172
0.9236223547820381	1.25585928032086	0.8035270362570094
0.924283246689145	1.254184537145813	0.8054683870322206
0.9254014043593993	1.2513185386807222	0.8087233486100295
0.9269707296194137	1.2472648012680594	0.8132633484235325
0.9289825895871413	1.2420285008937175	0.8190488518172868
0.9314258346875346	1.2356166678076466	0.8260301398753288
0.934286823027423	1.2280384393301482	0.834148233202552
0.9375494518787191	1.2193053715697837	0.8433359128658314
0.9411951971777456	1.2094318108740503	0.8535187900389551
0.9452031620955752	1.1984353258846756	0.8646163801914017
0.949550135865029	1.1863372010589595	0.8765431448687829
0.9542106641587504	1.1731629924236375	0.889209473015709
0.9591571323931475	1.1589431461149098	0.9025225832166022
0.964359863377914	1.14371367987935	0.9163873372014291
0.9697872307330284	1.1275169270958803	0.930706962785114
0.9754057894472127	1.1104023419294031	0.9453836906778467
0.9811804248471468	1.0924273628012613	0.9603193141729259
0.9870745210792542	1.0736583292642852	0.9754156836404723
0.9930501499713237	1.0541714443332604	0.9905751492098744
0.9990682808370404	1.0340537699885815	1.0057009652598237
1.0050890114126916	1.013404237482355	1.0206976696212573
1.0110718196747195	0.9923346456654446	1.035471448992662
1.0169758357854977	0.970970609164925	1.0499305001962125
1.022760132862329	0.9494524031904535	1.063985394756656
1.0283840346742468	0.9279356324588905	1.0775494520149784
1.0338074377594495	0.9065916279806613	1.090539123714175
1.0389911448427696	0.885607447799145	1.1028743908062382
1.0438972058398193	0.865185328138624	1.114479171197688
1.0484892621865276	0.8455414038692572	1.125281735329538
1.0527328897545527	0.8269034987718107	1.1352151249186742
1.0565959352291439	0.8095077872742065	1.1442175689040621
1.060048840559178	0.7935941636607454	1.152232889667993
1.0630649499591587	0.779400236570313	1.1592108919572195
1.0656207939652511	0.7671540063287605	1.1651077266208372
1.0676963452316808	0.7570654795703389	1.1698862213119976
1.0692752411033222	0.7493177098642972	1.1735161706602455
1.0703449685109685	0.7440579812340288	1.1759745790914693
1.0708970073962623	0.7413900108587188	1.177245850423631
1.0709269296649961	0.7413680727574642	1.1773219195588365
1.0704344515652853	0.7439937946177086	1.1762023229769083
1.0694234383604944	0.7492160623263645	1.1738942062555373
1.0679018611813063	0.7569340445408814	1.1704122684348668
1.0658817069602922	0.767002924493269	1.165778644644338
1.0633788433390043	0.7792416009261299	1.160022729950651
1.0604128413566491	0.7934414606420072	1.1531809488042308
1.0570067595492174	0.8093753417701947	1.1452964756987511
1.0531868937818822	0.8268059603263684	1.1364189136626692
1.0489824976851252	0.8454932984558803	1.1266039379307669
1.0444254789532812	0.8652006876397906	1.1159129125647786
1.0395500769870223	0.8856995194823198	1.1044124878834107
1.0343925274203043	0.9067726594867918	1.0921741863117391
1.028990718975719	0.9282167239004702	1.0792739836665077
1.0233838478541375	0.949843416274084	1.065791891964747
1.0176120745039603	0.9714801230892091	1.0518115485943231
1.0117161871544889	0.9929699502701588	1.0374198151406304
1.00573727596133	1.0141713552721976	1.022706387356175
0.9997164210244256	1.0349574999202271	1.0077634157315196
0.9936943969258498	1.055215421464739	0.9926851339317257
0.9877113958178829	1.0748450954389617	0.9775674900730932
0.9818067704926887	1.0937584444497026	0.9625077735233608
0.9760187983005251	1.1118783318267964	0.9476042277352302
0.9703844662680053	1.1291375675302295	0.9329556377222215
0.9649392773118123	1.1454779451901362	0.9186608793496078
0.9597170770534149	1.1608493229758834	0.9048184168711519
0.9547499004202664	1.1752087565862386	0.891525735354517
0.9500678369691722	1.1885196895596903	0.8788786960760835
0.9456989136860664	1.200751203962424	0.8669708058804203
0.9416689938990797	1.211877333050517	0.8558923960729593
0.9380016908829087	1.2218764365242574	0.845729712698422
0.9347182947253975	1.2307306383538574	0.8365639279055074
0.9318377110645001	1.238425326756466	0.8284700911038062
0.9293764103781248	1.2449487156743306	0.821516048080667
0.9273483866135078	1.2502914669944374	0.815761365182059
0.9257651240701606	1.2544463727275248	0.8112563028915959
0.924635571595307	1.2574080964053822	0.8080408874419207
0.9239661233081096	1.2591729730433396	0.8061441294109924
0.923760605235058	1.2597388671373217	0.8055834339497564
0.924020267410587	1.259105088312364	0.8063642383227145
0.9247437811721677	1.2572723644041504	0.8084798994921167
0.9259272415562494	1.2542428719300953	0.8119118388755049
0.9275641748793086	1.2500203240852	0.8166299349553373
0.929645551765946	1.2446101165742902	0.8225931390714286
0.9321598060622387	1.2380195317595806	0.8297502772373496
0.935092860245888	1.2302580017539042	0.8380409924477814
0.938428158112859	1.2213374312171976	0.8473967782649788
0.9421467056802174	1.2112725807070304	0.8577420553665335
0.9462271213926975	1.2000815114801346	0.8689952474947419
0.9506456968513352	1.1877860926235166	0.8810698207825115
0.9553764693903107	1.1744125712859816	0.8938752595125155
0.9603913079063485	1.1599922065482953	0.9073179608331878
0.9656600133863676	1.1445619670615188	0.9213020398590243
0.9711504355759922	1.1281652919241896	0.9357300442610839
0.9768286071766221	1.110852913254264	0.9505035835365571
0.982658896845135	1.0926837373913367	0.9655238825163044
0.9886041820920386	1.073725779430462	0.9806922713985146
0.9946260429267527	1.0540571425573744	0.9959106258787589
1.0006849767803514	1.0337670290494456	1.0110817710367772
1.0067406348468926	1.0129567633440795	1.0261098618089997
1.012752079527647	0.9917407986638117	1.0409007513786663
1.01867806214487	0.9702476666463485	1.0553623568765298
1.024477319523389	0.9486208135635275	1.0694050295903794
1.0301088874331972	0.9270192464672653	1.082941934579728
1.0355324282617973	0.9056178878263206	1.0958894422986971
1.0407085696618927	0.8846075086274906	1.10816753263458
1.0455992503212006	0.864194079726724	1.119700209740203
1.0501680684516004	0.8445973539874446	1.13041592422831
1.0543806281200188	0.8260484751075639	1.1402479977472089
1.0582048781682853	0.8087864142435259	1.1491350437015175
1.0616114382166832	0.7930530767294659	1.157021376944611
1.0645739061356876	0.7790870128061077	1.163857404667238
1.0670691414173543	0.7671158177852637	1.169599990448487
1.0690775190909683	0.7573475152670993	1.174212783520422
1.0705831492092108	0.7499614580652997	1.1776665057160196
1.071574057475787	0.7450995073345678	1.1799391893005686
1.0720423232805998	0.7428583951270694	1.1810163598977326
1.0719841722337884	0.7432841746395331	1.1808911599709246
1.0714000212188335	0.7463694801501666	1.1795644097570706
1.0702944749853043	0.7520539718986953	1.1770446041140705
1.0686762743381084	0.7602279030808596	1.1733478453708381
1.0665581970146345	0.77073832374871	1.1684977138923205
1.063956913336401	0.7833971307961892	1.1625250796241966
1.0608927996422526	0.7979900427447998	1.155467859298568
1.0573897133242258	0.8142856232616649	1.14737072520423
1.0534747339686406	0.8320436516404827	1.1382847724017842
1.0491778756343058	0.8510223743502784	1.128267151953492
1.044531775664697	0.870984407017535	1.1173806781089424
1.0395713656269516	0.8917012495706481	1.1056934174200799
1.034333530000426	0.9129565113980117	1.0932782674431079
1.0288567581109473	0.9345480194615885	1.080212532020505
1.0231807945392635	0.9562890119045737	1.066577499133522
1.0173462928436405	0.9780086175311075	1.0524580259921248
1.0113944769504117	0.9995518010706526	1.0379421344117994
1.005366814007771	1.020778925579626	1.023120617650163
0.9993047018928042	1.0415650533841951	1.0080866577862901
0.9932491739346311	1.06179907942104	0.9929354504807267
0.9872406227906226	1.0813827674024215	0.9777638316303505
0.9813185448083636	1.1002297403325267	0.9626698981285544
0.975521305640573	1.1182644622361304	0.9477526127857634
0.9698859273671464	1.135421236912258	0.9331113816211699
0.96444789692778	1.1516432413961335	0.9188455904050756
0.9592409952865981	1.1668816059454061	0.9050540867508472
0.9542971464397096	1.1810945482010737	0.8918345944920492
0.9496462851376758	1.194246566259038	0.8792830488059656
0.9453162420248381	1.2063076933778174	0.8674928438020879
0.9413326447917207	1.2172528156823552	0.8565539892448112
0.9377188338891826	1.2270610533141852	0.8465521797401228
0.9344957913565591	1.235715204889468	0.8375677878892168
0.9316820813631546	1.2432012547636506	0.8296748021289903
0.9292938011455416	1.2495079423985274	0.8229397394730349
0.9273445411349581	1.2546263930388077	0.8174205720985592
0.9258453532030734	1.258549808899075	0.813165713482422
0.9248047261047566	1.2612732201163956	0.8102131133586735
0.9242285673585184	1.2627932948227811	0.8085895101591476
0.9241201909751634	1.2631082078236033	0.808309884274868
0.9244803106201285	1.262217567523541	0.8093771455494762
0.9253070379729461	1.2601224009130465	0.8117820747124298
0.9265958862268457	1.2568251966087778	0.8155035224419801
0.9283397788516545	1.2523300061244182	0.8205088532877655
0.9305290639228726	1.2466426037274891	0.8267546067317757
0.93315153449794	1.239770705406368	0.8341873359063671
0.9361924556955564	1.2317242476224484	0.842744577049443
0.9396345993031647	1.2225157266467248	0.8523559000904654
0.9434582868980772	1.2121605993672468	0.8629439925646453
0.9476414426149842	1.200677746490204	0.8744257345331359
0.9521596568215172	1.188089999023419	0.88671323020007
0.9569862620679186	1.1744247287999956	0.8997147712246645
0.9620924227497621	1.1597145035325254	0.9133357161952776
0.9674472399565195	1.1439978064285223	0.9274792794661172
0.973017872965854	1.127319819664208	0.9420472299540531
0.9787696787763053	1.1097332698904643	0.9569405062391804
0.9846663709425818	1.0912993322677869	0.9720597583368471
0.9906701987822787	1.0720885870695112	0.9873058289152065
0.996742147756467	1.0521820193462093	1.002580187733639
1.0028421614873555	1.0316720471023815	1.0177853329370583
1.008929385465128	1.0106635563814146	1.032825171830172
1.0149624320170891	0.989274911958556	1.0476053921257342
1.020899665573039	0.9676388992985764	1.0620338326291336
1.026699506672622	0.9459035363481904	1.0760208600673333
1.032320752538277	0.9242326720944803	1.089479756435461
1.0377229113998945	0.9028062626267677	1.1023271189298272
1.042866547126091	0.8818201856960847	1.114483272346998
1.0477136301161887	0.8614854241958779	1.1258726918205482
1.0522278898623079	0.8420264228857137	1.1364244319915056
1.0563751641284016	0.8236784097065378	1.1460725572056336
1.0601237393378156	0.806683485470698	1.1547565661320713
1.0634446765358472	0.791285338406587	1.1624218033271068
1.066312117217877	0.7777225471594974	1.1690198497395825
1.06870356340086	0.7662206047886453	1.174508883977706
1.0706001265740137	0.756983019418549	1.1788540063282986
1.0719867405938122	0.750182094250623	1.1820275180259234
1.0728523341816862	0.7459502060186958	1.1840091490868971
1.0731899594251622	0.7443725173710544	1.1847862291170699
1.0729968735522475	0.7454820136269565	1.1843537968269848
1.0722745722159528	0.749257523067649	1.182714645488983
1.0710287735571211	0.7556249945902578	1.1798793031860897
1.0692693533720594	0.764461853770797	1.1758659483651417
1.0670102327581805	0.77560385011229	1.170700262847626
1.064269220607918	0.7888535395778079	1.1644152260028975
1.0610678142332028	0.8039894622541959	1.1570508551853635
1.057430962198661	0.8207751612797334	1.148653898721578
1.0533867940964239	0.8389673899533174	1.1392774886554184
1.0489663224908585	0.8583230993923632	1.1289807610797475
1.0442031225872406	0.8786050303264219	1.1178284521723927
1.0391329953318014	0.8995859140884134	1.1058904779952456
1.0337936196364432	0.9210514077163411	1.0932415057007192
1.0282241992514174	0.9428019512296847	1.079960523023002
1.0224651095005353	0.9646537548983056	1.0661304118249026
1.0165575486677056	0.9864391157149774	1.0518375300456533
1.0105431983052844	1.008006238259127	1.037171304680455
1.004463896149872	1.029218705113731	1.0222238364574312
0.9983613247059724	1.04995471190853	1.0070895147119938
0.9922767179173515	1.0701061550981765	0.9918646386563723
0.9862505877128739	1.0895776380455149	0.9766470388865313
0.9803224716080561	1.1082854430307436	0.961535690667715
0.9745307019820727	1.1261565030154022	0.9466303084324015
0.968912197145355	1.1431273966828281	0.9320309091859191
0.9635022738741854	1.15914338274296	0.9178373313593935
0.9583344807213039	1.1741574840832638	0.9041486953266109
0.9534404511174869	1.188129628529165	0.8910627925829133
0.9488497750574253	1.2010258503189821	0.8786753927400609
0.9445898880107361	1.2128175545740196	0.86707946124729
0.9406859756102492	1.223480845812729	0.8563642862326252
0.9371608926382261	1.2329959207440753	0.8466145200304552
0.9340350948494421	1.2413465250554085	0.8379091495480998
0.9313265822302729	1.2485194735972325	0.8303204190665853
0.9290508523873483	1.254504233201133	0.8239127385113365
0.9272208628807896	1.2592925673061492	0.8187416185571791
0.9258470014589534	1.262878241584217	0.8148526799076251
0.9249370633084563	1.2652567898267855	0.8122807865300468
0.9244962346004597	1.2664253394676181	0.8110493506507854
0.924527081788267	1.2663824962601493	0.8111698505568898
0.9250295462896295	1.2651282877926722	0.812641591036268
0.9260009443679984	1.2626641657035922	0.8154517216511418
0.9274359722090219	1.2589930666451499	0.819575511603824
0.9293267163709494	1.2541195322308765	0.8249768636629371
0.9316626699692837	1.2480498883830253	0.8316090353901275
0.9344307551357505	1.2407924846643525	0.8394155252937825
0.9376153524676141	1.232357994326206	0.8483310754734796
0.941198338352933	1.222759775922612	0.8582827410250332
0.9451591312169486	1.2120142974164516	0.8691909795022498
0.9494747478798174	1.200141623723258	0.8809707201351142
0.9541198713406825	1.187165968579354	0.8935323810814734
0.9590669314010642	1.1731163114532308	0.9067828125079339
0.964286199604381	1.158027079898244	0.9206261526765903
0.9697458999902493	1.1419388972068183	0.9349645926414311
0.9754123371341933	1.1248993943795424	0.9496990521159593
0.9812500428578513	1.1069640841354553	0.9647297743255218
0.98722194284494	1.0881972927782193	0.9799568511925321
0.9932895441787027	1.068673142942398	0.9952806921648487
0.999413144523732	1.048476576231938	1.010602450621781
1.0055520633078874	1.0277043990808759	1.0258244213497207
1.0116648948203026	1.0064663272500938	1.0408504213392458
1.0177097826344248	0.9848859935527678	1.05558616436158
1.0236447141995444	0.9631018689432811	1.069939637641874
1.029427833833006	0.9412680283308664	1.0838214866287637
1.0350177717047881	0.9195546689854176	1.097145411497286
1.04037398575638	0.8981482614377515	1.1098285767187812
1.0454571128598902	0.8772511818235559	1.1217920328666846
1.050229324926407	0.8570806441832175	1.1329611478629271
1.0546546851412462	0.8378667277252877	1.1432660431546195
1.058699499064407	0.8198492875238418	1.1526420288831387
1.0623326550124608	0.8032735611406521	1.1610300309974546
1.0655259479554664	0.788384353695423	1.1683770024923552
1.0682543811372955	0.7754188130218619	1.1746363105335826
1.0704964397723453	0.7645979983128043	1.1797680911702495
1.0722343314913676	0.7561176854452123	1.183739563624425
1.0734541887022313	0.7501391006624575	1.1865252967719138
1.074146228687584	0.7467804689642444	1.1881074213588754
1.0743048680629503	0.7461103331338947	1.1884757826969352
1.073928789140582	0.7481434902646901	1.1876280299951387
1.0730209567550786	0.752840097662057	1.1855696400619609
1.0715885851705744	0.7601080724456112	1.1823138747794306
1.0696430557672787	0.7698084507422794	1.177881673444775
1.0671997872579577	0.7817629964727788	1.1723014827224285
1.064278061174257	0.795763138751732	1.1656090284819414
1.0609008062537635	0.8115792955383105	1.157847035151554
1.0570943461216127	0.8289697774145746	1.1490648993361579
1.052888115271966	0.8476886936644147	1.1393183252848817
1.0483143487990536	0.8674925333939176	1.1286689303108906
1.0434077515968192	0.8881453147468136	1.1171838284388107
1.0382051528406122	0.9094223580433255	1.1049352003696111
1.0327451514913606	0.9311128388586363	1.0919998573055683
1.0270677583362497	0.9530213236937122	1.0784588052761295
1.0212140397195748	0.974968498845255	1.0643968153652623
1.0152257676463978	0.9967912872564031	1.0499020036870654
1.0091450803858384	1.0183425205149643	1.0350654231227077
1.0030141570869524	1.039490302029545	1.0199806667616682
0.9968749092747563	1.06011716769137	1.0047434807394353
0.9907686914418465	1.0801191244671007	0.9894513818040825
0.9847360323146566	1.0994046261852803	0.9742032725682426
0.9788163877718858	1.117893529161818	0.9590990451310886
0.9730479158414481	1.135516057691393	0.94423916174045
0.9674672737131791	1.1522118000909969	0.9297241995995059
0.9621094362851972	1.1679287492092272	0.9156543460354626
0.9570075354164737	1.1826223964888225	0.9021288303011293
0.9521927187876589	1.196254885282751	0.8892452795510432
0.947694027074588	1.2087942267805811	0.8770989892822141
0.9435382880098877	1.2202135803042953	0.8657821029528627
0.9397500258416771	1.2304905986630204	0.8553827016632786
0.9363513846873937	1.2396068385579573	0.8459838125797502
0.9333620643172785	1.2475472355915442	0.8376623538257516
0.9307992669781987	1.2542996431818016	0.8304880431763004
0.9286776539763147	1.2598544345605995	0.8245223071027111
0.9270093108696459	1.264204167006724	0.8198172343403004
0.9258037202724076	1.2673433075055047	0.8164146229391893
0.9250677414368906	1.2692680191183918	0.8143451706044338
0.9248055959513739	1.2699760074750324	0.813627854322112
0.9250188590709657	1.2694664269567546	0.8142695366892447
0.9257064563800641	1.2677398463156597	0.8162648236204874
0.9268646656688373	1.2647982736603656	0.8195961824848285
0.9284871240906476	1.260645240931056	0.8242343130251506
0.9305648408518367	1.2552859481762964	0.8301387476210784
0.9330862158687435	1.2487274681252327	0.8372586443963406
0.9360370650077953	1.2409790117140422	0.8455337276916612
0.9394006527009585	1.2320522553664668	0.8548953261908151
0.9431577328976934	1.2219617309347564	0.8652674594483716
0.9472865994718489	1.210725279266441	0.8765679280546004
0.951763147342548	1.198364568356133	0.8887093701073115
0.9565609456858697	1.1849056769452977	0.9016002557940622
0.961651324702002	1.1703797442107868	0.9151458015226457
0.9670034774527586	1.1548236857832817	0.9292487941807083
0.972584578288797	1.1382809756846937	0.9438103240515215
0.9783599193365234	1.1208024927616207	0.9587304312569768
0.984293066403939	1.1024474286674095	0.9739086751982523
0.9903460354860671	1.0832842521950639	0.9892446393768458
0.9964794907992095	1.0633917214950868	1.0046383853917895
1.0026529649463352	1.0428599310367477	1.0199908700788138
1.008825101413388	1.021791373584928	1.0352043389598042
1.014953919121328	1.0003019883463153	1.0501827076689816
1.0209970982180716	0.9785221540695801	1.0648319410478846
1.0269122856987185	0.9565975695183219	1.07906043734813
1.0326574188060795	0.9346899427534793	1.0927794226048098
1.038191063504861	0.9129773848551859	1.1059033578662656
1.0434727646637056	0.891654373751753	1.1183503596823334
1.0484634039441547	0.8709311219351547	1.1300426321361836
1.0531255608109937	0.8510321526888913	1.1409069068117945
1.0574238715716575	0.8321938710174464	1.1508748854650908
1.0613253809500818	0.8146609195479404	1.1598836788476077
1.0647998804273373	0.7986811512757601	1.1678762341444762
1.0678202274587152	0.7844991456493416	1.17480174285283
1.070362639720825	0.7723483525538594	1.1806160206526384
1.072406958762584	0.7624421673359597	1.185281850910119
1.073936877833205	0.754964494229601	1.1887692838940043
1.0749401292330778	0.7500605945108749	1.191055884555503
1.0754086272660326	0.7478291691837773	1.1921269227903424
1.0753385637425699	0.7483166249479734	1.1919755014213371
1.0747304539646474	0.7515142786503997	1.1906026186578116
1.0735891321793445	0.7573588877220426	1.1880171634408432
1.0719236965830823	0.7657364309604013	1.1842358438021576
1.0697474050496742	0.776488619972693	1.1792830500774798
1.06707752380437	0.7894213038440754	1.1731906564510681
1.0639351322343193	0.8043137987456659	1.1659977657981948
1.0603448878799324	0.8209282287369238	1.1577504040745106
1.0563347563637469	0.8390181526974779	1.1485011715214808
1.05193571156303	0.8583360027834626	1.1383088586717847
1.0471814117068943	0.8786391065202034	1.1272380355155307
1.0421078572736922	0.8996942650427625	1.1153586222065848
1.0367530365834545	0.921280997053391	1.1027454493393094
1.0311565648338716	0.9431936341277725	1.089477815111169
1.0253593220338437	0.965242480885074	1.0756390456176357
1.0194030948676673	0.9872542490067376	1.061316063123468
1.0133302270007816	1.0090719512627113	1.046598965448265
1.0071832817416373	1.0305544111298266	1.031580617633125
1.001004720331092	1.051575512082834	1.0163562548689784
0.9948365984672802	1.0720232819763194	1.0010230933293316
0.9887202830144822	1.0917988837545547	0.9856799431425918
0.982696190210604	1.1108155643509512	0.9704268153677701
0.9768035460974133	1.1289975986899594	0.9553645126382271
0.9710801693646425	1.1462792545010316	0.9405941912833504
0.9655622763335859	1.1626037954502615	0.9262168814386557
0.9602843074140259	1.1779225342009476	0.9123329511585881
0.955278774052878	1.1921939428477497	0.8990415011267244
0.950576124953266	1.2053828252666399	0.8864396784908253
0.9462046301756317	1.2174595539298771	0.8746219018745391
0.9421902816326622	1.228399372388434	0.863678994881892
0.9385567084504152	1.2381817637330144	0.8536972324057504
0.9353251056813336	1.246789884773345	0.8447573125409216
0.9325141749125926	1.254210065328858	0.836933276366942
0.9301400754073563	1.2604313718364184	0.8302914074812678
0.92821638453927	1.2654452344069793	0.8248891518397605
0.9267540664249934	1.2692451364717194	0.8207741049504614
0.9257614478197925	1.2718263662273437	0.8179831165491632
0.9252442005123493	1.2731858292041165	0.8165415616041144
0.925205329633159	1.2733219214269607	0.8164628203948952
0.9256451674735436	1.2722344628102777	0.8177479997043609
0.9265613725974832	1.2699246906130903	0.820385912797686
0.9279489342149243	1.2663953129755092	0.8243533194079411
0.9298001819721273	1.2616506227536357	0.8296154103441111
0.9321048015010792	1.2556966720610776	0.8361265065528607
0.9348498562549056	1.2485415081041382	0.8438309311428644
0.9380198163379155	1.240195471056628	0.8526640060683948
0.941596595214857	1.2306715548498761	0.862553123192794
0.9455595953506747	1.2199858318424561	0.8734188419465008
0.9498857639849249	1.2081579423670696	0.8851759718615153
0.9545496603782992	1.1952116501080103	0.8977346067085282
0.959523535975673	1.1811754641117156	0.911001086527884
0.9647774290031317	1.1660833279319232	0.9248788734081052
0.9702792750473965	1.1499753758972768	0.9392693355584602
0.97599503514657	1.1328987556724406	0.9540724414803052
0.9818888428431282	1.1149085150344118	0.96918737158973
0.9879231715061986	1.0960685489212783	0.9845130584422416
0.9940590230144781	1.0764526000779866	0.999948668887372
1.0002561385994875	1.0561453026800158	1.015394042265985
1.0064732322797358	1.0352432527098598	1.030750098427708
1.01266824687111	1.0138560810208117	1.0459192281649372
1.0187986320423859	0.9921074942603422	1.0608056768845902
1.0248216433058788	0.970136234379878	1.075315930184941
1.030694660204641	0.9480968886012652	1.089359107649116
1.036375521296056	0.9261604579636397	1.1028473687493423
1.0418228728575936	0.9045145640832364	1.1156963323861286
1.0469965275776878	0.8833631418761217	1.1278255093488483
1.0518578288693092	0.8629254340859408	1.1391587449447087
1.0563700158835239	0.8434340778417759	1.1496246672539598
1.0604985838329064	0.8251320642012506	1.1591571349716392
1.0642116338866525	0.8082683725700243	1.1676956776227236
1.0674802066942595	0.7930921491369027	1.1751859201123045
1.070278593552056	0.7798454262102682	1.1815799831107923
1.0725846193601045	0.7687545726267973	1.1868368506821814
1.0743798918325402	0.7600209109963126	1.1909226968364122
1.075650011920844	0.7538111966694652	1.1938111633089317
1.0763847410770668	0.7502488622649615	1.1954835818135439
1.0765781218045898	0.7494070157350396	1.1959291352388206
1.0762285488919705	0.7513040808638495	1.195144953712822
1.0753387897683764	0.7559026750303343	1.1931361430851308
1.0739159535199276	0.763111881616809	1.1899157451017635
1.0719714092243504	0.7727925976089597	1.1855046303050292
1.0695206553555654	0.7847652397838953	1.1799313264033215
1.0665831430399721	0.7988188642172016	1.173231786453314
1.0631820568756172	0.814720722763662	1.1654491026121132
1.0593440578227336	0.8322254156577812	1.1566331723901957
1.0550989933146286	0.85108303380482	1.1468403252177104
1.0504795802048017	0.8710459444362602	1.1361329176885147
1.045521066450914	0.8918741038256949	1.1245789060414713
1.040260877538738	0.9133389513544554	1.11225140426251
1.0347382535770322	0.9352260445614555	1.0992282356406147
1.028993882762065	0.9573366441073768	1.0855914846937078
1.023069536538378	0.97948846631787	1.0714270551136236
1.017007711294712	1.0015158047521213	1.0568242377892199
1.0108512808578238	1.0232691936489098	1.0418752910886577
1.0046431634101878	1.0446147538049637	1.0266750334613888
0.9984260057880033	1.0654333306110633	1.0113204461154344
0.9922418874395209	1.0856195071665387	0.995910281110149
0.9861320456638735	1.1050805534637653	0.9805446677744294
0.980136623127354	1.1237353554555294	0.9653247080381474
0.9742944380835972	1.1415133547934637	0.95035204920728
0.9686427772185006	1.158353520400387	0.9357284211156471
0.9632172106080334	1.1742033660725357	0.9215551236821754
0.9580514279215577	1.1890180233520788	0.9079324509579589
0.9531770947257625	1.2027593754388028	0.8949590390424325
0.948623727542576	1.215395255512651	0.8827311280457187
0.9444185861839262	1.226898711208138	0.8713417327725248
0.9405865818205893	1.2372473358925593	0.8608797230720774
0.9371501992339172	1.2464226666911955	0.8514288227108331
0.9341294317397725	1.254409648760995	0.8430665447895426
0.9315417273550086	1.2611961650606238	0.835863091450479
0.9294019448902304	1.2667726307449383	0.829880254917205
0.9277223187908638	1.2711316512884392	0.825170364573963
0.9265124317051935	1.2742677434890306	0.8217753295578752
0.9257791939275437	1.2761771186021413	0.8197258270933913
0.9255268290428583	1.2768575269923241	0.8190406828342283
0.9257568652824041	1.276308163854428	0.8197264806957316
0.9264681322869263	1.2745296357407285	0.8217774266896651
0.9276567631619193	1.2715239878264641	0.8251754754378622
0.9293162018987596	1.2672947920470423	0.8298907111672443
0.9314372164245287	1.2618472964389247	0.8358819590898565
0.9340079177315134	1.2551886362058358	0.8430975899857246
0.9370137857232569	1.247328107204884	0.851476471877688
0.9404377025955309	1.2382775026948005	0.8609490185696383
0.9442599947446312	1.2280515143002588	0.8714382854378304
0.948458484357818	1.2166681982085992	0.8828610675257187
0.953008551986165	1.2041495076098032	0.895128962594243
0.9578832115221131	1.190521892291381	0.908149371056297
0.9630531990952051	1.17581696606966	0.9218264144673318
0.9684870774516702	1.160072242323784	0.9360617634576577
0.9741513573881759	1.1433319372202384	0.9507553739726691
0.9800106377587159	1.1256478391612443	0.965806137034461
0.9860277654582913	1.1070802413996865	0.9811124518163482
0.992164016600934	1.087698932412251	0.996572734694795
0.9983792998476392	1.0675842352040865	1.0120858783051667
1.0046323824989554	1.0468280818224112	1.0275516747392304
1.0108811395474908	1.0255351024534276	1.0428712161627793
1.0170828253906834	1.0038236989131184	1.0579472845665692
1.0231943673411243	0.981827059363689	1.072684740326742
1.029172679451706	0.9596940539147952	1.0869909169371752
1.0349749945112374	0.9375899287655358	1.1007760268425806
1.0405592113822935	0.9156966895221299	1.1139535808709262
1.0458842541698705	0.8942130330513852	1.126440821432573
1.0509104390527024	0.8733536541485833	1.138159167495965
1.0555998440066898	0.8533477234660198	1.1490346674245198
1.0599166761302898	0.8344363151573422	1.1589984541131173
1.0638276308728096	0.8168685691471306	1.1679871955323737
1.0673022371939134	0.8008964196825189	1.1759435328031174
1.0703131825681613	0.7867678249121113	1.1828164973020256
1.0728366118084345	0.7747186017891287	1.1885618980526778
1.0748523939264012	0.7649632019508681	1.1931426707845094
1.0763443516786768	0.757685029041225	1.1965291805339746
1.0773004490575886	0.7530271406738122	1.1986994704942895
1.077712932760398	0.751084324437522	1.1996394509566612
1.077578424587308	0.7518975166562107	1.1993430235794744
1.0768979627460615	0.7554513104600094	1.197812137814529
1.0756769911431947	0.761674902366935	1.1950567780447066
1.0739252968786768	0.7704463422017198	1.1910948817730491
1.0716568972896952	0.7815995010466908	1.185952190974291
1.0688898789688468	0.7949328640683346	1.1796620404017073
1.065646192172956	0.8102191451127095	1.17226508816425
1.0619514049066312	0.8272147985248404	1.1638089951871216
1.0578344216814537	0.8456687124407134	1.1543480611885237
1.0533271724969648	0.8653296306610675	1.1439428255024688
1.0484642779513271	0.8859521013174313	1.1326596414204106
1.0432826965643258	0.9073009492963346	1.1205702326936169
1.0378213603880342	0.9291544014937019	1.1077512404263576
1.0321208048034087	0.9513060641152881	1.0942837678008273
1.0262227980728291	0.9735659737338606	1.080252928922563
1.0201699757627871	0.9957609351086392	1.0657474065835608
1.0140054845942057	1.0177343330967743	1.0508590219421514
1.0077726396487676	1.0393455736984867	1.0356823170566014
1.001514598186721	1.0604692768997805	1.0203141489373877
0.9952740526422734	1.0809943149961416	1.004853291370019
0.9890929446819168	1.1008227659089973	0.9894000382943727
0.9830122015606424	1.1198688318082415	0.9740558001214086
0.9770714954090242	1.1380577586472613	0.9589226821689966
0.9713090255444381	1.1553247812616796	0.9441030325878558
0.9657613234319716	1.1716141107032443	0.9296989459479206
0.9604630795305692	1.1868779747746605	0.9158117083223325
0.9554469909496253	1.201075718716125	0.9025411705204591
0.9507436286094166	1.2141729702098976	0.8899850383585645
0.946381322441495	1.2261408709662658	0.878238072746168
0.9423860630765123	1.236955375875369	0.8673911980323742
0.9387814184394523	1.2465966198692846	0.8575305244504492
0.935588463697557	1.255048352106238	0.8487362993287072
0.9328257230757349	1.262297436772579	0.8410818114145141
0.930509122159391	1.2683334196349925	0.8346322822932111
0.9286519494375237	1.2731481594218925	0.8294437873271578
0.9272648259924965	1.2767355231392041	0.8255622545170903
0.926355682411153	1.2790911445105473	0.8230225919963802
0.9259297421700956	1.2802122448601416	0.8218479926222838
0.9259895109323675	1.2800975159168342	0.8220494569895856
0.9265347713809152	1.2787470642004213	0.823625564530097
0.9275625834044158	1.2761624168486787	0.8265625072746466
0.9290672896422533	1.272346588948196	0.8308343840323221
0.9310405265869245	1.2673042126371064	0.8364037361853474
0.9334712416331433	1.2610417284460977	0.8432222919598927
0.9363457166523046	1.2535676395282829	0.8512318754716816
0.9396475988569407	1.2448928295901942	0.8603654309763058
0.9433579398996462	1.2350309454655093	0.870548111755102
0.9474552443208741	1.2239988453575954	0.8816983864391947
0.9519155286149407	1.211817113799919	0.8937291223249585
0.9567123923173773	1.1985106443215319	0.9065486141203435
0.9618171026221634	1.1841092906250694	0.9200615363248363
0.967198694106162	1.1686485867387575	0.9341698069955949
0.9728240851617248	1.152170536022009	0.9487733591728533
0.9786582127080387	1.1347244679851882	0.9637708232216228
0.9846641866590208	1.1163679604837284	0.9790601285705951
0.9908034654628832	1.0971678227613848	0.9945390367952557
0.9970360537899945	1.0772011317658956	1.0101056198578298
1.003320723127429	1.056556309763008	1.0256586978271094
1.0096152556396232	1.0353342250348125	1.041098249835462
1.0158767111769629	1.0136492887410546	1.0563258106632838
