1.0	1.0	0.9999999999999999
1.0057640724593802	0.9794804859020281	1.0144411608677866
1.0114560571376041	0.9586677863213857	1.0285824078923491
1.0170370384975438	0.9376953920131602	1.042337458099388
1.0224683267462449	0.9167111893523178	1.0556227096528097
1.0277117585513993	0.8958778397254752	1.068357596594418
1.0327300080963677	0.8753728016881689	1.0804649539413882
1.0374869050887263	0.8553878581287102	1.0918713923090189
1.0419477558462151	0.836127985647702	1.1025076795173703
1.0460796631549634	0.8178093858411618	1.1123091251670656
1.0498518402493002	0.8006564971270069	1.1212159629599987
1.0532359140203555	0.7848978328640515	1.1291737246163258
1.0562062124395244	0.7707605594731813	1.1361335986141066
1.0587400311961659	0.7584638469618281	1.1420527666596152
1.060817874705524	0.7482111947263812	1.146894710784685
1.0624236669458258	0.7401821430673288	1.1506294842539153
1.0635449280299598	0.7345239904548897	1.1532339400323337
1.0641729129973476	0.7313442951276735	1.1546919113869807
1.064302710010139	0.7307049886097643	1.1549943402392882
1.0639332959330257	0.7326188260748907	1.1541393501060724
1.0630675481416842	0.7370486408898678	1.1521322618159333
1.0617122123112437	0.7439095041538478	1.1489855516103027
1.0598778268515079	0.7530734992147862	1.1447187526765097
1.057578605547323	0.7643764995625193	1.1393583025558702
1.0548322807997592	0.7776261545088401	1.1329373401664093
1.0516599106178688	0.7926102623220991	1.1254954573246698
1.0480856531578604	0.8091048202255052	1.1170784105973892
1.0441365131273985	0.8268812316873478	1.1077378000224263
1.039842064754574	0.8457123656420282	1.097530721677993
1.0352341562573322	0.8653773545906241	1.0865194012282484
1.0303466008395192	0.8856651641745561	1.0747708154183424
1.0252148591901284	0.9063770596724555	1.0623563080285556
1.0198757182837783	0.9273281411936908	1.049351206028568
1.0143669709884904	0.9483481310175826	1.0358344406096838
1.0087271006001672	0.9692815860807397	1.0218881764326098
1.0029949739626025	0.9899876864923904	1.0075974508356724
0.9972095463193905	1.0103397246170025	0.9930498229360946
0.9914095805011606	1.030224393343878	0.9783350305681421
0.9856333824989296	1.049540949114765	0.9635446508935656
0.9799185549307643	1.0682003060679839	0.9487717583671624
0.9743017693903984	1.0861241023551025	0.9341105716431487
0.9688185581866343	1.103243767905835	0.9196560790963269
0.963503125551419	1.1194996140856088	0.905503631071085
0.9583881780196879	1.1348399592103282	0.8917484859641678
0.953504773369792	1.1492202992125782	0.8784852970309742
0.9488821872610572	1.1626025294393882	0.8658075276390825
0.9445477965140808	1.1749542212432145	0.853806784833321
0.9405269778469386	1.186247955429064	0.8425720647390595
0.9368430208023647	1.1964607135360081	0.8321889086347632
0.933517053571732	1.2055733272111715	0.8227384754323317
0.9305679804352903	1.2135699854715016	0.8142965445524211
0.9280124295883031	1.2204377993676638	0.8069324722376702
0.9258647102031221	1.2261664234126963	0.8007081333907762
0.9241367776819533	1.230747733078681	0.7956768889977043
0.922838206178707	1.2341755576722595	0.7918826249148361
0.9219761676061226	1.236445467956224	0.7893589101345592
0.9215554164924826	1.2375546179765509	0.7881283207495999
0.9215782802073893	1.237501640672371	0.7882019693629465
0.922044654235957	1.2362865969825187	0.789579268938261
0.9229520023433163	1.2339109783099786	0.7922479460361241
0.9242953616351857	1.2303777623587575	0.7961843025781827
0.9260673526841295	1.2256915225108103	0.8013537095790103
0.928258195053661	1.2198585910579887	0.8077113025211545
0.9308557287121483	1.2128872767395282	0.8152028377162861
0.9338454419835149	1.2047881371526994	0.8237656630064764
0.9372105068295467	1.195574306694776	0.8333297547420445
0.9409318223959586	1.1852618807483921	0.8438187757154997
0.944988067877181	1.173870356826099	0.8551511147466438
0.9493557658584676	1.1614231333246579	0.8672408767582005
0.954009357372798	1.1479480663789565	0.8799988012756554
0.9589212899581749	1.133478085010936	0.8933330962918069
0.9640621200121637	1.1180518642859973	0.9071501825662605
0.9694006307082046	1.1017145554392827	0.9213553501788866
0.9749039666566991	1.084518570806062	0.9358533342884363
0.9805377863575061	1.0665244197289423	0.9505488205441744
0.986266433295201	1.0478015892073074	0.9653468925926859
0.9920531262716729	1.0284294596161696	0.9801534348354267
0.9978601692516078	1.0084982409820649	0.9948755032835538
1.0036491806169552	0.9881099085976236	1.0094216762825108
1.0093813412910895	0.9673791076327297	1.0237023952735795
1.0150176607094648	0.9464339842555367	1.0376303038220172
1.0205192590917085	0.9254168850445539	1.0511205910326906
1.0258476639239336	0.9044848467937252	1.0640913433207126
1.0309651180059056	0.8838097753247762	1.0764639064031065
1.0358348958747103	0.8635781857100261	1.0881632574010836
1.0404216249051605	0.8439903500174003	1.0991183851464539
1.0446916069294931	0.8252586772296323	1.1092626752117647
1.048613135836475	0.8076051411526871	1.118534294864246
1.0521568063239697	0.7912575866785866	1.1268765721023453
1.0552958088077125	0.7764447953827246	1.1342383621878611
1.0580062054480122	0.763390289757609	1.1405743946465083
1.0602671823560268	0.7523050067827803	1.1458455935782292
1.062061273287666	0.7433791682303797	1.1500193642905185
1.0633745505254792	0.7367738901465846	1.1530698397300094
1.0641967791801297	0.732613260212468	1.1549780809169607
1.0645215317998453	0.7309777103531366	1.1557322265525394
1.0643462609391245	0.731899471395998	1.1553275881300367
1.063672328182575	0.7353606960380621	1.1537666881910722
1.0625049890171023	0.7412945027629744	1.1510592407732803
1.0608533338645914	0.7495887991977692	1.1472220745400152
1.058730186495142	0.7600923834125455	1.1422790005066754
1.0561519619059236	0.7726225779350138	1.136260627624665
1.053138486543043	0.7869735649705688	1.129204130698025
1.0497127844374554	0.8029246543456687	1.1211529761400039
1.0459008333996351	0.8202478828882506	1.1121566118847708
1.0417312958560903	0.8387145562620276	1.10227012831862
1.0372352292047737	0.8581005498663123	1.0915538973597967
1.0324457807133547	0.8781903513175304	1.0800731967800472
1.027397871987722	0.8987799404529003	1.067897826516107
1.0221278779072251	0.919678666066762	1.0551017230662805
1.0166733046719176	0.940710302176063	1.041762577113603
1.0110724712532024	0.9617134632885947	1.027961458278209
1.005364198103071	0.9825415394024216	1.013782449398941
0.9995875064801697	1.003062285965369	0.9993122910079847
0.9937813312153179	1.0231571774559314	0.9846400347310914
0.9879842491858707	1.0427206088309677	0.9698567022711421
0.9822342252172171	1.0616590082837665	0.955054944482378
0.9765683765979745	1.0798899079256228	0.940328692906184
0.9710227568976594	1.0973410058926978	0.9257727941350042
0.9656321593233905	1.1139492434585614	0.9114826156501462
0.9604299394539174	1.1296599133976608	0.8975536105309279
0.9554478568503958	1.1444258105244414	0.8840808278820753
0.9507159347665057	1.1582064315361278	0.8711583562266068
0.9462623369656814	1.1709672286172415	0.8588786887243663
0.9421132604985168	1.1826789194126976	0.8473320021385561
0.9382928431949098	1.1933168547122788	0.8366053461479402
0.9348230845782648	1.2028604443424293	0.8267817459206005
0.9317237789072451	1.2112926412093876	0.8179392286563716
0.9290124590877498	1.2185994830939022	0.8101497936427285
0.9267043502677421	1.224769691601533	0.8034783545403023
0.9248123320240639	1.2297943275814132	0.797981691141551
0.9233469081677721	1.2336665023111282	0.7937074545736211
0.9223161833279301	1.2363811437852132	0.790693273668421
0.9217258456188056	1.2379348175251292	0.7889660100167165
0.9215791548486832	1.2383256014383222	0.7885412044957498
0.9218769358872573	1.2375530143847666	0.7894227488530721
0.9226175769707059	1.2356179982540532	0.7916028029706338
0.9237970328875039	1.232522953508617	0.795061963076485
0.9254088331524025	1.2282718283031757	0.799769670191032
0.9274440954396785	1.2228702614413969	0.8056848333767934
0.9298915447081862	1.2163257795722988	0.8127566305659626
0.9327375386083222	1.208648049154507	0.820925442023976
0.9359660999123564	1.1998491838187688	0.8301238683611868
0.9395589568518135	1.189944107828859	0.8402777862471521
0.9434955923749079	1.1789509763660935	0.8513073998820099
0.947753303449002	1.1668916533265181	0.863128253761944
0.952307271622455	1.1537922471992619	0.8756521811502644
0.9571306461211192	1.139683705356096	0.8887881718230524
0.9621946407810076	1.1246024666780805	0.9024431512055336
0.9674686461037684	1.1085911718065042	0.9165226703385839
0.9729203576594572	1.0916994293343076	0.9309315118803517
0.9785159219458645	1.0739846348135025	0.9455742214619046
0.9842201006408456	1.0555128373541247	0.9603555762610217
0.989996453950147	1.0363596455743	0.9751810038297469
0.9958075434569477	1.0166111603911658	0.9899569642590158
1.0016151545212635	0.9963649161881826	1.0045913079490392
1.0073805378611886	0.9757308037329399	1.018993619822177
1.0130646694797547	0.9548319372578608	1.033075558978916
1.0186285275905382	0.9338054137566921	1.0467512007329516
1.0240333846545266	0.912802894324783	1.0599373858076184
1.0292411120855334	0.8919909151863931	1.0725540793404245
1.0342144946299432	0.8715508105728427	1.0845247403068383
1.0389175508987551	0.8516781028210688	1.0957767001002137
1.0433158560475801	0.8325811909390117	1.1062415473387484
1.0473768621853259	0.8144791541117335	1.1158555145479934
1.0510702117663004	0.7975984909280909	1.1245598612160113
1.0543680390031256	0.7821686507286344	1.1323012468574272
1.0572452542457624	0.768416292988292	1.1390320871653032
1.059679806318032	0.7565583425716629	1.144710886081928
1.0616529179946672	0.7467940910302009	1.1493025366791463
1.0631492901411053	0.7392968075147968	1.15277858409557
1.0641572705202071	0.734205527230259	1.1551174444126913
1.0646689838838745	0.7316178242969557	1.1563045742361597
1.064680420695933	0.7315843921126285	1.156332586845466
1.0641914826526655	0.7341061127337499	1.155201312039952
1.0632059840516737	0.739134005563098	1.1529177981901784
1.0617316089776683	0.7465720621489458	1.1494962564451918
1.059779825192818	0.7562825887943261	1.1449579484897106
1.0573657565070242	0.7680933831628615	1.1393310206320346
1.0545080162290887	0.7818059240477356	1.1326502882774527
1.0512285050354018	0.7972037647465258	1.12495697595111
1.0475521772153562	0.8140604561253715	1.1162984189333114
1.0435067797443722	0.8321465285207585	1.1067277332213907
1.0391225689848358	0.8512352754276079	1.0963034609065547
1.034432010017202	0.8711072656707849	1.0850891981314863
1.0294694636593997	0.8915536444526533	1.0731532125641303
1.0242708661497242	0.9123783648305015	1.0605680567821927
1.018873406258964	0.9333995280811237	1.047410183116961
1.0133152042781077	0.9544500165753612	1.0337595643664599
1.0076349969181009	0.9753775885018877	1.0196993233762408
1.001871831679316	0.9960445798704137	1.0053153728280337
0.9960647737225576	1.0163273324659887	0.9906960647074924
0.990252627722328	1.036115440882522	0.9759318468889084
0.9844736766271022	1.0553108894697016	0.9611149221383533
0.9787654387087148	1.0738271316826404	0.9463389026786321
0.9731644437694855	1.091588149851594	0.9316984513866738
0.9677060289039812	1.108527522331076	0.9172888988455145
0.962424153792101	1.1245875167478943	0.903205824024128
0.9573512351379283	1.1397182220521846	0.8895445855216765
0.95251799956814	1.1538767277588204	0.8763997903332489
0.9479533540657327	1.167026355715521	0.8638646882336781
0.943684272837969	1.17913594760784	0.8520304823855274
0.939735699398673	1.1901792099510842	0.8409855508540214
0.9361304625795948	1.2001341173337416	0.8308145794420054
0.9328892051679243	1.2089823740274042	0.8215976135525686
0.9300303238909229	1.2167089336657153	0.8134090453177842
0.9275699195276718	1.2233015764499995	0.8063165613911419
0.9255217560157716	1.2287505432136747	0.8003800857004502
0.9238972275316835	1.233048225637499	0.7956507589905943
0.9227053326519004	1.2361889119297162	0.792170001959368
0.9219526548438193	1.2381685873526709	0.7899687101236943
0.9216433486862403	1.2389847890780714	0.7890666255057724
0.9217791313768721	1.2386365149777252	0.7894719226035617
0.9223592792457628	1.237124186097579	0.7911810343841638
0.9233806291574298	1.2344496627139654	0.7941787293550034
0.9248375848492827	1.2306163140260804	0.798438434780493
0.9267221284183743	1.2256291416923302	0.8039227857079041
0.929023837331394	1.2194949575645704	0.8105843664276874
0.9317299074924795	1.212222616107067	0.8183666016874691
0.9348251830577575	1.203823302099366	0.827204750148859
0.9382921938319517	1.1943108743056314	0.8370269522779643
0.9421112012173418	1.1837022658363814	0.8477552885421978
0.9462602538046839	1.1720179419172614	0.8593068104704268
0.9507152537943604	1.1592824156930166	0.871594515645711
0.9554500355083686	1.1455248225037644	0.8845282468803437
0.9604364572936774	1.1307795527329945	0.8980155046877273
0.9656445081184495	1.1150869427819077	0.91196216999536
0.9710424301184142	1.0984940228862974	0.9262731404045991
0.9765968582552111	1.081055319238295	0.940852888020952
0.9822729780967929	1.0628337060361668	0.9556059499794425
0.9880347025179381	1.0439013004298863	0.9704373644349303
0.9938448678445372	1.0243403895502943	0.9852530652128597
0.9996654496284324	1.0042443735077422	0.9999602477834534
1.0054577978426034	0.9837187009299909	1.014467717985556
1.0111828908348008	0.9628817637040623	1.0286862332112743
1.0168016068794663	0.9418657044829255	1.0425288437588764
1.0222750116345325	0.9208170736766713	1.0559112399216943
1.0275646592558687	0.8998972518014914	1.0687521082234175
1.0326329043650324	0.8792825285438359	1.080973498125767
1.0374432215252403	0.8591637031461918	1.092501198591371
1.0419605283772935	0.8397450449231163	1.1032651221345973
1.0461515081438086	0.8212424335317937	1.1131996924754866
1.0499849268482453	0.8038804947133015	1.1222442306569846
1.0534319403355898	0.787888570116631	1.130343333515753
1.056466386042092	0.7734954224085437	1.1374472377275717
1.0590650544565225	0.7609226898406667	1.143512162288158
1.0612079353546904	0.7503772704129412	1.14850062224026
1.062878434176195	0.7420430222587399	1.152381706710683
1.0640635543456094	0.7360723810791624	1.155131314860718
1.0647540419104276	0.7325786654302023	1.1567323441549535
1.0649444895602218	0.7316299068050555	1.157174826382681
1.0646333978844222	0.7332449577113551	1.1564560080806663
1.0638231925938906	0.7373923882267419	1.1545803733565922
1.062520197344208	0.7439923204650184	1.1515596085440354
1.0607345627243168	0.7529209532611224	1.1474125095745256
1.058480152879854	0.7640171917612611	1.142164834370869
1.055774392094611	0.7770905922376663	1.1358491038909222
1.0526380744268775	0.7919297892371592	1.1285043566285864
1.0490951401647906	0.8083106698250746	1.1201758623607687
1.0451724234065713	0.8260037464109635	1.1109148016747268
1.040899375473602	0.8447803960865283	1.1007779182873667
1.0363077691195655	0.8644178328410963	1.0898271513532791
1.031431388606211	0.8847028320143092	1.0781292548375918
1.0263057106811337	0.9054343258755047	1.0657554105975735
1.0209675813257704	0.9264250405956441	1.052780841075841
1.0154548928581246	0.9475023598045229	1.039284426468372
1.0098062655929212	0.9685085911898409	1.025348329909132
1.0040607378032125	0.9893007910688403	1.0110576326345582
0.9982574672137577	1.0097502754241123	0.9964999792874257
0.9924354467099532	1.0297419195122022	0.9817652315334559
0.9866332363875878	1.049173324502546	0.9669451260511104
0.9808887135175577	1.067953909785268	0.9521329307892266
0.9752388414724521	1.086003973742673	0.9374230912660958
0.9697194581726987	1.1032537535494735	0.9229108567345495
0.9643650841692732	1.1196425053802852	0.9086918744231024
0.9592087500956417	1.1351176196518713	0.8948617389832556
0.9542818428981537	1.1496337810560773	0.8815154839627496
0.9496139699934335	1.1631521796788273	0.8687470028426475
0.9452328403028067	1.1756397770776554	0.8566483891816417
0.9411641609748692	1.1870686295176627	0.8453091889261042
0.9374315485237288	1.1974152694298283	0.834815563101426
0.9340564530768458	1.2066601453998766	0.8252493658787642
0.9310580944366924	1.2147871205087752	0.8166871511726591
0.9284534087082346	1.2217830285485116	0.8091991299610521
0.9262570043230519	1.2276372874738388	0.8028481096350406
0.9244811263948339	1.2323415693840334	0.7976884548384968
0.9231356284642619	1.2358895263314753	0.7937651152640802
0.9222279508293673	1.2382765713075765	0.7911127685861079
0.9217631048060021	1.2394997138472608	0.7897551252448494
0.921743662419088	1.2395574498110655	0.7897044357448881
0.9221697511859926	1.238449705040628	0.7909612307277331
0.92303905381714	1.236177832732288	0.7935143102475369
0.9243468128238759	1.232744664528641	0.7973409829225757
0.9260858401888422	1.2281546154833731	0.8024075397986775
0.9282465324180709	1.2224138432049718	0.808669933703249
0.9308168914554221	1.215530461623894	0.816074624133468
0.9337825520969267	1.2075148099487483	0.824559541286327
0.9371268166925548	1.1983797774721405	0.8340551209951288
0.9408306980628044	1.188141184946023	0.8444853647295417
0.9448729716831994	1.1768182232564368	0.8557688845895226
0.9492302382967297	1.164433950070149	0.8678199012440229
0.953876998196785	1.1510158449749532	0.8805491718456644
0.9587857384753707	1.1365964233540402	0.8938648340325469
0.9639270345468449	1.1212139087694897	0.9076731603899364
0.9692696672296905	1.104912962903696	0.9218792246555025
0.9747807565917216	1.0877454710119683	0.9363874862522101
0.9804259136321748	1.0697713792223429	0.9511023033864062
0.9861694106828961	1.0510595776710743	0.9659283870771738
0.9919743711574808	1.0316888201035965	0.9807712093031055
0.9978029789609208	1.0117486658341477	0.9955373782218258
1.0036167074945181	0.991340423381503	1.0101349923955687
1.0093765677558555	0.9705780661316475	1.024473984380254
1.0150433745487102	0.9495890784123606	1.0384664621089121
1.020578029293389	0.928515174816444	1.0520270543883905
1.025941817377442	0.9075128160862577	1.065073264660936
1.0310967174266916	0.8867534214514083	1.0775258350592818
1.0360057193257555	0.8664231509852381	1.0893091207807553
1.0406331472967587	0.8467221048244501	1.1003514729799557
1.0449449838766975	0.8278627637286601	1.1105856267740155
1.0489091902400627	0.8100674850701216	1.1199490896027777
1.0524960180151965	0.7935648806073987	1.1283845241134292
1.0556783075595657	0.7785849500719492	1.135840118963263
1.058431767606291	0.7653529397281644	1.142269940466282
1.0607352312836098	0.7540820438511128	1.1476342578532663
1.0625708837461543	0.7449652629459046	1.1518998350660314
1.0639244570420707	0.7381669498604251	1.1550401824522987
1.0647853883665335	0.7338147674169444	1.1570357624455887
1.0651469385070007	0.7319928895886773	1.1578741442737497
1.065006268049419	0.7327372489059009	1.157550103900376
1.0643644697630157	0.7360334416283885	1.1560656667180917
1.0632265564854924	0.7418175727779259	1.1534300919280038
1.0616014047586162	0.7499799260962454	1.1496597989982456
1.0595016553836474	0.7603709748065849	1.1447782380370333
1.0569435729441912	0.7728089928319729	1.138815707283643
1.0539468671506764	0.7870884279516925	1.131809122158373
1.0505344795689044	0.8029882531876565	1.1238017413696675
1.0467323398833408	0.8202796766017452	1.1148428564092994
1.0425690962978649	0.8387328030312617	1.104987451339847
1.0380758249830098	0.8581220506766287	1.094295840065804
1.0332857236362174	0.8782302961457417	1.0828332882637177
1.02823379423356	0.8988518394416549	1.0706696268190536
1.022956519926683	0.9197943470813751	1.0578788629782718
1.0174915407913117	0.9408799573513524	1.0445387944815583
1.011877332781345	0.9619457295646894	1.030730630709638
1.0061528938056064	0.9828436008533373	1.016538623379045
1.0003574403448243	1.0034399884585619	1.0020497075838237
0.9945301174865246	1.023615148590322	0.9873531520467426
0.9887097246967527	1.0432623780883412	0.972540215360787
0.9829344590900015	1.0622871238919205	0.957703802839458
0.9772416774199132	1.0806060481180002	0.9429381164413843
0.9716676775083071	1.0981460831233782	0.9283382882078983
0.9662474993706268	1.1148435007600064	0.9139999859020824
0.9610147458907956	1.1306430125105065	0.9000189782520703
0.956001422553239	1.1454969117327722	0.8864906466046404
0.9512377954573529	1.1593642653462566	0.873509430140314
0.9467522666200386	1.1722101595520193	0.8611681933510207
0.9425712654131853	1.1840050022779491	0.8495575074757693
0.9387191548812814	1.1947238837425225	0.8387648421975697
0.9352181516347942	1.204345995660325	0.8288736701641097
0.9320882580114527	1.2128541090450433	0.8199624946458007
0.9293472052338447	1.2202341102114433	0.8121038194729213
0.9270104063613172	1.2264745943749606	0.8053630895972534
0.925090917930719	1.2315665161522154	0.7997976392330076
0.9235994092984499	1.2355028962482042	0.7954556913925748
0.9225441388303063	1.2382785836546804	0.7923754565618293
0.9219309362316109	1.2398900727644895	0.7905843782569505
0.9217631904643506	1.240335374916966	0.7900985686812242
0.9220418428579197	1.2396139440214096	0.790922468666556
0.9227653851833657	1.2377266560519495	0.7930487532388781
0.923929862626166	1.2346758423615327	0.7964584888219355
0.9255288817582139	1.2304653769194698	0.801121532057047
0.9275536237746456	1.2251008177303886	0.8069971453617749
0.9299928634240171	1.218589602836546	0.8140347923616505
0.9328329942194504	1.210941301433821	0.82217506839241
0.9360580606713936	1.20216792073702	0.8313507179102403
0.9396497984267217	1.1922842693029343	0.8414876917107617
0.9435876833302754	1.1813083775480524	0.8525062016311694
0.9478489905390742	1.1692619761654601	0.8643217378261705
0.9524088649111203	1.1561710330291146	0.876846022573086
0.9572404039540071	1.1420663489403013	0.889987883754964
0.9623147546471469	1.1269842121731253	0.9036540397852527
0.9676012254388431	1.1109671111449801	0.9177497951448307
0.9730674146592687	1.0940645035767604	0.9321796515555135
0.9786793564769773	1.0763336390795593	0.9468478440098848
0.9844016853548979	1.0578404300203126	0.96165881349214
0.9901978197285338	1.03866036252243	0.9765176294508029
0.9960301653326347	1.0188794352104726	0.9913303751708143
1.0018603382436684	0.9985951073791753	1.006004508402273
1.007649407287322	0.9779172301306891	1.0204492081829883
1.0133581549892354	0.9569689230816115	1.0345757169574148
1.0189473557326862	0.9358873448855791	1.0482976850235681
1.0243780692414393	0.914824287565048	1.0615315221735973
1.0296119469451253	0.8939465023794565	1.0741967592420592
1.0346115482264622	0.8734356393098972	1.0862164202217102
1.0393406630148847	0.8534876551543378	1.097517403712582
1.0437646367014743	0.8343115206501102	1.1080308707840671
1.0478506929278646	0.8161270416284852	1.1176926348879996
1.051568249468806	0.7991616127056268	1.12644354829131
1.0548892222042965	0.7836457567565993	1.1342298786199259
1.057788312079851	0.7698073821881035	1.1410036685348268
1.060243269995399	0.7578648216712656	1.1467230713027756
1.0622351347525654	0.7480188989207914	1.1513526550765747
1.06374843952853	0.7404444853243537	1.154863669052747
1.0647713828278738	0.7352822156817866	1.1572342653092151
1.0652959604808663	0.7326311752197846	1.158449671013397
1.0653180559900401	0.7325433901265058	1.1585023067951021
1.0648374873537936	0.7350208147105034	1.157391848353383
1.0638580093882999	0.7400152169775076	1.1551252297602967
1.062387271496288	0.7474309780350387	1.1517165883806264
1.0604367317604355	0.7571304306343625	1.1471871527860542
1.058021529137172	0.7689410610724272	1.1415650764455059
1.0551603163625376	0.7826637471183183	1.1348852212635732
1.0518750569269417	0.7980812134579817	1.1271888961634142
1.048190790106843	0.8149660216208067	1.1185235568231198
1.0441353685403294	0.8330876159786652	1.1089424733372641
1.0397391731886108	0.8522181636350562	1.098504372958366
1.0350348107313945	0.8721371122595686	1.0872730651563998
1.0300567985020896	0.8926345256527733	1.0753170560069276
1.0248412419863318	0.91351333936508	1.0627091583773354
1.0194255096965137	0.9345907163438056	1.0495261035316086
1.0138479099129916	0.9556986880099271	1.0358481586295651
1.0081473733688258	0.9766842518299278	1.0217587531764702
1.002363145471212	0.9974090723195277	1.0073441158105856
0.9965344911214111	1.0177489053760715	0.9926929209353427
0.9907004146380038	1.037592840013292	0.9778959426564645
0.9848993967263175	1.0568424290330158	0.9630457113344092
0.9791691498884185	1.075410761624248	0.9482361658907814
0.9735463931490784	1.0932215162545182	0.9335622929215884
0.9680666464965091	1.110208021046628	0.9191197418098942
0.9627640450120833	1.126312340512526	0.9050044035716406
0.9576711722975049	1.1414844014434238	0.8913119403247007
0.9528189125043891	1.1556811663995594	0.8781372522882716
0.9482363200311373	1.16886586016577	0.8655738703604924
0.9439505057737735	1.1810072523956667	0.8537132648381871
0.9399865386979539	1.1920789981960513	0.8426440649317748
0.9363673614338209	1.2020590374108744	0.8324511894771026
0.9331137185781029	1.2109290527104182	0.8232148965640879
0.9302440964124694	1.2186739861767182	0.8150097683600978
0.9277746728072208	1.2252816138306002	0.8079036565934131
0.9257192761684524	1.2307421774201124	0.8019566230869881
0.924089352399007	1.2350480727508062	0.7972199172844785
0.9228939389734655	1.2381935938615152	0.7937350376929537
0.9221396453704606	1.240174732418218	0.7915329254958854
0.9218306392580694	1.240989031801064	0.7906333355225372
0.9219686379868143	1.2406354954861347	0.7910444221015839
0.9225529051076297	1.2391145494667373	0.7927625655577304
0.9235802517973052	1.2364280586121703	0.7957724503791804
0.925045043239924	1.2325793970192962	0.800047390051644
0.92693921017856	1.2275735725680406	0.8055498781145876
0.929252266015616	1.2214174060403038	0.8122323319343313
0.931971330001125	1.2141197652965805	0.8200379863758361
0.9350811572040356	1.2056918551186206	0.8289018897334485
0.938564176109203	1.196147563411176	0.8387519540037852
0.9424005348191261	1.1855038645003115	0.8495100152951821
0.946568156959985	1.173781280254843	0.8610928668858392
0.9510428084913467	1.161004399670751	0.8734132359876684
0.95579817669216	1.147202457365967	0.8863806844820109
0.9608059626361509	1.1324099710924787	0.8999024227810006
0.9660359884709886	1.116667437822863	0.9138840338138204
0.9714563207710636	1.1000220871217978	0.9282301105074638
0.9770334111374571	1.0825286892464336	0.9428448148523223
0.9827322550654278	1.064250413560795	0.9576323697412493
0.9885165698855184	1.0452597301646298	0.9724974964094525
0.994348992307025	1.025639343813979	0.9873458107185247
1.0001912957519734	1.0054831438465803	1.0020841909836884
1.0060046272663312	0.9848971464208082	1.0166211287933713
1.0117497633384296	0.9640003953499435	1.0308670725412834
1.0173873834507106	0.9429257745464609	1.0447347713733177
1.0228783596517426	0.9218206680391954	1.0581396250978456
1.0281840598755996	0.9008473824219092	1.0710000434372362
1.0332666621725897	0.8801832217826223	1.0832378159014597
1.03808947646908	0.8600200781171431	1.0947784916103538
1.0426172699661629	0.8405633742015839	1.1055517666315626
1.046816591839599	0.8220301766568462	1.115491874876171
1.0506560925390942	0.8046462933008782	1.1245379773341775
1.0541068327242271	0.788642192563957	1.132634543459838
1.0571425767354972	0.7742476467935787	1.1397317178484057
1.0597400654964741	0.7616851164317003	1.1457856649894615
1.061879263886582	0.7511620607449205	1.1507588848389456
1.0635435779173443	0.7428625700197476	1.1546204922146952
1.0647200374858006	0.7369389302334264	1.1573464535725322
1.065399441057975	0.7335039012360968	1.1589197755360978
1.0655764593374941	0.7326245531094848	1.159330640599104
1.0652496957780393	0.7343184166134734	1.1585764866503887
1.0644217026769287	0.738552454473303	1.1566620283399676
1.0630989525104282	0.7452449931709036	1.153599219752583
1.0612917651068074	0.7542703540129572	1.1494071593251638
1.0590141921674459	0.7654655841918626	1.144111939376355
1.0562838615073968	0.7786384869010323	1.1377464439517602
1.0531217841652813	0.7935761109858068	1.1303500998731268
1.0495521282029494	0.8100529632041418	1.1219685868651978
1.0456019635581557	0.8278383968503862	1.112653513379317
1.041300982714668	0.8467028492872235	1.1024620652056702
1.036681202206638	0.8664228001387946	1.0914566341433831
1.03177665007688	0.8867844745161143	1.0797044338654174
1.0266230443676685	0.9075864141797781	1.067277109668349
1.0212574675485575	0.9286410897480023	1.0542503480387566
1.0157180414943805	0.9497757409139593	1.0407034909087165
1.0100436072369614	0.9708326220604686	1.0267191581306092
1.0042734132474123	0.9916688085487768	1.0123828801010397
0.9984468154847902	1.0121556921542816	0.9977827406384273
0.9926029918933049	1.032178267541087	0.9830090282121594
0.9867806734658273	1.0516342879312492	0.9681538914902654
0.9810178934350546	1.0704333482900958	0.9533109929927768
0.9753517556225564	1.088495938527568	0.9385751525087769
0.9698182224836118	1.1057524970250832	0.924041969986214
0.9644519229432856	1.1221424856545743	0.9098074159998906
0.9592859797338921	1.137613500746768	0.8959673768472979
0.9543518556206361	1.152120429630101	0.8826171410517726
0.9496792176423039	1.1656246589308525	0.8698508148279029
0.9452958182968789	1.1780933384256387	0.8577606561445188
0.9412273924649585	1.1894987025832424	0.846436320625466
0.9374975687826077	1.1998174508108468	0.8359640177843175
0.9341277941442228	1.209030186674852	0.8264255829660064
0.9311372700289181	1.2171209158876473	0.8178974786138049
0.9285428993943652	1.2240766025608993	0.8104497475693596
0.9263592429633986	1.2298867830683358	0.804144950234968
0.9245984838349931	1.2345432367987554	0.7990371255237468
0.9232703994767785	1.2380397130868983	0.7951708214049228
0.922382340296272	1.2403717136668584	0.792580243375673
0.9219392141384742	1.2415363300867934	0.7912885674877556
0.9219434762150602	1.2415321356445561	0.791307458249232
0.9223951241326664	1.2403591315434006	0.7926368210816042
0.9232916978528068	1.2380187471184858	0.7952648049999121
0.9246282845822491	1.2345138941423786	0.799168055331808
0.9263975287590557	1.2298490753753157	0.8043122004613542
0.9285896474646774	1.2240305476779532	0.8106525426306125
0.9311924517549869	1.2170665401445635	0.8181349122804448
0.9341913745611148	1.2089675278363068	0.8266966392062796
0.9375695059618424	1.1997465617893026	0.8362675922020897
0.94130763676987	1.189419656030416	0.8467712414765239
0.945384311500488	1.1780062323415357	0.8581257040701984
0.9497758918981759	1.1655296234517356	0.8702447406370228
0.9544566322788217	1.152017635179511	0.8830386810862667
0.9593987679965505	1.1375031677559173	0.8964152656632284
0.9645726183579435	1.1220248960789068	0.9102803962692939
0.969946705276329	1.1056280079004701	0.924538799668366
0.9754878888784495	1.0883649978194356	0.9390946094493566
0.9811615211397161	1.0702965132876394	0.9538518771874861
0.9869316184280279	1.05149224642064	0.9687150252997578
0.9927610535768994	1.0320318619479762	0.9835892548430046
0.9986117677857458	1.0120059467658853	0.9983809212156682
1.0044450022601752	0.9915169597948057	1.0129978896568617
1.010221549062607	0.9706801516321245	1.027349880824816
1.0159020201509203	0.9496244112095625	1.0413488147832546
1.0214471330509307	0.9284929807293547	1.0549091595926696
1.026818011051022	0.9074439601835904	1.0679482885224942
1.0319764952412238	0.8866504988770512	1.0803868477686498
1.0368854651635173	0.8663005446526179	1.0921491345537702
1.041509164316691	0.8465959946190371	1.1031634836612785
1.0458135262896948	0.8277510690777421	1.1133626588528336
1.0497664969049727	0.8099897209614341	1.1226842442745057
1.0533383474587394	0.7935419074195482	1.1310710298954878
1.0565019739680594	0.778638601203636	1.1384713842622323
1.059233177290595	0.7655055192107669	1.1448396074013385
1.0615109190830387	0.7543556995675053	1.1501362565697506
1.0633175488145152	0.7453812591866894	1.1543284377260135
1.0646389974507928	0.7387448833304708	1.1573900560678652
1.0654649339671018	0.7345717891525153	1.1593020197262662
1.065788881517849	0.7329430061603267	1.1600523916920735
1.0656082908708533	0.7338907750496843	1.1596364862379995
1.0649245695764158	0.73739666117236	1.158056907436962
1.0637430662584038	0.7433926377288803	1.1553235288137411
1.0620730103531388	0.7517649912142098	1.1514534146419297
1.0599274085489834	0.762360534832611	1.1464706848522508
1.0573229000623372	0.7749943684429504	1.1404063268923463
1.0542795736938382	0.7894583377655909	1.1332979591162153
1.0508207503151301	0.8055294120834171	1.1251895513329293
1.0469727350200333	0.8229773717888466	1.1161311089657822
1.0427645436186226	0.8415714142584864	1.1061783278294623
1.0382276084493218	0.861085495849113	1.095392226798477
1.0333954686302815	0.8813023959608944	1.0838387655980932
1.0283034498705954	0.902016603451951	1.0715884545921077
1.022988338824114	0.9230361889176828	1.0587159627705247
1.0174880567081255	0.9441838493524102	1.045299729163459
1.011841336544204	0.9652973075957031	1.0314215816410939
1.0060874079300701	0.9862292294316467	1.0171663655262446
1.0002656927415938	1.0068467950337285	1.0026215826771
0.994415514615583	1.0270310343547442	0.9878770397331518
0.9885758244985309	1.0466760112645432	0.9730245021104288
0.9827849439840315	1.0656879201775546	0.9581573481527065
0.9770803276197677	1.0839841419148548	0.9433702156854903
0.971498344858632	1.1014922923332042	0.928758631200103
0.9660740818694623	1.1181492872753431	0.914418610170835
0.9608411630194097	1.1339004400320536	0.9004462157711385
0.9558315914975891	1.1486986021743792	0.8869370627339834
0.9510756082709484	1.162503354815703	0.8739857535526714
0.9466015683479452	1.175280254696403	0.8616852359046362
0.9424358331717112	1.187000137637884	0.8501260733379575
0.9386026778676253	1.197638480654722	0.8393956260476356
0.9351242120255783	1.2071748231728727	0.8295771450073448
0.9320203126984985	1.2155922472556875	0.8207487906287012
0.9293085683394364	1.2228769164012363	0.8129825960495692
0.9270042324731371	1.2290176722833295	0.8063434043728005
0.9251201859982843	1.234005688722613	0.8008878176901232
0.9236669071376462	1.237834182163783	0.7966632023632855
0.9226524481902181	1.2404981779798494	0.7937067986174359
0.9220824183877859	1.2419943320095999	0.7920449820580454
0.9219599723146167	1.2423208068492215	0.7916927197154898
0.9222858035106142	1.2414772025546743	0.7926532537297049
0.9230581430431051	1.239464541560926	0.7949180325819174
0.9242727629989008	1.2362853077813092	0.7984668942542835
0.9259229850152004	1.2319435400090943	0.8032684896525695
0.9279996941339397	1.2264449798982764	0.8092809199561531
0.9304913584280947	1.219797274945431	0.8164525499128115
0.9333840550083201	1.2120102370228423	0.8247229516000474
0.9366615031720019	1.2030961571171797	0.8340239302842438
0.9403051056010853	1.193070176998288	0.8442805855042537
0.9442939986462205	1.1819507185667215	0.855412365624629
0.9486051128481856	1.1697599715892701	0.867334081750456
0.9532132449376808	1.156524440404795	0.8799568558719237
0.9580911426155938	1.142275549933521	0.8931889873057052
0.9632096034410808	1.1270503109016887	0.9069367300386882
0.968537589137844	1.1108920435285672	0.9211049808570013
0.9740423565633084	1.093851157912287	0.935597883839919
0.9796896064652456	1.075985987851931	0.9503193608319546
0.9854436509710116	1.0573636726579643	0.9651735799695443
0.9912676005125071	1.0380610783644983	0.9800653754323441
0.9971235705839869	1.0181657453133532	0.9949006315666492
1.002972908360806	0.9977768428844147	1.0095866436527365
1.0087764387787266	0.9770061036578132	1.0240324661041322
1.0144947291923099	0.9559786978998477	1.0381492570072917
1.0200883712069104	0.934833994356509	1.0518506258098435
1.0255182777250045	0.9137261344520428	1.0650529887826903
1.0307459926800215	0.8928243240662666	1.0776759347227525
1.0357340103683528	0.8723127208587383	1.0896426013101947
1.0404461007535937	0.8523897677743135	1.1008800606479825
1.0448476366285862	0.8332667991738241	1.1113197108396238
1.0489059181031546	0.8151657320710526	1.1208976690386547
1.0525904895603533	0.798315661440632	1.1295551602583038
1.0558734440117727	0.782948218181904	1.137238895381797
1.0587297096997674	0.7692916338411655	1.1439014312758387
1.0611373138539704	0.7575635957068029	1.149501505687633
1.0630776187186306	0.7479631660443368	1.154004339696746
1.0645355253272164	0.7406622583384467	1.1573819008862345
1.0654996410061641	0.7357973684124557	1.1596131210721172
1.0659624072287166	0.7334623904642047	1.1606840633569253
1.0659201851939941	0.7337033497309958	1.160588034412897
1.0653732973520613	0.736515722264849	1.1593256392068412
1.064326024003989	0.7418447016962064	1.1569047767984963
1.0627865550452062	0.7495883764292696	1.1533405773196368
1.0607668978572995	0.7596033931889923	1.1486552817121978
1.0582827432547275	0.7717123956543205	1.1428780672103331
1.0553532922271804	0.7857123953668281	1.1360448228364337
1.052001046957589	0.8013832605645236	1.1281978802921446
1.0482515702168136	0.8184956583193558	1.1193857065167376
1.0441332177213762	0.8368179968403687	1.1096625648191862
1.0396768483791559	0.8561221312132148	1.0990881518385494
1.0349155175354772	0.8761877778653779	1.0877272176304742
1.0298841583704925	0.8968057126718824	1.0756491759059792
1.024619256496443	0.9177799040911241	1.0629277108606794
1.0191585225735267	0.9389287654273896	1.049640386135109
1.0135405674231261	0.9600857122746985	1.0358682602535663
1.0078045836875063	0.9810991947640254	1.0216955114215052
1.0019900375877833	1.001832349076026	1.0072090728482914
0.9961363737898599	1.0221623853312296	0.9924982778412139
0.9902827358229634	1.0419798032643877	0.9776545118373421
0.9844677039283417	1.0611875048815438	0.9627708663670833
0.9787290516647513	1.0796998551594523	0.9479417877631119
0.973103522078529	1.097441727620236	0.9332627113533315
0.9676266237716334	1.1143475607953013	0.9188296700520631
0.9623324467806796	1.1303604435634738	0.9047388648722582
0.957253497819763	1.1454312415076457	0.8910861841428266
0.952420554143125	1.1595177722565064	0.8779666583796791
0.9478625350509199	1.1725840348341494	0.8654738390908724
0.9436063898908995	1.184599495995308	0.8536990925430199
0.9396770012970876	1.1955384351243057	0.8427308038633248
0.9360971023484922	1.20537934833511	0.8326534928637394
0.9328872063206849	1.2141044117935174	0.8235468505279386
0.9300655477341951	1.2216990038948266	0.8154847138269417
0.9276480334694821	1.2281512857045072	0.8085340057686992
0.9256482028123939	1.2334518389586386	0.8027536764073003
0.9240771954105199	1.2375933608929253	0.7981936878008171
0.9229437262543897	1.2405704152012178	0.7948940904162094
0.922254066943595	1.2423792385007342	0.792884239184255
0.9220120326527996	1.243017601789536	0.7921821936326598
0.9222189743735414	1.2424847265132823	0.792794338173735
0.9228737761722134	1.240781255005559	0.7947152462817337
0.9239728573712974	1.2379092752223717	0.7979277972085411
0.925510179728202	1.233872399851196	0.8024035377768296
0.9274772598529061	1.2286759000321466	0.8081032665625718
0.9298631872706292	1.222326894077777	0.8149778051810664
0.9326546486973982	1.21483459171201	0.8229689127105462
0.9358359592523605	1.2062105944607304	0.8320102951648044
0.9393891014783536	1.1964692529074195	0.842028662312702
0.9432937731777551	1.18562808156534	0.8529447884006024
0.9475274451897101	1.1737082320975598	0.864674540433173
0.9520654303321486	1.1607350255152749	0.8771298464148702
0.9568809648017005	1.1467385437720161	0.8902195852006215
0.9619453033602566	1.1317542808010543	0.9038503883974159
0.9672278296319365	1.1158238524501602	0.9179273524203129
0.9726961827820466	1.0989957638589172	0.9323546649449703
0.9783164017442358	1.0813262314674528	0.9470361544745208
0.9840530879983257	1.062880054859467	0.961875774604052
0.9898695876754607	1.0437315307787096	0.9767780359996376
0.9957281934772675	1.0239653975874636	0.9916483993552516
1.0015903665419776	1.0036777927352876	1.0063936419140573
1.007416977975858	0.9829771979563828	1.0209222087924628
1.0131685692986447	0.961985336314895	1.0351445585481676
1.0188056305360993	0.9408379712456751	1.0489735103722921
1.024288894143469	0.9196855398692128	1.062324598108507
1.0295796423760184	0.8986935308934602	1.075116434123679
1.034640025154938	0.8780424918451805	1.0872710839624384
1.0394333849294277	0.8579275229258088	1.0987144507786917
1.0439245845306373	0.8385570891179382	1.1093766668009026
1.0480803335730269	0.8201509645956648	1.119192487593533
1.0518695086061303	0.8029371234621997	1.1281016836541318
1.0552634619751504	0.7871474205937558	1.1360494229559794
1.0582363142303624	0.7730119790650043	1.142986637425037
1.0607652249468895	0.7607523262167873	1.1488703660347561
1.0628306369866565	0.7505734992520267	1.1536640672128087
1.0644164895563986	0.7426555568605256	1.1573378935713194
1.0655103958857624	0.7371451480122323	1.1598689225784675
1.0661037819574966	0.7341479466560279	1.161241337657113
1.066191983450831	0.733722801258737	1.1614465552888922
1.0657742988865415	0.7358783294210054	1.1604832949749033
1.0648539978603977	0.7405724106032059	1.158357590304954
1.0634382841894254	0.7477146460172963	1.1550827408594146
1.061538214739489	0.7571714539906249	1.1506792061507571
1.0591685756194578	0.768773147818023	1.1451744442458718
1.0563477182846024	0.782322168499135	1.138602699036477
1.05309735886063	0.7976016344341681	1.1310047412894344
1.049442344655266	0.8143834945399531	1.1224275695637982
1.0454103923475249	0.8324357735060135	1.1129240777869742
1.0410318027227827	0.8515286184142795	1.102552696707538
1.0363391570486657	0.871439049943187	1.0913770165654033
1.0313670002628108	0.8919544654874777	1.0794653981288758
1.0261515160757366	0.9128750312127176	1.066890578739159
1.0207301988923039	0.9340151428481334	1.0537292791809825
1.015141527140163	0.9552041435565084	1.0400618160753263
1.0094246421831579	0.9762864743594689	1.025971723086425
1.0036190365135251	0.9971214088206106	1.0115453825770606
0.9977642543818595	1.017582496338524	0.9968716674692085
0.9918996074605564	1.0375568119492904	0.9820415910176732
0.9860639075659375	1.0569440872750469	0.9671479600433136
0.9802952179057867	1.0756557780204603	0.9522850249800835
0.9746306237888831	1.0936141081963953	0.9375481179719708
0.9691060232448829	1.1107511195932323	0.9230332683489275
0.9637559375668353	1.1270077463276817	0.9088367832882671
0.9586133414116081	1.1423329279303323	0.8950547805406086
0.9537095117797251	1.1566827698769195	0.8817826600115739
0.949073894946641	1.1700197572388742	0.8691145020052267
0.9447339902312046	1.1823120248790089	0.8571423823085517
0.9407152493607674	1.1935326860727056	0.8459555982343475
0.937040990121354	1.2036592203912098	0.8356398053437348
0.9337323229598398	1.2126729209947769	0.8262760717691784
0.930808089226692	1.2205584010449675	0.8179398655498776
0.9282848098058796	1.2273031586836147	0.8106999995890174
0.926176642966628	1.23289719988998	0.8046175678774719
0.9244953503835568	1.237332718481521	0.7997449144022553
0.9232502704019361	1.2406038325428446	0.7961246814694899
0.9224482977686144	1.2427063766344224	0.793788985910847
0.9220938692026657	1.243637749234417	0.7927587690189011
0.9221889543398681	1.243396814994175	0.7930433588139221
0.9227330517493708	1.2419838615324568	0.7946402717960619
0.923723189887584	1.2394006106489626	0.7975352667752226
0.9251539330219877	1.2356502839978072	0.8017026473248694
0.9270173923250578	1.230737723420812	0.8071057937689817
0.9293032425045387	1.2246695662926914	0.8136978922030278
0.9319987444993953	1.2174544763693116	0.8214228182974419
0.9350887749288986	1.2091034307490593	0.8302161283477733
0.9385558631327401	1.1996300636474864	0.840006109338144
0.9423802367795177	1.1890510677358697	0.8507148431673612
0.9465398771449983	1.1773866537906799	0.8622592466950351
0.9510105852652443	1.1646610693228057	0.8745520577227917
0.9557660602472232	1.150903176673782	0.8875027462556477
0.9607779910645373	1.1361470907398357	0.9010183393783396
0.9660161631718052	1.120432875953125	0.9150041560801598
0.9714485812314356	1.1038073013277503	0.9293644549075751
0.9770416091547148	1.0863246511446951	0.9440030022190036
0.9827601285100052	1.0680475870356647	0.9588235720715899
0.9885677161400732	1.0490480546000949	0.9737303905389635
0.9944268415558017	1.0294082239430988	0.9886285377751021
1.0002990843343813	1.0092214482549664	1.0034243206655529
1.0061453713488184	0.9885932172664026	1.0180256277007227
1.011926233197263	0.9676420725224307	1.0323422759978091
1.017602078693757	0.9465004382932947	1.0462863583828257
1.0231334857377417	0.9253153050149582	1.059772596279362
1.028481506312986	0.9042486811148469	1.07271870195883
1.033607982794902	0.8834777042096392	1.0850457515819705
1.0384758721887268	0.8631942753288183	1.0966785684746096
1.0430495744014765	0.8436040531438231	1.107546114286188
1.0472952601906804	0.8249246247926583	1.117581884118923
1.0511811940554954	0.8073826644865889	1.1267243004203662
1.0546780470618817	0.7912099123758667	1.134917099426567
1.0577591944422047	0.7766378674102139	1.1421097032437113
1.0604009927958	0.7638912004525235	1.1482575702726736
1.0625830318509606	0.753180061079546	1.1533225166150853
1.0642883560349048	0.7446916615284654	1.1572730013446715
1.0655036515345895	0.7385817415060311	1.1600843690678915
1.066219395109084	0.734966695384824	1.1617390440082813
1.0664299616182056	0.7339172172134674	1.1622266708945694
1.0661336880410024	0.7354542403499599	1.1615441991707514
1.0653328926445618	0.739547705984182	1.159695908426156
1.0640338488981436	0.7461183281209965	1.156693374408895
1.0622467146766306	0.7550421152685945	1.1525553764774157
1.059985418226921	0.7661570596950921	1.1473077488012362
1.0572675032484329	0.7792711908776928	1.1409831789840532
1.0541139362342056	0.7941711410002303	1.1336209589947381
1.0505488799060858	0.8106304673728582	1.125266694304523
1.0465994371357044	0.8284171666303528	1.1159719778999693
1.0422953701579296	0.8473000373037549	1.1057940363378291
1.0376688001474557	0.8670537513273249	1.094795355205539
1.032753892341152	0.887462652603808	1.0830432912355417
1.027586531854114	0.9083234033824895	1.0706096778872418
1.022203995166874	0.9294466522546269	1.057570430460156
1.0166446219707914	0.950657913062927	1.0440051557464398
1.0109474916673393	0.9717978351336155	1.0299967698882706
1.0051521083466017	0.9927220231846207	1.0156311265008295
0.999298097543427	1.0133005381607074	1.0009966552882903
0.9934249175091189	1.0334171832126138	0.9861840093620383
0.9875715871639067	1.052968654821027	0.9712857173244498
0.9817764323305278	1.0718636187928678	0.9563958339834195
0.9760768513092398	1.0900217546672695	0.941609581411744
0.9705091003537673	1.107372799585612	0.9270229700907249
0.9651080991570595	1.1238556133140312	0.9127323882435503
0.9599072560631957	1.13941727923237	0.8988341463737456
0.9549383123918884	1.154012251148939	0.8854239637146485
0.9502312049967838	1.1676015522854706	0.8725963840286541
0.9458139459773468	1.1801520303187796	0.860444110230631
0.9417125183238512	1.1916356706713809	0.8490572508712899
0.9379507861914164	1.202028969094374	0.8385224767345808
0.9345504184665808	1.211312363823048	0.828922092654508
0.9315308243022358	1.2194697270951926	0.8203330378959458
0.9289090993471847	1.2264879155239323	0.8128258375537445
0.9266999814786037	1.232356378655019	0.8064635365982866
0.924915814952926	1.23706682497402	0.8013006563786939
0.9235665220175154	1.2406129446350613	0.7973822193935199
0.9226595811669916	1.2429901882401075	0.7947428908005776
0.9222000113800557	1.2441956010931472	0.7934062835760234
0.9221903618319048	1.2442277124761791	0.7933844680502703
0.9226307067412082	1.2430864796357588	0.794677715996384
0.9235186451772882	1.240773286323063	0.7972744954679511
0.9248493058211223	1.23729099589072	0.8011517167038551
0.9266153568418242	1.2326440591103447	0.8062752134995819
0.9288070212172218	1.2268386770298223	0.8126004303583805
0.9314120979915055	1.2198830193328538	0.820073275025395
0.9344159901228539	1.2117874987881323	0.8286310896427452
0.9378017397269668	1.2025651024738004	0.8382036920228794
0.9415500716651857	1.1922317805241156	0.8487144410469515
0.9456394465544692	1.1808068931560296	0.8600812860835414
0.9500461243857892	1.168313716674961	0.8722177684443475
0.9547442400220973	1.1547800090044562	0.8850339520519438
0.9597058919004273	1.1402386349957532	0.8984372696270057
0.9649012452785362	1.1247282512949301	0.9123332789912315
0.970298651337886	1.10829404979856	0.9266263309985393
0.975864783375474	1.0909885576009872	0.9412201558958163
0.9815647911812764	1.072872489670583	0.956018378543869
0.9873624745013663	1.0540156480722291	0.9709249750255525
0.9932204762261558	1.034497858088536	0.9858446839513473
0.999100495617844	1.0144099267030862	1.0006833855029775
1.0049635215026327	0.9938546021178901	1.0153484601943885
1.0107700849060353	0.9729475037139327	1.0297491377150942
1.016480530111262	0.951817979500316	1.0437968442574161
1.0220553025819856	0.9306098320362417	1.0574055545823173
1.027455251625785	0.9094818336555823	1.0704921528789793
1.0326419451003106	0.8886079276816694	1.082976804321085
1.0375779929002986	0.8681769852578733	1.0947833371942886
1.0422273754315665	0.8483919601021147	1.1058396336223166
1.0465557728008528	0.8294682609287777	1.1160780252978126
1.0505308900505148	0.8116311514730347	1.1254356892624486
1.0541227734667742	0.795112002130996	1.1338550377046805
1.0573041128085834	0.7801432683933134	1.1412840949713303
1.0600505242578213	0.7669521717398597	1.1476768545323552
1.0623408089914408	0.7557532143194935	1.1529936085003551
1.0641571825285436	0.7467398618041067	1.1572012424828138
1.0654854704095118	0.7400759515189147	1.1602734890222883
1.0663152663131132	0.7358875764023927	1.1621911336343886
1.066640049397074	0.7342562982234707	1.1629421684530359
1.0664572584377106	0.735214501815661	1.1625218896956317
1.0657683212191966	0.7387434941678762	1.1609329365181686
1.064578638552961	0.7447746061861082	1.158185270286827
1.062897523259772	0.7531931466824607	1.1542960947885557
1.0607380953872416	0.7638446864669666	1.1492897193779075
1.0581171358306642	0.7765429005373704	1.1431973684504917
1.0550549013440442	0.7910781104069105	1.1360569418882533
1.0515749046438634	0.807225737128111	1.1279127321868812
1.0477036638986477	0.8247540508416772	1.1188151048070327
1.043470426346605	0.843430823047527	1.10882014885325
1.0389068710825078	0.8630286997018838	1.0979893054513075
1.034046796200864	0.8833292830494067	1.0863889811496985
1.0289257954793791	0.9041260251938679	1.074090153306419
1.0235809296444527	0.9252260997291469	1.061167973739609
1.0180503969939196	0.9464514404464336	1.0477013759287677
1.012373207780033	0.9676391315342386	1.0337726897688162
1.0065888662990068	0.9886413136461478	1.0194672663258135
1.0007370641151985	1.0093247435868946	1.0048731132524382
0.9948573872908371	1.0295701179160623	0.9900805395347759
0.9889890399184578	1.0492712457069797	0.9751818061135331
0.9831705856829567	1.068334134452352	0.9602707767238705
0.9774397086315126	1.0866760359884726	0.9454425611221975
0.9718329938174077	1.104224486020444	0.9307931408381649
0.96638572801987	1.1209163608070156	0.9164189658624203
0.9611317203350017	1.1366969671747005	0.9024165094500818
0.9561031420880064	1.151519176686363	0.8888817677171734
0.9513303852367491	1.1653426109860683	0.875909691190127
0.9468419382209349	1.1781328826745239	0.8635935372010375
0.9426642780576409	1.1898608942253182	0.8520241352386816
0.9388217773882921	1.2005021961968234	0.8412890622240867
0.9353366251391848	1.2100364051570225	0.831471731194946
0.9322287594609884	1.2184466811956054	0.8226504048633158
0.9295158116556966	1.22571926456261	0.8148971544997384
0.9272130598755625	1.2318430707850558	0.8082767938487252
0.9253333914812868	1.236809343530115	0.8028458262860662
0.9238872730702018	1.2406113644763235	0.7986514500100009
0.9228827273243666	1.2432442195024012	0.7957306695350107
0.9223253159790091	1.2447046205918186	0.7941095611638479
0.9222181283700582	1.244990782969318	0.793802734929583
0.9225617751830759	1.244102357124566	0.7948130258277787
0.923354387192492	1.2420404155308902	0.7971314337971867
0.9245916189482621	1.238807494027325	0.8007373162735556
0.9262666575356637	1.234407687993982	0.8055988210532207
0.928370236701614	1.2288468036083637	0.8116735325608478
0.9308906568064322	1.2221325646174743	0.8189092930608581
0.933813811221487	1.2142748751907366	0.8272451529940957
0.9371232199483799	1.2052861395241101	0.8366124018909642
0.9408000713811067	1.1951816389365906	0.8469356329662674
0.9448232732650867	1.1839799672236653	0.8581337997571917
0.9491695140213738	1.171703524990893	0.8701212309163062
0.9538133356951163	1.1583790735597306	0.8828085783122808
0.9587272198484377	1.1440383487814454	0.8961036828171303
0.9638816877425649	1.1287187346625063	0.9099123506927957
0.9692454161357187	1.1124639960224185	0.9241390407395685
0.9747853699553315	1.0953250683683533	0.9386874680229759
0.980466952979735	1.0773609016327763	0.9534611339797086
0.9862541774807151	1.0586393521781539	0.9683637951148892
0.9921098535308766	1.0392381142521085	0.9832998835476454
0.997995798367317	1.0192456775166139	0.9981748925948248
1.003873065826635	0.9987622909176314	1.012895739668038
1.0097021954296708	0.9779009044528525	1.027371117241809
1.0154434802045353	0.9567880487115885	1.0415118407428514
1.021057251803476	0.935564596784382	1.0552312000864261
1.026504180906459	0.9143863338093157	1.068445319383447
1.0317455903284345	0.8934242360027056	1.0810735271678178
1.0367437776773256	0.8728643343310963	1.0930387374285444
1.041462343867131	0.8529070102914077	1.104267839836938
1.0458665232978877	0.8337655470413189	1.1146920958826871
1.049923511094562	0.8156637457221946	1.124247536209925
1.0536027824725092	0.7988324247894518	1.13287535330311
1.0568763990881593	0.7835046625012673	1.1405222828328057
1.0597192971571567	0.7699097322861703	1.1471409664462466
1.0621095521907407	0.7582658253048514	1.1526902885822963
1.0640286154219603	0.7487718498516531	1.1571356800023047
1.0654615173672004	0.7415988200098635	1.1604493811456549
1.0663970344896716	0.7368815511880324	1.1626106591202099
1.0668278155874724	0.7347115075512326	1.1636059730928294
1.0667504653004778	0.7351316381273612	1.1634290840136896
1.066165582992977	0.7381338640148242	1.162081105942534
1.065077756193381	0.7436595558403856	1.159570497690681
1.0634955087258604	0.7516029359924455	1.1559129949907494
1.0614312046176808	0.7618169515150519	1.1511314848954397
1.058900909776282	0.774120882260605	1.1452558255266772
1.055924214270267	0.7883088277472844	1.138322615588835
1.0525240187900802	0.8041582558967341	1.1303749191719654
1.048726289484151	0.8214379556060287	1.1214619522570077
1.044559785847258	0.8399149518485639	1.1116387379573587
1.0400557666691808	0.8593601598830749	1.100965737861904
1.035247679229491	0.8795527358844121	1.089508466864875
1.0301708369511213	0.9002832082078712	1.077337098568566
1.0248620906101145	0.9213555469106391	1.064526067725355
1.0193594979553804	0.9425883591558298	1.05115367525343
1.0137019962386709	0.9638153980365002	1.0373017001310247
1.0079290817120237	0.9848855545667548	1.0230550209692815
1.0020804996404729	1.0056624766455164	1.0085012483141544
0.9961959478247192	1.0260239310857777	0.9937303667724571
0.9903147960542864	1.0458609990046788	0.9788343839476269
0.9844758233371823	1.065077172723956	0.9639069809746088
0.9787169741957463	1.083587404327036	0.949043157249297
0.9730751347959808	1.1013171419511714	0.9343388598727816
0.9675859292015916	1.1182013792275705	0.9198905865238862
0.9622835356235292	1.1341837353880035	0.9057949491224423
0.9572005221770202	1.1492155778269033	0.8921481849745982
0.952367701363967	1.1632551948184533	0.8790456023541836
0.9478140022693647	1.176267023212326	0.8665809489360685
0.9435663592942187	1.1882209339380285	0.8548456944033911
0.9396496161404122	1.199091576786382	0.8439282230776246
0.9360864437098524	1.2088577850243352	0.8339129386177582
0.9328972705750019	1.217502039803968	0.8248792905568214
0.93010022471371	1.2250099939546941	0.816900741290118
0.9277110852716802	1.231370054533983	0.8100437014114894
0.9257432432141437	1.2365730234107208	0.8043664700488313
0.9242076698485449	1.2406117951352076	0.7999182239214466
0.9231128923369444	1.2434811113885487	0.7967381030317772
0.922464975465813	1.2451773713862022	0.7948544411846222
0.9222675090984186	1.2456984977239058	0.7942841852707989
0.9225216008980744	1.2450438572903664	0.7950325384277345
0.9232258740771241	1.2432142370222545	0.7970928494573686
0.924376470094955	1.240211874437151	0.8004467555508165
0.9259670563973414	1.236040543042747	0.8050645692028818
0.9279888394578274	1.2307056928802742	0.8109058851109235
0.9304305835483696	1.2242146466106631	0.8179203705620174
0.9332786358293917	1.2165768516867814	0.8260486945533424
0.9365169585065674	1.207804189266659	0.835223547234205
0.9401271689500561	1.197911340601789	0.8453707020879606
0.9440885888078684	1.1869162116689518	0.8564100778972549
0.9483783032638976	1.174840416787465	0.8682567648936913
0.9529712316875284	1.1617098218530035	0.8808219883798021
0.9578402109895795	1.147555147590904	0.8940139923884809
0.9629560930320744	1.13241263283877	0.9077388346821313
0.9682878574301844	1.1163247572412633	0.9219010919398068
0.9738027410271014	1.09934102178155	0.9364044799702969
