1.0	1.0	0.9999999999999999
1.006000683107054	0.9787298036003453	1.0150544790478027
1.0119238582007377	0.9571464295419754	1.0297841649432662
1.0177257993174795	0.9354006074802889	1.044092278011715
1.0233630409284804	0.9136599660121321	1.0578851519515209
1.0287927435353932	0.8921094671644237	1.0710726646789344
1.0339730723633018	0.8709513708470633	1.0835686830456526
1.0388635846855188	0.8504045431155802	1.0952915201235018
1.0434256206442554	0.8307028889115513	1.1061644014504246
1.0476226918502953	0.8120926694755527	1.1161159346664982
1.051420861585107	0.7948284709632423	1.1250805753786013
1.054789110119734	0.7791676418117903	1.1329990809073938
1.0576996785313744	0.7653631302513758	1.1398189428103753
1.0601283844597966	0.7536548413464256	1.145494788749084
1.0620549035129971	0.7442598892404643	1.1499887443746561
1.063463010507155	0.737362411612213	1.1532707464288463
1.0643407754027399	0.7331038754302058	1.1553187991684584
1.0646807096593756	0.7315749511697043	1.1561191674774154
1.0644798597502134	0.7328099892786377	1.1556665015764866
1.0637398457171865	0.7367848646343639	1.153963890008377
1.0624668438700213	0.7434185000923696	1.1510228394882296
1.0606715139883052	0.7525778456578051	1.1468631821830069
1.0583688726291698	0.7640856133021611	1.1415129129311052
1.055578115326032	0.777729764045642	1.1350079607503547
1.0523223915422708	0.7932736640042164	1.1273919006271367
1.0486285371794037	0.8104659468314374	1.1187156129586941
1.044526770201525	0.8290493687008318	1.1090368990723671
1.0400503555047658	0.8487682329559115	1.0984200619196651
1.0352352455203901	0.8693742261052121	1.0869354613036868
1.0301197031908567	0.8906307066618104	1.0746590528231224
1.0247439139071066	0.9123156137240706	1.0616719190962611
1.0191495927582785	0.9342232223923775	1.048059800767772
1.013379593044676	0.9561649856707788	1.033912633315227
1.0074775214689886	0.9779696855931843	1.0193240937881196
1.001487364780606	0.9994830847242723	1.0043911593683097
0.9954531319360143	1.0205672331245643	0.9892136770897787
0.9894185150868718	1.041099551404338	0.9738939412675732
0.9834265719469045	1.0609717805985368	0.9585362722547075
0.977519431346465	1.0800888652462572	0.9432465871972989
0.9717380230828536	1.098367817089198	0.9281319506591614
0.9661218325340016	1.1157365925110898	0.913300090554653
0.9607086799368978	1.1321330063493984	0.8988588630366261
0.9555345237493655	1.1475036971714816	0.8849156491646494
0.9506332871192327	1.1618031537846143	0.8715766667006575
0.946036706179309	1.174992809049315	0.8589461826311089
0.9417741986671947	1.1870402045311856	0.8471256163428424
0.9378727512304393	1.1979182278177511	0.8362125300124387
0.9343568237124374	1.2076044231971446	0.8262995117187015
0.9312482687140619	1.2160803756699046	0.8174729677477668
0.9285662647808935	1.2233311678216496	0.8098118528183147
0.9263272616666374	1.2293449088386756	0.8033863793610532
0.9245449362608112	1.2341123348429497	0.7982567580122609
0.9232301579348595	1.2376264797179084	0.7944720293863355
0.9223909622482855	1.2398824156644395	0.7920690503111096
0.9220325321592459	1.2408770628477195	0.791071694803843
0.9221571860975262	1.2406090676556893	0.7914903206685396
0.9227643724782766	1.2390787492771125	0.793321537242643
0.923850670459563	1.236288114511739	0.7965482900796416
0.9254097969735475	1.2322409409381443	0.8011402566028198
0.9274326202881207	1.2269429287777787	0.8070545257693439
0.9299071805811544	1.2204019219980378	0.8142365171624678
0.9328187182308767	1.2126281993832742	0.8226210826651817
0.9361497107401203	1.2036348364597866	0.8321337279832888
0.9398799194152969	1.1934381392757516	0.8426918917570028
0.9439864471075994	1.1820581510923074	0.854206225906843
0.9484438084877072	1.1695192330138837	0.8665818306876136
0.9532240144584023	1.155850719440448	0.8797194099274357
0.958296672403389	1.1410876489126671	0.8935163244523906
0.9636291040157124	1.1252715703716947	0.9078675334029223
0.9691864824358736	1.1084514239644576	0.9226664231211648
0.9749319903484254	1.090684494143363	0.9378055310426012
0.9808270005278432	1.0720374307233083	0.9531771774376194
0.9868312800825993	1.0525873304715754	0.9686740210591193
0.9929032193155828	1.032422867311947	0.9841895560626138
0.9990000856972963	1.0116454527857326	0.9996185673492376
1.0050783029370758	0.9903703993444474	1.014857560122039
1.011093754542724	0.9687280465259402	1.0298051772920567
1.0170021105907137	0.9468647931741278	1.044362615721123
1.0227591757027845	0.9249439567385384	1.05843404938384
1.0283212554604468	0.9031463527983378	1.0719270645590708
1.0336455377112983	0.881670454575412	1.0847531092636749
1.038690484458808	0.8607319551807597	1.0968279564250043
1.0434162293119476	0.8405625191254223	1.1080721778341738
1.047784974835962	0.8214074824367408	1.11841162379045
1.0517613836239907	0.8035222554295831	1.1277779015850706
1.0553129565326462	0.7871672161319233	1.1361088446154817
1.0584103913208114	0.7726009748646282	1.1433489629932225
1.0610279149219064	0.7600720567891578	1.1494498660244516
1.0631435827804057	0.749809290805874	1.1543706469037283
1.0647395390992453	0.7420114863285292	1.1580782203586908
1.0658022324719376	0.7368372682937926	1.1605476047911079
1.0663225821973568	0.7343961424334521	1.1617621416396124
1.0662960915720066	0.734741890602123	1.1617136461881228
1.0657229055906399	0.7378691961492717	1.160402485795603
1.0646078117204383	0.7437139854915703	1.157837583450553
1.062960183700094	0.7521574339507209	1.154036346572927
1.0607938696038797	0.7630330596574466	1.1490245230080842
1.0581270266524505	0.7761359514067381	1.142835988092738
1.054981906399923	0.7912330209532228	1.1355124684359625
1.0513845949388876	0.808073236302599	1.1271032095708076
1.0473647136069482	0.8263970171390963	1.1176645958257914
1.0429550863247092	0.8459442681839122	1.1072597315851216
1.0381913801303122	0.8664608122306602	1.0959579935103256
1.0331117256945372	0.8877032122952139	1.0838345632572255
1.0277563246079024	0.9094421236699358	1.0709699497280347
1.0221670500410334	0.9314643966148648	1.0574495089495415
1.0163870470134282	0.9535741755725062	1.0433629682779677
1.010460337991032	0.975593230368031	1.0288039598240954
1.004431438901329	0.9973607253902913	1.0138695658054528
0.998344989939386	1.018732596157545	0.9986598760158731
0.9922454047731133	1.0395806663444709	0.9832775548234345
0.9861765409731535	1.0597916061372767	0.9678274121544896
0.9801813937214162	1.079265806167794	0.9524159699126549
0.9743018141177828	1.0979162203329995	0.937151012374532
0.9685782527276047	1.1156672149104954	0.9221411065041173
0.9630495284090952	1.1324534496491734	0.9074950760966327
0.9577526219403913	1.1482188080485047	0.8933214125186805
0.9527224935369841	1.1629153880431384	0.8797276049226049
0.9479919230131324	1.176502560129526	0.8668193745693544
0.9435913710938032	1.1889460971007073	0.8546998016627179
0.9395488602216553	1.2002173776140483	0.8434683391493014
0.9358898731192881	1.21029266452779	0.8332197163535787
0.9326372673516165	1.2191524581084534	0.8240427458806974
0.9298112041771043	1.2267809236945801	0.8160190593266597
0.9274290900698675	1.23316539310764	0.8092218099411121
0.9255055294277249	1.238295938962958	0.8037143920377329
0.9240522871454209	1.2421650210075539	0.7995492359181208
0.9230782599197143	1.2447672036669613	0.7967667416340262
0.9225894553573436	1.2460989440975856	0.7953944136616686
0.9225889781728998	1.2461584501988887	0.7954462507974631
0.9230770229873443	1.2449456082281205	0.79692243157138
0.9240508734663629	1.2424619798691003	0.7998093165330655
0.925504907768766	1.238710868826289	0.8040797671181049
0.9274306105068411	1.2336974572374566	0.8096937591853443
0.9298165916512714	1.2274290124136216	0.8165992504632245
0.9326486130406807	1.2199151646143627	0.8247332472591904
0.9359096233773242	1.2111682567394093	0.8340230081705776
0.9395798028020043	1.2012037669507423	0.8443873214306695
0.94363661833793	1.1900408053169007	0.8557377972087693
0.9480548916686511	1.177702685570366	0.8679801252495333
0.9528068808616911	1.164217572958295	0.8810152599484794
0.9578623777583762	1.1496192089009538	0.8947405075979924
0.9631888228119446	1.1339477126845938	0.9090505026543466
0.9687514391602494	1.1172504596093447	0.9238380704352269
0.9745133876562252	1.0995830337478767	0.9389949820624173
0.9804359444393707	1.081010251546662	0.9544126135068486
0.9864787024068651	1.0616072496370146	0.9699825243573631
0.9925997976276274	1.0414606260303438	0.9855969736922818
0.9987561613336516	1.0206696178330528	1.0011493905501592
1.0049037976207627	0.9993472900628095	1.016534815361355
1.0109980864003565	0.9776216982597382	1.031650326679548
1.0169941104740614	0.9556369714316444	1.0463954649574791
1.0228470048691927	0.933554240524492	1.0606726622018972
1.0285123257938407	0.9115523103919558	1.074387683321539
1.0339464357709913	0.8898279401719447	1.087450082003802
1.039106900719915	0.868595559494641	1.0997736711375508
1.043952894002271	0.8480862098958623	1.1112770052294705
1.0484456017742119	0.8285454696677852	1.1218838700068412
1.0525486234187253	0.8102301083061022	1.131523772512262
1.0562283604079	0.7934032407106653	1.1401324235152424
1.0594543866924244	0.7783278312835834	1.1476522030201555
1.0621997936599048	0.7652585515270875	1.15403259905756
1.0644415028614886	0.7544322273374765	1.1592306098119296
1.0661605400860514	0.7460574059752232	1.1632110994560854
1.0673422649608184	0.7403038771080857	1.165947098809209
1.0679765510642898	0.7372932162213492	1.1674200430745532
1.0680579125286123	0.7370914903238045	1.1676199403931293
1.0675855742513276	0.7397051093741219	1.1665454667052992
1.0665634840897258	0.7450804202217172	1.1642039843661105
1.06500026672769	0.7531071012838114	1.160611484026238
1.062909120234294	0.7636248625727179	1.1557924513772857
1.060307657623977	0.7764325299183672	1.1497796623754495
1.0572176969306317	0.7912983870954791	1.1426139124116175
1.0536650043778801	0.8079706788108231	1.1343436865062386
1.0496789961280262	0.8261873853677983	1.1250247789012715
1.0452924047943934	0.8456846765948772	1.1147198713395066
1.0405409173881703	0.8662037529677441	1.1034980798183052
1.035462791634112	0.887496028558357	1.0914344796501372
1.0300984576329333	0.9093267795902333	1.0786096182409206
1.024490111684681	0.9314774758475417	1.0651090241081047
1.0186813087380835	0.9537470459064117	1.0510227193156296
1.0127165594233478	0.9759523210472442	1.0364447407267623
1.0066409369922138	0.9979278745351304	1.021472673304833
1.0004996987638395	1.019525435839906	1.0062071961759527
0.9943379258931212	1.040613021625115	0.9907516393729415
0.9882001844731092	1.0610738914304196	0.9752115461934505
0.9821302101859726	1.0808054077273146	0.9596942330435698
0.9761706179544596	1.0997178576823292	0.9443083356548336
0.9703626373401184	1.1177332769402446	0.9291633278583723
0.9647458738027964	1.1347843031458198	0.9143689969313195
0.9593580953899518	1.1508130778181807	0.9000348582118317
0.9542350439710208	1.1657702087351285	0.8862694915755343
0.9494102697737736	1.179613800479927	0.8731797838713653
0.9449149877146742	1.1923085577073405	0.8608700649057126
0.9407779538388557	1.2038249635903207	0.8494411303321031
0.9370253600900997	1.21413853451572	0.8389891529630686
0.9336807456081142	1.2232291511941176	0.8296044944006699
0.9307649227894479	1.231080465786501	0.8213704409297162
0.9282959164392901	1.237679384326275	0.8143619003387211
0.9262889144741492	1.24301562355868	0.8086441083101576
0.9247562288008038	1.2470813412829524	0.8042714025384198
0.9237072651867945	1.249870839332502	0.8012861280244645
0.9231485011452923	1.2513803384415683	0.7997177365827837
0.9230834710769154	1.2516078244063045	0.7995821366571257
0.9235127581388411	1.2505529651407328	0.8008813362038497
0.9244339925442828	1.2482170984427254	0.8036034028611337
0.925841856230855	1.2446032905123945	0.8077227440180734
0.927728094072741	1.2397164654959858	0.8132006874524719
0.9300815320472815	1.2335636065535358	0.8199863237086471
0.9328881029995274	1.2261540291586237	0.828017556657242
0.9361308808758445	1.2174997275228248	0.837222300160943
0.9397901245159993	1.2076157951832889	0.8475197568451032
0.9438433322974189	1.1965209208828402	0.8588217190252011
0.948265309109079	1.184237960886353	0.8710338405215418
0.9530282472881247	1.1707945887840263	0.8840568396652538
0.958101823270827	1.1562240235872026	0.8977876065143386
0.9634533117810307	1.1405658364607354	0.9121201996487577
0.9690477193933115	1.1238668356629646	0.9269467287975801
0.9748479392542242	1.1061820280426655	0.9421581283126222
0.9808149286133304	1.0875756535748256	0.9576448328864215
0.9869079105976436	1.0681222866255498	0.9732973709715774
0.9930846013521392	1.0479079935367	0.9890068933497428
0.9993014632614746	1.0270315301963084	1.0046656545838022
1.0055139844640075	1.0056055548407417	1.0201674640582672
1.0116769842728388	0.9837578195893935	1.0354081213432558
1.0177449434391552	0.9616322881879062	1.0502858480320134
1.0236723574448436	0.9393901061603879	1.0647017252687851
1.0294141102139414	0.9172103222940312	1.0785601431145926
1.0349258648106578	0.8952902270056763	1.0917692648557291
1.0401644668748355	0.8738451349369479	1.1042415064668232
1.0450883557666353	0.8531073997408087	1.1158940287905363
1.0496579776862882	0.8333244157321472	1.1266492376608677
1.0538361944377594	0.8147553459257897	1.136435285231829
1.0575886810518274	0.7976663361099302	1.1451865642205146
1.0608843052057244	0.7823240504983731	1.1528441856643927
1.063695481298994	0.7689875148595988	1.1593564301469734
1.0659984921870163	0.757898485321682	1.1646791622714854
1.0677737719441651	0.7492708593778483	1.1687761984528344
1.06900614362661	0.7432799606962157	1.171619618833133
1.0696850068184536	0.7400527793153928	1.1731900152690933
1.069804470751067	0.7396603384110879	1.1734766688384783
1.069363429951007	0.7421132163097519	1.1724776521012017
1.0683655806548684	0.7473608698612644	1.1701998533495446
1.0668193775813652	0.755294857907331	1.1666589222028603
1.0647379320195893	0.7657554903923959	1.16187913805095
1.0621388535243226	0.7785409789927953	1.1558932049313668
1.0590440387533	0.7934179394979126	1.148741978346319
1.0554794120909414	0.8101321137333047	1.1404741311987683
1.051474623639278	0.8284183850892507	1.1311457673791596
1.0470627108899515	0.8480094646859785	1.1208199925017883
1.042279730902026	0.8686429355905021	1.1095664518256732
1.037164370091013	0.8900665994602653	1.0974608454674273
1.0317575387878777	0.9120422473498402	1.0845844306069825
1.0261019575658117	0.9343480752591592	1.0710235194998818
1.0202417419788723	0.9567800014708993	1.0568689807548215
1.0142219918385749	0.9791521374217302	1.042215749537405
1.008088390505308	1.0012966352956623	1.0271623501586047
1.001886818926741	1.0230630974448807	1.011810431950613
0.9956629883513858	1.0443176938612484	0.9962643164915581
0.9894620948171001	1.0649420989370006	0.9806305512032335
0.9833284976935244	1.0848323295943856	0.9650174612305743
0.9773054237721875	1.1038975437976304	0.949534688473882
0.9714346976713049	1.122058840898536	0.9342927038879247
0.9657564986718642	1.1392480922826993	0.9194022769448345
0.9603091435397728	1.1554068214054198	0.9049738847974276
0.9551288944227595	1.1704851456622765	0.8911170435448971
0.950249790542755	1.1844407879093442	0.8779395454909226
0.9457035021329422	1.1972381622699115	0.8655465897761497
0.941519204888428	1.2088475367162497	0.8540397995580168
0.9377234731029213	1.2192442734887987	0.8435161271171356
0.9343401896414298	1.2284081474918946	0.8340666587209083
0.9313904709404504	1.2363227422316723	0.8257753432162015
0.9288926053216287	1.2429749225324285	0.8187176811526026
0.9268620030421361	1.2483543831102533	0.8129594233266579
0.9253111566753532	1.2524532720479409	0.8085553372551514
0.924249610610568	1.2552658882691359	0.8055481054481844
0.9236839386731559	1.2567884522285206	0.8039674189672426
0.9236177290915971	1.257018949201113	0.8038293227869505
0.9240515762704198	1.2559570447540218	0.8051358560574291
0.9249830790657009	1.2536040722069968	0.8078750116906461
0.9264068454999578	1.2499630921240525	0.8120210179265558
0.9283145040944101	1.2450390241179985	0.8175349224201235
0.9306947222371165	1.2388388514835131	0.8243654397430532
0.9335332322434549	1.2313718993928418	0.8324500083560776
0.9368128659981522	1.2226501875801208	0.8417159945350825
0.9405135992918251	1.212688858592879	0.8520819788117132
0.944612607174731	1.2015066827856846	0.863459064594195
0.9490843318396067	1.1891266412488697	0.8757521574008624
0.9539005647061768	1.1755765877732567	0.8888611748203111
0.9590305445028479	1.1608899907043775	0.9026821601378409
0.9644410732160213	1.1451067550703828	0.9171082850191926
0.9700966517934791	1.128274124579508	0.9320307376089626
0.975959637434473	1.1104476618342525	0.9473395012213656
0.9819904241652326	1.0916923031974148	0.9629240352189793
0.9881476481755638	1.0720834818829215	0.9786738737460482
0.9943884190733124	1.0517083086352899	0.9944791599662769
1.0006685777948676	1.0306667932715086	1.0102311337164065
1.0069429813914819	1.0090730816938933	1.0258225894222663
1.01316581429748	0.987056670883136	1.0411483191093973
1.0192909249868212	0.9647635478581993	1.0561055527042709
1.025272186153863	0.9423571766390484	1.070594404835109
1.0310638757329955	0.9200192290956526	1.084518334217436
1.0366210752257106	0.8979499211265469	1.0977846186134255
1.0419000809631414	0.8763677762256754	1.1103048454112106
1.0468588231312492	0.8555085980043291	1.1219954151759806
1.0514572866612661	0.835623399267322	1.1327780531522464
1.0556579274768274	0.81697502040922	1.14258032170323
1.0594260771273596	0.799833192074324	1.151336125102949
1.062730328557034	0.784467877478192	1.1589861969817075
1.0655428956864923	0.7711408876477168	1.1654785600870752
1.0678399396395113	0.7600960051646297	1.1707689478680379
1.0696018548379305	0.7515481610476832	1.174821177713444
1.070813508814086	0.7456725325514489	1.1776074664554135
1.071464430437576	0.7425946809014201	1.1791086799457744
1.071548942298098	0.7423829289182281	1.1793145100746132
1.0710662341933799	0.7450440174170727	1.1782235744552114
1.0700203759971165	0.7505226726312725	1.1758434360667798
1.0684202695757292	0.7587051474797825	1.1721905423337082
1.0662795408304673	0.7694262136497697	1.167290085329775
1.0636163743074925	0.7824786321608636	1.1611757869292425
1.0604532940904146	0.7976239161950606	1.1538896146882178
1.0568168958195794	0.8146032351854081	1.1454814359410386
1.052737535630494	0.8331475326957296	1.136008618960647
1.0482489825401935	0.8529862460938725	1.125535590995913
1.043388041316149	0.8738543326762203	1.1141333635152453
1.038194153130258	0.8954975647689032	1.101879035023565
1.03270898133446	0.9176762311888723	1.088855281364152
1.0269759895089388	0.9401674773340822	1.0751498424684953
1.0210400185518524	0.9627665486317973	1.060855013090971
1.0149468690310008	0.9852871934504525	1.0460671431888169
1.0087428943375496	1.0075614506256823	1.0308861513224932
1.0024746094069907	1.029439007128722	1.0154150518122462
0.9961883189403599	1.0507862716537506	0.9997594934656914
0.98992976820534	1.0714852745095935	0.9840273045831833
0.9837438186548549	1.0914324749235949	0.9683280357770695
0.9776741497986126	1.1105375338393957	0.9527724890711969
0.9717629880239095	1.1287220928428376	0.9374722189907643
0.9660508624036248	1.1459185870036024	0.922538989178807
0.9605763869636994	1.16206911017566	0.9080841668119847
0.9553760684163172	1.1771243447719089	0.8942180371125847
0.9504841380002538	1.1910425634939592	0.8810490219676916
0.9459324058041908	1.2037887073953892	0.8686827904487505
0.9417501357764045	1.2153335425667875	0.8572212551564439
0.9379639395368843	1.2256528963492441	0.8467614568842465
0.9345976870955846	1.2347269730938732	0.8373943508840834
0.9316724326321972	1.242539748938114	0.8292035204141226
0.9292063535974646	1.2490784447616283	0.8222638561839525
0.9272147015428821	1.2543330763450524	0.8166402522952708
0.9257097632648927	1.2582960807357142	0.8123863785366413
0.9247008310528364	1.2609620178924839	0.8095435936445657
0.9241941810499262	1.262327346813929	0.8081400629468164
0.9241930589678636	1.2623902755326017	0.808190135926505
0.9246976726342657	1.2611506845702267	0.8096940249507784
0.9257051910949712	1.2586101236825156	0.8126378070474294
0.9272097502385193	1.2547718819683222	0.8169937484660076
0.9292024651560725	1.2496411316663198	0.8227209296403707
0.9316714496953147	1.2432251462037562	0.8297661288853014
0.9346018439094337	1.2355335932859945	0.8380649089772195
0.9379758503394796	1.226578904011012	0.8475428430209587
0.9417727802961658	1.2163767191460981	0.8581168149362605
0.9459691115202906	1.2049464137970087	0.8696963347628826
0.9505385587924456	1.1923117017089309	0.8821848183297949
0.955452159224163	1.17850132033	0.8954807928751997
0.9606783740843905	1.1635497974928881	0.9094790031730322
0.9661832090863656	1.1474983000564947	0.9240714051336285
0.9719303550692507	1.1303955639931544	0.9391480446410165
0.9778813509449434	1.1122989040544375	0.9545978279585636
0.9839957706326751	1.0932752990815346	0.9703091961684236
0.9902314354632663	1.073402545935188	0.9861707198985076
0.9965446531944598	1.0527704704783314	1.0020716323153702
1.002890484335044	1.0314821774789935	1.0179023183996896
1.0092230359290029	1.009655311970333	1.0335547772724771
1.0154957823068835	0.987423291597793	1.048923072179153
1.0216619115805086	0.9649364517644342	1.0639037799894047
1.0276746958552694	0.9423630219271752	1.0783964489989095
1.0334878822834583	0.9198898214636403	1.0923040706339546
1.0390561012098354	0.8977225271915413	1.1055335675229891
1.0443352867990097	0.876085323575926	1.1179962974330964
1.0492831047191693	0.855219705382943	1.1296085698685103
1.0538593807262646	0.8353821696629079	1.140292169765489
1.058026523385439	0.816840523408839	1.149974880750215
1.0617499337189609	0.7998685643278115	1.158590998897988
1.0649983943149222	0.7847389870506634	1.1660818268750408
1.0677444303947532	0.7717145443435701	1.1723961377787708
1.069964635538238	0.7610377563654471	1.1774905979243302
1.0716399552098483	0.7529197866445857	1.1813301382467178
1.0727559219162262	0.7475294300326926	1.1838882648724534
1.0733028367359332	0.7449833918629375	1.1851473007215256
1.0732758930718125	0.7453390786644263	1.1850985516695778
1.0726752397454384	0.7485909050491001	1.1837423927579145
1.071505981935299	0.7546706616564736	1.181088272097794
1.0697781199022267	0.763451886813251	1.1771546323791329
1.0675064268904313	0.7747575979682829	1.1719687521606643
1.064710268983347	0.7883703196958933	1.1655665112868188
1.061413370976441	0.804043178968846	1.1579920867484752
1.057643533456279	0.8215109217528402	1.149297586991199
1.0534323072072969	0.8404999634776106	1.139542633998919
1.0488146317761333	0.8607369178542515	1.1287939033813572
1.0438284454910232	0.8819553652295615	1.117124633124879
1.0385142744556732	0.9039008692819122	1.1046141116006065
1.0329148080197845	0.926334411509142	1.0913471548495932
1.027074467989017	0.9490344942539286	1.0774135820869395
1.0210389784014366	0.9717981848274725	1.0629076968040925
1.0148549420977486	0.994441357534328	1.0479277788335928
1.0085694295856844	1.016798355380531	1.0325755903195062
1.0022295848833975	1.0387212518097941	1.0169558957705496
0.9958822521614447	1.0600788526828433	1.0011759933411564
0.9895736261241874	1.0807555437384413	0.9853452512920445
0.983348928212374	1.1006500602631417	0.9695746403622797
0.9772521098972251	1.1196742335207241	0.953976249717148
0.9713255835953281	1.1377517518366005	0.9386627714496659
0.9656099810797926	1.1548169620584436	0.9237469365956429
0.9601439387075014	1.1708137284087035	0.909340884618488
0.9549639083304686	1.1856943596318696	0.8955554487214192
0.9501039924119993	1.199418611115267	0.8824993415569592
0.9455958016220307	1.211952765787002	0.8702782302917141
0.941468333033972	1.223268795669207	0.8589936967923391
0.9377478669783055	1.2333436047014563	0.8487420879466002
0.9344578806153955	1.2421583526455395	0.8396132725089231
0.9316189763598515	1.2496978593983286	0.831689333626371
0.9292488234098711	1.2559500887781607	0.8250432391631588
0.927362110796309	1.260905710746601	0.8197375435022312
0.9259705105579974	1.264557741037079	0.8158231828397264
0.9250826498635881	1.2669012572538834	0.8133384293529613
0.9247040911291311	1.2679331906573654	0.8123080667095844
0.9248373194194751	1.2676521930476268	0.8127428396962463
0.9254817366666179	1.2660585783863032	0.8146392148324316
0.9266336624867334	1.2631543390432995	0.8179794683338925
0.9282863416280533	1.2589432368123148	0.8227320951894255
0.9304299583326403	1.2534309690960181	0.8288525113087118
0.9330516581449317	1.246625410908821	0.836284002427768
0.9361355779467038	1.2385369335717153	0.8449588607918942
0.9396628852387862	1.229178801167321	0.854799644634013
0.9436118279201162	1.218567645969237	0.8657204960929819
0.9479577960286948	1.2067240241385755	0.8776284594958693
0.9526733970991356	1.1936730529654656	0.8904247522666505
0.9577285469487625	1.17944513078633	0.9040059532902714
0.9630905778180918	1.1640767403734344	0.9182650866260339
0.9687243658506908	1.1476113359903304	0.9330925906339895
0.9745924798898691	1.1301003133161316	0.9483771729049567
0.9806553534838314	1.1116040598902568	0.9640065593700715
0.9868714818159531	1.092193081369391	0.9798681514891877
0.9931976450039096	1.0719491953718463	0.995849608632337
0.9995891588340899	1.05096677953279	1.0118393739940559
1.0060001535134746	1.0293540529698817	1.0277271620097408
1.0123838804315528	1.0072343598471831	1.0434044236767608
1.0186930462367565	0.9847474091400952	1.0587648037870847
1.0248801727577148	0.9620504049558198	1.0737046011647744
1.030897980457841	0.9393189758327638	1.0881232398237777
1.0366997922266368	0.9167477787307686	1.1019237557172596
1.04223995341249	0.8945506143727118	1.1150133005916418
1.0474742631242442	0.8729598476404472	1.127303661503273
1.0523604110103644	0.8522248855823398	1.1387117918932717
1.056858413004978	0.8326094366858738	1.1491603478169008
1.0609310389489406	0.8143872745391142	1.158578221043218
1.0645442245885222	0.7978362781326478	1.1669010593211135
1.0676674602563614	0.7832306426091117	1.1740717631795405
1.0702741485740923	0.7708313642896862	1.180040948209819
1.0723419237988898	0.7608753989484157	1.1847673618688777
1.073852925971796	0.753564236360536	1.1882182444304685
1.0747940238063347	0.749052951888967	1.1903696247656677
1.0751569812617356	0.747440984313451	1.1912065431054368
1.0749385639439435	0.7487658511021426	1.1907231947606203
1.0741405828270496	0.7530007033365388	1.188922990867202
1.0727698742367349	0.7600560862173067	1.185818534493297
1.0708382165290675	0.7697856374305849	1.1814315127872412
1.0683621853732463	0.7819948940325968	1.1757925081575766
1.0653629509473586	0.7964520288731602	1.1689407336511652
1.061866021627729	0.812899258170208	1.1609236996366847
1.057900939848263	0.831063820116989	1.1517968205191889
1.0535009366890313	0.8506677283342375	1.1416229714330526
1.0487025523977338	0.8714358489560149	1.1304720056275666
1.043545230440104	0.8931021555105143	1.1184202435314379
1.038070892815079	0.9154142394522581	1.105549944237105
1.0323235042683712	0.9381362886052487	1.0919487693778458
1.0263486327150597	0.9610508047822997	1.0777092480908683
1.0201930126674832	0.9839593377641109	1.062928249993277
1.0139041177944117	1.0066824874297673	1.0477064708842356
1.0075297479504675	1.0290593860939514	1.0321479332793324
1.0011176351512834	1.0509468302599188	1.0163595009518025
0.9947150720694512	1.0722181913790696	1.0004504034903616
0.9883685657254958	1.0927622016625664	0.9845317636025246
0.9821235181792856	1.1124816841972107	0.9687161166491096
0.9760239352175393	1.131292276096957	0.9531169088897746
0.9701121633035271	1.149121178196528	0.9378479584053548
0.9644286544208459	1.1659059537773475	0.9230228609546748
0.9590117579133418	1.1815933910060095	0.9087543224908603
0.9538975380016207	1.1961384383236764	0.8951534011107894
0.949119615341922	1.209503218291455	0.8823286442429743
0.9447090307803824	1.2216561228746892	0.8703851122261282
0.9406941293366246	1.232570991474878	0.8594232872644154
0.9371004624148231	1.2422263719327897	0.8495378769681015
0.9339507062762687	1.2506048640494438	0.8408165338258798
0.9312645949028654	1.2576925447785579	0.8333385250824925
0.9290588655241676	1.2634784740500282	0.8271734002328729
0.9273472152604951	1.2679542801314467	0.822379713961521
0.9261402675417785	1.2711138234842296	0.8190038690006731
0.9254455471879783	1.2729529381951394	0.8170791444156282
0.925267463275884	1.273469250242991	0.8166249692126519
0.9256072991641088	1.2726620720788684	0.8176464887992143
0.9264632092999225	1.2705323732439104	0.8201344537074872
0.9278302226860435	1.2670828270106025	0.8240654381529312
0.9297002531412253	1.2623179333015684	0.8294023731790406
0.9320621167441936	1.2562442184038825	0.8360953582664363
0.9349015571046244	1.2488705122465968	0.8440826989129685
0.9382012793551654	1.2402083042330447	0.8532921075339344
0.9419409940014353	1.2302721788039819	0.8636420017140258
0.9460974719974846	1.219080332036077	0.8750428369201253
0.9506446126257055	1.2066551706301112	0.8873984189772269
0.9555535259441514	1.193023994583247	0.9006071531675953
0.9607926317107575	1.1782197646246797	0.914563199891205
0.9663277767916115	1.1622819550577648	0.929157519791003
0.9721223730971862	1.1452574918970269	0.9442788028657216
0.9781375580538275	1.1272017749730854	0.9598142855952225
0.9843323794959293	1.1081797807963623	0.97565046714966
0.9906640066465631	1.0882672401282893	0.9916737403470982
0.9970879685324553	1.0675518799969053	1.0077709553994028
1.0035584207479826	1.046134713755641	1.0238299350054094
1.0100284409411002	1.0241313539877617	1.0397399584202505
1.0164503527456288	1.0016733106856148	1.0553922301445828
1.0227760771383956	0.9789092201056169	1.070680346186909
1.0289575093717802	0.956005926886429	1.0855007677477366
1.0349469187438036	0.9331493124828029	1.0997533088889264
1.0406973675466966	0.9105447264373911	1.1133416414665145
1.0461631446139448	0.888416834656735	1.1261738174598896
1.0513002080026166	0.8670086544376179	1.1381628059318163
1.0560666305427715	0.846579507309562	1.1492270392861392
1.0604230413002949	0.8274016010619815	1.1592909613190123
1.0643330554738815	0.8097549708192048	1.1682855678371658
1.067763684917607	0.7939205891416136	1.1761489293821035
1.0706857213779712	0.7801716187842253	1.1828266848784592
1.0730740846803613	0.7687630385888955	1.1882724948298604
1.074908128505847	0.7599202061093241	1.1924484430125142
1.0761718970643006	0.7538272745168683	1.1953253764436622
1.076854326880497	0.7506166625449927	1.196883174689009
1.0769493890396304	0.7503608752094607	1.1971109412616827
1.0764561685492895	0.7530678077803518	1.196007111879657
1.075378878917997	0.7586802286856414	1.1935794765985286
1.073726811569892	0.7670795180920172	1.1898451152207812
1.071514221250636	0.7780930995147641	1.184830247793272
1.068760150069732	0.791504511996978	1.178570004332251
1.0654881942103207	0.8070648399143955	1.1711081200539302
1.0617262185663137	0.8245042606013421	1.1624965642412104
1.0575060255943292	0.8435427181401696	1.152795112358974
1.0528629854613751	0.8638990773959069	1.1420708720725297
1.047835635108022	0.8852984558540471	1.1303977743754576
1.0424652541234036	0.907477707292073	1.1178560410617726
1.0367954253479512	0.9301892158930264	1.1045316392692484
1.0308715878988983	0.9532032569439741	1.0905157327790784
1.0247405898787656	0.9763092109158047	1.0759041382012147
1.0184502474121127	0.9993159051717394	1.0607967921386436
1.0120489158998704	1.0220513221738667	1.0452972329558532
1.0055850785249587	1.0443618694188623	1.0295120979405052
0.9991069561293453	1.0661113633477028	1.0135506335250875
0.9926621416507558	1.0871798416806049	0.9975242129331423
0.9862972613928043	1.107462287674234	0.9815458522705316
0.9800576645361975	1.1268673256622102	0.9657297128753614
0.9739871415058031	1.1453159290926973	0.9501905749011278
0.9681276711074083	1.1627401690109591	0.935043264925433
0.9625191957513065	1.1790820214534634	0.9204020191995298
0.9571994235938235	1.1942922455693255	0.9063797643783426
0.9522036560535845	1.2083293396950328	0.8930872996109607
0.9475646388932067	1.2211585794889293	0.8806323681070587
0.9433124348919881	1.2327511401460303	0.869118612988726
0.939474316061148	1.2430833033470738	0.8586444214344859
0.9360746733586294	1.252135748727225	0.8493016725367752
0.933134941932892	1.2598929291264587	0.8411744172133887
0.9306735400519676	1.2663425286010808	0.8343375317557411
0.9287058200434712	1.2714750020630672	0.8288553985611721
0.9272440297725373	1.275283195422931	0.8247806764331117
0.926297283408693	1.2777620452093026	0.8221532267373428
0.9258715404721175	1.2789083568009982	0.8209992592925638
0.9259695923990005	1.2787206606173402	0.821330752564161
0.9265910561209171	1.2771991458561418	0.8231451869979708
0.9277323744116688	1.2743456716342203	0.82642560976381
0.9293868230153668	1.2701638556618344	0.8311410262633862
0.9315445248304444	1.2646592408598507	0.8372470914338718
0.9341924716846319	1.2578395405961298	0.8446870549721714
0.9373145544938841	1.24971496346458	0.8533929012894833
0.9408916028509307	1.2402986187437188	0.8632866184406994
0.9449014353323022	1.229607003836101	0.8742815304962399
0.9493189220401977	1.2176605750857046	0.8862836338953309
0.9541160610997192	1.20448440336996	0.8991928886435366
0.9592620710030532	1.1901089157278009	0.9129044279296197
0.9647235008190349	1.1745707239581697	0.9273096630573762
0.9704643603569271	1.1579135405215129	0.9422972730680571
0.9764462723741898	1.1401891810772993	0.9577540790715552
0.9826286488369029	1.1214586514148608	0.9735658115736755
0.9889688930664232	1.1017933141257592	0.9896177848387776
0.9954226293269288	1.0812761267606368	1.0057954957046273
1.0019439610186085	1.0600029379114344	1.0219851655876695
1.0084857581370859	1.0380838199910014	1.0380742440809425
1.0149999740426245	1.0156444065844088	1.0539518909631491
1.0214379908596176	0.9928271870714628	1.0695094509828562
1.027750992010871	0.9697926906000855	1.084640932779116
1.0338903595015854	0.9467204643180724	1.0992435000116396
1.0398080926306736	0.9238097163706402	1.1132179794069559
1.0454572438538385	0.9012794529539437	1.1264693871418676
1.050792366590789	0.8793678932010089	1.1389074719054784
1.0557699688987217	0.8583309018910532	1.1504472702022412
1.0603489661685659	0.8384391489987691	1.1610096670568493
1.0644911253819953	0.8199737041720913	1.170521953317392
1.0681614930357408	0.8032198261652437	1.1789183692730456
1.0713287986298576	0.7884588365068355	1.1861406233400316
1.0739658256550946	0.7759581903965974	1.1921383741443095
1.076049742317984	0.7659601720707357	1.1968696644448988
1.0775623848154043	0.7586700070573099	1.2003012959838815
1.0784904868046996	0.7542445181582773	1.20240913548485
1.0788258497891345	0.7527826446798772	1.2031783435985823
1.0785654504167046	0.7543190923194574	1.2026035205419359
1.0777114821270186	0.7588220399073898	1.2006887644060036
1.0762713301209141	0.7661952507842708	1.197447640521689
1.0742574802094815	0.7762842643929454	1.1929030627556445
1.071687363659568	0.7888857596274007	1.1870870900536779
1.0685831416291427	0.8037588311774955	1.1800406438406823
1.0649714341204788	0.820636858560679	1.1718131539212446
1.0608829995223936	0.8392388330690721	1.1624621422101917
1.0563523717258794	0.8592793386124159	1.1520527548797164
1.0514174624539963	0.880476747200256	1.140657254279597
1.046119136833957	0.9025595058023401	1.1283544822288252
1.0405007703572855	0.9252706177355451	1.1152293059695861
1.034607795235824	0.9483705536935189	1.1013720572153358
1.028487243790982	0.971638881703585	1.0868779733282925
1.022187295943585	0.9948749059579169	1.0718466477582238
1.0157568371407748	1.0178975744966172	1.0563814945090388
1.009245032207007	1.0405448724939945	1.0405892286326583
1.0027009196816454	1.0626728726463759	1.0245793616586714
0.99617303024804	1.084154573025035	1.0084637075530856
0.9897090319069799	1.1048786183456447	0.9923558913888002
0.9833554036350007	1.1247479733789527	0.9763708495711738
0.977157138423238	1.1436785965391874	0.9606243074093246
0.9711574758368856	1.1615981464437202	0.945232217329686
0.9653976635839738	1.1784447432770178	0.930310139425241
0.9599167470436354	1.1941657990666152	0.9159725457083894
0.9547513852812505	1.2087169256259065	0.9023320308049548
0.9499356917685443	1.2220609252665957	0.8894984152945107
0.9455010978245565	1.2341668669312436	0.8775777337847059
0.9414762366888629	1.2450092487798545	0.8666711082374372
0.9378868461198786	1.2545672472268259	0.8568735178793231
0.9347556874656322	1.2628240517872653	0.8482724896623369
0.9321024792690015	1.2697662847325422	0.8409467466590432
0.9299438436312952	1.2753835043910677	0.8349648644931394
0.9282932637557846	1.2796677909056207	0.830383996108281
0.9271610513162363	1.2826134133346117	0.8272487309879363
0.926554322536516	1.2842165771346477	0.8255901547714616
0.9264769821196064	1.2844752512659334	0.8254251681673579
0.9269297144234344	1.283389074405208	0.8267561102473051
0.9279099815437851	1.280959340020362	0.829570711852858
0.9294120282295469	1.277189060345339	0.8338423822093429
0.9314268938214653	1.272083109582788	0.8395308087964372
0.9339424316715076	1.265648446944506	0.8465828300298004
0.9369433367644389	1.257894420404872	0.8549335248292886
0.9404111825238747	1.2488331522778513	0.8645074542232819
0.9443244680381182	1.2384800079190332	0.8752199881740069
0.9486586771809631	1.2268541489819658	0.8869786551528803
0.9533863513218985	1.2139791726978126	0.8996844612114916
0.9584771775094437	1.1998838385637074	0.9132331375457696
0.9638980941595867	1.1846028835671203	0.9275162889778609
0.9696134163760437	1.168177926565628	0.9424224287885951
0.9755849830570137	1.1506584615729287	0.9578378967602498
0.9817723278908662	1.1321029383100103	0.9736476664451684
0.9881328761979971	1.1125799262297684	0.9897360542965077
0.994622169326822	1.0921693549790654	1.0059873474452217
1.0011941179499952	1.0709638194574023	1.0222863688576884
1.0078012851275673	1.0490699306339697	1.038518998746606
1.014395199406621	1.026609683268516	1.0545726698504
1.0209266975171096	1.0037217976194055	1.070336851938468
1.0273462954125305	0.9805629729303488	1.0857035379866247
1.033604585509657	0.95730896476629	1.1005677411846089
1.0396526570284872	0.9341553652170395	1.1148280085128612
1.0454425353530314	0.9113179245777745	1.1283869532360136
1.0509276353622417	0.8890322071366457	1.1411518054426812
1.0560632227596356	0.8675523270977159	1.1530349768219537
1.060806876603783	0.8471484731610021	1.1639546332906754
1.0651189455542946	0.8281029177527572	1.1738352669395367
1.0689629898417625	0.810704241498189	1.182608257103013
1.072306200682984	0.7952396108086114	1.190212409217967
1.075119788825174	0.7819851477038031	1.1965944595433344
1.0773793341352773	0.7711947301390064	1.2017095337781265
1.0790650886615123	0.7630879290156929	1.205521548128175
1.0801622263790374	0.7578381521665734	1.2080035424056135
1.0806610338715144	0.7555623166095207	1.2091379362506047
1.0805570374627687	0.7563133940988813	1.2089167014742888
1.0798510637530285	0.7600769037567708	1.2073414457492968
1.0785492320774153	0.7667718842855002	1.2044234053186733
1.076662879028302	0.7762561936304093	1.2001833469443146
1.0742084168022332	0.7883353413121775	1.1946513818553655
1.0712071286808025	0.8027736257511003	1.1878666968689737
1.0676849063717897	0.8193062099006501	1.1798772100296469
1.0636719351682153	0.8376509036375661	1.1707391599495192
1.0592023338853986	0.8575187358721416	1.160516639445387
1.0543137572789085	0.8786227758766045	1.1492810849929227
1.049046969112626	0.9006850065401467	1.1371107339074675
1.043445394233062	0.9234413092286348	1.1240900609878577
1.0375546579241115	0.9466447778904985	1.110309205618171
1.0314221204877583	0.9700676524029797	1.0958633990237159
1.0250964144528372	0.993502172270941	1.0808523995501644
1.0186269910947003	1.016760626267953	1.065379941522224
1.0120636820969726	1.039674830909845	1.0495532004997568
1.0054562812473677	1.0620952237869248	1.0334822746610388
0.9988541500769298	1.0838897141530053	1.0172796787021967
0.9923058503671135	1.1049423961411562	1.0010598431737256
0.9858588054981658	1.1251522003990073	0.9849386087405086
0.979558991725769	1.1444315373131106	0.969032701658735
0.9734506596746584	1.162704968244124	0.9534591740748466
0.9675760856448795	1.1799079291106715	0.9383347908924303
0.96197535174876	1.1959855221209026	0.923775344303801
0.956686153438614	1.2108913855224381	0.9098948780625556
0.9517436326452922	1.2245866471901303	0.8968048065969572
0.94718023452004	1.2370389651454117	0.8846129194766289
0.9430255856473697	1.2482216562999524	0.8734222697275674
0.9393063915629852	1.2581129135551137	0.8633299549476389
0.9360463514549352	1.2666951106693778	0.854425812624106
0.9332660880344874	1.273954193892985	0.8467910645489061
0.9309830907223117	1.2798791591704084	0.8404969583486657
0.9292116704931834	1.2844616136650067	0.8356034651125923
0.9279629249478302	1.2876954204237772	0.8321580990008218
0.9272447124248825	1.2895764251442123	0.8301949258557355
0.9270616342223386	1.2901022642085291	0.8297338221429361
0.9274150242615933	1.289272253396619	0.8307800329028554
0.9283029457947677	1.2870873569645869	0.8333240588248096
0.9297201950259096	1.2835502370689382	0.837341880156984
0.9316583117876087	1.2786653838162805	0.8427955017617875
0.9341055976858519	1.2724393265139644	0.8496337822359438
0.9370471423964063	1.264880926977098	0.8577934932681669
0.940464859063547	1.2560017559993877	0.8672005450634331
0.944337530013107	1.2458165543048996	0.8777713103576167
0.9486408642412782	1.2343437794468908	0.8894139828104586
0.9533475683711622	1.2216062401843966	0.9020299140706681
0.9584274329713859	1.2076318198134732	0.9155148857442587
0.9638474362940425	1.1924542897092973	0.9297602859641156
0.9695718676000672	1.1761142138759957	0.9446541735763284
0.9755624722851888	1.1586599444973464	0.9600822248620141
0.9817786209847771	1.1401487071778196	0.9759285674161646
0.9881775047077646	1.1206477725335617	0.9920765129656299
0.9947143578162503	1.1002357077133593	1.0084092055361216
1.001342710318977	1.07900369684676	1.0248102037192
1.008014670477562	1.0570569127116676	1.0411640162201312
1.0146812381328838	1.034515912270876	1.057356608806146
1.0212926484495242	1.011518015119902	1.0732758986283446
1.0277987449591623	0.988218605112414	1.0888122490193088
1.034149379876635	0.964792270225531	1.1038589745729896
1.0402948386893305	0.9414336630680128	1.1183128628347299
1.0461862850128538	0.9183579240693034	1.1320747154560422
1.051776220700592	0.8958004627494505	1.1450499083476022
1.0570189552340887	0.8740158440064273	1.157148967309222
1.0618710775501552	0.8532754851891055	1.1682881529179703
1.0662919227255836	0.8338638511957078	1.178390046187577
1.070244025385772	0.8160728609539247	1.1873841247315757
1.0736935513696166	0.8001943157163349	1.1952073179129383
1.076610699102662	0.786510351168264	1.2018045287735122
1.0789700623266583	0.7752822092795243	1.207129110420076
1.0807509463173004	0.7667379980130115	1.2111432849947645
1.0819376304901338	0.7610604889389236	1.2138184943502646
1.0825195713300413	0.7583762852571437	1.2151356730378113
1.082491540850702	0.7587477551418186	1.215085436131218
1.081853697252167	0.7621688876017463	1.213668176666437
1.080611586041518	0.7685657015057972	1.2108940699709612
1.0787760715498307	0.7778011419777413	1.2067829847767666
1.0763632004505617	0.7896837204107305	1.2013643036339225
1.073394000491775	0.8039786754457735	1.1946766576486567
1.0698942191331027	0.8204202523897443	1.1867675828439115
1.0658940080709212	0.8387238092501836	1.177693107377531
1.061427560695736	0.8585967669645558	1.1675172803636524
1.0565327103207955	0.8797478077967266	1.1563116540558196
1.051250497531366	0.9018940864293105	1.144154731615524
1.0456247152254496	0.9247664932748282	1.131131392578315
1.0397014398585187	0.9481131820258408	1.1173323074327854
1.0335285570889166	0.9717016554073883	1.102853351456417
1.0271552894793654	0.9953197192409748	1.0877950261347316
1.0206317331831298	1.0187755910698808	1.072261894170711
1.0140084096757367	1.0418974064910687	1.056362031330368
1.0073358376310961	1.0645323180438195	1.0402064952450611
1.0006641290304943	1.0865453361163209	1.0239088079000755
0.9940426125770011	1.107818022607813	1.0075844450079217
0.987519486504607	1.1282471170584776	0.9913503219552263
0.9811415019528186	1.1477431511863008	0.9753242627316746
0.9749536772487729	1.1662290901547006	0.9596244354613631
0.9689990427181657	1.183639026179899	0.9443687361853643
0.963318415044531	1.1999169411023871	0.9296741017714858
0.9579501997181732	1.215015548310741	0.9156557336749612
0.9529302197602417	1.2288952201462562	0.9024262171640791
0.9482915686680697	1.241523004052399	0.8900945259134428
0.944064485395399	1.2528717288409077	0.8787649097513485
0.9402762491432198	1.2629192012265908	0.8685356737516193
0.9369510917799564	1.2716474920267704	0.8594978693240154
0.9341101258192936	1.2790423109862141	0.8517339315538447
0.9317712860461644	1.2850924689777201	0.8453163103652677
0.9299492830834444	1.289789426276822	0.8403061543494793
0.9286555674224661	1.2931269256722897	0.8367521133749268
0.9278983026903364	1.2951007093212252	0.8346893276459617
0.9276823471890772	1.295708318466548	0.8341386655625341
0.9280092430107233	1.2949489753885042	0.8351062603763164
0.928877212305496	1.29282354724667	0.8375833772069027
0.9302811605551827	1.2893345917725874	0.8415466195363389
0.9322126869799893	1.2844864850843065	0.8469584606655444
0.9346601024837569	1.278285632201524	0.8537680638488376
0.9376084558185844	1.2707407611321562	0.861912337616847
0.9410395689236617	1.2618633016653729	0.8713171619891893
0.9449320826611203	1.2516678502277168	0.881898717573126
0.9492615144287045	1.240172722319642	0.8935648525242355
0.9540003293677228	1.2274005941254322	0.9062164307052041
0.9591180270955737	1.2133792348461803	0.9197486163047413
0.9645812460636516	1.198142331094441	0.9340520637438215
0.9703538877604859	1.1817304042383692	0.9490139951860516
0.9763972630323318	1.1641918207860849	0.964519160080189
0.9826702627644313	1.1455838946009054	0.9804506810765369
0.9891295550416815	1.1259740777062603	0.9966907980089471
0.9957298106748089	1.105441233347667	1.0131215264148818
1.00242395862721	1.0840769803674122	1.0296252495170368
1.009163472401937	1.0619870911847997	1.0460852630868187
1.015898687846156	1.0392929159270499	1.0623862915763382
1.0225791521057617	1.0161327914696372	1.0784149917540258
1.0291540026262773	0.9926633750776099	1.0940604571764372
1.0355723741652878	0.9690608166824598	1.1092147334826552
1.0417838307813863	0.9455216504965704	1.1237733509551142
1.0477388187269976	0.9222632453508003	1.1376358772458706
1.0533891351358027	0.8995236052398795	1.1507064897715755
1.0586884064033357	0.8775602615555033	1.1628945641522785
1.0635925692585166	0.8566479556653528	1.1741152723029769
1.0680603467622634	0.8370747905844095	1.1842901814583426
1.0720537108932255	0.819136556154742	1.1933478435808562
1.075538323031866	0.803129030656981	1.2012243633169268
1.078483943566855	0.78933825766247	1.2078639319555249
1.0808648020461287	0.7780290987121349	1.2132193147234598
1.082659919790388	0.7694327454935396	1.217252279215713
1.083853377676463	0.7637342689098994	1.2199339537820675
1.0844345228639387	0.7610615736626092	1.221245106224741
1.0843981095478537	0.7614771906967783	1.2211763351362743
1.0837443703267384	0.7649740932232819	1.2197281685330132
1.0824790164209237	0.771476177370899	1.2169110670111625
1.0806131666949104	0.7808433300004758	1.212745331351325
1.0781632071592429	0.7928803095446992	1.2072609171990287
1.0751505842811702	0.8073481773354952	1.2004971620278249
1.0716015369527496	0.8239768384526927	1.1925024319285866
1.0675467732911157	0.8424773716258294	1.1833336977556443
1.0630210995307234	0.8625531504392097	1.1730560517050856
1.0580630090772556	0.883909156800124	1.161742176430563
1.0527142403081886	0.906259256857765	1.1494717792661087
1.047019311921639	0.9293314890107682	1.1363310039948866
1.041025044563451	0.9528715871718355	1.1224118318700667
1.0347800771256708	0.9766450432994678	1.1078114822714893
1.0283343855415688	1.0004380272926239	1.0926318215001802
1.0217388111447616	1.0240574562754303	1.0769787858193411
1.015044604759264	1.0473304602691627	1.0609618220088672
1.008302991691881	1.0701034414691335	1.0446933454921246
1.001564761755623	1.0922408779077948	1.028288212621745
0.994879887407163	1.1136239828756336	1.0118632001064725
0.9882971720718695	1.1341493000275429	0.9955364809915925
0.9818639297894757	1.153727290093891	0.9794270832859008
0.9756256964675977	1.1722809473814975	0.9636543145300269
0.9696259722972398	1.1897444714861547	0.9483371336571239
0.9639059942750947	1.2060620106437085	0.933593450798106
0.9585045372960201	1.221186486920009	0.9195393366581877
0.9534577419239139	1.235078509197828	0.9062881261637268
0.9487989667137252	1.2477053770741053	0.8939494065996556
0.9445586628312181	1.2590401769079758	0.8826278886102438
0.9407642686874162	1.2690609700577982	0.8724221691177558
0.9374401223569175	1.2777500726053308	0.8634234079255773
0.9346073896686368	1.2850934254448685	0.855713953538803
0.9322840060295049	1.2910800534182902	0.8493659671000194
0.9304846302529961	1.295701612138882	0.8444401044747657
0.9292206089035656	1.2989520212232624	0.8409843234766123
0.9284999499257816	1.3008271828113	0.8390328842738715
0.9283273045959567	1.3013247844762832	0.8386056050853298
0.9287039571095108	1.3004441858947937	0.8397074222580585
0.929627821396027	1.2981863889437368	0.842328284801514
0.9310934450344068	1.2945540912083084	0.8464433905913663
0.9330920204220182	1.289551823207814	0.8520137476504688
0.9356114036337783	1.2831861699645644	0.8589870222450398
0.9386361416888798	1.2754660778426925	0.8672986186684287
0.9421475092224555	1.266403247855534	0.8768729252882328
0.9461235558333413	1.2560126168668322	0.8876246583179473
0.9505391656418013	1.2443129282734717	0.8994602383287691
0.9553661308348455	1.2313273938301794	0.9122791433603616
0.9605732411916058	1.217084448223957	0.9259751947614324
0.9661263917550802	1.2016185977762421	0.9404377456510994
0.9719887109355992	1.1849713641673958	0.9555527554370284
0.9781207113806647	1.1671923232280292	0.9712037458813121
0.9844804659101724	1.1483402374578624	0.9872726439852733
0.9910238106806926	1.1284842787719	1.0036405241368234
0.9977045774944728	1.107705334686575	1.020188266550329
1.0044748567977588	1.0860973862548107	1.0367971512881666
1.0112852924126092	1.063768938868628	1.0533494074725154
1.0180854084151743	1.0408444766863594	1.069728736105115
1.0248239678161593	1.017465896796398	1.0858208226257198
1.0314493618274672	0.9937938589977579	1.1015138523229329
1.0379100275317916	0.9700089599067019	1.1166990382696043
1.0441548907358202	0.9463126049090588	1.1312711678344551
1.0501338297166205	0.9229274080762626	1.1451291702150594
1.0557981545051345	0.9000969002591089	1.158176703995682
1.0611010953361169	0.8780842742602991	1.1703227605756923
1.065998292979131	0.8571698535652849	1.1814822765354687
1.0704482829000068	0.8376469547285439	1.1915767456838242
1.0744129646341107	0.8198158474541458	1.2005348197254926
1.077858047424437	0.8039756291331895	1.2082928852458221
1.080753463123322	0.7904140463737641	1.214795604063244
1.083073737599931	0.7793956203418535	1.2199964039611457
1.0847983124465748	0.7711488343209134	1.2238579073719171
1.0859118096304123	0.7658535408442665	1.2263522867176826
1.0864042328724732	0.763630020489598	1.2274615367620365
1.086271100916989	0.764531147724101	1.2271776564201267
1.0855135094308634	0.7685388163991556	1.22550273491547
1.0841381199841753	0.7755651786744974	1.2224489398489555
1.0821570763385573	0.78545850026095	1.2180384075348922
1.079587850037818	0.7980127392978782	1.2123030387310214
1.076453018981302	0.812979499791391	1.2052842055151236
1.072779984197215	0.8300808805064591	1.1970323774179128
1.0686006313610623	0.8490219074758637	1.1876066769009435
1.0639509446762185	0.8695015932316994	1.17707437577707
1.0588705815164488	0.89122207814872	1.165510345138462
1.05340241670665	0.9138956766268221	1.1529964717346042
1.047592065486588	0.9372499193947581	1.1396210535046458
1.0414873940762686	0.9610308430081376	1.1254781861114582
1.0351380263671022	0.985004845964027	1.1106671508658994
1.0285948546370174	1.008959435543915	1.0952918124047024
1.0219095613746174	1.0327031573752856	1.0794600319468448
1.0151341583460844	1.056064951385493	1.0632830989709074
1.00832054799911	1.078893126697195	1.0468751808181933
1.0015201112194383	1.1010541014205413	1.0303527861446695
0.9947833243826218	1.1224310143505505	1.0138342344602924
0.9881594076157496	1.1429222848469454	0.997439120387528
0.9816960052337316	1.1624401739125698	0.9812877579717179
0.9754388984671262	1.1809093824268113	0.9655005876728634
0.969431749870746	1.198265710286827	0.9501975269120148
0.9637158782040568	1.2144547916555788	0.9354972446416929
0.958330062108668	1.2294309156235301	0.9215163417956214
0.9533103705719251	1.2431559375960592	0.908368423068593
0.9486900179509629	1.2555982840539321	0.8961630516098639
0.9444992412270279	1.266732051591074	0.8850045870150968
0.9407651971514565	1.2765362000255323	0.8749909182912908
0.9375118770171496	1.2849938387080873	0.8662121166411502
0.9347600369271734	1.2920916047841366	0.8587490468717629
0.9325271416204274	1.2978191320076242	0.8526719894084406
0.9308273201396985	1.3021686087000532	0.8480393353870856
0.929671331878448	1.3051344235514348	0.8448964231493463
0.9290665418101447	1.3067128981443155	0.8432745840398669
0.9290169039810959	1.3069021053256147	0.8431904578041497
0.929522952629994	1.3057017728371396	0.8446456232699857
0.930581800582144	1.3031132719304923	0.8476265697144857
0.9321871448524397	1.2991396910231479	0.8521050107647646
0.9343292796781385	1.293785994787785	0.8580385188768579
0.9369951174901401	1.2870592693947456	0.8653714374573358
0.9401682186188836	1.2789690549351662	0.8740360120619849
0.943828830816022	1.2695277663261209	0.883953673358949
0.9479539399517933	1.2587512042225808	0.895036403028748
0.952517333514388	1.2466591576134056	0.907188118742203
0.9574896787830959	1.2332760998319	0.9203060242659689
0.9628386177607475	1.21863197962597	0.9342818836604092
0.9685288811199492	1.202763108650697	0.9490031925242265
0.9745224235271372	1.1857131461813795	0.9643542326695931
0.9807785827428573	1.1675341808704303	0.9802170083043942
0.9872542648400175	1.1482879077994073	0.9964720710728684
0.9939041577191483	1.128046896634574	1.0129992479188967
1.0006809748177985	1.1068959429901761	1.0296782897756334
1.007535730500208	1.0849334895915224	1.0463894608523563
1.0144180480676934	1.0622730957675819	1.0630140881927144
1.0212765006496818	1.0390449222183948	1.0794350896529723
1.0280589844264783	1.015397181689707	1.0955374959041282
1.0347131227114077	0.9914974837628514	1.1112089788547488
1.0411866984034936	0.9675339720551427	1.1263403953170918
1.0474281112418236	0.9437161137529859	1.1408263510334353
