1.0	1.0	1.0
1.00585548044352	0.9805351348727621	1.0149903443796677
1.0116666959135063	0.9607583564273515	1.0297243970719323
1.0173954353982417	0.9407981314370323	1.044117550197838
1.0230033523415298	0.9207974052636893	1.058087229269131
1.0284522424373617	0.9009141115823028	1.0715532179094354
1.0337043365827103	0.8813213475103582	1.0844380007562122
1.0387226065540394	0.8622070770851009	1.096667125049444
1.0434710804150162	0.8437731997883596	1.1081695796606674
1.0479151641243547	0.8262338011475878	1.1188781887185812
1.0520219653149057	0.8098123979239359	1.1287300155745508
1.0557606147802296	0.7947380124166902	1.1376667716490143
1.0591025808548349	0.7812399716710247	1.145635223731318
1.0620219716297952	0.7695414384015138	1.1525875925910458
1.0644958198247665	0.7598518439032284	1.158481935314717
1.0665043451551195	0.7523585970930131	1.163282503618826
1.0680311891988097	0.747218656339394	1.1669600705129293
1.0690636180858577	0.7445507214824231	1.1694922180912133
1.0695926888016904	0.7444288743021775	1.1708635799048104
1.0696133755051318	0.7468784212096601	1.1710660322874678
1.0691246529969307	0.7518744618496341	1.1700988301413071
1.0681295353134959	0.7593433592046952	1.1679686839952603
1.0666350683357744	0.7691668989410905	1.1646897765757924
1.0646522762636077	0.7811885905033734	1.1602837186205024
1.0621960627774274	0.7952213526892316	1.1547794451583968
1.0592850686570354	0.8110557717856128	1.1482130549121912
1.05594148851746	0.828468204031851	1.140627596784704
1.0521908501233486	0.8472281680584779	1.132072808513158
1.048061760429085	0.8671046801776962	1.1226048134574846
1.04358562304054	0.8878713791049496	1.1122857820846943
1.038796332191286	0.9093104389414375	1.1011835649834099
1.033729948563642	0.9312153708064634	1.0893713041637305
1.02842436236249	0.9533928683650855	1.076927028951982
1.0229189489738335	0.9756638712943327	1.0639332419740473
1.0172542223229277	0.9978640155834237	1.0504764995440525
1.0114714907060458	1.0198436210183142	1.0366469892602717
1.0056125194268917	1.0414673420546572	1.022538105795828
0.9997192040471542	1.062613583562802	1.008246023814876
0.9938332574856471	1.0831737604244727	0.9938692647239256
0.9879959135966532	1.1030514608971247	0.9795082516877047
0.9822476492488568	1.1221615582898439	0.9652648451356819
0.9766279263327313	1.1404293035372457	0.9512418490312132
0.9711749545644944	1.1577894222061396	0.9375424766806866
0.9659254754433473	1.1741852327590796	0.9242697640712039
0.9609145672665267	1.1895677980026793	0.9115259189143388
0.9561754707208464	1.2038951181185313	0.8994115950168537
0.9517394342534917	1.2171313711512488	0.888025084542964
0.9476355781792548	1.2292462050350574	0.877461425342291
0.943890776303897	1.2402140839716194	0.8678114268161875
0.9405295537294014	1.2500136910781132	0.8591606255973487
0.9375739994505633	1.2586273886000183	0.8515881911741008
0.9350436923466179	1.2660407365537565	0.8451658107619249
0.932955639209044	1.2722420703795687	0.839956591206189
0.9313242235199521	1.2772221380100508	0.836014022315291
0.9301611637977439	1.2809737966709944	0.8333810495874764
0.9294754804519768	1.2834917697120276	0.8320893038299669
0.9292734702325672	1.2847724638030997	0.8321585301331349
0.9295586875156887	1.2848138469199026	0.8335962491286028
0.9303319318370786	1.2836153876692014	0.8363976701933836
0.9315912412610259	1.2811780566668176	0.8405458606515671
0.9333318913588027	1.2775043908698795	0.8460121588718579
0.935546399762883	1.2725986219739038	0.8527568043643744
0.9382245364621933	1.2664668702066608	0.8607297462065787
0.94135334020784	1.2591174050758576	0.8698715835231751
0.9449171416066274	1.2505609748460398	0.8801145887853078
0.9488975936887264	1.2408112067186714	0.8913837661820689
0.9532737109424945	1.229885079850929	0.9035979025043321
0.9580219180088182	1.2178034734500192	0.9166705757771856
0.9631161094133082	1.2045917921879967	0.9305110960787593
0.9685277218798116	1.1902806710505756	0.9450253624690788
0.9742258209044367	1.1749067613952886	0.9601166288189948
0.9801772033661716	1.158513599353454	0.9756861789525492
0.9863465179981938	1.141152556629286	0.9916339175537848
0.9926964055328735	1.1228838720337158	1.007858887638594
0.9991876602534632	1.1037777594687426	1.0242597281292898
1.0057794145275052	1.0839155841788852	1.0407350863823956
1.0124293476536483	1.0633910934129673	1.0571840006523263
1.0190939200195213	1.0423116795493959	1.073506266681046
1.0257286331410846	1.0207996424358798	1.089602801126344
1.0322883156344684	0.9989934022590263	1.1053760125877985
1.0387274345647142	0.9770485937357003	1.1207301887322758
1.0450004309316627	0.9551389460235917	1.135571905597697
1.0510620773058292	0.9334568202543488	1.149810462672883
1.0568678548357948	0.9122132389526876	1.163358344897825
1.0623743460375086	0.8916372018730496	1.1761317103715407
1.0675396389732608	0.8719740472718204	1.1880509003518143
1.07232373766571	0.8534825970409073	1.1990409661338532
1.0766889729042968	0.8364308340654002	1.209032205650111
1.0806004070224204	0.821089919997077	1.2179607011846385
1.0840262257876803	0.8077264903545184	1.2257688484817642
1.086938110285062	0.7965933720901431	1.232405866784503
1.0893115816099694	0.787919147594038	1.2378282789890156
1.0911263113431933	0.7818972996753486	1.242000351163496
1.0923663911633608	0.7786759431313831	1.2448944811561116
1.093020555564107	0.7783492897519038	1.24649152689521
1.0930823524722921	0.7809519265738192	1.2467810662379273
1.0925502575882196	0.7864566840630188	1.2457615818057561
1.0914277294567456	0.7947763800386738	1.2434405660968264
1.0897232035880131	0.8057691640416341	1.2398345442094778
1.087450025329866	0.8192466998430823	1.2349690136636078
1.0846263225976867	0.8349841255414229	1.2288783029708927
1.0812748209367955	0.8527306658644678	1.22160535268442
1.0774226046742976	0.8722199097454459	1.213201424555795
1.073100829062553	0.8931790297763746	1.20372574605226
1.0683443892835411	0.9153365206655442	1.193245098756518
1.063191552939948	0.9384283029004155	1.181833360019882
1.0576835631833852	0.9622022387053403	1.169571007613333
1.051864219912984	0.9864212320834501	1.1565445969873818
1.0457794465206656	1.0108651437030707	1.1428462200958942
1.039476849475537	1.0353317628527017	1.1285729535668716
1.03300527765161	1.0596370610638488	1.1138263023407893
1.0264143877405103	1.0836149200703022	1.0987116427922334
1.0197542213897	1.10711649064861	1.0833376668742345
1.0130747989057254	1.130009304524225	1.0678158260737918
1.006425733500695	1.152176231816807	1.052259771068628
0.9998558691768635	1.1735143523449232	1.036784780090987
0.9934129444739384	1.1939337903113365	1.0215071663358983
0.9871432834770839	1.2133565477212718	1.0065436525432367
0.9810915147255309	1.2317153614633285	0.992010699421259
0.975300317991007	1.2489526014548344	0.9780237741826998
0.9698101983244055	1.265019221889262	0.9646965464629431
0.9646592863046524	1.279873773836611	0.9521400015876853
0.9598831630664935	1.2934814847905982	0.9404614657793419
0.9555147084300722	1.3058134088990785	0.9297635445115411
0.9515839702969927	1.316845650320295	0.9201429836856018
0.9481180534046211	1.3265586612524254	0.9116894731595793
0.9451410255305075	1.3349366155746492	0.9044844226180956
0.9426738392991807	1.3419668586385685	0.8985997497150661
0.940734267851638	1.347639433508501	0.8940967285067734
0.9393368527821602	1.3519466838339496	0.8910249510230602
0.9384928629178635	1.354882933524199	0.8894214551992335
0.9382102627059876	1.3564442434669286	0.8893100675776481
0.9384936891769415	1.3566282456772458	0.8907009991488192
0.9393444366643848	1.355434055469984	0.8935907182086891
0.9407604486859062	1.3528622625067517	0.8979621066866815
0.9427363166193895	1.3489150018705265	0.9037848880977369
0.9452632850520647	1.3435961066547062	0.9110162983042811
0.9483292639328472	1.3369113439098723	0.9196019566175723
0.951918847924683	1.328868736158155	0.9294768858204333
0.9560133436318835	1.3194789710480612	0.9405666260762864
0.9605908056657615	1.3087559020646014	0.9527883892255162
0.9656260828059471	1.2967171435079794	0.9660522058227529
0.9710908758078498	1.2833847631781157	0.9802620261826578
0.9769538086894887	1.2687860763081575	0.9953167472747223
0.983180515591574	1.2529545442145924	1.011111148225812
0.9897337455292968	1.2359307807818698	1.0275367273899967
0.9965734875270452	1.2177636691394313	1.0444824426936623
1.0036571187313281	1.1985115895198954	1.0618353638553408
1.0109395781152637	1.1782437570212412	1.0794812499914443
1.0183735683032529	1.1570416644233805	1.0973050691369586
1.025909787841491	1.135000619757697	1.1151914775511083
1.0334971959058934	1.11223136021659	1.1330252766230715
1.041083310964474	1.0888617121908002	1.1506918640367305
1.0486145442917107	1.065038250443428	1.1680776938724142
1.056036568469173	1.0409278861582667	1.185070757758634
1.0632947201078125	1.016719282265244	1.2015610962387944
1.0703344350085304	0.9926239537941416	1.2174413463502574
1.0771017128627864	0.9688768608184958	1.2326073281587284
1.0835436074162152	0.9457362438236357	1.246958669760008
1.0896087368154634	0.9234823920132057	1.2603994671490424
1.0952478076786363	0.9024149861672845	1.272838972449358
1.1004141453251866	0.8828486391240247	1.2841923013756062
1.1050642216271926	0.8651062968698493	1.294381148545747
1.1091581711566436	0.8495102941638016	1.3033344974405399
1.1126602857555847	0.8363711076097813	1.3109893104929489
1.1155394773944087	0.8259742204125399	1.3172911840344568
1.117769699245032	0.818565967860476	1.322194952669644
1.1193303153036813	0.8143396762142965	1.3256652281153134
1.1202064096602908	0.8134237003111895	1.3276768586225345
1.1203890276178863	0.81587296569054	1.3282152967688667
1.1198753422872718	0.8216652542006492	1.3272768656048608
1.1186687419731243	0.8307027845706226	1.3248689157769975
1.1167788355645571	0.8428188034202708	1.3210098692163748
1.1142213751705359	0.8577881514516735	1.3157291481457982
1.1110180973138097	0.8753403003617152	1.3090669913699635
1.1071964860280117	0.895173250218682	1.3010741629197022
1.1027894631048325	0.916966888755638	1.291811560968423
1.0978350124321483	0.9403948153549735	1.2813497373829932
1.092375746782082	0.9651340808810492	1.2697683401852393
1.086458426498313	0.9908726834755163	1.2571554924801922
1.0801334402611211	1.0173149378174118	1.2436071219774254
1.0734542584631115	1.0441849954221032	1.229226255047884
1.0664768697143516	1.0712288578624032	1.2141222883090346
1.0592592106371244	1.0982152241678906	1.1984102490380288
1.0518605984475156	1.1249354766463138	1.1822100533315807
1.044341174905619	1.1512030572761234	1.165645767951829
1.0367613691084037	1.1768524331119015	1.1488448783440413
1.0291813853632819	1.2017378009665418	1.131937561546332
1.0216607210801845	1.2257316418254203	1.1150559588366378
1.0142577183158334	1.2487232043180276	1.0983334392267974
1.0070291513496616	1.2706169731728736	1.0819038416160704
1.0000298515113848	1.2913311615004899	1.06590068090452
0.993312369450256	1.3107962535506892	1.05045630202967
0.9869266741593568	1.3289536160162656	1.035700966137551
0.9809198873579071	1.3457541899944565	1.021761855323265
0.975336051293522	1.3611572716007112	1.0087619868893531
0.97021592764874	1.3751293863958676	0.9968190350251827
0.9655968250089678	1.3876432608422058	0.9860440671047803
0.9615124522538154	1.3986768926746207	0.9765402129845874
0.9579927952489299	1.4082127211784392	0.9684012978980032
0.955064014317732	1.4162368977854516	0.9617104815226036
0.9527483601393874	1.4227386570566949	0.9565389559538747
0.9510641059304308	1.427709787963676	0.9529447619539368
0.950025494005783	1.431144205375354	0.9509717844285734
0.9496426950678313	1.4330376217826668	0.9506489836073677
0.9499217788319826	1.433387319527765	0.9519899076587013
0.9508646948604997	1.4321920241362955	0.9549925162435304
0.9524692627445841	1.4294518797641704	0.9596393245254239
0.9547291710517655	1.425168528251556	0.9658978558246873
0.9576339847479216	1.4193452938121713	0.9737213711045335
0.9611691611172686	1.411987475960339	0.9830498272394268
0.9653160745450503	1.403102753874906	0.9938110052958541
0.9700520508995407	1.3927017059989648	1.0059217456693674
0.9753504126518593	1.3807984492537524	1.0192892287019866
0.9811805362989813	1.3674114027737752	1.0338122463641253
0.9875079240972018	1.3525641815061273	1.049382421214098
0.9942942925550627	1.3362866252999113	1.0658853414468157
1.0014976805564533	1.3186159691522774	1.0832015938186037
1.0090725803620895	1.2995981599418807	1.1012076883019208
1.0169700950434812	1.2792893240664334	1.1197768785986535
1.0251381261082901	1.257757388605788	1.1387798906431632
1.0335215951495003	1.2350838555067005	1.1580855768171756
1.0420627032637682	1.21136572317503	1.1775615168882094
1.0507012317100193	1.1867175418295997	1.1970745879360098
1.0593748867956339	1.1612735767177544	1.216491525084723
1.0680196912686613	1.1351900350708197	1.2356794930630148
1.0765704235530194	1.108647286265376	1.2545066857971308
1.0849611049925212	1.0818519674347564	1.27284296768894
1.0931255338836716	1.055038816055244	1.2905605661835353
1.100997863504726	1.0284720048217124	1.307534820890743
1.1085132196318208	1.0024456726118434	1.3236449900636726
1.1156083512285178	0.9772832533306658	1.3387751108074373
1.122222306172602	0.953335114876117	1.352814905133713
1.1282971221243774	0.9309739584709399	1.3656607200285475
1.133778521033068	0.9105874341777486	1.377216486196036
1.1386165944149893	0.8925675544023081	1.3873946772101686
1.1427664655100362	0.8772967872933171	1.3961172485746853
1.1461889138150583	0.8651312147697563	1.4033165347652523
1.1488509473730457	0.8563818117785192	1.4089360817960976
1.150726308614436	0.8512956160977004	1.412931393269389
1.1517959005241614	0.8500390911385833	1.4152705692454954
1.1520481214382843	0.8526860889963529	1.4159348195853025
1.1514790988182555	0.859212339085935	1.4149188365819934
1.1500928148383485	0.8694973650542269	1.4122310155897946
1.1479011194531803	0.8833334432723856	1.4078935167961875
1.1449236296643535	0.9004400549961066	1.4019421660593914
1.1411875168389514	0.920481584211597	1.3944261976053014
1.136727187001561	0.943085902894253	1.385407846095409
1.1315838618820202	0.9678618697441977	1.3749617998895358
1.1258050710219236	0.9944144201016496	1.3631745310016554
1.119444067313872	1.0223566082666626	1.3501435200817902
1.1125591798864711	1.0513185192029737	1.335976396592501
1.1052131192057864	1.0809533313780932	1.3207900150761216
1.09747224962568	1.1109409960748549	1.304709487975763
1.0894058444044188	1.140990046878707	1.2878671938840744
1.0810853374630056	1.1708380187615188	1.270401777411049
1.0725835849670338	1.2002508824091636	1.2524571532037672
1.0639741482622722	1.2290218151408374	1.2341815221889343
1.055330607889507	1.2569695511456016	1.21572640306898
1.0467259164547804	1.2839364879009727	1.1972456767647963
1.0382317961420158	1.3097866741068636	1.178894636200859
1.0299181847214751	1.3344037660176968	1.1608290289699073
1.0218527321107675	1.357689011340822	1.1432040764526785
1.014100347948915	1.3795593003965487	1.1261734504124805
1.0067227992928696	1.3999453108031863	1.1098881874706152
0.9997783564648554	1.4187897627994523	1.094495523713634
0.9933214842744699	1.4360457961260131	1.0801376364108937
0.987402575301509	1.4516754752119185	1.0669502876596881
0.9820677216301088	1.4656484265974479	1.0550613756372669
0.9773585213378467	1.4779406106353592	1.0445894124983752
0.9733119161242052	1.4885332282629753	1.0356419627641655
0.9699600566679418	1.49741176284628	1.0283140907235553
0.9673301925903284	1.5045651566499936	1.0226868779145073
0.9654445842333852	1.509985121312519	1.0188260800120543
0.9643204338090847	1.5136655817550926	1.016780994484264
0.9639698338162939	1.515602253198292	1.0165836049098416
0.9643997309465699	1.5157923513715212	1.0182480546558421
0.9656119040075022	1.5142344365609481	1.0217704827294913
0.9676029546916812	1.5109283928284705	1.0271292302878028
0.9703643103257452	1.505875544528411	1.0342854006066668
0.9738822380661883	1.499078913128798	1.0431837316447032
0.9781378703859662	1.490543618288015	1.0537537216761033
0.9831072421346956	1.4802774281209345	1.0659109368739978
0.9887613399657598	1.4682914645835328	1.079558426030521
0.9950661655078997	1.4546010708773898	1.0945881713863161
1.001982814309014	1.4392268486807633	1.1108825144011485
1.0094675732775054	1.4221958737881635	1.1283155092305364
1.0174720400628987	1.403543099292197	1.1467541725302868
1.0259432685146743	1.3833129556269814	1.166059614049563
1.0348239449907872	1.3615611563897192	1.186088046789586
1.0440526008042412	1.3383567175212983	1.2066916873212712
1.0535638664435438	1.3137841946264102	1.2277195656932929
1.0632887733269414	1.2879461381401769	1.2490182701482944
1.0731551087000268	1.2609657574953825	1.2704326548045182
1.0830878288166248	1.2329897716557723	1.291806538918244
1.0930095347182605	1.2041914018797553	1.312983424748147
1.1028410137252858	1.1747734300202852	1.333807257823987
1.112501848166422	1.1449711978075012	1.3541232489695598
1.1219110909162058	1.1150553545350677	1.3737787720842725
1.1309880050171048	1.0853340678005525	1.3926243457424488
1.1396528620947466	1.0561542921884286	1.4105147003821792
1.1478277915159505	1.0279015479169216	1.4273099264621807
1.1554376693996138	1.0009975115260936	1.4428766926930048
1.1624110338012537	0.9758945996377163	1.4570895175251553
1.1686810098010452	0.953066697560391	1.4698320717315754
1.1741862259897924	0.9329953366280708	1.4809984853859677
1.178871702124508	0.9161510560778356	1.4904946290337697
1.1826896866610526	0.902970458697787	1.498239336580098
1.1856004225882173	0.8938305382194017	1.5041655365419029
1.18757282057335	0.8890230003649948	1.5082212589387423
1.188585019926251	0.8887321259538533	1.5103704872664199
1.18862482028453	0.8930197957409846	1.5105938286661975
1.1876899701515844	0.9018203657619153	1.5088889804360888
1.185788302352902	0.9149463018394497	1.505270977207685
1.1829377109415775	0.9321034084528276	1.4997722101291402
1.1791659688633243	0.9529128222295721	1.4924422168842515
1.1745103905424956	0.976936174364746	1.4833472489281205
1.1690173482227975	1.0037005290840948	1.4725696295044775
1.1627416551486105	1.0327205810813898	1.4602069224139602
1.1557458322922083	1.0635167087036173	1.446370936752596
1.148099278149104	1.0956284745680036	1.4311865966270447
1.13987736302349	1.128623860340557	1.414790706954013
1.131160470154806	1.162104895927579	1.397330646739175
1.1220330060037795	1.195710464242974	1.3789630196824139
1.1125824010889276	1.2291170253783466	1.3598522886505475
1.1028981210592654	1.2620378898092028	1.3401694156735056
1.0930707053602549	1.2942215344063583	1.320090522924612
1.083190848076168	1.3254493280438326	1.299795582995395
1.0733485325008314	1.3555329284663724	1.2794671391068702
1.0636322278838697	1.3843115313513576	1.2592890482291463
1.0541281537888503	1.4116490936323325	1.239445233004493
1.0449196147256894	1.4374316117982875	1.2201184225540638
1.0360864052930414	1.4615645076148933	1.2014888584203525
1.0277042840625508	1.4839701547595072	1.1837329408001114
1.0198445128949483	1.5045855673068793	1.1670217925493767
1.0125734573025906	1.5233602627350502	1.1515197247280544
1.00595224283785	1.540254306681542	1.137382597925298
1.0000364622400635	1.5552365430985036	1.1247560880222092
0.9948759281451367	1.5682830111084403	1.1137738825244696
0.9905144664699626	1.579375548360444	1.1045558525250294
0.986989746044212	1.5885005797934066	1.0972062634328905
0.9843331405953293	1.5956480902850034	1.0918121020496454
0.9825696197314518	1.6008107796166628	1.0884416055555088
0.9817176660620561	1.6039833984599146	1.0871430771615014
0.9817892160196655	1.605162264648831	1.087944062394703
0.9827896222931745	1.6043449598143926	1.0908509395916377
0.9847176360710403	1.6015302074893634	1.0958489502924733
0.987565407555216	1.5967179350165828	1.1029026634282875
0.9913185034901812	1.5899095229784068	1.1119568358530612
0.9959559408058213	1.58110824737798	1.1229376051949802
1.0014502359444124	1.5703199214096417	1.1357539325592976
1.0077674700656893	1.5575537453184876	1.150299204147319
1.01486737111796	1.5428233745240651	1.166452902473987
1.0227034147246226	1.5261482178149655	1.1840822681604077
1.0312229469388148	1.5075549789327043	1.2030438898138482
1.0403673331168861	1.4870794561393732	1.2231851794359716
1.0500721383869587	1.4647686152225097	1.2443457114026404
1.0602673463593675	1.4406829515401103	1.2663584221321462
1.0708776237475397	1.4148991556758348	1.2890506835938138
1.0818226393414196	1.3875130943001432	1.3122452759933958
1.0930174462010391	1.3586431117162179	1.335761293076364
1.1043729359206405	1.3284336464473494	1.359415017701785
1.1157963732701255	1.2970591382787795	1.3830208060915927
1.1271920183835267	1.2647281702804616	1.4063920169951676
1.1384618418894668	1.2316877417334184	1.4293420174833498
1.1495063359509852	1.1982274939596724	1.451685290717139
1.1602254211215193	1.1646836027539569	1.4732386632860441
1.1705194452903858	1.131441899516639	1.493822660990392
1.1802902668894217	1.098939583460313	1.5132629926293477
1.1894424101130927	1.067664646393287	1.531392151818948
1.197884275362634	1.038151881001961	1.5480511174755158
1.2055293836951335	1.0109741555964196	1.5630911247492587
1.2122976300044455	0.9867276398049711	1.5763754702864352
1.2181165162605967	0.966010032604681	1.5877813091468482
1.222922333661425	0.9493917515330584	1.597201395900598
1.2266612612515497	0.937381551074258	1.6045457197222845
1.2292903486364437	0.9303899415423218	1.6097429829613945
1.2307783519879547	0.9286955056355405	1.6127418748508255
1.2311063956359385	0.9324199403468186	1.6135120967363759
1.230268436099302	0.9415167240905815	1.612045102322325
1.2282715112527296	0.9557757122801579	1.6083545256182186
1.2251357641763534	0.9748425309621535	1.6024762800671724
1.2208942387347541	0.9982486608649717	1.5944683241304747
1.2155924516613066	1.0254466097736659	1.5844101006967835
1.2092877534411621	1.0558447995338316	1.5724016693328864
1.2020484971592107	1.0888382385460604	1.5585625608652112
1.1939530403227534	1.1238329061624839	1.5430303924136175
1.185088609174496	1.1602633893919003	1.5259592872460355
1.175550057973042	1.1976043797974307	1.5075181472956076
1.1654385570426469	1.2353771536359934	1.4878888266741501
1.154860243105365	1.2731522682539353	1.467264252011817
1.1439248636383565	1.31054958688718	1.4458465301264598
1.1327444439688084	1.3472365291219368	1.4238450757271173
1.1214320018165536	1.382925219271283	1.4014747820926943
1.1101003293465899	1.417369010258889	1.3789542465881526
1.0988608578374583	1.450358708968082	1.356504051260893
1.0878226151287727	1.4817187186687297	1.334345087487548
1.0770912813669637	1.5113032375790996	1.312696903705331
1.0667683444538678	1.538992601315254	1.2917760477304898
1.0569503531852422	1.5646898234378008	1.2717943711408866
1.0477282634434844	1.5883173667261135	1.2529572637299842
1.0391868710096173	1.6098141640369048	1.2354617919838333
1.0314043235489005	1.6291328988195541	1.2194947273595362
1.0244517040120942	1.646237549739025	1.205230467689671
1.0183926779478543	1.661101200261499	1.1928288772659288
1.0132831978808567	1.6737041118050788	1.1824330959934959
1.0091712588045834	1.6840320577510004	1.1741673923569775
1.0060966998039276	1.6920749150237675	1.168135154952759
1.004091047721771	1.6978255099521957	1.1644171290101923
1.003177399514706	1.7012787156389104	1.1630700042964222
1.0033703404538656	1.702430799038218	1.1641254472878344
1.0046758956176385	1.7012790173250358	1.167589643962625
1.0070915122438246	1.6978214648859062	1.173443382975918
1.0106060705499176	1.6920571743307502	1.1816426673574083
1.0151999207071851	1.6839864772628599	1.1921198023588795
1.0208449438894809	1.6736116331046451	1.2047848736070468
1.027504635821247	1.6609377370059535	1.2195275077685503
1.0351342121014917	1.645973920704731	1.2362187997209015
1.0436807358199414	1.628734863102674	1.2547132954874909
1.0530832695971244	1.609242630179818	1.2748509366037326
1.0632730561106132	1.587528866584291	1.2964588955144514
1.074173733307901	1.5636373636107856	1.3193532590459727
1.085701592707544	1.537627030013564	1.3433405443000253
1.0977658912824007	1.5095752926600225	1.3682190556725253
1.1102692292145897	1.4795819525257623	1.3937801113181663
1.1231080071196384	1.447773516468233	1.419809181423523
1.136172976972368	1.4143080141465687	1.4460869890240255
1.149349900761662	1.3793802884719677	1.472390627201975
1.1625203297149926	1.3432277110249078	1.4984947449922148
1.1755625146639184	1.3061362119601416	1.5241728489460382
1.1883524547151023	1.2684464143551928	1.5491987587945593
1.2007650868544641	1.2305595092845107	1.5733482446846723
1.212675613522856	1.192942281613472	1.5964008606519797
1.223960958718691	1.1561303827841596	1.6181419749334893
1.2345013360508899	1.1207285476108453	1.6383649830009348
1.2441819047150529	1.087406009759722	1.6568736744409536
1.252894482005777	1.0568850027932286	1.673484710700535
1.260539274178314	1.02992016729131	1.6880301579840093
1.267026581736718	1.0072672549270234	1.7003600089854316
1.2722784310536042	0.9896410759136355	1.7103446194024838
1.2762300820719594	0.9776652973907711	1.717876980960479
1.2788313620613136	0.9718200220714913	1.7228747524843488
1.2800477782186885	0.9723958639356419	1.7252819746814765
1.2798613673620975	0.9794638862733556	1.7250704027514463
1.278271248903877	0.992868224007835	1.7222404034188825
1.2752938573512052	1.0122429690000094	1.716821378868627
1.2709628422128842	1.0370490342558816	1.7088716984271914
1.2653286356974482	1.0666226860032229	1.6984781385212324
1.25845770117948	1.1002265468988264	1.6857548511435037
1.2504314872788542	1.1370957227603424	1.6708418994190195
1.2413451227843122	1.1764748332698134	1.6539034146134757
1.231305895922908	1.2176447002265387	1.6351254409709914
1.2204315671726451	1.2599394868970835	1.6147135422925998
1.2088485676930127	1.3027560809660792	1.5928902466914154
1.1966901354894743	1.3455577345835463	1.5698924033730874
1.1840944388313566	1.3878737609495555	1.5459685178449012
1.1712027315902702	1.4292967065476612	1.521376120247314
1.1581575785779987	1.4694780303884807	1.4963792064195833
1.1451011812406537	1.5081229973141146	1.4712457739997895
1.132173825836753	1.5449852491730267	1.446245457670622
1.1195124680893755	1.5798613477107393	1.4216472501179822
1.107249460782494	1.6125854700356002	1.3977172800249797
1.09551142428796	1.6430243650729706	1.3747166072145152
1.0844182548530386	1.6710726341282411	1.352898989601825
1.0740822618008519	1.6966483707871869	1.3325085784734385
1.0646074226116926	1.7196891782899446	1.3137775088967212
1.0560887440486941	1.740148571997908	1.2969233711478216
1.0486117178454584	1.757992768055816	1.2821465761395228
1.042251860683962	1.7731978553346945	1.2696276606618642
1.0370743299100005	1.7857473453900725	1.2595246129183781
1.033133608305149	1.795630094037644	1.251970330046922
1.0304732529375809	1.8028385880015492	1.247070341054967
1.0291257044011113	1.8073675908013884	1.2449009353431173
1.0291121534787093	1.809213143531694	1.2455078250928093
1.0304424624115662	1.8083719183849627	1.2489054387609686
1.0331151376180638	1.8048409256097189	1.2550768960499374
1.0371173500932245	1.7986175780071685	1.2639746587503522
1.0424249991021908	1.7897001209781178	1.2755217956418026
1.0490028144580827	1.7780884404580237	1.289613752148763
1.0568044929165197	1.7637852657435262	1.3061204837400848
1.0657728652278415	1.746797789138483	1.3248887998380174
1.0758400922640297	1.727139729444539	1.345744772189274
1.0869278913641525	1.7048338714830003	1.368496084929455
1.0989477974879918	1.6799151189033674	1.3929342376031737
1.1118014676998964	1.652434102244605	1.4188365512326722
1.1253810416150203	1.6224613880940433	1.44596796578066
1.1395695743706806	1.5900923373729674	1.4740826509592009
1.1542415620585218	1.5554526597134886	1.5029254787759196
1.169263581994357	1.5187047038384451	1.5322334243747455
1.1844950713628155	1.4800545061130133	1.5617369715814464
1.199789267347716	1.439759583180655	1.5911616017348225
1.2149943296022367	1.3981373872808736	1.6202294398306718
1.229954661661252	1.355574225264982	1.6486611217771223
1.2445124415881386	1.3125342469124295	1.6761779316748076
1.258509363839014	1.2695677991375982	1.702504239450408
1.2717885842220578	1.2273179817113977	1.727370247814051
1.2841968482930644	1.1865236039465756	1.750515034337415
1.2955867710952764	1.1480159614874041	1.7716898505092713
1.3058192235203863	1.1127060815239322	1.7906616160997086
1.3147657685758896	1.0815586862095943	1.807216525370153
1.322311080421483	1.0555497158670444	1.821163663016019
1.328355271136727	1.035606581283601	1.8323385136458943
1.3328160456922	1.022534789893358	1.840606240397789
1.3356306052423301	1.016940529929946	1.845864607023825
1.3367572231051372	1.0191638944674373	1.8480464240868122
1.3361764267637877	1.029238420198836	1.8471214139144851
1.333891732641637	1.046887462525432	1.8430974101342419
1.3299298975810154	1.0715580141398386	1.8360208348002032
1.324340670837263	1.102482472478505	1.825976427568241
1.317196051635026	1.1387532403856053	1.8130862348515886
1.308589078410682	1.179395504115609	1.7975078999074954
1.2986321952567408	1.223428227133189	1.7794323248371269
1.2874552574078297	1.2699091455856824	1.7590808002108236
1.2752032497639227	1.3179640191475002	1.7367017155788769
1.2620337997250817	1.3668028180239695	1.7125669732229698
1.2481145677510266	1.4157262529930863	1.6869682275871811
1.2336205962481814	1.4641257820944216	1.6602130640836765
1.2187316902220529	1.5114795556227907	1.6326212142840628
1.2036298925287505	1.5573460517541806	1.604520881386983
1.188497103638035	1.6013565669976182	1.5762452223054968
1.1735128817887708	1.6432072958041366	1.5481290031463413
1.1588524454523914	1.6826514437464015	1.520505415948946
1.144684887166165	1.7194916338680706	1.4937030191999798
1.1311715968928169	1.7535727527208747	1.4680427458027627
1.118464884683656	1.7847753153750603	1.4438349127265016
1.1067067868594485	1.8130093893644863	1.4213761689680233
1.096028037177409	1.8382090945898009	1.400946334380355
1.086547184252391	1.8603276826921964	1.3828051115949747
1.0783698383415428	1.8793331913535913	1.3671886948677738
1.0715880338078767	1.8952046642373406	1.354306348836379
1.0662796973809312	1.90792892477482	1.3443370798845882
1.0625082159676398	1.9174978912139475	1.3374265640855623
1.0603221005768249	1.9239064210394108	1.3336845190930875
1.059754744452851	1.9271506749294616	1.3331827051836376
1.0608242735896074	1.9272269937411777	1.3359537093766793
1.0635334865421522	1.9241312865217408	1.3419906084849569
1.0678698782814602	1.9178589331198825	1.3512475304749938
1.0738057403700219	1.908405211499185	1.3636410515717596
1.0812983276928447	1.8957662672081914	1.3790522935022729
1.0902900810475264	1.879940650518205	1.3973295334375044
1.1007088956122049	1.860931455381589	1.4182911159381886
1.1124684279622234	1.838749103478306	1.44172846276133
1.1254684389007863	1.8134148260802636	1.467409008374799
1.1395951756323393	1.7849649060897985	1.4950789383979313
1.1547218042330476	1.7534557520709806	1.5244656655690978
1.1707089112891043	1.7189698847336763	1.5552800346422888
1.187405101219888	1.6816229228308048	1.5872182973132467
1.204647722397057	1.641571657205038	1.6199639368598109
1.2222637599634762	1.5990232938873739	1.653189447913053
1.2400709355719968	1.5542459208067247	1.6865581895981863
1.2578790535327609	1.5075801922159688	1.719726431153917
1.275491628641859	1.4594521041836221	1.7523456994763953
1.2927078229931663	1.4103865117583168	1.7840655193724406
1.3093247072845968	1.3610206521212718	1.814536611141391
1.3251398467073983	1.3121163075875373	1.8434145778985151
1.339954192937895	1.2645682851354298	1.870364078334473
1.3535752428540158	1.219405574721729	1.8950634410999214
1.36582040253878	1.177780017284601	1.9172096367396112
1.3765204733960525	1.1409360711493381	1.9365234844489227
1.3855231575264726	1.1101553825035542	1.9527549365572063
1.3926964637544725	1.0866729137134425	1.9656882563729987
1.397931885672156	1.0715686612344717	1.9751468875753002
1.401147220324668	1.06564983088849	1.9809978080111703
1.4022889017779587	1.0693484693250292	1.9831551691217872
1.4013337381815139	1.0826620605107404	1.9815830447665395
1.3982899636512145	1.105154850220972	1.9762971491685288
1.39319754607905	1.1360187295001651	1.967365430930021
1.3861277267645296	1.1741744354169572	1.9549075051711264
1.3771818048868267	1.218385880528839	1.9390929444620324
1.3664892162970133	1.2673642161683651	1.9201385064396141
1.3542049889146521	1.319848442101597	1.8983044269024063
1.340506683525491	1.3746594543643218	1.8738899473767665
1.3255909470158578	1.4307308333581188	1.847228272269419
1.3096698139298488	1.4871221772722008	1.818681160757062
1.292966891540892	1.5430207324289127	1.7886333520371749
1.275713554156695	1.5977359004752647	1.7574870005307
1.2581452556713866	1.6506898372661396	1.7256562625193472
1.24049804753965	1.70140621533496	1.6935621310799072
1.223005364762226	1.7494984029244363	1.6616275664548315
1.2058951175498682	1.7946577793988134	1.630272919158984
1.189387103268622	1.836642582167104	1.599911598483777
1.1736907338550207	1.8752674920060015	1.570945905013422
1.159003059381752	1.9103940583329388	1.5437629274355071
1.1455070594958872	1.9419220082204378	1.5187304056249387
1.1333701710472655	1.9697814513158896	1.4961924864039644
1.1227430217639809	1.9939259751961171	1.4764653455402237
1.113758345167646	2.0143266156385127	1.4598327156211404
1.1065300595045813	2.0309666807155535	1.4465414360028805
1.1011525015478956	2.043837405152045	1.4367972151731927
1.0976998129929976	2.052934411501379	1.4307608518416342
1.0962254814384387	2.0582549572182316	1.4285451835368113
1.0967620387986732	2.0597959515428563	1.4302130098343924
1.0993209173584417	2.057552733164037	1.4357761697215907
1.1038924582481056	2.0515186087456487	1.445195848016474
1.110446060244359	2.04168516339757	1.4583840628248823
1.1189304502142945	2.028043366838723	1.4752061684751412
1.1292740519877476	2.0105855131367125	1.4954841187150496
1.1413854294079055	1.989308047338344	1.5190001885444293
1.1551537826273224	1.9642153488863152	1.5455008548036218
1.1704494845163287	1.9353245593304624	1.574700580167748
1.1871246557563626	1.9026715603363555	1.6062853198544285
1.2050137916532944	1.8663182270457193	1.6399156595103017
1.2239344694060128	1.8263611006435245	1.6752295817357596
1.2436881798223043	1.782941640608669	1.7118449363622867
1.2640613406187824	1.7362582273032896	1.7493617490850606
1.2848265579393803	1.6865800804394473	1.7873645414645192
1.305744207249194	1.634263221170352	1.8254248525504622
1.3265644032294535	1.579768502627001	1.863104149971667
1.3470294199286814	1.523681508115582	1.899957298466889
1.3668766067768867	1.4667336720695223	1.9355367188381807
1.3858418231380414	1.4098231699910355	1.9693973224934693
1.403663384391394	1.354032757412267	2.001102248525007
1.4200864772672381	1.3006396325131016	2.0302293644270777
1.4348679632109433	1.251109561441057	2.0563784215222523
1.4477814485367537	1.2070645255283512	2.079178686198484
1.458622462331137	1.1702117541111856	2.0982968032356966
1.4672135511752264	1.1422253726322082	2.1134445934734747
1.473409077561968	1.1245835535641904	2.1243864505882533
1.4770994997998315	1.1183842240487432	2.130945985968236
1.4782149177548403	1.1241832301268198	2.1330115803788714
1.4767276921560344	1.1419051636676398	2.1305405379432707
1.4726539848206825	1.170857771107638	2.123561600844616
1.4660541206139013	1.2098431770258646	2.112175668049024
1.4570317350609807	1.2573261878068502	2.096554661421022
1.4457317387579354	1.3116103129448131	2.0769385888854885
1.432337194868283	1.3709850447747254	2.0536309566783495
1.4170652629522458	1.4338291377925554	2.026992771244429
1.4001624059599453	1.498671380152872	1.997435437395484
1.3818990838240246	1.564218423732994	1.9654128968051963
1.3625641651026041	1.6293605636701232	1.9314133568224063
1.3424592780599127	1.6931644017365761	1.8959509343714585
1.3218932968642325	1.7548585956281613	1.8595574870473641
1.3011771211553298	1.8138165589361404	1.8227748297864892
1.2806188629145119	1.8695383360690563	1.7861474491153457
1.2605195084627778	1.9216328512849872	1.7502157376911018
1.241169080310789	1.9698011399964108	1.7155096900651101
1.2228432874961308	2.0138208499501085	1.6825429368018228
1.205800626838	2.0535321338834285	1.6518069580700925
1.1902798827236438	2.088824971705668	1.6237653176373048
1.1764979696508353	2.1196279182275872	1.5988477985192657
1.164648068363836	2.1458982506071456	1.577444401574195
1.1548980203070895	2.1676134778602205	1.5598992796420537
1.1473889625709193	2.1847641687855304	1.5465048050965566
1.142234202349087	2.197348053076047	1.5374960826441146
1.1395183422406623	2.205365352976066	1.53304629290314
1.1392966725897031	2.2088153096428895	1.5332632604331187
1.141594843229265	2.2076938793895233	1.5381875695492262
1.1464088152950782	2.2019925900770905	1.5477924085755632
1.153705076969464	2.191698566817771	1.5619851343303157
1.163421089247254	2.1767957584945616	1.5806103536516796
1.1754659136413914	2.157267422057059	1.603454159980669
1.1897209670961586	2.1330999498332095	1.6302490724985719
1.2060408527007813	2.1042881560420574	1.6606792165750766
1.2242542286314944	2.070842172272528	1.6943853508844047
1.2441647007598846	2.0327961379601844	1.7309694671851477
1.265551753763755	1.9902189107700046	1.7699988355987257
1.2881717677396793	1.943227062517307	1.8110095148333065
1.3117591983802903	1.8920004661239993	1.8535094732460238
1.3360280250923207	1.8368008108035747	1.8969815610934724
1.36067358981159	1.7779933890075168	1.9408866320758094
1.3853749571084952	1.7160724426573306	1.9846671334663089
1.4097979214605518	1.6516901635095114	2.027751471399798
1.433598768921732	1.5856889732297255	2.069559414813112
1.4564288672125107	1.519135718663498	2.1095087317457293
1.4779401108090944	1.4533545243965018	2.1470231590011792
1.4977911874614382	1.3899517551271265	2.18154169495987
1.515654562736217	1.3308214869034647	2.2125290813768106
1.5312240043305063	1.2781135313152103	2.239487210962404
1.5442223943084712	1.2341410740413414	2.261967073225029
1.5544095126135598	1.2012077287262124	2.2795807430326813
1.5615894273083915	1.1813531431240731	2.2920128370367068
1.5656171036511872	1.1760555747999955	2.2990308241956297
1.5664038513153862	1.1859735333669414	2.3004935872300565
1.5639212698823481	1.2108211264818554	2.2963576964681764
1.5582034264047975	1.2494276489190466	2.2866809746482857
1.5493471002623176	1.2999529187452359	2.2716230924537792
1.5375100505824868	1.3601723711756022	2.251443125067298
1.5229073880427662	1.4277438534914348	2.2264942002168726
1.5058062524028657	1.5004056169823534	2.1972155561860514
1.486519096782674	1.5760961841832135	2.1641224831099346
1.4653959492058883	1.653010730421434	2.1277947255839122
1.442816055050902	1.7296150247606907	2.088863968545928
1.4191792994073686	1.8046348871347666	2.048001008618155
1.3948977693358888	1.8770334306053706	2.0059031344542912
1.3703877500632549	1.9459834040553579	1.9632821137980576
1.3460623662806004	2.010838583262277	1.9208530287662715
1.3223249911432835	2.071106167200481	1.879324034503939
1.2995634621424343	2.1264210682733053	1.8393869615705067
1.2781450739658704	2.1765224549283437	1.8017085609238102
1.2584122704765959	2.221232658376492	1.7669221221061224
1.2406789344995182	2.2604384453785222	1.7356191959324474
1.2252271751401553	2.2940746102508878	1.7083412305981855
1.2123045341333216	2.322109815966038	1.685571080295208
1.2021215681832438	2.3445346022794182	1.6677245471282482
1.1948498039275934	2.3613514739434542	1.6551423311222764
1.1906200956884114	2.3725669839555494	1.6480829362831177
1.189521434477571	2.378185736176973	1.646717158018444
1.1916002542549955	2.3782062491549083	1.6511247197951178
1.196860257911024	2.3726186486970238	1.6612934292819448
1.2052627463072774	2.361404190360708	1.6771209226735386
1.2167273889605983	2.344536653947146	1.6984187308588437
1.231133336540604	2.3219856997159214	1.724918115129007
1.2483205539765634	2.293722329907039	1.7562769504170772
1.268091255381095	2.2597266591618896	1.7920869120879888
1.2902113496107077	2.219998263925948	1.8318803386207954
1.3144118543912267	2.174569454720528	1.8751363567241441
1.3403903001538504	2.123521897289727	1.9212861138959598
1.3678122129273989	2.0670070991740626	1.9697172162696137
1.396312829677928	2.005271373643208	2.0197776807493564
1.4254992513447078	1.9386859792548865	2.070779860188821
1.4549532719993237	1.8677831721662774	2.1220048822179547
1.4842351320839493	1.7932988078519247	2.172708157879888
1.5128884259706432	1.7162216894566797	2.222126470587415
1.5404463469025607	1.6378486825009122	2.2694870548867105
1.5664393751834924	1.559841975912146	2.3140189240471685
1.5904044100153296	1.4842796347187122	2.3549665125065458
1.6118952164458251	1.4136814634388815	2.39160547334591
1.6304939150164925	1.35097899437149	2.423260226364711
1.6458230954075113	1.2993853596749836	2.4493226085371993
1.657558002660979	1.2621213957424786	2.469270760330601
1.665438143452618	1.2419909737676627	2.482687216317145
1.6692776080094913	1.2408825380837702	2.4892750838893156
1.668973414762602	1.2593664061111365	2.4888712113948652
1.664511267050052	1.2965678181604607	2.4814553777391266
1.6559682621713898	1.3503748872389096	2.467154775791621
1.643512300362608	1.4178725645495647	2.4462433914810493
1.6273981827083217	1.495816551467332	2.4191362636361853
1.6079606338783874	1.5810081958630942	2.386379000126285
1.5856047070942891	1.6705253447436752	2.34863327396899
1.5607941973977855	1.7618298152368532	2.3066592840627616
1.534038785653345	1.8527933789307491	2.2612963068458023
1.5058806514929215	1.9416790291503603	2.2134424728868343
1.476881232407282	2.027101789197924	2.164034780903206
1.4476086829053874	2.1079825940689094	2.114030133411475
1.4186264242182094	2.183501908666884	2.0643878792796504
1.3904829971988015	2.2530560035953786	2.016054023677099
1.3637032643654232	2.316216997951363	1.9699469638803973
1.3387808732896471	2.372696988324659	1.9269443779987663
1.316171808341212	2.4223162723200584	1.8878707755529907
1.2962888286522714	2.4649755632044275	1.853485245092782
1.2794966152150906	2.500632052193583	1.8244691153472354
1.2661075177116734	2.529279157249645	1.8014135621941323
1.2563778816679316	2.5509297885752407	1.784807583762638
1.2505050228120627	2.565602961456593	1.775027131940325
1.248624971856968	2.5733136003525967	1.7723264131244452
1.2508111199655263	2.574065407170707	1.776832355169069
1.2570738470427791	2.5678467128527243	1.7885429440981364
1.267361122638988	2.5546292945776923	1.8073296164196262
1.2815599580916468	2.5343702200913154	1.8329432861799941
1.299498491003243	2.5070168747465025	1.8650230612491132
1.3209484284655522	2.4725154351090466	1.9031064030142353
1.3456275809521803	2.430823175794506	1.9466394718945212
1.3732022860778548	2.3819251354301554	1.99498665231409
1.4032896378717965	2.325855826983744	2.047438674990271
1.4354595814894082	2.262726862338892	2.103219239759543
1.4692370815946076	2.192761575183596	2.1614904920127676
1.504104703490436	2.116337965740301	2.2213580572793745
1.5395060424801652	2.0340415227058886	2.2818765628137343
1.5748504865020356	1.9467295927810535	2.3420566672248957
1.60951979101349	1.8556086766486715	2.4008745858407923
1.6428768774527738	1.7623246546579294	2.457284950113264
1.6742771344211003	1.6690620645085439	2.510237583196985
1.703082305381266	1.5786395693133486	2.5586984214752473
1.7286767960460823	1.4945709670610654	2.6016743797072346
1.7504859454192572	1.421032232046058	2.6382414730358006
1.767995503506159	1.3626430901228463	2.667575014170894
1.780771282427652	1.3239703248105188	2.688980254913731
1.7884777385525021	1.3087503923879404	2.7019215036236064
1.7908941435079495	1.3190337580474085	2.706047589721627
1.7879270447750673	1.3546374973674755	2.7012116143798606
1.779617917248945	1.4132121563771554	2.687483246300295
1.7661452559080824	1.4908695108718713	2.6651523766102563
1.747820819639281	1.5830170053000436	2.6347236778576804
1.7250802471773365	1.6850565609830086	2.596902422404818
1.6984687549503281	1.792810829038342	2.5525726877947204
1.6686230215242273	1.9027089215287685	2.5027696949792935
1.6362506082942678	2.011820038238421	2.4486483982745386
1.6021083319315783	2.117810760417916	2.3914505243822584
1.5669808933304534	2.2188723237405004	2.3324720428540764
1.5316608121827662	2.3136410668242244	2.2730325907266535
1.4969303689265023	2.4011219521733076	2.2144477554908297
1.46354588017376	2.4806186782756248	2.158004451377505
1.4322242926462827	2.551671269176293	2.1049390206533123
1.4036318268792	2.6140011085678356	2.0564172660339053
1.3783742708734483	2.6674631330442953	2.013515465968104
1.3569885279236271	2.7120048537658454	1.977201598109018
1.339935147571948	2.74763187032292	1.948316492039946
1.3275917717415975	2.774379535095257	1.9275553556189364
1.3202476444284514	2.792290426257328	1.9154508770296033
1.3180994886583948	2.8013973078331893	1.9123596365988316
1.321249087517753	2.8017113075773272	1.9184536254755609
1.329702792483956	2.7932151335921658	1.9337181498366731
1.3433729485779362	2.775861279235206	1.9579564003063266
1.362080944411038	2.749575331167078	1.9907997892141263
1.3855613588878417	2.71426469515771	2.0317221877895335
1.413466564020798	2.6698332879627427	2.0800557324268585
1.4453711928365944	2.616203014158965	2.135006014964978
1.480776081702871	2.553343162590886	2.195665119805901
1.519111599345949	2.481309233317919	2.2610218900203924
1.5597406162651686	2.4002931647379335	2.329969751414797
1.6019616875866127	2.310687493590742	2.401313217647719
1.6450132729656664	2.2131666410801945	2.4737747466406863
1.68807996730505	2.108789158106106	2.5460038918930934
1.7303017450745133	1.9991249360032968	2.6165906997578703
1.7707871146620835	1.8864098196480237	2.684085061603224
1.80863082844919	1.773723610908569	2.7470232518974913
1.8429363985222544	1.6651695123158514	2.803962184584248
1.8728431414150808	1.5659927712056922	2.8535210299110223
1.8975568549703614	1.4825052148206912	2.894428811391908
1.9163825811657045	1.4216040958948908	2.925575548395332
1.928757322346817	1.3896988523385367	2.946063566271056
1.9342801632955096	1.3911666655641315	2.9552549319844683
1.932737113289202	1.4269983463040106	2.9528107533954837
1.9241181961885097	1.494484610756494	2.9387184221501723
1.908624901448307	1.5881434114803095	2.9133038118373262
1.886667009856135	1.701225030539298	2.877226875889959
1.8588488967478838	1.826995101519583	2.8314608187691506
1.8259465133505433	1.9594678442468738	2.777256752634251
1.7888771628550775	2.0936747907933553	2.7160971935176415
1.7486647644617912	2.2256694007560127	2.649642641360952
1.706403449410284	2.3524193570986065	2.579675683650244
1.6632220600226342	2.471666743479886	2.5080465598808557
1.6202515113800136	2.5817896266061537	2.4366230553586155
1.578596169656933	2.68167607703753	2.367246190684723
1.5393095710601767	2.7706129020180894	2.3016917260308225
1.503374112975832	2.8481886872190123	2.24163630668969
1.4716839217042301	2.9142102482467833	2.1886264091105003
1.4450300097618507	2.968631658481123	2.144048300050951
1.4240870759393387	3.011495115344254	2.109098050335108
1.4094017819996714	3.0428829358572584	2.0847520846466963
1.4013828883000092	3.0628799746554396	2.071740369800607
1.4002940297972384	3.071545792401946	2.0705255135904688
1.406249976518953	3.0688960101985896	2.081291154702375
1.4192168777684495	3.0548924840976985	2.1039418088050352
1.4390163343343252	3.0294422255167706	2.1381141094435776
1.4653324167489978	2.992405373711306	2.1831969582971364
1.4977202283799658	2.943612991697905	2.2383564045896835
1.5356144945402013	2.8828960106775203	2.3025606890063024
1.5783369818056625	2.810127307520652	2.374601820570149
1.6251022092261176	2.725279704303709	2.453111849776134
1.6750217238570513	2.628503696921621	2.5365740445988325
1.727107997618942	2.520230050074265	2.623330969252622
1.7802796282679425	2.4013041304110763	2.7115927360428205
1.8333699137974255	2.273160912374642	2.7994493666564555
1.8851409706622475	2.13805121521419	2.8848912753094353
1.9343053499341967	1.999328000372994	2.965841402977872
1.9795565470501089	1.8617879269218733	3.040201504490165
2.0196088924082	1.7320172509130551	3.105913533180011
2.0532460842757247	1.6185760144400363	3.1610350404906797
2.0793761824352948	1.5316484441902334	3.2038251665163227
2.0970894060596983	1.4816227800434052	3.2328354292417734
2.105713836630709	1.476414693076737	3.2469975371319606
2.1048634185564055	1.5185898645647413	3.2456993252511213
2.094472742257333	1.6043315160083202	3.2288400663930013
2.07481412453458	1.7250891473222774	3.196858050817557
2.0464944019053477	1.8704605452830911	3.1507263518080366
2.010431327545306	2.030468377252173	3.0919166253029773
1.9678120354661792	2.196651381408048	3.022334870261976
1.92003817099603	2.3623120637600383	2.944236444997696
1.8686635402236742	2.5223778380877273	2.8601295775626685
1.8153302761981993	2.6731454880970515	2.772676751666615
1.761708603473359	2.8120196302985683	2.684601753990107
1.7094435978409044	2.9372779263727615	2.5986072926337123
1.660110332600881	3.0478677287652656	2.5173046683821982
1.6151769659702213	3.1432317459589907	2.4431538418231464
1.5759740837191623	3.223159839386494	2.378410198265377
1.5436682465412102	3.287664818026304	2.3250739968050147
1.5192382584956095	3.336880595000099	2.284840150961489
1.5034539392142476	3.3709812017368668	2.2590492491183443
1.4968586247434394	3.3901191476844574	2.24864441437551
1.4997575538396746	3.394381683020433	2.254140973981603
1.5122141590893716	3.3837637915301775	2.2756153953456577
1.534054975924887	3.358157254202476	2.312716213071344
1.5648819068638995	3.317355879967015	2.364694123203017
1.6040888119745749	3.2610779854286442	2.430443558572475
1.650878626731703	3.189008421867838	2.508546017495959
1.7042777345887288	3.100863934741313	2.5973068040285097
1.7631458925825891	2.9964875052066873	2.694780697764939
1.8261820635878905	2.875979779096119	2.798786765112413
1.8919284904654807	2.7398791002996092	2.90691666520479
1.958776879056634	2.5894065200491627	3.0165436703816626
2.024981449798028	2.426798686049112	3.124841043542349
2.088683782207011	2.2557580517039924	3.228818456233259
2.1479537400848736	2.0820471794733804	3.325383843378708
2.2008492516768685	1.9142096544426168	3.4114354455554317
2.24549529819505	1.76422810683739	3.4839847735661826
2.280179250042773	1.6474881519866382	3.540306022637691
2.303456041535234	1.580778301599141	3.5781016191399977
2.3142532404422873	1.5773338135236128	3.5956681133343387
2.3119637172491734	1.6408944031219417	3.5920429020047924
2.2965132269801263	1.7638449687688755	3.5671116553372637
2.2683923465482883	1.931246081847482	3.521659719182889
2.228646799258894	2.126587581791169	3.457358060515268
2.1788264128819406	2.335354721735176	3.3766841932732827
2.1208993490055756	2.5461355029156136	3.2827886532540576
2.0571431800831164	2.750484933621994	3.179325381216894
1.9900266253882635	2.942422878666016	3.070267809018365
1.9220948444994548	3.117913715894862	2.9597307840729656
1.855867610701837	3.274414338721432	2.851812448921215
1.7937546520781138	3.4104942419833963	2.750461736182777
1.73798748937861	3.5255166445616823	2.6593687886468045
1.690563669738391	3.61937203472468	2.581869951415203
1.6531984079075948	3.692259071668823	2.520858056886816
1.6272805399308716	3.7445093625217534	2.4786933157881825
1.6138335277726532	3.7764528339420065	2.457118824677262
1.6134860912563473	3.7883202795027446	2.4571934287364448
1.6264585249098114	3.7801798863663882	2.4792579614308052
1.6525684716010691	3.751905428257426	2.5229452081348493
1.6912546293128967	3.7031754100146115	2.587231078338877
1.741611310071087	3.633504723707157	2.670511184100936
1.8024239405000693	3.54231331500806	2.770680496878435
1.8721968134137952	3.429040071201134	2.8851967109312135
1.949168833320681	3.293314978266996	3.0111177618182947
2.031318670179249	3.1352093316969336	3.145115690346527
2.1163658592852683	2.955593909106284	3.283478810592402
2.2017779845440972	2.756650869631122	3.422120305445811
2.2847958272229865	2.5426086938513026	3.5566138524643707
2.362488116463462	2.320794206378495	3.682275940090683
2.431845047269171	2.1030729744251593	3.794310096345487
2.48991473962274	1.9074844013270884	3.8880199625005663
2.533979260563238	1.75887233469304	3.959085947001646
2.5617573908733577	1.6853004660808564	4.003885117654738
2.5716117110740977	1.7072135192388378	4.019818721826549
2.562730515186991	1.825255187062634	4.005600527753199
2.535253536017656	2.020241331793804	3.9614567943241554
2.4903165176538633	2.2648390890377397	3.8891983172623044
2.4300030443732576	2.533795542483131	3.792146251052419
2.357209602307134	2.8075843224290655	3.674921290108498
2.2754463895980757	3.072291842013242	3.54313199462321
2.188606599663634	3.31851042932528	3.403014095423666
2.100737661227552	3.5402507421143325	3.2610734692947143
2.0158395833199667	3.734051803399031	3.12377160598201
1.9377016780135148	3.898260183042109	2.997269407758698
1.8697748230021032	4.032438008112745	2.8872217283956836
1.8150673620247901	4.13687827091858	2.7986002809333215
1.7760523196227043	4.212217420556334	2.735523329233633
1.754582032783332	4.259138114029086	2.701088148442603
1.751818966283092	4.278154272205397	2.697228285071003
1.7681997554939541	4.26947004516055	2.72463470975377
1.8034457835874231	4.232905687174303	2.7827716326186143
1.856618084361585	4.167887072191237	2.8699843089322434
1.9261966687894552	4.073501512465523	2.9836585213057356
2.0101561307242704	3.948630601749036	3.120374533164363
2.1060150226753462	3.7921814203416084	3.276010449175424
2.2108514992315373	3.6034521118039198	3.4457799984467523
2.3212943423999457	3.3826902036608337	3.6242210573913587
2.4335113841731726	3.131939784774205	3.8051736603268154
2.543224810740203	2.8563402296864937	3.981797817830202
2.6457847874795144	2.5661448290313618	4.146683400315776
2.736328811221274	2.279802394094982	4.292096812094297
2.8100428322676265	2.027970262826293	4.410390384557089
2.8625203930442504	1.85539783918428	4.494568610150177
2.8901890141673374	1.81064149743672	4.538962330853845
2.8907442678072472	1.9171444268023083	4.539916315062179
2.8635112932451086	2.1540544951461027	4.496362904839261
2.8096522699393183	2.474859034723611	4.410152537734293
2.7321633592678642	2.8345487104807168	4.286051691091853
2.635652034646439	3.199726267611618	4.131394072077046
2.525939786494942	3.547996305591391	3.9554566336334283
2.4095744686996414	3.8652324065701134	3.768694084614523
2.29334496877128	4.1432552580280095	3.581978234634648
2.183866452020726	4.378074111431089	3.405948317533955
2.087260118607137	4.568503514437807	3.250505855307709
2.0089088118978897	4.715046089938948	3.124417740242113
1.953250182832852	4.819003873812329	3.0349603071646087
1.9235838978676907	4.881802915480832	2.9875669955754742
1.921909956708452	4.90451360892534	2.985519395027791
1.9488492521092593	4.887544058146078	3.0297864548012408
2.00368849326941	4.830485344200165	3.119098412791776
2.084536701986664	4.732097894763181	3.2502344534172134
2.1885223173681263	4.59044652911884	3.418390567531019
2.3119454712888357	4.403217909991366	3.6174678420251456
2.450335201837459	4.168290715478568	3.840189157652511
2.598416747469971	3.8846850371336084	4.078053596115951
2.7500407148960795	3.554117631930997	4.32121824223554
2.8981538218167473	3.1835910112804604	4.558441159859018
3.034901435705483	2.789847821261832	4.777233257396472
3.1519451195678627	2.407058643566998	4.964353080146815
3.241047639020042	2.097749197089807	5.10672825283416
3.29491602048164	1.953738829716259	5.192788519638055
3.30820278996167	2.0484008832772846	5.214051711450294
3.278469916802701	2.3640498524630718	5.166652433936954
3.2068644724209703	2.8150122602355543	5.0524154196070326
3.0982871939966783	3.3187639976814105	4.879126765729212
2.960968783056517	3.819201533070539	4.659868475973454
2.805556886128426	4.282007717429898	4.411580185802083
2.6439663556786224	4.687753602969097	4.153248882921315
2.4882753640604576	5.027094440177095	3.9041732286168465
2.3498480226795806	5.297309666921459	3.6825833188957726
2.2386975804759177	5.49958111020309	3.504626204525488
2.1629818136830314	5.636841489887491	3.383529568777171
2.1285340061310145	5.712167656316264	3.328784780937783
2.1384767745795985	5.727682603174321	3.345448680791991
2.1930980344988242	5.683898244227522	3.4339002963218115
2.2901054394998304	5.579430215704973	3.590272907455134
2.4251360610755013	5.411054090819595	3.8073463708096957
2.592226792891391	5.174143955332888	4.075378022341377
2.7840102366031934	4.863640916987916	4.38246144125725
2.9916009972425366	4.475866688558765	4.714355632577254
3.2043176469589922	4.011816125643449	5.054031654912841
3.4094877145084563	3.483306483121348	5.381344664892481
