1.0	1.0	1.0
1.005763069617345	0.9794697139169448	1.0144354309510122
1.0114537659620089	0.9586464601328113	1.028570497801577
1.0170331681333422	0.9376637800239666	1.0423189038417318
1.0224625848526214	0.9166696089490182	1.0555970404467847
1.0277038553810605	0.8958266542224006	1.0683243420662256
1.0327196607189841	0.8753124156464932	1.0804236514776726
1.0374738416918694	0.8553187108480449	1.0918215944603542
1.0419317200390135	0.8360505426471312	1.1024489613349044
1.0460604181930722	0.8177241281891753	1.1122410913447693
1.04982917309509	0.8005639085579046	1.121138254647772
1.0532096391499193	0.7847983847460128	1.1290860257654125
1.0561761753083774	0.7706546938828529	1.136035641716451
1.0587061112786533	0.7583519583767024	1.1419443377474106
1.0607799880289766	0.7480936111573718	1.1467756535654745
1.0623817680494523	0.7400591077819522	1.1504997032703135
1.0634990112900293	0.7343956457192192	1.153093402753359
1.0641230132741926	0.7312106695347157	1.1545406491597272
1.0642489025883382	0.7305659894784717	1.1548324480544023
1.0638756957433113	0.7324742380519501	1.1539669851574348
1.0630063082709829	0.7368981312897998	1.1519496408630854
1.0616475218251655	0.7437526348341077	1.1487929471803247
1.0598099079707322	0.7529097440551775	1.1445164881692633
1.0575077102352275	0.7642052660562315	1.1391467463417142
1.0547586868324705	0.7774468076773793	1.1327168987877119
1.0515839172194046	0.7924221491599951	1.1252665679309912
1.0480075762916479	0.8089072931113473	1.116841532758561
1.044056680541079	0.8266736695721204	1.1074934070735278
1.0397608108774974	0.8454941922456947	1.0972792917554954
1.035151817049584	0.8651480532270615	1.0862614081574613
1.03026350868794	0.8854242891392787	1.0745067196092208
1.0251313379408467	0.9061242443525566	1.0620865475305161
1.0197920784927208	0.9270631032009038	1.0490761878859767
1.0142835054615977	0.9480706747194738	1.0355545326489848
1.0086440802841112	0.9689916029304647	1.0216036996005144
1.002912644235238	0.9896851535510497	1.0073086721963576
0.997128123717322	1.0100247016375472	0.9927569494246438
0.9913292499102251	1.0298970187509435	0.9780382035881758
0.9855542948224107	1.04920143517667	0.9632439418394715
0.979840825239978	1.067848933518913	0.9484671651456543
0.9742254755533118	1.0857612146890085	0.9338020162647391
0.9687437399624169	1.1028697655297066	0.919343406403984
0.9634297841323848	1.1191149484886915	0.9051866086697449
0.9583162759970311	1.1344451272776872	0.8914268054092617
0.9534342350957388	1.1488158377858457	0.8781585763248306
0.948812899577522	1.162189010204485	0.8654753150687946
0.9444796098164762	1.1745322460041108	0.8534685641603511
0.9404597074513354	1.185818151808013	0.8422272617178681
0.9367764485845611	1.1960237311240542	0.83183689879424
0.9334509298478302	1.2051298341778611	0.8223785930004507
0.930502026054974	1.2131206656294884	0.8139280923437757
0.9279463382139858	1.2199833496761556	0.806554732259929
0.9257981507504165	1.2257075518931673	0.8003203778661806
0.9240693968993803	1.2302851571068754	0.7952783914476019
0.9227696313471064	1.2337100026019912	0.791472670927148
0.9219060093408207	1.2359776660226278	0.7889368074333865
0.9214832716337933	1.2370853074191008	0.7876934082172069
0.9215037347874881	1.237031565010875	0.7877536247275212
0.9219672865124292	1.235816504372306	0.7891169149315708
0.9228713858917827	1.2334416208953742	0.7917710549345167
0.9242110684952451	1.2299098955365309	0.7956923991561187
0.9259789565543731	1.2252259040074311	0.8008463726133395
0.9281652745326887	1.2193959797160818	0.8071881650747185
0.9307578705832429	1.2124284308998055	0.8146635864926014
0.9337422445408876	1.2043338125077272	0.8232100370990572
0.9371015832437664	1.1951252534802725	0.8327575441028883
0.9408168041152555	1.1848188401262916	0.8432298196415726
0.9448666080597833	1.1734340563015186	0.8545453006377395
0.9492275428288506	1.160994281026446	0.8666181393418864
0.9538740780917558	1.1475273440209395	0.879359122432508
0.9587786934929923	1.1330661393391201	0.8926765055527257
0.9639119809887694	1.1176492968065899	0.9064767582975738
0.9692427627222895	1.1013219102150034	0.9206652214226694
0.9747382256152861	1.0841363201057614	0.9351466831858697
0.9803640737166306	1.0661529473209892	0.9498258852388126
0.9860846991533522	1.0474411711045823	0.9646079704872255
0.9918633722726282	1.0280802421156325	0.9793988860589713
0.9976624512445567	1.0081602159022334	0.9941057542152003
1.0034436110166391	0.987782885713342	1.0086372229703944
1.0091680910763519	0.9670626844511369	1.022903806585547
1.0147969609954648	0.9461275134860269	1.036818224164322
1.0202914022094056	0.925119440406459	1.0502957424763284
1.0256130039405635	0.9041951881959728	1.063254526981148
1.0307240706223992	0.8835263149546385	1.0756160029282518
1.0355879376404304	0.8632989571836849	1.0873052264346468
1.0401692916972665	0.8437129834494282	1.0982512636492028
1.0444344916535615	0.8249803838080453	1.1083875745420284
1.0483518853168192	0.8073227114407343	1.1176523965408898
1.0518921173661115	0.7909674072162757	1.125989122198406
1.0550284234315115	0.776142887981047	1.1333466643305397
1.0577369053075536	0.7630723768948979	1.1396798016287726
1.0599967823810306	0.7519666045150403	1.144949497618058
1.0617906146003233	0.7430157049903964	1.149123186005013
1.0631044927055568	0.7363808460179427	1.152175015922151
1.0639281919691899	0.7321863173862341	1.154086051301628
1.0642552863517956	0.7305129024542742	1.154844419574478
1.0640832207384157	0.7313933181654488	1.154445406048782
1.063413339762488	0.7348103110700177	1.1528914916254454
1.0622508726183364	0.7406976655425651	1.1501923329103467
1.0606048741783565	0.7489439877524998	1.146364685219826
1.058488123634996	0.7593987692212487	1.1414322703945416
1.0559169827486523	0.7718799890946066	1.135425592677214
1.0529112165711543	0.7861824262151895	1.1283817071183464
1.0494937802046143	0.8020859131830168	1.1203439460015228
1.0456905757261268	0.819362930229378	1.1113616095840901
1.0415301838447435	0.8377851481038803	1.101489627995721
1.0370435751493643	0.8571287344714883	1.0907882014011696
1.0322638059520965	0.8771784043865724	1.0793224254980274
1.0272257037347454	0.8977303092490488	1.067161909077685
1.021965547075653	0.9185939223980831	1.0543803897284292
1.0165207446839168	0.9395931035166061	1.0410553528114508
1.0109295178157618	0.9605665210285995	1.0272676576083293
1.0052305899136398	0.9813675931498644	1.0131011730439803
0.9994628868140588	1.0018640828855891	0.9986424236613495
0.9936652503370095	1.021937455765012	0.9839802446017784
0.987876167519262	1.0414820847074033	0.9692054422786126
0.9821335172052067	1.060404365605708	0.9544104552882636
0.9764743351795632	1.0786217903648216	0.9396890079713881
0.9709345985306564	1.0960620109965191	0.9251357470337295
0.9655490294825768	1.1126619184285378	0.9108458499116789
0.9603509185377932	1.1283667523296026	0.8969145923091302
0.9553719664341119	1.1431292529148074	0.8834368617636513
0.950642144143827	1.156908861885842	0.8705066044735347
0.9461895699286281	1.1696709769806704	0.8582161941942836
0.9420404023092717	1.1813862627488592	0.8466557150313487
0.93821874771048	1.1920300188996549	0.8359121545817876
0.9347465814940157	1.201581606719606	0.8260685101455862
0.9316436810905705	1.2100239335022887	0.817202818474542
0.9289275699777649	1.2173429945874141	0.8093871283345854
0.9266134713208287	1.223527472409284	0.8026864443226653
0.9247142701883565	1.2285683918627153	0.7971576789318315
0.9232404833722532	1.2324588312786275	0.7928486566466236
0.9222002359736448	1.2351936883407535	0.7897972176988182
0.9215992440608815	1.2367695003545591	0.7880304690305793
0.9214408028583436	1.2371843183884808	0.7875642254209839
0.9217257800828478	1.236437634937463	0.7884026746551104
0.9224526142059264	1.2345303649025179	0.7905382877598044
0.9236173175835253	1.2314648798314551	0.793951980033412
0.9252134845583584	1.2272450955193674	0.7986135126225516
0.927232304803072	1.2218766132172627	0.8044821096330984
0.9296625823330553	1.215366914837663	0.8115072538750159
0.932490760774507	1.2077256126706426	0.8196296165029188
0.9357009556239024	1.198964754225325	0.8287820725371601
0.939274994376422	1.1890991828811754	0.8388907553708269
0.943192465529472	1.1781469550585928	0.8498761081691997
0.9474307775787344	1.1661298145830765	0.8616538974829838
0.9519652292130094	1.153073724798694	0.8741361632359743
0.9567690919747229	1.1390094587519481	0.8872320883993137
0.9618137066791266	1.1239732473693123	0.9008487802286921
0.9670685948706162	1.108007484923048	0.9148919622962179
0.9725015865330525	1.091161490124303	0.9292665823545272
0.9780789651568502	1.0734923197648032	0.9438773452269175
0.9837656310942717	1.0550656297621144	0.9586291825027472
0.9895252839025097	1.0359565754959499	0.9734276720245406
0.9953206240803366	1.0162507391214703	0.9881794202308866
1.0011135742491046	0.9960450656857768	1.002792419628807
1.006865519416078	0.9754487818397133	1.0171763922562769
1.0125375654937214	0.954584260142262	1.0312431281739527
1.0180908147419423	0.9335877778053825	1.0449068259715135
1.0234866562637843	0.912610100753376	1.0580844401284448
1.0286870691340027	0.8918168019633935	1.0706960379396675
1.0336549351922366	0.8713881978421233	1.0826651666851121
1.0383543580081882	0.8515187597906173	1.0939192298510196
1.042750984046669	0.8324158339921828	1.1043898695461742
1.0468123216474758	0.8142974873541026	1.1140133508340935
1.0505080531100583	0.7973893009884796	1.1227309425493404
1.0538103349554162	0.7819199667020938	1.1304892883022977
1.056694081344245	0.7681156191969811	1.1372407608147834
1.0591372256737135	0.7561929657519936	1.1429437924745496
1.0611209555629795	0.746351454574919	1.1475631750481168
1.0626299167715385	0.738764934343323	1.1510703218383258
1.0636523820702757	0.7335734616608018	1.1534434861964808
1.0641803816918476	0.7308760547603927	1.1546679311710077
1.0642097927077376	0.7307252136040221	1.1547360461585967
1.0637403854914738	0.7331238924284272	1.1536474076754502
1.062775826303946	0.7380253268595189	1.1514087827346609
1.061323635947215	0.745335739044496	1.1480340747454898
1.0593951053455088	0.7549195599080019	1.143544213283449
1.0570051697941498	0.7666065087958926	1.1379669904585998
1.054172244438256	0.780199717726533	1.1313368478774581
1.0509180242756957	0.7954840921283308	1.1236946192999515
1.047267252599819	0.8122342302168285	1.1150872349917236
1.04324746228922	0.8302214230884248	1.105567394426229
1.0388886947026799	0.8492194705228431	1.0951932143714957
1.0342232011422727	0.8690092320144034	1.0840278594831123
1.029285131907559	0.8893819679048053	1.072139162306738
1.0241102178858197	0.9101416085140582	1.0595992390673972
1.0187354494194871	0.9311061277122467	1.0464841067939041
1.0131987568785854	0.9521082037768814	1.0328733062070181
1.0075386969623241	0.9729953369092218	1.0188495334082024
1.001794148281175	0.9936295693312458	1.0044982817682333
0.9960040192506147	1.0138869273272422	0.9899074935658215
0.9902069707817387	1.033656679087006	0.9751672189112001
0.9844411557023574	1.0528404798582658	0.9603692773680564
0.9787439763031865	1.0713514574736216	0.9456069155385992
0.9731518608929732	1.089113276736877	0.9309744518055555
0.9677000597765854	1.1060592099932127	0.9165668975675684
0.9624224606509069	1.1221312328794542	0.9024795428329315
0.9573514230514054	1.1372791581630943	0.888807493160539
0.9525176311811899	1.1514598162056378	0.8756451448986918
0.9479499642153033	1.1646362874918865	0.8630855867327929
0.9436753829947051	1.1767771905088453	0.8512199179641622
0.9397188319037837	1.1878560267746885	0.8401364779061126
0.9361031546577924	1.1978505838161209	0.8299199863956446
0.9328490227067848	1.2067423962309989	0.8206506026041233
0.9299748749843162	1.2145162645521042	0.8124029177784732
0.9274968677860356	1.2211598313769487	0.8052449066683095
0.925428833649104	1.2266632140982663	0.7992368713253523
0.9237822482122968	1.2310186935261878	0.7944304186064212
0.9225662041634174	1.2342204577121538	0.7908675178810121
0.9217873915207432	1.2362644003494505	0.7885796870457897
0.9214500836448424	1.237147973223546	0.787587352211236
0.9215561285332498	1.2368700923077651	0.7878994191133663
0.922104945110809	1.2354310972387659	0.7895130828449674
0.9230935243912023	1.2328327640552854	0.7924138879953037
0.9245164355488562	1.2290783712369289	0.7965760353586968
0.9263658371037946	1.2241728192317107	0.801962915898326
0.9286314935837688	1.2181228038059948	0.8085278394280091
0.9313007981865847	1.2109370436823028	0.8162149159017242
0.9343588021189061	1.202626563042317	0.8249600420657832
0.937788251433304	1.193205029555971	0.8346919456331373
0.9415696323195674	1.182689148642174	0.8453332425686906
0.9456812259251384	1.1710991146581977	0.8568014695755111
0.9500991738781056	1.158459119633138	0.8690100622781568
0.9547975557589021	1.1447979199778542	0.8818692587472869
0.9597484798076792	1.1301494612786702	0.8952869169020565
0.9649221881569388	1.1145535607564356	0.9091692422263451
0.9702871778371237	1.0980566461627481	0.9234214286904964
0.9758103387106013	1.0807125486732818	0.9379482205913745
0.9814571093417278	1.0625833455600926	0.9526544062248429
0.9871916516035518	1.0437402458563814	0.9674452560403637
0.9929770445529742	1.0242645085697148	0.9822269184294733
0.9987754977756407	1.0042483778666693	0.996906785828942
1.004548584011816	0.9837960125632718	1.0113938426300213
1.0102574904300095	0.9630243776487634	1.0255990047051362
1.0158632874242657	0.9420640528429818	1.0394354583845808
1.0213272132849363	0.9210598967986237	1.0528190045926615
1.0266109725455548	0.9001714852171759	1.0656684117056376
1.0316770452571011	0.8795732171266336	1.0779057786144968
1.0364890039046823	0.8594539571889735	1.0894569075333638
1.0410118341814432	0.8400160561628142	1.1002516843415189
1.0452122553921077	0.8214735719268546	1.1102244627233095
1.0490590358956178	0.8040495080949339	1.119314447105939
1.0525232987332267	0.7879719074191601	1.1274660684126983
1.0555788124431336	0.7734686956022583	1.1346293459642978
1.0582022620496498	0.7607612787225594	1.1407602284822198
1.0603734953437747	0.7500570576884621	1.1458209070767251
1.0620757398471548	0.741541225104117	1.149780093331537
1.0632957862708496	0.7353684229690693	1.152613256111904
1.0640241348358934	0.7316550137522012	1.1543028114983296
1.0642551014997368	0.7304727936467589	1.1548382612516002
1.0639868819108806	0.7318449076784601	1.1542162764044623
1.0632215717679634	0.7357444989491795	1.152440723902964
1.0619651431600476	0.7420962744934654	1.149522635632279
1.060227377380277	0.7507807765102914	1.1454801206005705
1.0580217556031062	0.7616408047597545	1.1403382224618472
1.055365309664502	0.7744892197150794	1.1341287258778103
1.0522784359558979	0.7891172987659116	1.1268899163958992
1.0487846761112034	0.8053029032607741	1.1186662995081995
1.0449104687118538	0.8228178932225325	1.1095082853127818
1.040684876643606	0.8414344403077679	1.0994718456928942
1.036139295002803	0.8609300892291677	1.0886181511365531
1.0313071445677524	0.8810915743058941	1.0770131942247598
1.026223555827389	0.901717501471108	1.0647274064146455
1.0209250484046735	0.9226200612102221	1.051835274036213
1.0154492104409072	0.943625955729431	1.0384149584171776
1.0098343821374933	0.9645767168540835	1.024547923765845
1.0041193472042056	0.9853285707377859	1.0103185749000352
0.9983430354593695	1.0057519795202348	0.9958139051416669
0.9925442392893252	1.0257309637886394	0.98112315274224
0.9867613461229164	1.0451622859216694	0.9663374621175778
0.9810320885306526	1.0639545543468447	0.9515495440215187
0.9753933130343405	1.0820272926408008	0.9368533266714796
0.9698807682253128	1.0993100049275042	0.9223435878766232
0.9645289123488024	1.1157412596310683	0.9081155565688882
0.9593707401263454	1.1312678067155937	0.8942644709930785
0.9544376282621784	1.1458437385369011	0.880885080404784
0.9497591988155413	1.159429700866984	0.8680710777099693
0.9453631994182287	1.1719921581519286	0.8559144523174406
0.9412753991733118	1.1835027153351783	0.8445047557932771
0.937519498982651	1.1939374974012484	0.8339282778507338
0.9341170550124794	1.2032765870100532	0.8242671367816649
0.9310874140120203	1.2115035200838802	0.8155982964279396
0.9284476592435159	1.2186048388963702	0.8079925307315295
0.9262125658568893	1.2245697020386974	0.8015133660318143
0.9243945646425094	1.2293895505629038	0.7962160395844249
0.9230037132156819	1.2330578295984314	0.7921465190872907
0.9220476738216838	1.2355697647859465	0.7893406311581879
0.9215316970963395	1.2369221929585736	0.787823345785888
0.9214586112709512	1.2371134466143054	0.7876082583000998
0.9218288164692761	1.2361432918563844	0.7886973005253132
0.9226402839061686	1.234012919624123	0.7910806993379649
0.9238885599609387	1.2307249901888633	0.7947371852736297
0.9255667752621215	1.2262837310429342	0.799634437944859
0.9276656590829323	1.220695088457923	0.8057297407007094
0.9301735595067603	1.2139669331264662	0.8129708057789735
0.9330764699778036	1.2061093204225761	0.8212967242240464
0.9363580630009734	1.197134805911641	0.8306389924448455
0.9399997318944334	1.1870588168030747	0.8409225691858974
0.9439806416237511	1.175900080053584	0.8520669220787074
0.9482777898540252	1.1636811077797806	0.8639870307219156
0.9528660794402145	1.150428740500931	0.8765943222194554
0.9577184036303401	1.1361747484708153	0.8897975242061188
0.9628057452750531	1.1209564909214713	0.903503428760736
0.9680972913138706	1.104817632358617	0.9176175676825541
0.9735605637371539	1.0878089140159977	0.9320448050960152
0.9791615680981066	1.0699889770498752	0.9466898571924727
0.9848649604663058	1.051425231837232	0.9614577512201391
0.9906342334705824	1.0321947645651732	0.9762542368031272
0.996431921773371	1.0123852678146812	0.9909861625609175
1.0022198269522133	0.9920959756070571	1.005561830071142
1.0079592613408441	0.9714385748638426	1.0198913357114932
1.0136113099090074	0.9505380538363589	1.0338869090378133
1.0191371087467833	0.9295334332064225	1.0474632542743312
1.024498138178658	0.908578306822643	1.0605378993421422
1.0296565279807408	0.8878410964153746	1.0730315547358977
1.0345753716297594	0.8675048989567916	1.084868482553985
1.0392190459951176	0.8477667788351985	1.095976874152763
1.0435535324169267	0.8288363340320463	1.1062892332751169
1.047546734715344	0.8109333531218867	1.1157427601314196
1.051168789370809	0.7942843882670079	1.124279730812478
1.054392362919942	0.7791181108289179	1.131847865607539
1.0571929315439264	0.7656594029529615	1.1384006792974377
1.0595490378968873	0.7541222777735006	1.1438978062978258
1.0614425204376625	0.7447019084801423	1.1483052936367022
1.0628587108901155	0.7375662600887958	1.151595855152296
1.0637865959591002	0.7328480145532532	1.153749080971001
1.064218940059299	0.7306376025545763	1.154751597240907
1.0641523665542907	0.73097814889468	1.154597172216306
1.0635873958298638	0.7338629735147362	1.1532867660666413
1.0625284394109353	0.7392359823676221	1.150828523167876
1.0609837502446668	0.746994895150853	1.147237707069051
1.0589653301812725	0.7569968824925598	1.1425365797537903
1.0564887965565537	0.7690659110839757	1.1367542281778813
1.0535732105862485	0.7830009731502786	1.129926342304641
1.0502408709950548	0.7985844090165286	1.1220949499291988
1.0465170769005019	0.8155896798431405	1.1133081144372412
1.0424298644371994	0.8337881540968808	1.103619602247234
1.038009721929968	0.8529546813572826	1.0930885270103639
1.0332892886010774	0.8728719031169465	1.0817789776711269
1.0283030418295351	0.8933333753276572	1.0697596372140787
1.0230869778771576	0.9141456510869675	1.0571033983374591
1.0176782907699595	0.935129503222848	1.0438869814085228
1.0121150536911598	0.956120468218261	1.0301905588818092
1.0064359068235198	0.976968876853583	1.0160973889204463
1.000679755095159	0.9975395124559687	1.0016934592794626
0.994885478756297	1.017711011041417	0.9870671406252945
0.9890916591658458	1.0373750926240697	0.9723088464249592
0.9833363216163109	1.0564356913431372	0.9575106944048651
0.977656696490799	1.0748080343788893	0.9427661624366136
0.9720889995421814	1.0924177057481834	0.9281697296656507
0.9666682316237495	1.1091997205015218	0.9138164919009236
0.9614279977921213	1.1250976269908939	0.899801738909157
0.9564003453527049	1.1400626491579737	0.8862204805225617
0.9516156201288962	1.154052876695995	0.8731669086210667
0.9471023400089601	1.1670325080485882	0.8607337833511952
0.9428870846576308	1.1789711491986412	0.8490117346397511
0.9389944001694553	1.1898431698226977	0.8380884743377031
0.9354467173830594	1.1996271174592865	0.8280479202560324
0.9322642825641488	1.2083051897310735	0.8189692408148948
0.9294650991939923	1.2158627642771263	0.8109258376597752
0.9270648796630129	1.2222879858270708	0.8039842927605964
0.9250770057597939	1.227571409737601	0.7982033152836978
0.9235124969585282	1.2317057012817936	0.7936327307886175
0.9223799856375878	1.2346853900106698	0.790312559864301
0.9216856985040691	1.2365066785785328	0.7882722341337487
0.9214334436502426	1.2371673055271855	0.7875299939397269
0.9216246028249356	1.236666461650195	0.7880925038611556
0.9222581286637731	1.2350047596996925	0.7899547100620723
0.9233305467851878	1.2321842573484647	0.7930999485582798
0.9248359628228114	1.2282085334735435	0.7975002974976559
0.926766074628023	1.2230828179785347	0.8031171513770599
0.9291101900377092	1.216814175514815	0.8099019825041301
0.9318552507600383	1.209411743590286	0.8177972462512862
0.9349858630831116	1.2008870256614768	0.8267373823987795
0.9384843362549693	1.191254239881802	0.8366498650972497
0.9423307295150447	1.1805307242144765	0.8474562580830212
0.9465029088725115	1.1687373985977967	0.859073238739275
0.9509766148210166	1.1558992847519511	0.8714135632318887
0.9557255422463484	1.1420460840098738	0.8843869541177347
0.960721433817583	1.1272128131962718	0.8979009005732618
0.9659341881467791	1.1114404980061832	0.9118613690398318
0.9713319839511991	1.0947769224579447	0.9261734282316573
0.976881421349476	1.0772774316893943	0.9407417969559537
0.982547681264275	1.0590057834560411	0.9554713260996706
0.9882947036851777	1.040035040938466	0.9702674276164749
0.9940853852648721	1.020448495558727	0.9850364636425398
0.9998817963795548	1.0003406030377486	0.9996861082417375
1.005645417383515	0.9798179084001498	1.0141256929806635
1.0113373933338163	0.9589999254747897	1.0282665457828883
1.0169188059624592	0.9380199230480727	1.0420223304945488
1.0223509611421129	0.9170255526911938	1.0553093924573957
1.0275956895421856	0.8961792321900378	1.068047113245088
1.0326156576220402	0.8756581738905641	1.0801582756608266
1.0373746855772155	0.8556539207203712	1.0915694381850196
1.0418380683637287	0.8363712275591163	1.1022113163501448
1.045972895496753	0.818026107923133	1.1120191670440511
1.0497483649746933	0.8008428645097873	1.1209331705312584
1.0531360864378987	0.7850499486584371	1.128898804055535
1.0561103685503614	0.7708745609259071	1.1358672002604293
1.0586484856062888	0.7585360227171305	1.141795483344828
1.060730918520209	0.748238118519685	1.146647075857774
1.0623415656623567	0.740160815396836	1.1503919693223197
1.063467919447447	0.7344519763195262	1.1530069524450213
1.0641012051650818	0.731219843807945	1.1544757914896988
1.0642364792382053	0.7305271216588922	1.1547893584365354
1.0638726848908109	0.7323873826542486	1.1539457037675824
1.0630126640712527	0.7367642749856531	1.151950072067738
1.061663125383278	0.743573634881781	1.1488148600515948
1.0598345686914088	0.7526882217278098	1.1445595180636785
1.0575411679582696	0.7639444685390478	1.1392103974942709
1.0548006147078095	0.7771504540030681	1.1328005478487513
1.0516339252617597	0.7920942749536724	1.1253694683526372
1.048065215542968	0.8085521060034493	1.1169628199206076
1.0441214477595295	0.8262954232161436	1.107632104026458
1.039832153664997	0.845097082961739	1.0974343154513495
1.035229139325858	0.8647361400560885	1.0864315760379204
1.0303461764177417	0.8850014358248877	1.0746907564247707
1.0252186850222662	0.9056940804542304	1.0622830922749822
1.0198834127181193	0.9266290010027806	1.0492838007469825
1.0143781144683972	0.9476357385941526	1.035771701896785
1.0087412374200413	0.9685586681282631	1.0218288483648195
1.0030116142713252	0.9892567918421745	1.0075401651127072
0.9972281683514898	1.0096032317246582	0.9929930991678895
0.9914296330144481	1.0294845198269775	0.9782772773497997
0.9856542873965626	1.0487997623964183	0.9634841678465159
0.9799397100454902	1.0674597344736279	0.9487067393603278
0.9743225514092297	1.085385946224621	0.9340391094430698
0.9688383256951496	1.1025097104402415	0.9195761717263555
0.963521222178239	1.1187712317582628	0.9054131901821841
0.9584039356633465	1.1341187316476322	0.8916453475276163
0.9535175154920484	1.1485076184974659	0.8783672346495743
0.9488912322326204	1.1618997088199907	0.8656722687309581
0.9445524610006051	1.1742625032446765	0.8536520298642004
0.9405265802249593	1.1855685193727576	0.8423955095599075
0.9368368845964677	1.195794682470562	0.831988269819801
0.9335045109056734	1.2049217742559293	0.8225115183111553
0.9305483754909752	1.212933939566784	0.8140411133990492
0.9279851220674475	1.2198182504185917	0.8066465218365734
0.9258290787870964	1.2255643268048693	0.8003897609702434
0.924092223485722	1.2301640135351672	0.7953243653346626
0.9227841561949289	1.2336111124123095	0.7914944233039207
0.9219120781354141	1.2359011691069162	0.7889337319052884
0.9214807765555155	1.2370313141792917	0.7876651161257592
0.9214926149339728	1.2370001578166636	0.7876999526891876
0.9219475282254276	1.2358077379897152	0.7890379276335716
0.9228430229895148	1.2334555218797034	0.7916670430383268
0.9241741824079538	1.2299464605802917	0.795563872471861
0.9259336763575727	1.2252850972309082	0.8006940490011032
0.9281117768694176	1.2194777288853254	0.8070129557685036
0.9306963794634889	1.2125326225542965	0.814466578704943
0.9336730310033065	1.204460285977797	0.8229924748379751
0.9370249648619015	1.1952737937727795	0.8325208081195504
0.940733144327776	1.184989169656315	0.8429754073400199
0.9447763153018582	1.1736258254482133	0.8542748066375728
0.9491310694397864	1.1612070574931659	0.8663332372141624
0.9537719189725441	1.1477606009839483	0.8790615479502365
0.9586713844865806	1.1333192423765086	0.8923680416283915
0.9638000969558069	1.1179214896108032	0.9061592216336909
0.969126915285938	1.1016122991104418	0.9203404507846863
0.9746190605505586	1.0844438574199173	0.9348165291221728
0.9802422679627184	1.0664764136971443	0.9494922010188647
0.985960957431618	1.0477791569011532	0.9642726040024828
0.9917384232984199	1.028431128118377	0.9790636724273832
0.9975370435277457	1.0085221536891142	0.9937725088437511
1.003318508253756	0.9881537781682473	1.0083077348565057
1.0090440671462835	0.9674401671338084	1.022579831673009
1.014674794580732	0.9465089378438996	1.03650147860929
1.0201718710758183	0.9255018601702052	1.0499878957210356
1.0254968789192793	0.9045753507385906	1.0629571945751755
1.0306121093497365	0.8839006599045676	1.0753307390778617
1.0354808781218137	0.8636636251321252	1.0870335162985305
1.0400678457719867	0.8440638381092928	1.0979945154331037
1.0443393384461783	0.825313051342884	1.1081471114743033
1.0482636647685513	0.8076326407007266	1.1174294488355987
1.051811423945072	0.7912499540533712	1.1257848191315034
1.0549558001237556	0.7763934254054546	1.1331620265678946
1.057672837991326	0.7632864303800423	1.1395157339518307
1.0599416946841562	0.7521400082436169	1.14480678219398
1.0617448633352524	0.7431447705747195	1.1490024763431659
1.063068363968223	0.7364625309580228	1.1520768316482082
1.0639018979767318	0.7322183773489914	1.154010773864715
1.0642389630806017	0.7304940105613701	1.1547922889824527
1.064076926408333	0.7313231367001871	1.1544165187026745
1.0634170541958545	0.7346895063740578	1.1528857992972972
1.062264497484395	0.7405278643781157	1.1502096428802338
1.060628234115175	0.7487276812990717	1.1464046615589
1.0585209682229357	0.7591391772630061	1.1414944363526434
1.055958989292328	0.7715809004960086	1.1355093341071465
1.0529619936312615	0.7858480321072813	1.128486276845333
1.0495528718075153	0.8017206469476328	1.1204684690266749
1.0457574661680384	0.81897132447406	1.1115050889957037
1.0416043029990654	0.8373717145314764	1.101650951452576
1.0371243041802796	0.8566978687469188	1.0909661480482007
1.0323504833350703	0.8767343152566338	1.0795156731770834
1.0273176314848802	0.8972769693786585	1.0673690417047395
1.0220619970877933	0.9181350375095643	1.0545999047235166
1.0166209650936713	0.9391320962156605	1.0412856684886067
1.0110327392978355	0.9601065259229309	1.0275071204595998
1.0053360318426587	0.980911460309718	1.0133480648836488
0.9995697632229681	1.0014143872154952	0.9988949686332527
0.993772775618735	1.0214965103640055	0.9842366160930904
0.9879835618281928	1.0410519567446845	0.9694637698265588
0.9822400115258375	1.0599868936124168	0.954668831610322
0.9765791760399735	1.078218602139606	0.9399454962925412
0.9710370523481412	1.0956745415508842	0.9253883889234903
0.9656483865374474	1.1122914275689102	0.9110926738754295
0.9604464965789951	1.1280143415984087	0.8971536233984946
0.9554631139267494	1.1427958817031758	0.8836661324741676
0.9507282431739167	1.1565953625946286	0.8707241671793491
0.9462700387844049	1.1693780691513702	0.8584201353236195
0.9421146977612167	1.1811145661169211	0.8468441711086485
0.938286367013983	1.1917800653437558	0.8360833301503294
0.934807064139339	1.2013538510944382	0.8262206974390547
0.9316966103246633	1.209818763351441	0.8173344185332378
0.928972574121599	1.2171607387384198	0.8094966730732073
0.9266502249044246	1.2233684084558996	0.8027726188692909
0.9247424949236543	1.228432752540666	0.7972193433942155
0.9232599489815561	1.2323468097409138	0.7928848663469693
0.9222107608886374	1.2351054423374892	0.7898072408750529
0.9216006960042586	1.2367051553204664	0.7880138010479781
0.9214330993169546	1.2371439694387798	0.7875205986791683
0.9217088886780115	1.2364213477701282	0.7883320636047064
0.9224265529632498	1.2345381756018494	0.7904409087389614
0.9235821551011767	1.2314967935647552	0.7938282859640833
0.9251693400693533	1.2273010841153298	0.7984641829310387
0.9271793481237309	1.2219566116116145	0.8043080360409155
0.9296010336864393	1.2154708163687278	0.811309522914317
0.9324208904743453	1.2078532632050176	0.8194094897276668
0.9356230836013801	1.1991159450919215	0.8285409654233276
0.9391894895292291	1.1892736425906887	0.8386302158357275
0.9430997448698429	1.1783443397853544	0.849597795510662
0.9473313051549079	1.1663496973875993	0.8613595623675314
0.9518595147767477	1.1533155835726299	0.8738276291758279
0.9566576893663596	1.139272662873483	0.886911234972074
0.9616972119012162	1.1242570430674235	0.9005175281268825
0.9669476438217631	1.1083109793652557	0.9145522601564116
0.9723768523750451	1.0914836342669951	0.9289203952120175
0.9779511552909312	1.07383189004129	0.943526644371863
0.9836354837263438	1.0554212087359145	0.9582759364745013
0.9893935641823626	1.036326531681659	0.9730738384677744
0.995188119806623	1.0166332062810088	0.9878269383447912
1.00098109113975	0.9964379220540154	1.0024432029638302
1.0067338759530133	0.9758496299325065	1.0168323216467736
1.0124075873611127	0.9549904080649587	1.030906044635775
1.017963328888263	0.9339962233233533	1.0445785234376865
1.0233624846298397	0.9130175198158804	1.0577666579411311
1.0285670221010206	0.8922195438852003	1.0703904530606652
1.033539804816021	0.8717822899200034	1.0823733856286806
1.038244911116594	0.8518999247063517	1.0936427803807445
1.0426479552878907	0.8327795238226781	1.104130192211013
1.0467164065853298	0.8146389382023281	1.1137717904469788
1.0504199014691493	0.797703611931246	1.122508739734253
1.053730544123396	0.7822022056461573	1.130287571252142
1.0566231902399472	0.7683609560915897	1.1370605374124643
1.0590757090885308	0.756396830311032	1.1427859429332483
1.0610692190783124	0.7465097113918724	1.1474284452239432
1.0625882923474548	0.7388740636335474	1.15095931735955
1.0636211243898268	0.7336307298703959	1.153356667538823
1.0641596653320289	0.730879657216277	1.1546056097886417
1.064199710192274	0.7306743723493836	1.154698381756402
1.0637409462629388	0.7330188968065233	1.1536344066805941
1.0627869566338113	0.7378675116516838	1.1514202979959391
1.0613451797829043	0.7451274034344524	1.1480698064581718
1.0594268260741215	0.7546638381878932	1.143603711106938
1.0570467528838778	0.7663072088140727	1.1380496567652145
1.0542233009012993	0.7798611447726292	1.1314419420443187
1.0509780948812615	0.7951108744859912	1.1238212629333133
1.0473358127530121	0.8118311589875143	1.1152344179551505
1.0433239274816801	0.829793314366494	1.1057339815314613
1.0389724264338749	0.848771053670496	1.0953779525843572
1.034313513206525	0.8685450643211872	1.0842293854967175
1.0293812969410956	0.8889063735691521	1.07235601034081
1.0242114740702246	0.9096586385898238	1.0598298487657327
1.0188410072426326	0.9306195371934725	1.0467268311118068
1.01330780586104	0.9516214420786652	1.0331264192065712
1.0076504122659973	0.9725115484018504	1.0191112379111456
1.001907697127079	0.9931516011193889	1.0047667168533074
0.9961185670836614	1.013417342019396	0.9901807419389632
0.9903216871319808	1.033197770807035	0.9754433142217317
0.984555219703627	1.0523942921815148	0.9606462115906068
0.9788565818412887	1.0709198023179152	0.945882646586859
0.9732622213661518	1.0886977535094065	0.9312469115875367
0.9678074124606387	1.1056612244989958	0.9168340007293998
0.9625260706698903	1.1217520156483252	0.902739196465186
0.9574505869622031	1.1369197819619028	0.8890576077526253
0.952611680186296	1.1511212125806438	0.8758836468173354
0.9480382670229084	1.1643192622414498	0.8633104324642632
0.9437573483486708	1.176482438024751	0.8514291102914805
0.9397939108083871	1.1875841432166105	0.8403280840884064
0.9361708423233142	1.19760207910129	0.8300921582765751
0.9329088602422307	1.2065177048326277	0.8208015984038151
0.9300264508629308	1.2143157551073072	0.8125311251282638
0.9275398191079105	1.220983815109028	0.8053488662458927
0.9254628472232418	1.226511952060176	0.7993153002613046
0.9238070614780703	1.2308924026723373	0.7944822326873014
0.9225816059685903	1.2341193158049033	0.790891851495093
0.921793222770148	1.2361885497049623	0.7885759098264054
0.9214462378305625	1.2370975232993309	0.7875550814416067
0.9215425521537421	1.2368451211314782	0.787838527163962
0.92208163798291	1.2354316516746757	0.789423699203199
0.9230605398553909	1.2328588589015534	0.7922963957870854
0.924473880564563	1.2291299871434456	0.7964310626127417
0.9263138722279327	1.2242498994249276	0.8017913221253714
0.9285703328220954	1.2182252496040453	0.8083306983423635
0.9312307087039852	1.2110647087809094	0.8159934952768654
0.9342801037912905	1.202779246549663	0.8247157817792815
0.9377013162205875	1.1933824677531182	0.8344264349237468
0.9414748834362423	1.1828910054449953	0.8450481974167603
0.9455791367823483	1.1713249707575422	0.8564987109508876
0.9499902667690125	1.158708460292601	0.8686914958037002
0.9546824002576274	1.1450701214738395	0.881536856125187
0.959627690851347	1.1304437759765134	0.8949426992635797
0.9647964237804941	1.1148691008307698	0.9088152654065677
0.970157136531792	1.0983923659922836	0.9230597703049345
0.9756767563792254	1.0810672259728669	0.937580968703002
0.9813207558278848	1.0629555613606678	0.95228364933576
0.9870533267763976	1.044128363512101	0.9670730741180011
0.9928375739362205	1.0246666520688097	0.9818553746771586
0.9986357277169562	1.0046624098584351	0.9965379189292486
1.0044093763981694	0.9842195126998735	1.011029659221234
1.010119716964926	0.9634546220909649	1.0252414718918317
1.0157278234944427	0.9424979961072506	1.0390864961289497
1.0211949314558908	0.9214941575401939	1.05248047788081
1.026482735738623	0.9006023380520646	1.0653421224303963
1.0315536996727541	0.8799965931805107	1.0775934571614811
1.036371371769355	0.8598654566774987	1.0891602040988395
1.0409007064063556	0.8404109768660749	1.0999721600479972
1.0451083842424393	0.8218469577678046	1.1099635806309442
1.0489631277763478	0.8043962219461974	1.1190735632440922
1.0524360072035424	0.7882867314644045	1.1272464229760122
1.0555007315741323	0.7737464607791933	1.1344320548309326
1.0581339202398068	0.7609970217782147	1.1405862752184135
1.0603153497031375	0.7502462002277216	1.1456711355914964
1.0620281712543689	0.7416797641499991	1.1496552013383603
1.0632590951970142	0.7354531178943102	1.1525137895409245
1.0639985380161017	0.7316835512736461	1.1542291599837258
1.0642407295173366	0.7304439122031556	1.1547906547948457
1.0639837777414902	0.7317584657326149	1.1541947832864408
1.0632296903106966	0.7356014783698642	1.1524452498872766
1.0619843517629157	0.741898718860934	1.149552924469895
1.0602574573460626	0.7505316728850479	1.1455357558135042
1.0580624046418865	0.7613439240936272	1.1404186303521222
1.05541614524012	0.7741489343525371	1.1342331796788623
1.0523389994566856	0.7887383951862402	1.1270175414579668
1.0488544377607008	0.8048904051351293	1.1188160793882138
1.044988833123533	0.8223769052956063	1.109679068623666
1.0407711889150146	0.8409700188330922	1.0996623535577452
1.0362328472392137	0.8604471405947517	1.0888269850903745
1.0314071827233362	0.8805947805193366	1.0772388444105725
1.0263292867530007	0.9012112693772824	1.0649682599320234
1.0210356469952804	0.9221084915005943	1.052089623318499
1.0155638267821616	0.9431128276895601	1.038681009538623
1.009952148559538	0.9640654851118213	1.0248238046112506
1.0042393851610056	0.9848223708020096	1.0106023431666216
0.9984644621632494	1.0052536394893414	0.9961035561850504
0.992666174042421	1.0252430201702747	0.9814166273245171
0.98688291629951	1.0446870019956846	0.966632654164223
0.9811524351764039	1.063493939907063	0.9518443085431982
0.9755115960599187	1.0815831242695704	0.937145488054505
0.9699961711825542	1.0988838462003647	0.9226309487883786
0.964640646787063	1.1153344808302577	0.9083959077580805
0.9594780495350024	1.130881603763633	0.8945356022841094
0.9545397916121892	1.1454791509566487	0.8811447931852054
0.9498555337185336	1.1590876286418914	0.8683171991837377
0.9454530649258086	1.1716733774072081	0.8561448517386386
0.9413581982421854	1.183207892792936	0.8447173628005138
0.9375946806328604	1.193667203584506	0.8341211028895031
0.9341841162066723	1.203031308185069	0.8244382934325994
0.9311459012833311	1.2112836689394226	0.815746025260757
0.9284971700984888	1.218410763964138	0.8081152240917
0.9262527499780415	1.224401695861968	0.801609592960272
0.9244251249127593	1.2292478566214777	0.7962845698958142
0.9230244065840553	1.232942647997523	0.7921863455170475
0.9220583120265892	1.2354812567152194	0.7893509884583905
0.9215321472593222	1.2368604839253183	0.787803725721485
0.9214487963702965	1.2370786284519641	0.787558419675274
0.9218087156991638	1.2361354235064657	0.7886172736431135
0.9226099329233413	1.234032026686113	0.7909707846381501
0.9238480510170572	1.2307710632291906	0.7945979462652522
0.9255162572161779	1.2263567226505037	0.7994666889075317
0.9276053372842965	1.220794909030323	0.8055345299303175
0.9301036955357015	1.2140934453678378	0.8127493953682207
0.9329973812266795	1.2062623325314625	0.8210505674786379
0.9362701220758026	1.1973140634351156	0.830369710041326
0.939903365813319	1.1872639931323468	0.8406319250902567
0.9438763307857241	1.176130765536437	0.8517568000887343
0.9481660667494237	1.1639367974271202	0.8636594122982642
0.9527475270718588	1.1507088202690785	0.8762512660573752
0.9575936536136365	1.136478480109001	0.8894411477945047
0.9626754755849227	1.1212829953866863	0.9031358919941027
0.9679622236472148	1.1051658718196113	0.9172410584446535
0.9734214604615595	1.088177672497682	0.9316615266249938
0.9790192287608166	1.070376839812679	0.9463020169660361
0.9847202178422221	1.0518305636486278	0.961067551061363
0.9904879491342932	1.032615687109864	0.9758638638978561
0.9962849811879188	1.0128196366153672	0.9905977810900949
1.002073134076513	0.992541357001001	1.005177573190086
1.0078137327681833	0.9718922238153913	1.0195132976478911
1.0134678685607768	0.9509968936769371	1.0335171371267116
1.0189966771581866	0.9299940387944858	1.0471037407981658
1.0243616314263655	0.9090368931137558	1.0601905730941754
1.0295248463158209	0.8882935150200697	1.0726982722742335
1.0344493928923497	0.8679466459086074	1.0845510191590524
1.0390996178996312	0.8481930174194451	1.095676914542585
1.0434414648076489	0.8292419370049918	1.1060083621688919
1.0474427919014961	0.8113129687758701	1.1154824527821998
1.051073682657078	0.7946325342953746	1.1240413436535095
1.054306743452619	0.7794292985057666	1.1316326271736734
1.0571173835938266	0.7659282915040281	1.1382096815927398
1.059484072697866	0.7543438548995678	1.1437319967829729
1.0613885706936885	0.7448716880819556	1.1481654680051208
1.062816126054514	0.7376804830965513	1.1514826510525336
1.063755638376926	0.7329038346139036	1.153662972815105
1.0641997820481588	0.7306332366065358	1.154692892215333
1.0641450884807757	0.7309129744883818	1.1545660075840494
1.063591985218669	0.7337375603763292	1.1532831078180203
1.0625447911024115	0.7390520542200687	1.15085216604392
1.061011667594741	0.7467552272592842	1.1472882759471537
1.0590045272761186	0.756705148505216	1.1426135323515463
1.0565389013938982	0.7687264977150987	1.1368568589992036
1.0536337691564202	0.7826187824027803	1.1300537877236554
1.0503113521784586	0.7981646654293181	1.12224619428321
1.046596878084625	0.8151377558896334	1.113481996981256
1.0425183177458675	0.8333094217656867	1.1038148248099335
1.038106100950602	0.8524543932511857	1.0933036621856618
1.0333928154921945	0.8723551027702205	1.0820124773809123
1.0284128946906042	0.8928048340620672	1.070009841486633
1.023202298265939	0.9136098274836212	1.057368544162345
1.0177981912583098	0.9345905209073035	1.0441652115523035
1.012238625358525	0.955582107839645	1.0304799305793977
1.006562226597521	0.9764345786286518	1.0163958823937032
1.0008078928602637	0.9970123862597777	1.0019989860771097
0.9950145041640699	1.017193851639561	0.9873775518253137
0.9892206480931741	1.0368703981933354	0.9726219407911069
0.983464362230855	1.0559456838911219	0.9578242266409722
0.9777828948953192	1.0743346810446521	0.9430778517336513
0.9722124849809977	1.0919627402532879	0.9284772687840385
0.9667881612451322	1.1087646642370093	0.9141175570703098
0.9615435609696962	1.1246838093848517	0.9000940008550689
0.9565107675768497	1.1396712270833829	0.8865016169381438
0.9517201664855571	1.1536848527603933	0.8734346183862769
0.9472003182683161	1.1666887476645165	0.8609858027549
0.9429778479986319	1.1786523963735842	0.8492458557765936
0.9390773495685444	1.1895500616343215	0.8383025657279787
0.9355213036964705	1.199360197199876	0.8282399495733014
0.9323300083331971	1.2080649187168226	0.8191372994081962
0.9295215202018727	1.2156495323251935	0.8110681663371316
0.9271116062699584	1.2221021204073688	0.804099308077126
0.925113704041146	1.2274131838080582	0.7982896353763866
0.9235388896674777	1.23157533981592	0.7936891996495591
0.9223958530111643	1.2345830752251274	0.7903382688732977
0.9216908789274901	1.2364325538663734	0.7882665397017635
0.9214278341910601	1.2371214780997022	0.7874925302574488
0.9216081596445982	1.2366490038871325	0.7880231899968846
0.9222308673103063	1.235015709204044	0.7898537509883974
0.9232925423667206	1.2322236156983717	0.7929678300712519
0.9247873500576701	1.2282762636600602	0.7973377753803398
0.9267070477631156	1.2231788405143622	0.802925235505766
0.9290410026229576	1.216938363195684	0.8096819168620023
0.9317762152627319	1.2095639148876436	0.8175504859757324
0.9348973503223236	1.201066936722709	0.8264655690386525
0.9383867746326461	1.191461575112642	0.8363548012009409
0.9422246040171757	1.1807650854178344	0.8471398821003014
0.9463887598110079	1.1689982926444424	0.8587376010254036
0.9508550362847062	1.156186109761947	0.871060803721275
0.9555971802279961	1.142358114030252	0.8840192820123705
0.9605869839832046	1.1275491813715344	0.8975205761884212
0.9657943932139268	1.1118001782556082	0.9114706877794061
0.9711876306444817	1.0951587097000592	0.9257747065344811
0.9767333369045144	1.0776799206930563	0.9403373599636418
0.9823967294556776	1.0594273464544313	0.9550634967429508
0.9881417803600492	1.0404738042238224	0.9698585167955756
0.9939314133708764	1.0209023153908547	0.9846287611816127
0.9997277204856168	1.0008070413595946	0.9992818743212905
1.0054921977017812	0.9802942090727587	1.0137271497897453
1.011185999263344	0.9594829920370432	1.0278758691793721
1.0167702091880222	0.9385062993887349	1.0416416415132734
1.0222061283351966	0.9175114085027688	1.0549407485589768
1.0274555747252847	0.8966603556556851	1.0676924992504604
1.0324811942713343	0.8761299747152134	1.0798195943661841
1.0372467785520507	0.856111447297256	1.0912485006973636
1.041717585763547	0.8368092026509316	1.1019098322240515
1.0458606605566256	0.8184389875495404	1.1117387343346987
1.0496451481188933	0.801224924509475	1.1206752659065342
1.053042597616495	0.7853954023164881	1.128664773130707
1.056027249986212	0.7711777088153758	1.135658248332083
1.058576305078753	0.7587914323174838	1.1416126667063766
1.0606701633071762	0.7484408263655087	1.1464912938768912
1.0622926372537809	0.7403065390663575	1.1502639574513704
1.0634311291316008	0.7345373186071452	1.1529072763194335
1.0640767705734606	0.73124246840888	1.1544048422469537
1.0642245219168898	0.7304858800152534	1.1547473493609377
1.0638732289456694	0.7322823759728655	1.1539326683343554
1.0630256359123627	0.736596843374135	1.1519658634255192
1.0616883545710902	0.7433462753861761	1.1488591519465052
1.0598717898643106	0.7524044464282221	1.1446318071722308
1.0575900237991098	0.7636086205823069	1.1393100070979472
1.0548606598864043	0.776767502290479	1.132926632751501
1.0517046312720806	0.7916696071780094	1.1255210209151303
1.0481459763382048	0.8080913358723159	1.117138677062928
1.0442115860759464	0.8258042224803819	1.1078309550350178
1.0399309279167446	0.8445810436424712	1.0976547104168417
1.0353357509477985	0.864200667937688	1.086671934749624
1.0304597775318372	0.8844516732437462	1.0749493775527776
1.0253383863049939	0.9051348546516669	1.0625581626859808
1.0200082913514357	0.9260647935833795	1.0495734048210228
1.0145072220645048	0.9470706716214001	1.0360738307416406
1.0088736078202112	0.9679965028034899	1.02214140886069
1.0031462711307075	0.9887009363236714	1.0078609887623735
0.9973641324346945	1.0090567552995746	0.9933199507751657
0.9915659291401592	1.0289501712611044	0.9786078636009303
0.9857899509830543	1.0482799908142764	0.963816145923487
0.9800737932222057	1.0669567115511371	0.9490377257696352
0.9744541286721647	1.084901588813417	0.9343666892954761
0.9689664990953549	1.1020457029987423	0.9198979087487904
0.9636451260430632	1.1183290481546035	0.905726637777515
0.9585227408589413	1.1336996560379105	0.8919480612158466
0.9536304332430481	1.1481127650817484	0.8786567862186766
0.9489975175207652	1.1615300403484035	0.8659462623902153
0.944651415568438	1.173918848194505	0.8539081206212789
0.9406175552136583	1.1852515877508423	0.8426314239302249
0.9369192828484966	1.1955050802177396	0.8322018288215403
0.9335777889633776	1.204660016245059	0.8227006625048577
0.9306120453216665	1.2127004611952426	0.814203929506849
0.9280387525440674	1.2196134178016111	0.8067812702398999
0.9258722969513744	1.2253884455788175	0.800494903160405
0.9241247156179936	1.2300173362806242	0.795398590207416
0.9228056687115822	1.233493844706056	0.7915366710775644
0.9219224183313909	1.235813474210169	0.7889432144286425
0.9214798132055106	1.2369733163669092	0.7876413324443409
0.9214802787620097	1.2369719443488716	0.7876426989567266
0.9219238122484102	1.2358093597243134	0.7889473007758578
0.922807982736196	1.2334869925188763	0.791543437964667
0.9241279360105622	1.2300077545422088	0.7954079730415858
0.9258764045091304	1.2253761461323955	0.800506813339822
0.9280437226356002	1.2195984166181713	0.8067955968467925
0.930617847933761	1.2126827789343961	0.8142205413086735
0.9335843887620724	1.2046396789435179	0.8227194101590787
0.9369266392566157	1.19548212010687	0.8322225471808065
0.9406256225074444	1.1852260442047173	0.8426539343544316
0.9446601429962563	1.1738907688096458	0.8539322332188021
0.9490068494471405	1.1614994821559301	0.8659717781298912
0.9536403093215313	1.1480797958918703	0.8786834988743771
0.95853309623746	1.1336643559154753	0.8919757591247125
0.9636558916054656	1.1182915110226461	0.9057551054095944
0.9689776017427976	1.1020060383644128	0.9199269280991506
0.9744654916477932	1.08485992360706	0.9343960411195134
0.9800853364822208	1.0669131920642398	0.9490671906884213
0.9858015916167296	1.0482347847149869	0.9638455054289383
0.991577581840655	1.0289034696563617	0.9786369009909014
0.9973757100216141	1.0090087747997187	0.993348452046796
1.0031576851242439	0.9886519210476536	1.0078887434887174
1.0088847690654636	0.9679467262392814	1.0221682110712886
1.0145180414031112	0.9470204382256763	1.0360994798226681
1.0200186803361153	0.9260144399660727	1.049597706445274
1.0253482579509512	0.9050847501443008	1.0625809297775337
1.030469047097307	0.8844022195969035	1.0749704312858648
1.0353443367343769	0.8641522978365045	1.0866911055762647
1.0399387520786068	0.8445342176778257	1.0976718391132625
1.0442185754256932	0.8257594241812429	1.10784589375295
1.0481520631359629	0.8080490644118773	1.1171512903686165
1.0517097539836968	0.791630367438885	1.1255311867964335
1.054864763896167	0.7767317921400292	1.1329342435718583
1.057593062062459	0.7635769154884963	1.1393149704752954
1.0598737234865092	0.7523771819385694	1.1446340467612026
1.0616891532988157	0.7433238284602881	1.1488586081034096
1.0630252785266368	0.7365795140210581	1.15196249373767
1.0638717035464553	0.7322703709760698	1.153926447998179
1.06422182609197	0.7304793006000087	1.1547382713968548
1.0640729114468077	0.7312413034304422	1.1543929175431396
1.0634261232892488	0.7345414442166596	1.1528925335010434
1.062286510548115	0.7403157249598827	1.1502464425764833
1.0606629505434302	0.7484547478384934	1.146471069965066
1.0585680495902696	0.758809686643651	1.1415898131101374
1.0560180031075221	0.7711998340920821	1.1356328599656618
1.0530324180654551	0.7854208969055373	1.1286369595737953
1.0496341013008814	0.80125326548642	1.1206451504035093
1.0458488178050969	0.8184696470292913	1.1117064527116676
1.041705023532055	0.8368416613508913	1.1018755317470406
1.0372335775731436	0.8561452051322993	1.0912123388950439
1.032467438697555	0.8761645585401692	1.079781737839657
1.0274413512668934	0.8966953244708027	1.0676531224908916
1.0221915254082197	0.9175463565328772	1.0549000327913052
1.0167553160849212	0.9385408574656436	1.0415997735809321
1.0111709053570392	0.9595168276858038	1.0278330404810447
1.0054769916920476	0.9803270256490186	1.0136835552747536
0.9997124896950751	1.000838576523779	0.9992377115453933
0.993916243096003	1.0209323391452618	0.9845842294199352
0.9881267532808781	1.040502116686059	0.9698138162042269
0.9823819251062353	1.0594537754968307	0.9550188275558166
0.9767188312045466	1.0777043195428109	0.9402929217060569
0.9711734954917299	1.0951809545678228	0.9257306972312707
0.9657806961351149	1.1118201660399327	0.9114273031314345
0.9605737878410072	1.1275668274713744	0.897478008689711
0.9555845429805756	1.1423733502866955	0.8839777199794613
0.9508430107939234	1.1561988825423029	0.8710204302082847
0.9463773936951065	1.1690085610760652	0.8586985926026834
0.9422139395436018	1.1807728197749747	0.8471024074820268
0.9383768486466653	1.1914667553567342	0.8363190197176416
0.9348881942072176	1.201069551194517	0.8264316289644494
0.9317678549275683	1.20956395914835	0.8175185227363527
0.9290334585142133	1.2169358390131286	0.8096520511674331
0.9267003348967742	1.223173754990131	0.80289757146904
0.9247814780687892	1.2282686284928646	0.7973123986993708
0.9232875155738635	1.2322134465791004	0.7929448063615315
0.9222266847926395	1.2350030253379551	0.7898331243585768
0.9216048153298687	1.236633827638843	0.7880049819551703
0.9214253169530753	1.2371038347569017	0.787476739023737
0.9216891726921206	1.2364124715184963	0.7882531399791664
0.9223949368702877	1.2345605847535626	0.7903272121051638
0.9235387380006587	1.2315504749926742	0.7936804147573123
0.9251142866452203	1.227385981500116	0.7982830299431438
0.9271128884970541	1.2220726208842851	0.8040947699156662
0.9295234631067439	1.2156177796676897	0.8110655653612547
0.9323325688310828	1.2080309613243208	0.8191364897155373
0.9355244347330036	1.1993240883949718	0.828240771645606
0.9390810003035224	1.189511860362147	0.8383048486608612
0.9429819640057173	1.178612167993798	0.8492494194630563
0.9472048417529425	1.1666465648332662	0.8609904599631664
0.9517250365234702	1.1536407963989563	0.8734401766904436
0.9565159203757941	1.1396253874292295	0.886507880477789
0.9615489301567609	1.1246362871195126	0.9001007719157329
0.9667936781821602	1.108715571683217	0.9141246374897434
0.9722180791102519	1.0919122026312116	0.9284844611988412
0.9777884941172549	1.0742828377734157	0.9430849606874081
0.9834698933153596	1.055892689916835	0.9578310595784877
0.9892260371250166	1.0368164253181302	0.9726283089643017
0.9950196770225186	1.0171390898170354	0.9873832711352811
1.000812775731923	0.996957044810115	1.0020038778742522
1.006566746520379	0.9763788873107059	1.0163997742542383
1.0122427107940497	0.9555263176966239	1.0304826570722252
1.017801772687183	0.9345349047767205	1.0441666150056073
1.0232053088017232	0.9135546800306686	1.0573684754346033
1.0284152707043421	0.8927504711593344	1.0700081607421577
1.033394497239698	0.8723018600082244	1.0820090548657741
1.038107033193041	0.8524026233288213	1.0932983789960458
1.042518450353307	0.8332594904865394	1.1038075736416997
1.0465961666114105	0.8150900364928868	1.1134726828468477
1.0503097583988998	0.798119531030907	1.1222347351801427
1.0536312615491035	0.782576596433663	1.1300401152376676
1.0565354555632072	0.7686876024356675	1.13684091882482
1.0590001263002122	0.7566698519516628	1.1425952847132745
1.0610063022902836	0.7467237893185388	1.147267695905804
1.0625384601978087	0.7390246728808652	1.150829243674571
1.0635846954293688	0.7337143594789638	1.1532578482488383
1.0641368544822993	0.7308939943945265	1.1545384308884317
1.0641906263448628	0.7306184290535489	1.1546630331535324
1.0637455910669773	0.7328930625871278	1.153630880425444
1.0628052244940724	0.7376735259153091	1.1514483880963757
1.0613768590657549	0.7448682511922294	1.1481291102737408
1.059471601493552	0.7543435832678557	1.143693632278189
1.0571042090158473	0.7659307851466561	1.138169409596478
1.0542929267525256	0.7794341286195523	1.1315905572243838
1.0510592894190602	0.7946392586447449	1.1239975944494431
1.0474278912864712	0.8113211453446674	1.1154371510328798
1.0434261287717734	0.8292511353286764	1.1059616414166662
1.0390839204013476	0.8482028273860047	1.0956289139758941
1.0344334091016252	0.8679566841024628	1.0845018824380177
1.0295086518384016	0.8883034288674422	1.072648146387438
1.024345301554703	0.9090463631805376	1.0601396072631237
1.0189802861592852	0.9300027796110932	1.0470520854430094
1.0134514890096031	0.9510046534434679	1.0334649429034635
1.0077974349335899	0.9718987832954891	1.0194607145637087
1.0020569853648804	0.9925465278592017	1.0051247497993236
0.996269045648034	1.0128232593997617	0.990544863769893
0.9904722870253609	1.0326176290346925	0.9758109961981111
0.9847048852654461	1.051830716291884	0.9610148731201708
0.9790042773536769	1.07037511681214	0.946249664978221
0.9734069371528168	1.0881740073042163	0.9316096323482992
0.9679481704697612	1.1051602155480134	0.9171897487257356
0.9626619295429126	1.121275314790447	0.9030852882948471
0.9575806465998291	1.1364687556952764	0.8893913656986107
0.9527350858307929	1.1506970445627576	0.8762024147378775
0.9481542128818985	1.16392297338761	0.8636115939289593
0.9438650807900549	1.176114905127018	0.8517101091865699
0.9398927311589497	1.1872461160393124	0.8405864477817625
0.936260109305059	1.197294195932075	0.8303255232541181
0.9329879920807356	1.2062405064829564	0.8210077380686465
0.9300949271011474	1.2140696973656135	0.8127079792040491
0.9275971821570607	1.2207692796551444	0.8054945709671624
0.9255087036799272	1.2263292558521262	0.7994282182932082
0.9238410832335751	1.2307418058170672	0.7945609815287169
0.9226035311327514	1.234001027923454	0.7909353290151
0.9218028564282224	1.2361027348004243	0.7885833155926533
0.9214434526473102	1.2370443031329201	0.7875259326356363
0.9215272888345684	1.2368245771084716	0.7877726681414725
0.922053905597406	1.2354438252379536	0.7893213041254943
0.9230204160240442	1.2329037504262375	0.7921579641847525
0.9244215115047951	1.2292075533218092	0.7962574081935544
0.9262494726510164	1.2243600491264963	0.8015835555521469
0.9284941856679269	1.218367838191806	0.8080902050363439
0.9311431646962052	1.211239530860951	0.8157219095160482
0.9341815807909122	1.2029860271286417	0.8244149584457324
0.9375922983521878	1.1936208517758866	0.8340984202150576
0.9413559199570164	1.1831605456839598	0.8446951996956047
0.9454508406610324	1.1716251140262588	0.8561230726936863
0.9498533129390051	1.159038531959481	0.868295667358395
0.954537523506749	1.1454293082585638	0.8811233717301574
0.9594756833097535	1.130831107023244	0.8945141555397567
0.964638131968488	1.1152834270704726	0.9083743023297812
