1.0	1.0	1.0
1.0057635104253286	0.9794683937691595	1.014436596817776
1.0114547016829307	0.9586435438976432	1.0285729480812649
1.0170346424790366	0.9376590093550415	1.042322729953339
1.0224646302898035	0.9166627501890436	1.0556023058091784
1.0277064924215542	0.8958175064185752	1.0683310815016533
1.0327228973797091	0.8753008193934393	1.0804318709235692
1.0374776731502313	0.8553045577680279	1.091831271021225
1.0419361285063309	0.8360337851845924	1.1024600437036982
1.0460653730244962	0.8177047892285992	1.112253500618482
1.0498346311492244	0.8005420901785956	1.1211518855551925
1.0532155454051304	0.784774275226152	1.1291007483161795
1.0561824637357926	0.7706285718982477	1.1360513032702908
1.0587127059643258	0.7583241932656896	1.1419607654910269
1.0607868045299451	0.748064658211888	1.146792657372576
1.0623887149607674	0.7400294978363345	1.1505170789082797
1.0635059919926109	0.7343659688640882	1.1531109353886542
1.064129927826969	0.7311815535350382	1.1545581171039627
1.0642556497228077	0.7305380742918328	1.1548496266844597
1.0638821749147473	0.7324481485340706	1.1539836509367474
1.0630124217181687	0.7368744505474624	1.1519655753873932
1.0616531765899377	0.7437318806231772	1.1488079411701706
1.0598150178297492	0.7528923501323324	1.1445303453332434
1.0575121974992359	0.7641915696120417	1.1391592870389595
1.0547624839727459	0.7774370431105779	1.132727963424995
1.051586968286797	0.7924164476952985	1.1252760200388605
1.0480098381004725	0.8089056872433482	1.1168492617015133
1.044058123597613	0.8266761010721125	1.10749933036086
1.0397614200407623	0.8455005224592045	1.0972833569315439
1.0351515919200114	0.8651580745412363	1.086263594261778
1.0302624637271343	0.8854377367303765	1.0745070382082842
1.02512950233266	0.9061408075704643	1.0620850433322713
1.0197894957620142	0.9270824361696173	1.0490729389563782
1.0142802328721745	0.9480924059111611	1.035549650255416
1.0086401880412839	0.9690153436027285	1.021597327710228
1.002908214521257	0.989710505027441	1.007300986658787
0.9971232495894784	1.0100512614689192	0.9927481568646
0.9913240340919016	1.0299243858287748	0.9780285400326812
0.9855488484167969	1.0492292138867025	0.9632336710946108
0.979835266394744	1.067876737030213	0.9484565769317681
0.9742199281023967	1.08578866747405	0.9337914241091639
0.9687383320684074	1.1028965052080484	0.919333145281148
0.963424646949918	1.1191406270820239	0.9051770323697361
0.9583115423743899	1.134469411958445	0.8914182836091491
0.9534300383284926	1.1488384111958367	0.878151491333327
0.9488093722247983	1.162209570414279	0.8654700582156745
0.9444768825873437	1.1745505061784827	0.8534655318086499
0.9404579081659215	1.1858338396375403	0.8422268508903346
0.9367757012119488	1.1960365880780834	0.8318395024262879
0.933451353620547	1.2051396146294961	0.8223845948596679
0.9305037346579765	1.2131271358990323	0.8139378616895266
0.9279494390444972	1.2199862870355938	0.8065686183531022
0.9258027442437491	1.2257067435708273	0.8003387044748539
0.9240755759149698	1.2302803993283962	0.7953014515245281
0.9227774806083642	1.2337010997011826	0.7915007216543898
0.9219156049220598	1.2359644296537637	0.7889700658335661
0.9214946804873667	1.2370675559006539	0.7877320475166103
0.921517014304377	1.2370091228297169	0.7877977716230169
0.9219824841098155	1.2357892018769463	0.7891666478631668
0.922888538621615	1.2334092942069141	0.7918264034033521
0.9242302026684559	1.2298723867066441	0.7957533440608213
0.9260000873762152	1.2251830614538406	0.8009128475139109
0.9281884057456288	1.2193476589676506	0.80726005823975
0.9307829941149838	1.212374495685451	0.8147407435482489
0.9337693401563862	1.204274136225868	0.8232922640796533
0.9371306182015599	1.1950597210883032	0.8328446107034364
0.9408477328300244	1.1847473504926103	0.8433214624892171
0.944899371774827	1.1733565250656885	0.8546412264285965
0.9492620693040408	1.1609106440160035	0.8667180277265225
0.9539102813145214	1.1474375612758752	0.8794626285732042
0.9588164734219563	1.1329701997967319	0.8927832623144977
0.9639512233417408	1.1175472236997268	0.9065863780698814
0.9692833388223674	1.10121376723486	0.9207772975980586
0.9747799923107813	1.084022218375271	0.935260791344734
0.9804068733922534	1.066033053214952	0.9499415841060195
0.9861283598515792	1.0473157149358516	0.9647248027370586
0.9919077079452163	1.027949527680102	0.9795163790504513
0.9977072621547263	1.008024630835219	0.994223420741209
1.003488684312364	0.9876429125513604	1.0087545621019367
1.0092132015543833	0.9669189122100238	1.023020304687602
1.0148418720740715	0.9459806494518468	1.0369333561526126
1.0203358671252523	0.9249703216825199	1.0504089733753605
1.0256567671816366	0.9040447923514203	1.063365313833338
1.0307668696044037	0.8833757688754428	1.0757237970921252
1.0356295046286592	0.8631495429414564	1.08740947629712
1.0402093559696657	0.8435661396980004	1.0983514177631108
1.0444727818937352	0.8248377009348505	1.10848308518555
1.0483881322182045	0.80718591851162	1.1177427236806643
1.0519260564207882	0.790838348762376	1.1260737378232983
1.055059797869358	0.7760234890119153	1.1334250571086217
1.0577654691440654	0.7629645953069404	1.1397514818266257
1.0600223035254193	0.7518723713683592	1.145014002209462
1.0618128779698643	0.7429368548999677	1.1491800838860042
1.0631233032878733	0.7363190419163756	1.1522239131417553
1.063943377771534	0.7321429757444337	1.1541265962127374
1.0642667011756348	0.7304891261601062	1.1548763078076576
1.0640907467189014	0.7313898441867887	1.1544683852134372
1.0634168896156995	0.7348274785676108	1.1529053656478043
1.0622503915445272	0.7407354074638983	1.150196965925975
1.0606003413765943	0.7490018457307682	1.1463600049495963
1.0584795533933549	0.759475928602565	1.1414182709466734
1.0559044250841274	0.7719753287908447	1.1354023367335704
1.0528947574043312	0.7862945771666602	1.1283493274799083
1.0494735410654088	0.8022133194649136	1.120302646485073
1.0456667129981223	0.8195039079162241	1.111311665278764
1.0415028875663956	0.8379379384800987	1.1014313849034296
1.037013067400174	0.8572915496587826	1.0907220754981295
1.0322303388604308	0.8773494646999884	1.079248901265049
1.0271895571510474	0.8979078724872903	1.0670815375538745
1.0219270259601285	0.9187763058221415	1.054293786146016
1.0164801762613223	0.9397786995364906	1.0409631938682882
1.0108872485516414	0.96075380768319	1.0271706784290013
1.0051869823663386	0.9815551404065681	1.0130001638704158
0.9994183164152215	1.0020505556646309	0.998538226299565
0.9936201021502662	1.0221216144490124	0.9838737486332783
0.9878308330226453	1.0416627837552865	0.9690975810237035
0.9820883911378012	1.0605805507638095	0.9543022014850685
0.9764298124872424	1.078792494862286	0.939581369109964
0.9708910714397728	1.0962263510269872	0.92502976026114
0.9655068847243902	1.112819088153594	0.9107425764032983
0.9603105347404762	1.1285160185885001	0.8968151109865251
0.9553337116935281	1.1432699497863914	0.8833422622331406
0.9506063737791085	1.1570403852195674	0.8704179790652858
0.9461566244239678	1.169792778991754	0.8581346290028508
0.9420106054393771	1.1814978467560777	0.8465822798976191
0.9381924048438376	1.1921309342716577	0.8358478920149978
0.9347239780654919	1.2016714440858662	0.8260144232620455
0.9316250812329121	1.210102320277193	0.8171598581239174
0.9289132153002104	1.217409590850026	0.8093561796887568
0.926603579822261	1.223581967176637	0.8026683133065242
0.9247090352921442	1.2286104997909026	0.7971530789673918
0.9232400730700966	1.23248828982329	0.7928581962473848
0.92220479206629	1.235210255406748	0.7898213894771572
0.9216088814844435	1.2367729524635367	0.7880696406570858
0.9214556090861409	1.237174449392777	0.7876186329971433
0.9217458145940512	1.2364142553090487	0.7884724188333
0.9224779080139488	1.2344933016267499	0.790623332778976
0.9236478728188691	1.231413976936934	0.794052155653392
0.9252492741026299	1.2271802152773135	0.7987285187564446
0.9272732719729936	1.2217976380463933	0.8046115233173143
0.9297086406155964	1.2152737499534974	0.811650538097247
0.9325417936166561	1.2076181895214009	0.8197861303403777
0.9357568162831322	1.1988430347599568	0.8289510820429373
0.9393355058404989	1.1889631646984136	0.839071444680299
0.9432574205169145	1.1779966774890145	0.8500675903705456
0.9474999386338734	1.1659653657586562	0.8618552248926895
0.952038328912183	1.1528952497657947	0.8743463368280817
0.9568458332625753	1.1388171686834536	0.8874500662441452
0.9618937633561855	1.1237674299287566	0.9010734848938099
0.967151612255187	1.1077885158268252	0.9151222872436889
0.9725871823218725	1.0909298459355135	0.9295013974314623
0.9781667305097852	1.0732485919314274	0.9441155013904653
0.9838551319684564	1.0548105398794871	0.9588695159476921
0.9896160626606345	1.0356909917241182	0.9736690078937614
0.9954122013961251	1.0159756936156639	0.9884205760889785
1.001205451330321	0.9957617727947854	1.003032208869858
1.0069571805615647	0.975158656682548	1.0174136276005987
1.0126284809959398	0.9542889369767239	1.0314766253875265
1.0181804441402875	0.9332891273413991	1.0451354079176458
1.0235744519465808	0.912310245229698	1.0583069412349042
1.028772480278684	0.8915181263955845	1.0709113091373332
1.0337374120239162	0.8710933553736877	1.0828720808466707
1.038433356346864	0.8512306685726726	1.0941166877310915
1.0428259701029625	0.8321376625523117	1.1045768061979977
1.0468827770164184	0.8140326251132257	1.1141887424530594
1.0505734799024122	0.7971413106219509	1.122893813670774
1.0538702609967503	0.7816925156369066	1.1306387192604832
1.0567480653639525	0.767912388910553	1.1373758953528554
1.0591848623997377	0.7560175398268192	1.1430638453810746
1.0611618806336522	0.7462071896065959	1.1476674396864264
1.0626638113739344	0.7386548214253509	1.15115817742937
1.0636789772151107	0.7334999895552585	1.1535144047153902
1.064199462038351	0.7308410880452055	1.1547214837218511
1.064221199858142	0.7307298991501611	1.154771908700908
1.063744020683662	0.7331686050305574	1.1536653659897382
1.0627716524421893	0.7381096599971471	1.1514087365318317
1.0613116789244146	0.7454585406324191	1.1480160408462463
1.0593754546255034	0.7550790069834789	1.1435083278174298
1.0569779782388753	0.7668002107512137	1.137913510058302
1.0541377273812682	0.7804248357061259	1.1312661498677465
1.0508764578601426	0.7957374625781545	1.1236072009090445
1.0472189714147506	0.8125124826967125	1.1149837116327996
1.0431928563526038	0.8305210854616002	1.105448497119112
1.038828205852118	0.8495370577116846	1.0950597863902272
1.0341573189048106	0.8693413171088511	1.083880852326707
1.0292143889278502	0.8897252362828162	1.0719796310963374
1.0240351849971043	0.9104928967718153	1.0594283374728077
1.0186567304443341	0.9314624497329675	1.046303081585811
1.0131169832462052	0.9524667663668527	1.0326834915178515
1.0074545222267097	0.9733535472653763	1.0186523447647975
1.0017082426196227	0.993985036307768	1.0042952099333988
0.9959170640156908	1.014237458129495	0.9897000981943483
0.9901196531718518	1.0340002726936162	0.9749571219896357
0.9843541636072196	1.0531753181839478	0.9601581563681438
0.9786579933709652	1.0716758950461738	0.9453964961734694
0.9730675618562613	1.0894258294714088	0.9307665002380969
0.9676181060647907	1.1063585434996714	0.91636321188504
0.9623434963075758	1.122416150628517	0.9022819435748342
0.9572760709666006	1.1375485897530393	0.8886178126726881
0.9524464896415218	1.1517128059122528	0.8754652152906109
0.9478836037676942	1.1648719832393057	0.8629172262433615
0.9436143436145109	1.1769948333670746	0.8510649155968045
0.9396636204535386	1.1880549410662	0.8399965762830764
0.9360542426195536	1.1980301678968355	0.8297968629018077
0.9328068441687803	1.2069021139984948	0.8205458490409441
0.9299398248612624	1.214655637724767	0.8123180189197318
0.9274693002519946	1.2212784325811654	0.8051812182870194
0.925409060761998	1.226760660796088	0.7991955984262784
0.9237705387100698	1.2310946428127658	0.7944125947281571
0.9225627824132496	1.234274602010416	0.7908739864023986
0.9217924366045841	1.23629646402875	0.7886110854243822
0.9214637285667536	1.2371577101692504	0.7876440999857558
0.9215784595365852	1.2368572844698498	0.7879817103188327
0.9221360010960489	1.2353955541893318	0.7896208832332373
0.9231332964282646	1.2327743235874535	0.7925469371520318
0.9245648664809085	1.2289969010406723	0.7967338534952876
0.9264228212429386	1.2240682196857564	0.8021448148112185
0.9286968765024763	1.2179950119288538	0.8087329368898705
0.9313743766123697	1.2107860382896136	0.8164421526019332
0.9344403239434024	1.2024523711618373	0.8252082001600153
0.9378774158506356	1.1930077341554925	0.8349596679898408
0.9416660901125768	1.1824688977290703	0.8456190518991339
0.9457845799216099	1.1708561318118034	0.8571037867827402
0.9502089796024661	1.1581937160321305	0.8693272235354493
0.9549133223079102	1.1445105079834037	0.8821995309970887
0.9598696709811632	1.1298405696291878	0.8956285116347851
0.9650482238765755	1.1142238514195346	0.9095203275431402
0.970417435887404	1.0977069328721754	0.9237801397686612
0.9759441568363283	1.0803438171496824	0.9383126687541568
0.9815937877354817	1.0621967753698722	0.9530226868699077
0.9873304558143742	1.0433372337962918	0.967815455707523
0.993117208843926	1.023846693367657	0.9825971212925761
0.9989162289527912	1.0038176658507165	0.9972750798841575
1.00468906574053	0.9833546037576113	1.011758325827529
1.0103968880461236	0.9625747914914189	1.0259577912373206
1.0160007532379165	0.9416091523692163	1.039786685304364
1.0214618923635534	0.9206029096812727	1.0531608388930362
1.026742008950047	0.8997160194938549	1.0659990579476804
1.0318035886918293	0.8791232687836712	1.0782234871475969
1.036610216727777	0.8590139060533074	1.089759983309204
1.0411268987078384	0.8395906458642396	1.1005384962834492
1.0453203814078058	0.8210678691889213	1.110493453575945
1.0491594682887269	0.8036688365272583	1.119564143656849
1.0526153251358006	0.7876217516216397	1.1276950919496207
1.055661770768352	0.773154573081486	1.1348364228080847
1.05827554780196	0.7604885801132141	1.1409442004182795
1.0604365685757418	0.7498308600819359	1.1459807414965817
1.0621281316363187	0.7413660885153839	1.149914892891657
1.0633371045931335	0.735248185205088	1.1527222677193218
1.0640540697191505	0.7315926028290227	1.1543854344418196
1.0642734293518041	0.7304700779975315	1.1548940543129376
1.063993468930815	0.7319026017301407	1.1542449638061447
1.0632163763665574	0.7358621352577035	1.1524421999758672
1.0619482173357195	0.7422722447535073	1.149496968118038
1.0601988670183096	0.7510124344998174	1.1454275525377962
1.0579818996892012	0.7619246168492574	1.1402591726411855
1.0553144384268751	0.7748209444769285	1.1340237878868202
1.0522169679728137	0.7894921768327354	1.1267598563092154
1.0487131144421435	0.805715841221118	1.1185120523099072
1.044829396129643	0.8232636297348304	1.1093309501649506
1.0405949500612004	0.8419076874419037	1.099272680185446
1.0360412392015597	0.8614256463254978	1.0883985646680034
1.0312017453435331	0.8816044148597164	1.0767747406699386
1.0261116526766427	0.9022428355995974	1.064471776233646
1.0208075268747145	0.9231533772924589	1.051564285968111
1.015326994267105	0.9441630450939481	1.0381305508823995
1.0097084252853625	0.9651136851947134	1.024252146072568
1.0039906259267972	0.9858618394916888	1.0100135783131285
0.9982125404704655	1.00627827990074	0.9955019338282085
0.9924129681412402	1.0262473256286884	0.9808065345567544
0.9866302958648009	1.045666023003568	0.9660185991345419
0.980902248709614	1.0644432474918155	0.9512309026646851
0.9752656590879883	1.0824987715097198	0.9365374272322969
0.9697562553009483	1.099762329234663	0.9220329931615333
0.9644084695718095	1.1161727002842574	0.9078128593726681
0.959255265328732	1.1316768272560265	0.8939722800688283
0.9543279831718945	1.1462289771503542	0.880606004597754
0.9496562046983202	1.1597899531636713	0.8678077079497135
0.9452676331563573	1.1723263608595895	0.8556693412280515
0.9411879897599389	1.1838099310119425	0.8442803947904269
0.9374409244059609	1.1942169002478147	0.8337270717495431
0.9340479395011957	1.2035274498414974	0.8240913761387091
0.931028325612152	1.2117252025078378	0.8154501280749344
0.9283991076958729	1.2187967767348742	0.8078739272105182
0.9261750007455198	1.2247313980245622	0.8014260948872006
0.924368373785714	1.2295205663375257	0.7961616336750624
0.9229892212734687	1.2331577790357149	0.7921262492187321
0.9220451410963473	1.2356383086664409	0.7893554823709622
0.9215413185061305	1.2369590350185709	0.7878739985496487
0.9214805154804906	1.2371183309964005	0.7876950756503401
0.9218630651643518	1.2361160019906985	0.7888203218525467
0.922686871204808	1.2339532785728842	0.7912396411308161
0.9239474119571112	1.2306328624911773	0.7949314486733833
0.9256377497030612	1.2261590261012398	0.7998631225421788
0.9277485451858547	1.220537765512618	0.805991663644904
0.9302680779256256	1.2137770078703474	0.8132645250140629
0.9331822729357233	1.2058868733118389	0.8216205645342879
0.936474734608781	1.1968799922349296	0.8309910729865054
0.9401267886807746	1.1867718785741297	0.8413008312863167
0.9441175333066855	1.1755813597958737	0.8524691562709021
0.948423900388422	1.16333106427247	0.8644109022204949
0.9530207283790304	1.150047966553631	0.8770373942995648
0.9578808478410007	1.1357639907884047	0.8902572791943665
0.9629751810544037	1.1205166721078945	0.9039772865659107
0.9682728569463442	1.1043498750871172	0.9181029019725694
0.9737413425406618	1.0873145673587774	0.932538957361124
0.9793465920005117	1.0694696449071388	0.9471901490240835
0.98505321415198	1.050882803326418	0.9619614951838834
0.9908246591313142	1.0316314461157583	0.9767587463004848
0.9966234244906493	1.0118036165490443	0.9914887610626936
1.0024112807286167	0.9914989333569683	1.006059860075112
1.0081495157868907	0.9708295018554153	1.0203821677315552
1.0137991975784837	0.9499207606521843	1.0343679508779469
1.0193214530984276	0.9289122090815816	1.0479319607815134
1.0246777621254308	0.9079579416381709	1.0609917827711517
1.0298302629701301	0.887226892922942	1.0734681957979917
1.0347420671801577	0.8669026708398732	1.085285542162538
1.0393775795948375	0.8471828292780949	1.096372105823545
1.043702819674543	0.8282774087022673	1.1066604960881157
1.047685739633496	0.8104065611477989	1.116088032116008
1.051296534601084	0.7937970852873598	1.1245971225791849
1.0545079398447388	0.7786777399405679	1.1321356340185365
1.0572955100229287	0.765273292776546	1.1386572409447784
1.0596378755115705	0.7537974020478341	1.1441217505440742
1.0615169710675676	0.7444446182680774	1.1484953949672208
1.0629182324597517	0.7373820068509135	1.1517510845922707
1.0638307572044032	0.7327410883816454	1.15386861633318
1.064247426177447	0.7306109127920384	1.1548348319915258
1.0641649836200653	0.7310330725755317	1.1546437227760566
1.0635840738850724	0.7339992900586302	1.1532964773997036
1.0625092341599771	0.7394519018447565	1.1508014725535982
1.060948843318202	0.7472871747380117	1.1471742059961927
1.0589150279601491	0.7573610145257605	1.1424371739245085
1.0564235275785603	0.7694963588703928	1.1366196956558703
1.0534935215878036	0.783491428505502	1.1297576898870463
1.0501474216675697	0.79912804786879	1.1218934078631584
1.0464106334659138	0.8161793976555732	1.113075129637315
1.0423112921682538	0.8344167694494576	1.103356830197927
1.0378799767576474	0.8536151022597954	1.0927978225570256
1.03314940796368	0.8735572555642277	1.08146238491159
1.0281541349251446	0.8940370969388962	1.0694193787016808
1.0229302154836282	0.9148615545063454	1.0567418637930563
1.0175148947942954	0.9358518146323395	1.0435067161146128
1.0119462866037052	0.9568438462098015	1.0297942518960586
1.0062630611222374	0.9776884163636401	1.0156878611993032
1.0005041429321093	0.9982507377308583	1.0012736517460101
0.994708421842965	1.0184098608386813	0.9866401021504427
0.9889144790569043	1.0380579001548584	0.9718777216194079
0.9831603304535207	1.0570991608637632	0.9570787110436889
0.9774831882706732	1.0754492158562807	0.9423366182624107
0.9719192419534108	1.0930339686463795	0.9277459782447092
0.9665034584837172	1.109788727449538	0.9134019271458353
0.9612694020965357	1.1256573078789904	0.8993997778382248
0.9562490729387862	1.1405911760533807	0.8858345438099536
0.951472763940849	1.154548639856497	0.8728003985116389
0.9469689349447897	1.1674940932318436	0.8603900585799698
0.9427641029687204	1.1793973164079212	0.8486940821166149
0.9388827473786749	1.1902328335893924	0.8378000775382597
0.9353472286834159	1.1999793287342226	0.8277918244994102
0.9321777196579449	1.2086191194370115	0.8187483159005495
0.9293921475319709	1.2161376885613524	0.8107427386599522
0.927006146043808	1.2225232730441027	0.803841420094642
0.9250330162520038	1.227766509186538	0.7981027754971628
0.9234836951106633	1.2318601337199777	0.7935762996810214
0.9223667309448615	1.2347987399645386	0.7903016497125336
0.9216882651053327	1.2365785884734477	0.7883078667104917
0.921452019233192	1.2371974716603271	0.787612780812381
0.9216592877229339	1.2366546320340794	0.7882226350842141
0.9223089351331548	1.234950733808295	0.7901319518774015
0.9233973984576855	1.2320878878031372	0.7933236501474632
0.9249186943337142	1.2280697297116914	0.7977694062552799
0.9268644314267972	1.2229015519541724	0.8034302356612958
0.929223828394042	1.2165904894864312	0.8102572604277108
0.9319837379845305	1.209145760057636	0.8181926188381122
0.9351286779880909	1.200578959518687	0.827170469360217
0.9386408698869881	1.1909044128590827	0.8371180415653151
0.9425002861964648	1.1801395816842548	0.8479566908444988
0.9466847075949738	1.1683055288224502	0.8596029208045077
0.9511697910383685	1.1554274406484597	0.871969345901541
0.9559291501185245	1.1415352075001017	0.8849655760417754
0.9609344489597526	1.1266640621980661	0.898499013598951
0.9661555109395429	1.1108552760969108	0.9124755609001356
0.9715604434674342	1.0941569112040983	0.9268002423225837
0.9771157799513612	1.0766246255773282	0.9413777495892268
0.9827866399198125	1.058322527271252	0.9561129217000536
0.9885369080469601	1.0393240693126808	0.9709111723684924
0.9943294325447766	1.019712974220319	0.985678878088337
1.000126243041389	0.9995841710424666	1.0003237392994835
1.005888787661404	0.9790447202625217	1.0147551257995622
1.0115781885674142	0.9582146916394089	1.0288844157835608
1.0171555147211155	0.9372279465076568	1.042625335868076
1.022582070089293	0.9162327587541109	1.0558943073170974
1.0278196949691862	0.8953921874199463	1.0686108015456433
1.032831077557002	0.8748840891150725	1.080697705922217
1.037580072352305	0.8549006318231597	1.0920816989860473
1.04203202150098	0.8356471467089865	1.1026936324895573
1.046154074752307	0.8173401372508133	1.1124689162079755
1.0499155033629564	0.8002042644476262	1.1213479002548619
1.0532880030423923	0.7844681547412384	1.129276248725603
1.056245980917578	0.7703589463459133	1.1362052978747632
1.0587668215134516	0.7580956096668584	1.1420923917246644
1.0608311269080453	0.7478812491954943	1.1469011880012832
1.0624229265302005	0.739894802562735	1.1506019275907833
1.0635298525203476	0.7342827617574096	1.1531716612883556
1.064143277160966	0.7311516983954345	1.1545944284440135
1.0642584095871557	0.7305624208892686	1.1548613831624412
1.0638743497875058	0.732526484885443	1.1539708649426443
1.062994098774666	0.7370055172025123	1.1519284119980906
1.0616245247137586	0.7439134449002531	1.148746716924276
1.0597762857129942	0.7531213303723016	1.1444455258204085
1.0574637108721847	0.7644641939848219	1.1390514833668
1.0547046420202075	0.7777490253053962	1.132597927653038
1.0515202393235654	0.792763162877755	1.125124639691574
1.0479347545909874	0.8092823350580858	1.1166775534904936
1.0439752766147947	0.8270778469500887	1.1073084332589007
1.039671453265827	0.8459226129153997	1.097074524747969
1.035055195288802	0.8655959257760438	1.086038187868762
1.0301603668291766	0.8858869983671059	1.0742665175616453
1.0250224676669484	0.9065974047993859	1.0618309594174125
1.0196783119487127	0.927542594139339	1.0488069257707957
1.0141657079123725	0.9485526601823776	1.0352734169137636
1.0085231427080659	0.9694725401061394	1.0213126507267825
1.002789475955105	0.9901617924368387	1.0070097024258775
0.9970036451598764	1.0104940783381118	0.9924521543049433
0.9912043855754081	1.0303564443195201	0.9777297533596684
0.9854299665302271	1.0496484814679279	0.9629340725687999
0.9797179457107998	1.0682814171657251	0.948158169456014
0.9741049423644658	1.086177180032197	0.9334962334614154
0.9686264299115263	1.1032674671115505	0.9190432117461127
0.9633165480262952	1.1194928335567225	0.9048944015023338
0.9582079338745081	1.134801818623836	0.8911449958486904
0.9533315718827261	1.149150117157415	0.877889570193092
0.9487166611657237	1.1624998024593751	0.8652214968036531
0.9443904995494201	1.1748186041367414	0.8532322774969151
0.9403783829969313	1.186079242939449	0.8420107880466243
0.9367035191693983	1.1962588235263236	0.8316424332530062
0.9333869538260151	1.2053382853856822	0.8222082185496246
0.9304475087830472	1.2133019116807422	0.8137837522958767
0.927901730203261	1.2201368955141583	0.8064382019685297
0.9257638460688142	1.225832962958199	0.8002332365015893
0.9240457317963224	1.230382052140934	0.7952219949676884
0.9227568830771998	1.233778047688918	0.7914481274608112
0.9219043951647337	1.2360165698853118	0.7889449563047887
0.9214929479778462	1.2370948179962218	0.7877348037344979
0.9215247965469368	1.2370114673373709	0.7878285256388687
0.9219997664871602	1.2357666197903743	0.7892252801301006
0.9229152543471117	1.2333618076261543	0.7919125456050549
0.9242662328446744	1.2298000506465585	0.7958663871450825
0.9260452611654827	1.225085966808371	0.8010519544174654
0.9282425006617895	1.2192259366409686	0.8074241805286211
0.930845736448954	1.2122283219038767	0.8149286410213061
0.9338404055513854	1.2041037390467184	0.8235025263047188
0.9372096323970139	1.1948653881234597	0.8330756794724888
0.9409342725959832	1.1845294378652926	0.8435716542773732
0.9449929660612403	1.1731154676183708	0.8549087540979018
0.9493622006312825	1.1606469667851032	0.867001020904559
0.9540163874329941	1.1471518922441064	0.8797591523338579
0.9589279492693397	1.1326632839258566	0.8930913339741416
0.9640674233263183	1.1172199382334227	0.9069039820728608
0.9694035794597289	1.100867138241546	0.9211023985929866
0.974903555238941	1.0836574384711257	0.9355913456452137
0.9805330087867362	1.065651500364083	0.9502755497874956
0.986256290257218	1.0469189721622816	0.9650601486495789
0.992036632535248	1.0275394034378174	0.9798510930304615
0.9978363614202661	1.007603179658922	0.9945555172897713
1.003617125176543	0.9872124554406257	1.0090820897672241
1.0093401428954818	0.9664820559705175	1.0233413533508444
1.0149664706310453	0.9455403039159038	1.0372460643726877
1.0204572837474088	0.924529713346737	1.050711535900994
1.0257741733721768	0.9036074724971926	1.063655989345762
1.0308794542955013	0.8829456136907375	1.0760009161968351
1.0357364811141148	0.8627307425764177	1.0876714497424396
1.0403099689104378	0.8431631726424595	1.0985967448266352
1.0445663143022592	0.8244552897385453	1.1087103621380014
1.0484739123198696	0.8068289628804948	1.1179506522108642
1.052003464285656	0.7905118327180062	1.1262611332882857
1.0551282717045776	0.7757323603749584	1.133590856459753
1.0578245111377473	0.7627136184678212	1.1398947510559214
1.0600714851361759	0.7516659581401016	1.1451339431605443
1.0618518445628566	0.7427788828501424	1.1492760402804825
1.0631517780279676	0.7362126741348306	1.1522953756845273
1.0639611646968516	0.732090499322698	1.1541732066577948
1.06427368739002	0.7304918274562442	1.1548978618888506
1.064086903659166	0.7314479363573534	1.1544648343713593
1.0634022733683688	0.7349400908964987	1.1528768175133812
1.062225142206528	0.7409006378279008	1.1501436835523273
1.0605646814742373	0.7492168690372926	1.146282404815013
1.0584337853933152	0.7597371472550195	1.141316919781827
1.0558489280483045	0.7722785475888116	1.1352779472541892
1.0528299828568017	0.7866351848811397	1.1282027531308627
1.049400008153681	0.8025864619985316	1.1201348753222007
1.0455850030421596	0.8199046422536824	1.111123813129936
1.041413638097089	0.8383613612968281	1.1012246879596208
1.0369169657940147	0.857732898547579	1.0904978824881968
1.0321281156790232	0.8778041930104528	1.0790086653642024
1.027081979292992	0.898371700660629	1.0668268081653685
1.021814889728875	0.9192452530051062	1.0540262006784964
1.0163643004462481	0.9402490994398179	1.0406844696076665
1.0107684676112094	0.9612223123818647	1.0268826045741615
1.0050661397922176	0.9820187152814244	1.0127045937669532
0.9992962583451577	1.0025064681111893	0.9982370698659006
0.9934976712857769	1.0225674184239302	0.9835689649297993
0.9877088628956657	1.0420963017416252	0.9687911708693644
0.9819677007587077	1.0609998543313102	0.9539961999788097
0.9763112013955004	1.0791958846778573	0.9392778378686416
0.9707753151681415	1.09661233692444	0.9247307791443171
0.965394730678347	1.1131863696876871	0.9104502344619542
0.9602026984864839	1.1288634663636858	0.8965314963520485
0.9552308736430284	1.1435965877537955	0.8830694506601758
0.9505091762497282	1.1573453740671191	0.8701580208628363
0.9460656690553482	1.1700754007044605	0.857889534138146
0.9419264509382225	1.181757490390428	0.8463540011412204
0.9381155650311351	1.192367082965802	0.8356383061158575
0.9346549201982616	1.2018836633124068	0.8258253102964781
0.9315642245731768	1.2102902473359503	0.8169928793463829
0.9288609299049907	1.217572925592435	0.8092128544126023
0.9265601855301665	1.2237204639504047	0.802549995540715
0.9246748008844268	1.2287239605924578	0.7970609347070076
0.9232152155867234	1.2325765586458544	0.792793182435032
0.9221894762606064	1.2352732137731752	0.7897842356949437
0.9216032194032228	1.2368105161351493	0.7880608345566379
0.9214596597652058	1.237186566248048	0.7876384103219786
0.9217595838631427	1.2364009043889956	0.7885207586419644
0.9225013484080696	1.2344544933471504	0.7906999581618852
0.9236808835969255	1.2313497544708487	0.7941565398864538
0.9252917013777782	1.2270906571147624	0.7988598964915691
0.9273249089626752	1.22168286174126	0.8047689061138831
0.9297692280227554	1.2151339170707065	0.8118327333812542
0.9326110201570486	1.2074535117999545	0.8199917627577153
0.9358343193768938	1.1986537815093847	0.8291786161534316
0.9394208724891644	1.188749671447301	0.8393192080090858
0.9433501883897943	1.1777593559042738	0.8503337959726617
0.9475995973899702	1.1657047148526256	0.8621379927697768
0.9521443217855727	1.1526118684044875	0.8746437137370657
0.9569575589402228	1.1385117694024827	0.8877600436343656
0.9620105781773934	1.123440854052326	0.9013940148846978
0.9672728327611404	1.107441749867947	0.9154512966994033
0.9727120881818995	1.090564039229708	0.9298368002973635
0.9782945678478964	1.0728650754180502	0.9444552095290332
0.9839851171093545	1.0544108458896342	0.9592114487517014
0.9897473863086385	1.0352768745553007	0.9740111009672623
0.9955440332533264	1.0155491505626408	0.9887607892775774
1.0013369451518144	0.9953250651525724	1.0033685338965883
1.0070874796358706	0.9747143300291757	1.017744095527331
1.0127567240279414	0.9538398397662762	1.031799314078656
1.0183057715023578	0.9328384264796524	1.0454484496361514
1.0236960122514	0.9118614368577618	1.0586085304534605
1.0288894372148931	0.8910750395754765	1.0711997106010418
1.0338489513836533	0.8706601457800087	1.0831456378806936
1.0385386931628446	0.8508117987087364	1.0943738307471966
1.0429243558025778	0.8317378645415787	1.104816061319678
1.046973506491821	0.8136568419473696	1.1144087401501295
1.0506558983892085	0.7967946121212313	1.123093297271727
1.0539437706501236	0.7813799865824752	1.1308165531947754
1.0568121314201455	0.7676389890974216	1.1375310729658994
1.0592390188130685	0.755787939264083	1.1431954961621333
1.0612057350847337	0.7460255865538257	1.1477748357537056
1.0626970495535	0.7385247557571096	1.1512407391270874
1.0637013662996637	0.7334241679983915	1.153571705193978
1.0642108532884507	0.7308212398086043	1.1547532523940038
1.0642215302870592	0.730766679244147	1.1547780334920443
1.0637333137628806	0.7332615577741488	1.1536458943305519
1.0627500178301075	0.738257247547539	1.1513638750717792
1.0612793112249403	0.7456582325500604	1.1479461538987947
1.0593326312033244	0.7553274190016339	1.1434139345793908
1.0569250561373014	0.7670932758206507	1.1377952806752842
1.0540751394060304	0.7807579888384005	1.1311249004445216
1.0508047079078353	0.7961058227205874	1.1234438875862922
1.0471386291372367	0.8129110187653719	1.1147994238693817
1.0431045512583448	0.8309447584118624	1.1052444503309375
1.0387326209518364	0.849980935021909	1.0948373141023622
1.0340551840120935	0.8698006596106859	1.0836413979942787
1.0291064737253481	0.890195559654449	1.0717247397418277
1.02392229197606	0.9109700113000375	1.0591596472725038
1.0185396878196158	0.9319424823914558	1.046022315516702
1.0129966379412136	0.9529461691353684	1.0323924491484016
1.0073317330129077	0.97382909517618	1.018352894239336
1.0015838734845037	0.994453818135506	1.003989280160966
0.9957919778212142	1.0146968620578176	0.9893896712096207
0.9899947056532252	1.0344479687616455	0.9746442254071901
0.9842301977497969	1.0536092388671716	0.9598448558033407
0.9785358341913675	1.0720942149652404	0.9450848874557181
0.9729480116029064	1.0898269449420337	0.9304587011978834
0.9675019398431101	1.1067410524253973	0.9160613534583406
0.9622314581264695	1.1227788330820803	0.9019881599417087
0.9571688701952715	1.1378903894791594	0.8883342301360778
0.9523447978597719	1.1520328129041864	0.8751939396123919
0.9477880519880789	1.1651694174849905	0.8626603281934092
0.9435255198513731	1.177269029821546	0.8508244145424481
0.9395820676118097	1.1883053358802744	0.8397744217543853
0.9359804566751921	1.1982562859141914	0.8295949142130056
0.9327412726127063	1.2071035575216862	0.8203658532256636
0.9298828653794814	1.2148320765435003	0.8121615874376689
0.9274212996161697	1.221429595252111	0.8050498031652438
0.925370313906869	1.2268863271616728	0.7990904686875591
0.9237412879767245	1.2311946377461858	0.7943348141049232
0.922543216940215	1.234348790375081	0.7908243934120786
0.921782691851916	1.2363447468422193	0.788590276868347
0.921463885961714	1.2371800219642035	0.7876524188183324
0.9215885462330223	1.2368535918475658	0.7880192386171645
0.9221559898432029	1.235365855564401	0.7896874407009841
0.9231631055483817	1.2327186501258467	0.792642085241635
0.924604359958708	1.2289153187967505	0.7968569048753547
0.9264718089336477	1.2239608329471647	0.8022948475797964
0.9287551144687514	1.2178619677814018	0.8089088126775381
0.9314415676039628	1.2106275324170321	0.8166425375453499
0.9345161180368253	1.2022686548975632	0.8254315876662972
0.9379614112692691	1.1927991228051489	0.8352044022493599
0.9417578342505774	1.1822357801828025	0.8458833512215429
0.9458835705974836	1.1705989814647104	0.8573857660035066
0.950314666570189	1.1579131030281649	0.8696249149411629
0.9550251090548323	1.1442071127925306	0.8825109034227384
0.95998691684252	1.1295151979581481	0.8959514875756556
0.9651702464960809	1.1138774504416973	0.9098527982848628
0.9705435140519749	1.0973406087393838	0.9241199786644264
0.9760735337103759	1.0799588537155227	0.9386577428665551
0.9817256745162753	1.0617946540050383	0.9533708672485193
0.9874640358246709	1.0429196541067243	0.9681646265967943
0.9932516420713451	1.023415594527119	0.9829451885633738
0.9990506570372814	1.003375248121488	0.9976199789625152
1.0048226174018422	0.9829033495840297	1.0120980293609163
1.0105286849325839	0.9621174852974885	1.0262903166969524
1.0161299161662134	0.9411488978598957	1.0401101026754431
1.0215875479069925	0.9201431430269329	1.0534732785564407
1.0268632963201387	0.899260516267282	1.0662987188087771
1.0319196668455666	0.8786761419352338	1.0785086450223524
1.0367202716209898	0.8585795915996498	1.0900289995359325
1.0412301506040735	0.8391738724228796	1.1007898264913747
1.0454160921427613	0.8206736071714122	1.11072565651007
1.049246948382873	0.8033022229327138	1.1197758899329988
1.0526939406428697	0.7872879872317868	1.1278851725944212
1.0557309497452685	0.7728587907330278	1.1350037574263239
1.058334786286793	0.7602356857981719	1.1410878448247266
1.0604854359645581	0.7496253528368276	1.146099894650863
1.062166275357453	0.7412118699361746	1.1500089029829794
1.0633642539882355	0.7351483740217488	1.1527906372622514
1.0640700390542062	0.7315493729891202	1.1544278242643575
1.0642781198977327	0.7304845388501339	1.1549102863429221
1.0639868700717194	0.7319747354234529	1.1542350225905609
1.0631985657136285	0.7359907996347315	1.152406232898786
1.0619193598454648	0.7424552412368056	1.1494352843154059
1.0601592131344797	0.751246631798438	1.1453406205397885
1.05793178254777	0.7622061148452888	1.1401476168040627
1.0552542701820238	0.7751452596128079	1.133888383704862
1.0521472353184294	0.7898544308498474	1.126601524722228
1.048634373417362	0.8061109383539448	1.1183318531419708
1.0447422663080441	0.8236864121275208	1.1091300748446222
1.040500108231143	0.8423530633589971	1.0990524439059506
1.0359394126497126	0.8618886897924052	1.0881603981475447
1.031093704854952	0.8820804382804593	1.0765201816668928
1.0259982053629189	0.9027274386332436	1.0642024609590286
1.02068950893706	0.9236424760280588	1.0512819405184113
1.0152052637941191	0.9446528856327033	1.0378369827899623
1.0095838551760685	0.9656008454014176	1.023949236038573
1.0038640970188433	0.9863432221304518	1.0097032721505181
0.9980849349416347	1.0067510997691982	0.9951862345993948
0.9922851632400916	1.0267090927369205	0.9804874948447204
0.9865031580138379	1.0461145233512206	0.9656983133373943
0.9807766280122413	1.064876522593194	0.9509114991547299
0.9751423842590377	1.0829150974990476	0.9362210601737627
0.9696361290299949	1.1001601961416274	0.9217218337393659
0.9642922643191073	1.1165507918898683	0.9075090861524445
0.9591437195454819	1.1320340018075234	0.8936780681896891
0.9542217979298298	1.1465642491197743	0.8803235135019889
0.9495560407082584	1.1601024761682142	0.8675390673802785
0.9451741081514072	1.1726154118156231	0.8554166352845665
0.9411016762163819	1.1840748955627274	0.8440456439295522
0.9373623475733527	1.194457259483581	0.8335122127488742
0.9339775757128391	1.2037427683164101	0.8238982402121742
0.9309666008476173	1.211915117549439	0.8152804175242842
0.9283463963685666	1.218960989036298	0.8077291912075526
0.9261316246902702	1.2248696635071612	0.8013077051841673
0.9243346014238324	1.2296326892707232	0.7960707612105637
0.9229652669356363	1.2332436064014771	0.792063842696136
0.9220311644868694	1.235697725757321	0.7893222499111837
0.9215374242955086	1.23699196226058	0.7878703934438516
0.92148675301682	1.2371247219907975	0.7877212870569734
0.9218794282977132	1.2360958427719972	0.7888762710091305
0.9227132982225336	1.2339065880837936	0.79132498331117
0.923983785631553	1.230559694278729	0.7950455807541184
0.9256838974572328	1.2260594712418262	0.8000051956916898
0.927804239386024	1.2204119567769989	0.8061606003542837
0.9303330363135895	1.2136251251426882	0.8134590394828636
0.9332561592170161	1.2057091502793944	0.8218391853208077
0.9365571592164217	1.1966767243668575	0.8312321668324723
0.9402173097372566	1.1865434324088757	0.8415626271159361
0.9442156578096401	1.1753281835562575	0.8527497685212487
0.9485290856476662	1.1630536998255372	0.8647083528570978
0.9531323837343685	1.1497470627278477	0.8773496330813431
0.9579983366910798	1.135440318052847	0.8905822019536892
0.9630978232269564	1.12017113860535	0.9043127514464937
0.9683999314391477	1.1039835439934003	0.9184467437107598
0.9738720906603673	1.0869286755112597	0.9328889998012814
0.979480220923024	1.069065622602529	0.9475442161271235
0.9851889009232154	1.0504622951257963	0.9623174208235084
0.9909615551208658	1.0311963324066193	0.9771143831496448
0.996760660303162	1.0113560354903584	0.9918419888593941
1.0025479715685537	0.9910413026625874	1.006408593527567
1.0082847672619892	0.9703645396401964	1.0207243642829633
1.0139321119157374	0.949451504259838	1.034701618505106
1.0194511357341542	0.9284420304210821	1.0482551659524908
1.0248033286182225	0.9074905570705682	1.0613026586379368
1.029950846172635	0.886766365170751	1.0737649506524873
1.0348568245931538	0.8664533997707592	1.0855664681399244
1.039485700815415	0.8467495278181844	1.0966355877971365
1.0438035338399398	0.8278650596945878	1.1069050206651923
1.047778322753708	0.8100203508903534	1.116312196615459
1.0513803166672875	0.7934423100316157	1.1247996438496288
1.0545823115972315	0.7783596831036121	1.1323153569402518
1.0573599292620475	0.7649970732641427	1.1388131464505125
1.0596918728380966	0.7535677979556965	1.144252962992582
1.0615601549455869	0.7442658750247955	1.1486011887091188
1.0629502935047457	0.7372576438140768	1.1518308895800635
1.0638514716123038	0.7326737217833155	1.1539220226455982
1.0642566582261541	0.7306021143682644	1.1548615931658188
1.064162687193028	0.7310832811573809	1.1546437578696376
1.0635702929863633	0.734107787674652	1.1532698717334482
1.0624841024111709	0.7396168574719088	1.1507484771218663
1.0609125824485848	0.7475057496752818	1.1470952355619768
1.0588679453225451	0.7576295156638105	1.1423328038506484
1.0563660127426848	0.7698104215634461	1.136490657553685
1.0534260420808377	0.7838462099106558	1.129604866190802
1.0500705179470329	0.7995184139866333	1.1217178254613906
1.0463249132224417	0.816600091664358	1.1128779527092303
1.042217424065234	0.8348625539059835	1.1031393524141675
1.0377786837206584	0.8540808722633016	1.092561458808448
1.0330414601353046	0.8740381234380326	1.0812086627270603
1.0280403424000906	0.89452845121398	1.069149929506062
1.0228114209354218	0.9153590971256095	1.0564584141396391
1.0173919660984923	0.936351580606981	1.0432110790024065
1.0118201095539696	0.9573422097428202	1.0294883182520116
1.0061345323252855	0.9781820869561634	1.0153735915691997
1.0003741629558844	0.9987367491817275	1.0009530681962338
0.9945778886799984	1.0188855554474123	0.9863152803369624
0.9887842819521315	1.0385209099017998	0.9715507829315417
0.983031344133265	1.0575473868928993	0.9567518146801167
0.9773562675974902	1.0758808072282307	0.9420119530478278
0.9717952170203115	1.093447301053165	0.9274257539504054
0.9663831301512087	1.1101823823755392	0.9130883650401272
0.9611535379671068	1.126030052540337	0.8990951001677642
0.9561384037560362	1.14094194433824	0.8855409619059595
0.9513679803944551	1.1548765144107493	0.8725200992321259
0.9468706848579167	1.1677982887800216	0.8601251888461258
0.9426729888412444	1.1796771643615955	0.8484467313838195
0.938799324257628	1.190487767969568	0.8375722581629211
0.935272002331232	1.200208873417257	0.8275854501213323
0.932111144989276	1.2088228767225786	0.8185651781513286
0.9293346272908887	1.2163153290542508	0.810584482718991
0.9269580296949732	1.2226745268380363	0.8037095198271249
0.9249945990617332	1.227891158336489	0.797998509098298
0.9234552173966258	1.2319580059898738	0.7935007268903216
0.9223483774762851	1.2348697038381407	0.7902555917240732
0.9216801646390007	1.2366225494184788	0.7882918898692812
0.9214542441740908	1.2372143696385458	0.7876271850439117
0.9216718539021074	1.2366444402531522	0.7882674477596061
0.9223318016990976	1.2349134587147483	0.7902069274922718
0.9234304678814175	1.2320235703192328	0.793428275824035
0.9249618125315026	1.2279784477226614	0.797902912707669
0.9269173880082974	1.2227834240557218	0.8035916129367754
0.9292863570473775	1.2164456800056322	0.8104452774879835
0.9320555170134867	1.2089744853631446	0.8184058458967092
0.9352093310200955	1.200381495638423	0.8274073018515706
0.9387299667738233	1.1906811044248937	0.8373767246790956
0.9425973441326	1.179890852223329	0.8482353436952133
0.9467891924809344	1.1680318924139077	0.8598995594945296
0.9512811191185047	1.1551295149600547	0.8722819049479118
0.9560466899238123	1.1412137282134107	0.8852919278486806
0.9610575235866661	1.1263198988196912	0.8988369858497851
0.9662834006954483	1.1104894491362844	0.9128229519033255
0.9716923889112217	1.0937706106729013	0.9271548344679483
0.977250985355025	1.0762192307277776	0.9417373211559095
0.9829242771722945	1.0578996274356873	0.9564752573059045
0.9886761210157387	1.0388854856284309	0.9712740723693107
0.9944693419033656	1.01926078191317	0.9860401672295994
1.0002659515621577	0.9991207217884017	1.000681274899141
1.006027385963025	0.9785726639378137	1.0151068057036559
1.01171476129496	0.9577369964893347	1.0292281862915142
1.0172891471245902	0.9367479164002802	1.0429591997753354
1.0227118549535188	0.9157540457283007	1.0562163321723448
1.027944739834841	0.8949187971874656	1.0689191281703707
1.0329505121596583	0.8744203765577385	1.0809905571937557
1.037693056194053	0.8544512828955206	1.0923573888425215
1.0421377514581187	0.8352171426247127	1.1029505750776891
1.0462517926131945	0.8169346965744607	1.1127056350629512
1.0500045031829162	0.799828758981924	1.12156303737619
1.0533676381980241	0.7841279961933898	1.12946857339448
1.0563156707412895	0.7700594429603301	1.136373715047164
1.058826057390814	0.7578417954783796	1.1422359498303194
1.06087947772578	0.7476776931425919	1.1470190859817864
1.0624600433712945	0.7397454098131517	1.1506935210200278
1.0635554725147722	0.7341905841585649	1.1532364674348143
1.0641572264154926	0.7311187735753106	1.1546321301563702
1.0642606051353523	0.7305896589253994	1.1548718314868116
1.0638648005206146	0.7326136170427873	1.1539540804100399
1.0629729053350319	0.737151113547374	1.1518845845536134
1.0615918783540776	0.7441149982787839	1.1486762045034835
1.0597324661461038	0.7533753955448891	1.1443488516119555
1.0574090831566798	0.7647665646451155	1.1389293318325104
1.0546396525461244	0.7780949293584869	1.1324511394056496
1.0514454109790914	0.7931474575963181	1.1249542053553796
1.0478506812051351	0.8096996875505067	1.1164846066899288
1.043882616781815	0.8275228903605409	1.1070942428939423
1.039570923664608	0.8463900736772383	1.0968404867224273
1.034947563614525	0.866080721240095	1.0857858164376708
1.0300464444551305	0.886384306893167	1.0739974364568348
1.0249031021518462	0.9071027119693625	1.0615468928959149
1.0195543794994162	0.9280517193640497	1.0485096897091566
1.0140381059040213	0.9490617679328899	1.0349649100429403
1.00839278235369	0.9699781395793756	1.020994846067583
1.0026572752053782	0.9906607288733094	1.0066846389444968
0.9968705219012614	1.010983518585338	0.9921219287629938
0.9910712511820593	1.0308338586571397	0.977396512284327
0.9852977198120891	1.050111623216304	0.9626000042178787
0.9795874672878353	1.0687283011988185	0.9478254956019799
0.9739770894851568	1.0866060610023194	0.9331672007703554
0.9685020317230542	1.1036768179562086	0.9187200824858941
0.9631964012942793	1.1198813246819728	0.9045794432831585
0.9580927991420479	1.1351682980308873	0.8908404700841895
0.9532221700517887	1.149493591687976	0.8775977189770381
0.9486136704786683	1.1628194202710125	0.8649445279325737
0.9442945529446263	1.1751136384749008	0.852972347438129
0.9402900658099881	1.1863490772422856	0.8417699827586865
0.936623367150035	1.1965029378779937	0.8314227469123517
0.9333154514407518	1.205556244320348	0.8220115304198761
0.9303850877742857	1.213493353331141	0.8136118021852976
0.9278487683770706	1.2203015220937317	0.8062925649401308
0.9257206662858372	1.2259705325634613	0.8001152977066158
0.9240126011429239	1.2304923718602547	0.7951329256392535
0.9227340121970662	1.2338609680047303	0.7913888632020043
0.9218919377345021	1.2360719803585787	0.7889161788104571
0.9214910003139384	1.2371226442245031	0.7877369269834222
0.921533397334494	1.2370116691809037	0.787861687382707
0.922018896625809	1.2357391908639566	0.7892893392031644
0.9229448369121588	1.2333067760582326	0.7920070852158798
0.9243061331662316	1.229717481110583	0.7959907239287117
0.9260952870319143	1.2249759638350908	0.801205152671608
0.928302402657724	1.2190886492237338	0.8076050707679159
0.9309152084418761	1.2120639494120704	0.8151358417906712
0.9339190853444599	1.2039125384649545	0.8237344681083695
0.9372971025692308	1.1946476826359613	0.8333306296965787
0.9410300615538627	1.1842856268056097	0.8438477420947602
0.9450965493290931	1.1728460378039367	0.8552039945180332
0.9494730024092539	1.1603525052535217	0.8673133373414651
0.954133782453708	1.1468331004027332	0.8800863972839496
0.9590512649847375	1.1323209931170877	0.8934313076011099
0.9641959424561015	1.1168551267035434	0.9072544486742992
0.9695365429315258	1.1004809494787668	0.9214611010639288
0.9750401655477763	1.0832512008453314	0.9359560181550013
0.9806724337974668	1.0652267479525086	0.9506439289499516
0.986397667468237	1.0464774665757568	0.9654299834968721
0.9921790738148875	1.0270831563635523	0.980220154104206
0.9979789582189743	1.0071344756979057	0.9949216051450227
1.0037589542081358	0.9867338746282226	1.0094430431520043
1.0094802722697054	0.9659964951135805	1.0236950572807721
1.0151039664075612	0.9450509955440954	1.0375904582714424
1.0205912168684048	0.9240402406477518	1.0510446219260852
1.0259036269174773	0.9031217780812518	1.0639758409680053
1.0310035309907177	0.8824679994220451	1.0763056870530299
1.035854311009546	0.8622658570610042	1.0879593827354943
1.0404207171365654	0.8427159823620264	1.0988661814069525
1.0446691887973762	0.8240310294209202	1.1089597516651561
1.0485681714170911	0.806433060725088	1.1181785612661834
1.0520884240408164	0.7901498068396609	1.1264662547873594
1.0552033128437144	0.7754096846002198	1.133772018399498
1.057889085503327	0.7624355586408985	1.1400509247237753
1.0601251215151506	0.751437384365065	1.1452642506336683
1.061894153787114	0.7426040682023919	1.1493797610502852
1.0631824572486581	0.7360950954067458	1.1523719522559899
1.0639800007482174	0.7320326589919117	1.1542222489933187
1.0642805591753224	0.7304951168658727	1.1549191505918384
1.0640817835105745	0.7315125571319817	1.1544583225344087
1.0633852273536004	0.7350650449474952	1.152842631188655
1.0621963293768968	0.7410837871958206	1.1500821208359975
1.0605243520707976	0.7494550574213298	1.1461939335722893
1.0583822780492043	0.7600263676398502	1.1412021740725842
1.0557866660454436	0.772614136431885	1.1351377225502046
1.0527574695131334	0.787012023226974	1.1280380004429376
1.049317821432529	0.8029991669047702	1.119946694377839
1.045493789487646	0.8203477366977968	1.1109134447588487
1.0413141062085307	0.8388294158930081	1.1009935058543934
1.0368098789577072	0.8582206429125694	1.0902473845104703
1.0320142847778118	0.8783065979484097	1.0787404645623824
1.0269622551126565	0.898884034398901	1.066542623658083
1.0216901552759314	0.9197631156880053	1.0537278485388621
1.0162354632846309	0.9407684402727737	1.04037385385716
1.0106364523159321	0.9617394335122512	1.0265617083619503
1.0049318806070007	0.9825302659467015	1.0123754707715396
0.999160692118693	1.0030094319486706	0.9979018359116715
0.9933617307482823	1.0230590962220871	0.9832297897626256
0.9875734703241738	1.0425742913728135	0.9684502699841802
0.9818337620665507	1.0614620291592625	0.9536558263400191
0.9761796006691117	1.0796403713797031	0.9389402733137359
0.9706469096628851	1.0970374933960767	0.9243983252155006
0.9652703462748697	1.1135907634989162	0.910125202374016
0.9600831256002129	1.1292458540814776	0.8962161957822242
0.9551168635720236	1.1439558953455824	0.8827661770431935
0.9504014379401642	1.15768067852064	0.8698690408980969
0.9459648662594328	1.1703859129480427	0.8576170692722379
0.941833199736289	1.1820425395613787	0.8461002088828002
0.9380304316878595	1.1926261020500548	0.8354052591738809
0.9345784193223365	1.2021161761623411	0.8256149737053625
0.9314968175501752	1.2104958570629383	0.8168070859457766
0.9288030235744075	1.217751304324425	0.8090532792711566
0.9265121310796116	1.2238713439415796	0.8024181301318176
0.9246368929364925	1.2288471266708212	0.7969580618334087
0.9231876914570532	1.2326718419849676	0.7927203530296688
0.9221725153690268	1.2353404869757678	0.7897422486700268
0.9215969428233884	1.236849689618628	0.7880502208127769
0.9214641299019568	1.2371975859248636	0.7876594218571242
0.9217748042506405	1.2363837506381603	0.7885733634257658
0.9225272636257166	1.234409181276806	0.7907838410907
0.9237173793040407	1.2312763354755194	0.7942711097468479
0.9253386044719766	1.2269892217346319	0.7990042984814415
0.9273819878708432	1.2215535438343939	0.8049420391445219
0.9298361931374031	1.2149768993123973	0.8120332711455033
0.9326875244345828	1.2072690325261783	0.8202181774190024
0.9359199591179536	1.1984421429234942	0.8294292034909366
0.9395151883244975	1.188511249210295	0.8395921129338209
0.9434526664981334	1.1774946101289325	0.8506270374847881
0.9477096709768721	1.1654142025199998	0.8624494876307415
0.9522613728540793	1.1522962572170132	0.8749712983526204
0.9570809203853354	1.1381718530803568	0.888101493861684
0.9621395362365729	1.1230775690673538	0.9017470636703985
0.9674066298521888	1.1070561935898229	0.9158136496140331
0.9728499261575105	1.0901574894307944	0.9302061491509644
0.9784356116927265	1.0724390110402213	0.9448292443319581
0.9841284991005993	1.0539669689152407	0.959587868328547
0.9898922106546951	1.0348171327365445	0.9743876225452169
0.9956893812172007	1.0150757606402714	0.9891351573599823
1.0014818806565198	0.9948405360240676	1.00373852870426
1.0072310553382875	0.9742214850946708	1.0181075412497635
1.012897987835641	0.9533418373724413	1.0321540871292954
1.0184437734950074	0.9323387769837532	1.0457924870542845
1.0238298119549072	0.9113640143381072	1.058939838542851
1.0290181111627934	0.8905840856254332	1.0715163738445017
1.0339716008869162	0.8701802621705272	1.0834458281220234
1.038654452196718	0.850347925058858	1.0946558165886497
1.043032398907901	0.8312952366256212	1.1050782176452831
1.0470730565789186	0.8132409260917832	1.1146495576536017
1.0507462343255434	0.7964110115766964	1.1233113918429036
1.0540242345088104	0.7810343171136541	1.1310106750009086
1.0568821352655466	0.7673367235939252	1.1377001150539934
1.059298050902299	0.7555342250499633	1.143338502405885
1.0612533653700988	0.7458250440230556	1.1478910079733589
1.0627329343806655	0.7383812722651247	1.1513294432223224
1.063725252209518	0.7333407053789869	1.1536324761482422
1.0642225798468417	0.7307996759935474	1.1547857980326783
1.0642210318853857	0.7308077030152033	1.1547822369055618
1.0637206203532652	0.7333646302814435	1.1536218149058328
1.0627252545808838	0.7384206357006138	1.151311748109859
1.0612426971046802	0.7458791096369422	1.147866388831869
1.0592844765237968	0.7556020192753623	1.1433071118352627
1.0568657591068338	0.7674170842484654	1.1376621472699702
1.0540051817640106	0.7811259455957221	1.1309663644132004
1.0507246497278993	0.7965125239780604	1.1232610113876988
1.0470491029005509	0.8133508996623373	1.1145934169180922
1.0430062553089303	0.8314122493709031	1.1050166608249499
1.03862631245288	0.8504705875111851	1.0945892203193262
1.0339416715256164	0.8703072413638013	1.0833745992282948
1.0289866095375206	0.8907141219599444	1.0714409470436885
1.0237969642871225	0.911495932371313	1.0588606741396707
1.0184098129111299	0.9324714912966562	1.0457100686553356
1.0128631524246432	0.9534743546190712	1.032068919398815
1.0071955862528446	0.974352903213926	1.018020147718827
1.0014460202777127	0.9949700414299775	1.0036494496348698
0.9956533713996192	1.0152026240413878	0.9890449476535694
0.989856291065511	1.034940704085637	0.9742968496722836
0.9840929056629251	1.0540866718644715	0.9594971102429201
0.9784005751404204	1.0725543371758792	0.9447390873199983
0.9728156707056382	1.0902679924834402	0.9301171855538212
0.9673733719846594	1.107161483756867	0.9157264753506541
0.962107483610094	1.1231773075418312	0.9016622754817033
0.9570502708468087	1.13826574684847	0.8880196861935442
0.9522323135668903	1.1523840541648909	0.8748930597986871
0.9476823776502474	1.1654956868746669	0.8623753968673683
0.943427302712792	1.1775695982478496	0.8505576586507919
0.9394919049472303	1.1885795857266488	0.8395279904385764
0.9358988937974708	1.198503697249653	0.8293708562753762
0.9326688011709487	1.2073236957146893	0.820166092744267
0.9298199219175993	1.2150245812720408	0.8119878980403318
0.9273682643634127	1.2215941708978193	0.8049037817002914
0.925327509774288	1.227022734573674	0.7989735092366677
0.9237089797364155	1.2313026873603188	0.794248083443559
0.9225216105674717	1.2344283366751865	0.7907688091059996
0.9217719340139869	1.2363956841522576	0.7885664891771313
0.9214640636406225	1.2372022815627244	0.7876607974463831
0.9215996864738105	1.2368471403993182	0.7880598651120648
0.9221780596229522	1.2353306948674427	0.7897601069685184
0.9231960117653922	1.232654818176296	0.79274629826149
0.9246479495452805	1.2288228921771172	0.7969918973063674
0.9265258690999418	1.2238399305479282	0.8024595935853174
0.9288193730891869	1.2177127558689556	0.8091020480200862
0.9315156937615209	1.2104502310641956	0.8168627828221003
0.9345997227443524	1.2020635457953284	0.8256771734930809
0.9380540483903973	1.1925665584759761	0.835473495244319
0.9418590016460715	1.181976194616285	0.8461739797707729
0.9459927115255831	1.170312902195368	0.8576958449825481
0.9504311713717049	1.1576011646718993	0.8699522687885031
0.9551483171552397	1.14387007205201	0.8828532871875663
0.9601161191038968	1.1291539500968653	0.8963066057706806
0.9653046879513172	1.1134930472098588	0.9102183215517637
