1.0	1.0	1.0
1.0057630707098424	0.9794699064387753	1.014435482429926
1.0114537701843682	0.9586468462784117	1.028570607675385
1.0170331778200525	0.9376643598170987	1.0423190795791955
1.0224626025984773	0.9166703812386697	1.0555972899740897
1.0277038839970336	0.8958276165972568	1.0683246736613763
1.0327197031812283	0.8753135643659241	1.0804240736554709
1.037473901084582	0.8553200407962718	1.0918221158492358
1.0419317994921644	0.8360520473186269	1.10244959054736
1.0460605208162848	0.8177257997147848	1.1122418368435274
1.049829301909215	0.8005657377823381	1.1211391246103406
1.0532097970180545	0.7848003613677728	1.1290870279499265
1.0561763648682472	0.7706568066665513	1.1360367833320424
1.05870633487835	0.7583541954442743	1.1419456253324671
1.0607802476680817	0.7480959603581506	1.1467770928771783
1.062382065327482	0.7400615571317852	1.150501299188723
1.0634993473639822	0.7343981838865916	1.1530951592030316
1.0641233888267423	0.7312132863393604	1.1545425690514703
1.0642493178078845	0.7305686763583654	1.1548345332491956
1.063876150316723	0.7324769884512901	1.1539692364539267
1.063006801389443	0.7369009409257337	1.1519520580093456
1.06164805220307	0.7437555018135115	1.1487955289097664
1.05981047387715	0.7529126688319108	1.14451923225989
1.0575083095369942	0.7642082512395898	1.139149649697105
1.0547593170476048	0.7774498577193385	1.1327199575375013
1.0515845755792115	0.7924252699592376	1.1252697775480274
1.0480082598096239	0.8089104915750743	1.1168448881894875
1.0440573860865672	0.8266769531733866	1.107496902879221
1.0397615352519698	0.84549756860666	1.0972829222576364
1.0351525570634421	0.8651515297494995	1.0862651675874906
1.030264261235815	0.8854278726948261	1.0745106022560311
1.025132100073549	0.9061279410376804	1.0620905478834646
1.0197928474842108	0.927066918155886	1.049080300770098
1.0142842788696182	0.9480746120068678	1.0355587533496586
1.0086448560034051	0.9689956654661951	1.0216080239752527
1.0029134205425847	0.9896893430802411	1.0073130967717816
0.9971288993079135	1.0100290187469343	0.9927614714771387
0.99133002392519	1.029901462910031	0.9780428212070729
0.9855550668675378	1.0492060048004572	0.9632486539719524
0.9798415953959138	1.0678536260458256	0.9484719716228548
0.9742262443776855	1.085766026668563	0.9338069178087861
0.9687445084844772	1.102874692715317	0.9193484046159166
0.96343055384084	1.1191199859318912	0.9051917059984875
0.9583170488218392	1.1344502694208003	0.891432005102041
0.9534350133846232	1.1488210785508703	0.8781638823597009
0.9488136860679884	1.1621943430765609	0.8654807320702709
0.9444804076040787	1.174537664108496	0.8534740972995775
0.9404605199549045	1.1858236479799582	0.8422329165992688
0.9367772795090443	1.1960292979713485	0.8318426813312106
0.9334517831453429	1.2051354641361567	0.8223845092833125
0.9305029058845887	1.2131263510107548	0.813934148503879
0.9279472489007247	1.2199890827108315	0.8065609343343629
0.9257990967438537	1.225713324766726	0.8003267316679447
0.9240703827322028	1.2302909619916387	0.7952849024461998
0.9227706615939301	1.2337158316851033	0.7914793441443037
0.921907088577521	1.2359835115311553	0.7889436473579108
0.9214844043975677	1.2370911616432512	0.787700418741963
0.9215049255378391	1.237037420326348	0.7877608091100364
0.9219685395932355	1.2358223532627832	0.7891242757782461
0.9228727054945994	1.2334474559761612	0.7917785942067798
0.924212458623966	1.2299157095803455	0.795700118195431
0.925980420991368	1.2252316899733395	0.8008542721808747
0.9281668168065219	1.219401730782573	0.8071962454008786
0.9307594939380629	1.2124341405030081	0.8146718473313781
0.9337439519075733	1.2043394743857865	0.8232184777825347
0.9371033772128976	1.195130861724931	0.8327661635918379
0.9408186869119659	1.1848243892427686	0.8432386165689773
0.9448685815205377	1.1734395412778307	0.8545542733430781
0.9492296083801752	1.1609996974133827	0.8666272858949764
0.9538762367309297	1.1475326880239944	0.879368440646572
0.958780945770697	1.1330714079237434	0.8926859929870378
0.9639143269936721	1.1176544878182153	0.9064864122505597
0.9692452020675264	1.1013270225153413	0.9206750389166574
0.9747407574268	1.084141353726843	0.9351566609448638
0.9803666966233151	1.0661579036383497	0.9498360196607106
0.9860874112789574	1.0474460530307232	0.9646182576118755
0.9918661712293974	1.0280850543144477	0.9794093215333766
0.997665334128591	1.008164965024302	0.9941163332570921
1.0034465744050234	0.98778758065079	1.0086479403313084
1.0091711310261273	0.9670673366089786	1.0229146565144722
1.0148000730446067	0.9461321370643793	1.0368292003729704
1.0202945813800333	0.9251240526845917	1.0503068381070892
1.0256162447447053	0.9041998098047104	1.0632657345788323
1.0307273670707269	0.8835309701181273	1.0756273144168211
1.0355912832544691	0.8633036739051557	1.087316633100211
1.0401726795256705	0.8437177936088078	1.098262756130677
1.044437914293123	0.8249853231330689	1.108399142830928
1.0483553349389163	0.8073278193091512	1.1176640299918061
1.051895585749319	0.7909727262469864	1.1260008095517156
1.0550319020010746	0.7761484633791473	1.1333583937488623
1.0577403851823441	0.7630782555319519	1.1396915607485665
1.0600002544284934	0.751972833752573	1.144961273617543
1.0617940694997388	0.7430223312901231	1.1491349656893264
1.0631079210197256	0.7363879134216397	1.1521867858262713
1.0639315842243862	0.7321938659828869	1.15409779781116
1.064258633125534	0.7305209669720025	1.1548561290638963
1.0640865127542634	0.731401926822298	1.1544570650361898
1.0634165679908385	0.7348194847883337	1.1529030869423689
1.062254028381754	0.7407074175815779	1.150203851884543
1.0606079492598288	0.7489543237549817	1.146376115868609
1.058491110387206	0.7594096876172057	1.1414436016257041
1.05591987420222	0.7718914817694531	1.1354368144943137
1.0529140065397038	0.7861944793366802	1.128392810826896
1.049496463384514	0.8020985080882475	1.1203549244125433
1.045693147788819	0.8193760442936121	1.1113724572114962
1.041532641519718	0.8377987555387865	1.1015003412441453
1.037045916296062	0.8571428070249936	1.0907987787410582
1.0322660296192894	0.8771929119360573	1.0793328676251321
1.027227810206271	0.897745220292738	1.0671722190544177
1.0219675379017177	0.9186092044567106	1.054390573104889
1.0165226226975472	0.9396087234601411	1.041065417724252
1.0109312871343341	0.9605824453425615	1.027277614855626
1.0052322559257483	0.9813837881538892	1.0131110361352664
0.9994644561522792	1.0018805149144032	0.9986522088406771
0.9936667308373754	1.0219540913194627	0.9839899708430033
0.9878775681684667	1.0414988905810059	0.9692151312511106
0.982134848076703	1.0604213089904488	0.9544201312913014
0.9764756073598265	1.078638838938706	0.9396986978350054
0.9709358240369268	1.096079132994536	0.9251454799836433
0.9655502211733931	1.112679082698229	0.910855657395435
0.9603520900175982	1.1283839283722132	0.8969245077805895
0.955373131953132	1.1431464109129648	0.8834469204230223
0.950643318494339	1.1569259727187882	0.8705168429606533
0.9461907683386135	1.1696880122282431	0.8582266502338324
0.9420416403343403	1.1814031946856012	0.8466664270302543
0.9382200411248243	1.1920468204806245	0.835923161181217
0.9347479461810391	1.2015982515596508	0.8260798497327226
0.9316451329337307	1.2100403958507069	0.8172145286625332
0.9289291247520713	1.2173592493000651	0.8093992454224973
0.9266151445853592	1.2235434949203228	0.8026990027505633
0.9247160771800891	1.2285841581582166	0.7971707107488331
0.9232424389014657	1.2324743178744295	0.7928621910114362
0.9222023543210971	1.2352088722669081	0.7898112804324928
0.9216015388769863	1.2367843591488188	0.7880450822396834
0.9214432870645216	1.237198830101279	0.7875794072060867
0.9217284657752773	1.2364517781508886	0.7884184389145847
0.9224555125619207	1.234544118765812	0.7905546440929693
0.9236204387707949	1.2314782241155986	0.793968933740631
0.9252168376474637	1.2272580106933701	0.7986310647938272
0.9272358976834089	1.221889080548826	0.8045002573116563
0.9296664216327757	1.215378916520938	0.8115259902788713
0.9324948517848255	1.2077371319838857	0.8196489312857309
0.9357053022283018	1.1989757757213273	0.8288019520697985
0.93927959898533	1.189109692613423	0.8389111830267393
0.9431973290210368	1.1781569408461912	0.8498970645994889
0.9474358992463866	1.1661392663175445	0.8616753608705786
0.951970606720549	1.1530826347957688	0.8741581095219748
0.9567747213197118	1.1390178221515295	0.8872544914781112
0.9618195821654055	1.1239810625865791	0.900871612111545
0.9670747090907915	1.1080147541535441	0.9149151932454522
0.9725079303618005	1.091168219905339	0.9292901809923718
0.9780855277558888	1.0734985215947535	0.9439012786242007
0.9837723999298189	1.0550713207779578	0.9586534162533493
0.9895322447760081	1.0359617792074938	0.9734521703117106
0.9953277611731518	1.0162554861978683	0.9882041458913986
1.0011208701818222	0.996049394785839	1.0028173342205473
1.0068729553229097	0.9754527404717077	1.0172014561342904
1.0125451211124001	0.9545879055309389	1.0312683005793264
1.0180984685193286	0.9335911777333218	1.0449320651367597
1.0234943854772338	0.9126133343300671	1.0581097034023161
1.0286948500283446	0.8918199602585334	1.0707212819336112
1.0336627431320067	0.871391384299913	1.0826903474428728
1.0383621676445258	0.8515220903206626	1.093944303042212
1.0427587694980496	0.8324194366128326	1.104414790684009
1.0468200566931969	0.8143015012504415	1.1140380755168175
1.0505157113951384	0.7973938748466743	1.1227554267243716
1.053817890205304	0.7819252562030328	1.1305134885514723
1.0567015075874775	0.7681217836038192	1.1372646346586186
1.059144497470408	0.7562001636138581	1.142967298692932
1.0611280482368073	0.7463598386905337	1.1475862740143759
1.0626368066426142	0.7387746462695889	1.1510929758632602
1.063659046686212	0.7335846261848243	1.1534656598785553
1.0641868000540808	0.7308887748421657	1.1546895917486644
1.0642159454901405	0.7307395663058146	1.1547571638604401
1.0637462552482322	0.7331399262573953	1.1536679560639542
1.0627813976637155	0.7380430607720716	1.1514287390390547
1.0613288957906724	0.7453551631334032	1.148053420179585
1.0594000429635975	0.7549406375715425	1.1435629333443968
1.057009777024574	0.7666291800237334	1.1379850752028926
1.0541765157781011	0.780223903058795	1.131354292170916
1.0509219569684514	0.7955096968531266	1.123711423038943
1.0472708466955178	0.8122611484453683	1.115103403293427
1.043250720676894	0.8302495414534983	1.1055829377863362
1.0388916231148384	0.8492486713563785	1.0952081487883225
1.0342258081316167	0.8690393959527958	1.0840422065476136
1.029287428796643	0.8894129759377366	1.072152949258341
1.0241122186908298	0.9101733435332585	1.0596124988158606
1.0187371707497248	0.9311384756356667	1.0464968779075117
1.0132002178135906	0.952141054327438	1.0328856328673046
1.0075399189088585	0.973028584121656	1.0188614653310637
1.0017951548124784	0.9936631118504211	1.0045098740906473
0.996004835930475	1.013920668549612	0.9899188066965507
0.9902076249759479	1.0336905271859114	0.9751783183427171
0.9844416763800959	1.0528743477241247	0.9603802334456438
0.9787443938307732	1.0713852625922862	0.9456178031811425
0.9731522068222616	1.089146941023392	0.9309853501711226
0.9677003666300832	1.1060926595937293	0.9165778896555901
0.9624227617054596	1.1221643979508265	0.9024907150138659
0.957351752122034	1.1373119726374454	0.8888189346235484
0.9525180224064094	1.1514922175456732	0.8756569470083613
0.9479504518449949	1.1646682164417566	0.8630978422875291
0.9436760011813728	1.1768085908447448	0.8512327203518898
0.9397196144978047	1.1878868450590307	0.8401499201573775
0.9361041350070797	1.197880769158913	0.8299341601402718
0.9328502334611208	1.2067719000619646	0.8206655969449771
0.9299763479044876	1.2145450404070615	0.8124188181041925
0.9274986335578114	1.2211878347019574	0.8052617934354176
0.9254309217020382	1.2266904020750913	0.7992548188479153
0.9237846865433162	1.2310450249226645	0.7944494938973223
0.9225690191651557	1.234245892761098	0.7908877795918184
0.9217906078146194	1.2362889006598201	0.7886011845512192
0.9214537239189375	1.2371715017276352	0.7876101248789251
0.9215602133851131	1.2368926132483054	0.7879234957901425
0.922109492895424	1.235452576199902	0.789538481577936
0.9230985510744567	1.2328531680415167	0.7924406159911473
0.9245219545669884	1.2290976688042325	0.796604089169399
0.9263718592294273	1.2241909806752047	0.8019922818078368
0.9286380267992939	1.2181398014086477	0.8085584940037153
0.9313078475658175	1.2109528520293589	0.8162468266679468
0.9343663697180937	1.202641159406255	0.824993168254273
0.9377963361927346	1.1932183943569625	0.8347262389673794
0.9415782299771912	1.182701265989129	0.8453686480440066
0.9456903289437694	1.1711099729755592	0.8568379262043909
0.9501087713879149	1.158468712378594	0.8690475037788322
0.9548076335170427	1.1448062464560154	0.8819076141622626
0.9597590201769838	1.1301565275554641	0.8953261111413205
0.9649331701057001	1.114559380678392	0.9092091965367821
0.9702985769619936	1.098061242484366	0.9234620610583306
0.9758221272846309	1.080715954294074	0.937989446088246
0.9814692563894872	1.062585604870452	0.9526961373104395
0.987204123005138	1.0437414161877256	0.9674874028356193
0.9929898031785037	1.0242646617389592	0.9822693889744034
0.998788503651553	1.004247601797333	0.9969494863384766
1.004561794519962	0.9837944129546664	1.01143667775992
1.0102708605400792	0.963022079649802	1.0256418778384158
1.0158767699596225	0.9420612026672543	1.0394782719469953
1.021340759221374	0.9210566631915976	1.0528616604037748
1.0266245313418945	0.9001680606542583	1.0657108113699825
1.0316905652159012	0.8795698185828171	1.077947823955303
1.0365024325606726	0.8594508262790151	1.0894985010694052
1.0410251187146127	0.8400134584101498	1.1002927298057914
1.0452253430617215	0.8214717948882336	1.1102648656205747
1.0490718744907994	0.8040488580589624	1.1193541153046245
1.052535837035165	0.7879727044275252	1.1275049127653123
1.0555910006934603	0.7734712666308157	1.1346672809493572
1.0582140524191286	0.7607659490201524	1.1407971728597754
1.0603848423951228	0.7500641405060687	1.1458567845488652
1.062086600985649	0.7415510103350715	1.1498148331988138
1.063306122176316	0.7353811655136668	1.1526467939164347
1.0640339098697946	0.7316709226435992	1.154335089644389
1.064264284081316	0.7304920230506025	1.1548692295948613
1.0639954448567264	0.7318675507513437	1.1542458928016022
1.0632294925899084	0.7357705852099851	1.1524689547141695
1.0619724043169851	0.742125770890975	1.1495494561701929
1.060233966480275	0.7508135918722032	1.1455055155204001
1.0580276655530778	0.7616767969014306	1.1403621860886743
1.0553705387656467	0.7745282042540115	1.1341512624685273
1.0522829879441082	0.7891590586525142	1.126911040334615
1.0487885601426377	0.8053471981635398	1.1186860354353318
1.0449136992948431	0.8228644681293008	1.109526668189332
1.0406874735189842	0.8414830329550519	1.0994889208024945
1.0361412829755896	0.8609804361955421	1.0886339740287587
1.0313085532938473	0.8811434157753414	1.0770278306036196
1.0262244195595474	0.9017705847815825	1.0647409319768038
1.020925405702494	0.922674143359073	1.051847774262609
1.0154491038498843	0.9436808050243685	1.0384265283217664
1.009833857842355	0.9646321138902187	1.0245586676036633
1.0041184546617725	0.9853843088596592	1.0103286058353487
0.9983418270160643	1.0058078649009745	0.9958233448748773
0.9925427697882129	1.0257868152316967	0.9811321310917619
0.9867596725048184	1.0452179344666943	0.9663461165500751
0.9810302694334505	1.0640098427413676	0.9515580191208598
0.9753914083940941	1.0820820747235647	0.936861773533715
0.9698788388822946	1.0993641449572034	0.9223521634154438
0.964527019661006	1.115794631585271	0.9081244227137453
0.9593689455924849	1.1313202935781348	0.8942737937607979
0.9544359931556888	1.1458952315874351	0.8808950288255838
0.9497577838306014	1.159480098983201	0.8680818225907583
0.9453620643284087	1.172041367132779	0.8559261648296204
0.9412746025030783	1.1835506472520065	0.844517605879357
0.9375190976916555	1.1939840699827935	0.8339424324540513
0.9341171041923254	1.2033217230666828	0.8242827579162467
0.9310879665950303	1.2115471469760544	0.8156155391204152
0.9284487657229219	1.2186468880521333	0.8080115408829555
0.926214274017821	1.2246101085248966	0.8015342782626678
0.9243969193031744	1.2294282527148153	0.7962389751389183
0.9230067559781903	1.2330947687125198	0.7921715838814295
0.9220514428320823	1.235604884880565	0.789367914057771
0.9215362268135628	1.2369554406075456	0.7878529171946607
0.9214639322445802	1.2371447708584882	0.7876401691242512
0.9218349551261998	1.2361726441985088	0.7887315815593954
0.9226472623464789	1.234040254112427	0.7911173610911798
0.9238963957636406	1.2307502635952792	0.7947762182272541
0.9255754813015123	1.2263069031418623	0.7996758132046886
0.9276752433567895	1.220716122411889	0.8057734109858948
0.9301840249777723	1.2139857959852445	0.8130167066728208
0.9330878144299866	1.2061259837426306	0.8213447756044743
0.936370278913117	1.1971492465029736	0.8306891000122323
0.9400128063329276	1.187071017610772	0.8409746260129652
0.9439945561574312	1.1759100311814557	0.8521208101191239
0.9482925204939462	1.1636888076634917	0.8640426222293773
0.9528815966074955	1.1504341972378054	0.8766514810451389
0.9577346721554219	1.1361779813130113	0.8898561069578612
0.9628227244318299	1.1209575319383094	0.9035632858209371
0.9681149348922288	1.1048165282723	0.9176785440928381
0.9735788201574119	1.0878057282125133	0.932106741324908
0.9791803805707205	1.0699837917631294	0.9467525898077757
0.984884267199956	1.051418150498864	0.9615211134906216
0.9906539679313843	1.0321859143043477	0.976318059255005
0.9964520129974399	1.0123748020804606	0.9910502735137833
1.002240199913178	0.9920840768695512	1.005626056175984
1.0079798373731141	0.9714254573277559	1.019955502510545
1.013632007186699	0.9505239660702353	1.033950841562539
1.019157842817179	0.9295186605512812	1.0475267776940944
1.0245188225479616	0.9085631733937712	1.0606008396722377
1.0296770747486912	0.8878259664509421	1.0730937396097706
1.0345956921684383	0.8674901771991816	1.084929742060736
1.0392390516660457	0.847752909561847	1.0960370417375362
1.043573135319339	0.8288237982941502	1.1063481466967289
1.0475658484574057	0.8109226637207022	1.1158002624686998
1.0511873298545236	0.7942760820250606	1.1243356715082937
1.0544102491296485	0.779112737828317	1.1319021015373993
1.0572100863276392	0.7656575126433198	1.1384530758479665
1.0595653887292995	0.7541244022100776	1.1439482384392927
1.061458000153485	0.7447085434187913	1.1483536469732094
1.0628732583765363	0.7375778451720129	1.1516420269331502
1.0638001567965563	0.7328649142583376	1.1537929810472707
1.0642314671004385	0.7306600898034759	1.1547931489521186
1.0641638204319783	0.7310063931300903	1.1546363131936621
1.0635977453862813	0.7338970345890633	1.153323448940992
1.0625376620412685	0.7392758108414482	1.1508627161728686
1.060991832150471	0.7470403387257547	1.14726939453234
1.0589722665303258	0.7570476975207111	1.1425657624718308
1.0564945915478083	0.7691217775779364	1.1367809236725352
1.0535778774202895	0.7830615115397034	1.1299505849624918
1.0502444317522281	0.798649197036747	1.1221167910269956
1.0465195623305326	0.8156582682916592	1.1133276220591521
1.042431313665611	0.8338600806323132	1.1036368611014715
1.0380101820879257	0.8530294819351149	1.093103638154174
1.0332888143863468	0.8729491209930016	1.0817920581539915
1.0283016950070698	0.8934125677896811	1.0697708196492002
1.0230848267283779	0.9142263942038098	1.057112830411123
1.0176754095000748	0.9352113949510164	1.0438948253357043
1.0121115218039072	0.9562031302027895	1.0301969908143915
1.0064318084724715	0.9770519552268729	1.0161025983116476
1.00067517842032	0.9976226778914441	1.0016976482045519
0.9948805152140882	1.0177939582695827	0.9870705230544792
0.9890864028598035	1.0374575395731134	0.9723116474395878
0.9833308686349548	1.0565173780274568	0.9575131493429546
0.9776511442581721	1.0748887216276013	0.9427685159484749
0.9720834461855853	1.0924971738413074	0.9281722346553948
0.9666627753622273	1.1092777677631946	0.9138194083253484
0.9614227363482963	1.1251740683754656	0.8998053324025354
0.9563953753897108	1.14013731485514	0.8862250208148656
0.9516110367133372	1.1541256107742515	0.8731726677189268
0.9470982361001533	1.16710316715153	0.8607410334561963
0.9428835506227969	1.17903960130536	0.84902074578815
0.9389915233240597	1.1899092930813364	0.8380995117597605
0.935444581555158	1.1996907991013606	0.8280612414718357
0.9322629676813577	1.2083663250732248	0.8189850925061847
0.9294646808915702	1.215921255816413	0.8109444523824634
0.9270654289115207	1.222343742435566	0.80400588558814
0.9250785885108499	1.227624345961937	0.7982280804943531
0.923515173807319	1.2317557367532808	0.7936608387264765
0.9223838115009967	1.2347324489717153	0.7903441541116851
0.9216907223135479	1.2365506895312648	0.7883074291284667
0.9214397080588603	1.2372082010104357	0.7875688731537475
0.9216321439283921	1.236704178151298	0.7881351186280358
0.9222669757355484	1.23503923770792	0.79000107910162
0.9233407220264134	1.2322154415572988	0.7931500582026423
0.9248474811278862	1.2282363731394186	0.7975541025785001
0.9267789433674577	1.2231072674441161	0.8031745766939934
0.9291244088601555	1.2168351949053187	0.8099629247643146
0.931870811415938	1.2094292996917646	0.8178615763520876
0.935002749272895	1.200901092990382	0.8268049479200736
0.9385025235052014	1.1912648019554328	0.8367204928766554
0.9423501850863875	1.180537775032121	0.8475297567634728
0.9465235917037956	1.1687409443423877	0.8591494012007884
0.9509984755140946	1.155899345721797	0.8714921688448001
0.9557485230967212	1.1420426967893922	0.8844677707801583
0.9607454688960051	1.1272060330734275	0.8979836865187236
0.9659592034371699	1.111430401642289	0.9119458744205352
0.9713578975501548	1.0947636108122096	0.926259396497874
0.9769081437325002	1.0772610331956323	0.9408289660625325
0.9825751156234853	1.058986457441484	0.9555594295769075
0.9883227463426855	1.0400129812637653	0.9703561955452217
0.9941139261652748	1.0204239344426083	0.98512562357309
0.9999107196639918	1.000313815007787	0.9997753860934557
1.005674602046549	0.9797892142807367	1.0142148139551324
1.0113667139629996	0.9589696962822515	1.0283552353180738
1.0169481335588602	0.9379885836087195	1.0421103152815796
1.0223801640183354	0.9169935847289402	1.0553964015353503
1.0276246342925544	0.8961471765456009	1.0681328791829443
1.032644210157698	0.8756266314364056	1.0802425358296686
1.03740271221694	0.8556235514317112	1.091651936117847
1.0418654369693812	0.8363427471062095	1.1022918031813413
1.045999476640517	0.8180002810883245	1.1120974030158282
1.049774033123672	0.8008204947407108	1.1210089265502905
1.0531607211403295	0.7850318631912384	1.128971863279615
1.056133855606707	0.7708615911955143	1.135937359692371
1.0586707182078487	0.7585289802455291	1.1418625554090591
1.0607517983377006	0.7482377671285602	1.1467108899341467
1.0623610038671665	0.7401678413548656	1.1504523732116196
1.06348583764898	0.7344669587600314	1.1530638137414633
1.0641175362488124	0.7312432282380078	1.1545289988373442
1.0642511680906497	0.7305591994282645	1.154838822648954
1.0638856889996477	0.7324282787490985	1.153991358793161
1.0630239539911641	0.7368139455015181	1.151991875786644
1.0616726850606826	0.7436318742229716	1.1488527948944591
1.0598423956440364	0.7527546782911708	1.144593591446346
1.0575472733083888	0.7640186666706693	1.13924064206736
1.0548050230707706	0.7772318195499088	1.1328270215650624
1.0516366744942531	0.7921821617843364	1.1253922543594936
1.0480663563579569	0.8086458213203864	1.116982026287803
1.0441210432170915	0.8263942501355948	1.1076478633234894
1.039830278550252	0.8452002995166291	1.097446784189873
1.0352258794267246	0.8648430343549488	1.0864409339967307
1.0303416277164046	0.8851113175180131	1.0746972058750148
1.0252129528149474	0.9058062889121482	1.0622868571226352
1.019876610678045	0.9267429107292665	1.0492851256078215
1.0143703636667158	0.9477507624158911	1.0357708511161572
1.0087326653189717	0.9686742586636703	1.0218261049904098
1.0030023537029855	0.9893724416828238	1.0075358298233181
0.9972183564947728	1.0097184726846633	0.9929874891550625
0.9914194103810028	1.029598921540871	0.9782707251420472
0.9856437968354895	1.048912930480667	0.9634770200582797
0.9799290957748199	1.0675713084130989	0.948699355339839
0.9743119580806819	1.0854955971028688	0.9340318597855343
0.9688278974971313	1.1026171386001182	0.9195694366119466
0.9635111019805637	1.1188761644552747	0.9054073574929642
0.958394264205799	1.1342209207409695	0.8916408106946893
0.9535084306177017	1.1486068382111096	0.8783643901825522
0.9488828681657551	1.1619957535975154	0.8656715133873506
0.9445449476682047	1.1743551857152634	0.8536537574276472
0.9405200426200605	1.1856576684417741	0.8424001072140631
0.9368314421811281	1.1958801415452625	0.8319961141293974
0.9335002770509847	1.2050033996149914	0.8225229708527749
0.9305454569513666	1.2130115988812253	0.8140565161198663
0.9279836184865028	1.219891821430914	0.8066661922569747
0.9258290822322105	1.2256336961729133	0.8004139873819329
0.9240938180091376	1.230229075847056	0.7953534021748574
0.9227874174190184	1.2336717693789248	0.7915284869036484
0.9219170728604645	1.2359573289385704	0.7889729968113561
0.9214875623887483	1.2370828911536034	0.7877097121790636
0.9215012399390498	1.237047072045064	0.7877499630064538
0.9219580305922688	1.235849915390529	0.7890933875880007
0.9228554307248646	1.2334928943663115	0.7917279402722601
0.9241885130477703	1.229978966473499	0.795630147908618
0.9259499367029859	1.2253126819052675	0.8007655987614175
0.9281299627486893	1.2195003456598166	0.8070896338465089
0.9307164755231073	1.2125502338383678	0.8145482002245178
0.9336950105320497	1.2044728646843414	0.8230788196948339
0.9370487896524038	1.1952813250100818	0.8326116248173215
0.940758764580798	1.18499165271132	0.8430704168469373
0.9448036695790946	1.173623276073552	0.8543737061200164
0.9491600846716056	1.1611995105101323	0.8664357035392448
0.9538025105275311	1.1477481132128708	0.8791672408873326
0.958703456310099	1.1333018959045236	0.892476606715155
0.9638335417849988	1.1178993954045426	0.9062702927030498
0.9691616149485885	1.1015856009771803	0.9204536521740461
0.9746548863550448	1.084412736314613	0.9349314776040928
0.9802790811858014	1.0664410923636776	0.9496085075040508
0.985998609910107	1.0477399048226634	0.9643898750717926
0.9917767581297013	1.0283882667323214	0.9791815117506418
0.9975758958828369	1.008476061795384	0.9938905185405722
1.0033577063048902	0.9881048974207524	1.008425516848971
1.0090834331090905	0.9673890074543037	1.0226969890728472
1.0147141458688564	0.9464560825281567	1.036617617173821
1.0202110215633633	0.9254479703679642	1.050102625403158
1.0255356403038312	0.9045211688784417	1.0630701311835298
1.0306502926059726	0.8838470115045008	1.0754415060543128
1.0355182950329234	0.8636114182931204	1.087141746611556
1.0401043105234098	0.8440140598492919	1.098099853577739
1.0443746692636087	0.8252667598209311	1.1082492155621553
1.048297685579858	0.8075909523506839	1.1175279927522228
1.051843966043849	0.7912140247528642	1.1258794947332875
1.0549867038107363	0.7763644251147886	1.1332525458865594
1.057701954168968	0.7632655112520035	1.1396018313718725
1.0599688863793666	0.7521282670404544	1.1448882165668468
1.0617700071255598	0.7431432072675288	1.149079033001731
1.0630913512877085	0.7364720064578505	1.1521483242861499
1.0639226362797056	0.7322395741660221	1.154077046247681
1.0642573768433352	0.7305274005136484	1.1548532164613023
1.0640929579520488	0.7313689593769251	1.154472009503503
1.063430664317572	0.7347477608699406	1.1529357955681876
1.0622756658859944	0.7405983150674177	1.1502541214805708
1.0606369596250818	0.7488098765191934	1.146443634583347
1.0585272688089835	0.7592324781834568	1.1415279513883239
1.0559629018684895	0.7716845164998775	1.1355374742288908
1.0529635736649265	0.7859610588225476	1.1285091603598116
1.049552192737684	0.8018421035254171	1.1204862489815877
1.0457546186480995	0.8191001875715135	1.111517952474687
1.041599393980622	0.8375069474439778	1.1016591186799283
1.037117455856728	0.8568384450327301	1.0909698713297284
1.0323418319652478	0.8768792368872342	1.079515235704186
1.027307326118097	0.8974252798972037	1.0673647562481683
1.0220501982119303	0.9182858309143175	1.0545921122410002
1.016607843227793	0.9392845223579317	1.0412747366666728
1.0110184735500114	0.9602597931769354	1.0274934422044855
1.00532080845244	0.9810648361827607	1.0133320567692012
0.999553774106343	1.001567197455564	0.998877069305315
0.9937562169314473	1.0216481370099955	0.9842172846202308
0.9879666325611711	1.041201835463831	0.969443483976419
0.9822229121442148	1.0601345105850155	0.9546480860197452
0.9765621071748781	1.0783634906834643	0.9399248004885599
0.9710202135481846	1.095816278625731	0.9253682651419746
0.9656319750846851	1.1124296302617718	0.9110736546156852
0.9604307063721604	1.128148663662173	0.8971362486465778
0.9554481344327864	1.142926010199812	0.8836509465265426
0.9507142584473008	1.1567210146798343	0.8707117150033048
0.9462572265524751	1.169498989027124	0.8584109584030788
0.9421032285727224	1.181230522171349	0.846838802744913
0.9382764034473087	1.1918908474928962	0.8360822902175944
0.9347987600663656	1.2014592683372909	0.8262244866339392
0.931690110225969	1.209918641547597	0.8173435122045555
0.9289680124486461	1.2172549186162915	0.8095115147696057
0.9266477254845211	1.223456743858843	0.8027936137934494
0.924742170403775	1.228515108917984	0.7972468519968798
0.9232619003075544	1.232423062890717	0.7929191983254522
0.9222150768169242	1.2351754774086325	0.789848649852543
0.9216074526436809	1.2367688660811833	0.788062480197422
0.9214423596993286	1.2372012578201972	0.7875766775168438
0.921720702356556	1.2364721236935245	0.7883956061159193
0.922440955639003	1.2345823570992798	0.790511912917413
0.9235991682783614	1.231534307203503	0.7939066847563775
0.9251889707415722	1.2273318657375085	0.7985498464891382
0.9272015884938085	1.221980607401121	0.8044007751084731
0.9296258609236854	1.2154879842586057	0.8114090931159617
0.9324482665139798	1.2078635746390736	0.8195155964983821
0.9356529549918015	1.1991193871551087	0.8286532693089868
0.9392217873337408	1.189270220523264	0.8387483379130312
0.94313438463032	1.178334079896035	0.8497213227099717
0.9473681869256748	1.1663326503807518	0.8614880525288455
0.9518985232376188	1.1532918283037767	0.8739606157197903
0.9566986940243081	1.1392423105458025	0.8870482311186824
0.9617400673904658	1.1242202418791136	0.900658030640147
0.966992190312184	1.1082679196130851	0.9146957526309082
0.9724229160985265	1.091434553904316	0.9290663509458565
0.9779985491948837	1.073777080678196	0.9436745288900293
0.9836840082625847	1.0553610220536367	0.9584252097775917
0.9894430082383541	1.0362613862107433	0.9732239570851048
0.9952382617843278	1.0165635944607634	0.9879773572691023
1.0010317001852564	0.996364417445918	1.0025933775387852
1.006784713337541	0.9757728943988212	1.0169817094693705
1.0124584080111114	0.9549111986414199	1.031054107524771
1.018013883059068	0.9339153984071729	1.044724729506995
1.0234125197138402	0.912936044154526	1.0579104838045932
1.028616284557621	0.892138491687475	1.0705313861821182
1.0335880422069108	0.8717028452251786	1.0825109268192628
1.0382918742261558	0.8518233779560243	1.093776446434175
1.0426934003050485	0.8327072634154795	1.1042595186574424
1.0467600973199573	0.814572435725144	1.113896334397098
1.0504616115734349	0.797644399824764	1.1226280827778712
1.0537700592864307	0.7821518463644109	1.1304013223695195
1.056660310322399	0.7683210024373787	1.1371683358524396
1.0591102501636755	0.7563687776150295	1.1428874610096982
1.061101015345988	0.7464949435103115	1.1475233909814078
1.0626171978887227	0.7388737961966896	1.1510474370599193
1.0636470147322672	0.7336459555126625	1.1534377479237674
1.0641824387986307	0.7309110982654883	1.1546794800768472
1.064219289010718	0.730722446293312	1.1547649153404793
1.063757277416608	0.7330836986351653	1.1536935224955447
1.062800012440956	0.7379488150526043	1.151471961538985
1.0613549581958588	0.7452246802611674	1.148114030448312
1.059433350696139	0.7547762932458195	1.143640555781414
1.0570500727068195	0.7664338253582339	1.1380792298188158
1.0542234897728946	0.7800007354666116	1.131464398225761
1.0509752507157664	0.7952621328928365	1.1238368033204604
1.047330056503661	0.8119927076686733	1.1152432889372719
1.0433154018972386	0.829963746979597	1.105736473531765
1.0389612946247297	0.8489489697487009	1.0953743985594402
1.0342999570480493	0.8687290964725328	1.0842201592511445
1.029365515343451	0.8890952075677596	1.0723415246946206
1.0241936811443344	0.9098510272521032	1.0598105536101758
1.0188214303918002	0.9308143091043284	1.0467032113839616
1.0132866838266923	0.9518175062332729	1.0330989928067615
1.0076279931543555	0.9727078957290423	1.0190805535782252
1.0018842364413587	0.9933473037072088	1.0047333520021609
0.9960943257837545	1.0136115507078711	0.9901453004521085
0.9902969297406436	1.0333897116683826	0.9754064241731076
0.9845302124750763	1.052583262283576	0.9606085228649158
0.9788315910049411	1.071105165065371	0.9458448283429044
0.973237511455122	1.0888789337781495	0.9312096494997301
0.9677832447316365	1.1058377037189582	0.9167979939291828
0.9625027016184063	1.1219233269455637	0.9027051540949735
0.9574282669344045	1.1370855054384343	0.8890262450407888
0.9525906520869075	1.1512809707874447	0.8758556805856591
0.9480187651165646	1.1644727158838046	0.8632865759912509
0.9437395971507985	1.176629281927865	0.8514100674776917
0.9397781240606025	1.1877241025716851	0.8403145429049178
0.9361572220475961	1.1977349060070681	0.8300847835249198
0.932897595867733	1.206643175144	0.8208010238740437
0.9300177184191777	1.2144336656004062	0.8125379453078365
0.9275337804782748	1.2210939809709584	0.8053636278005152
0.9254596494529751	1.2266142047109003	0.7993384935721526
0.9238068361317168	1.2309865879260717	0.7945142837786112
0.9225844685323353	1.2342052923785662	0.7909331147130113
0.9217992720955026	1.2362661880816885	0.7886266616270124
0.9214555556167351	1.237166704955741	0.7876155156090949
0.9215552024670834	1.2369057381382447	0.7879087517096203
0.9220976668129195	1.2354836066809047	0.7895037350978196
0.923079974707928	1.23290206551458	0.7923861775640405
0.9244967300940995	1.22916437071677	0.7965304407596667
0.9263401259119176	1.2242753982681784	0.8019000670732441
0.9285999606817482	1.2182418166299847	0.8084485057740541
0.931263661077094	1.2110723136055577	0.8161199924213284
0.9343163111638414	1.2027778780625566	0.8248505343358477
0.9377406891252673	1.1933721371754267	0.8345689542718123
0.9415173124270151	1.1828717498936379	0.8451979478039096
0.9456244924953722	1.1712968573333933	0.8566551164090098
0.9500384000810813	1.1586715907101712	0.868853946609105
0.9547331425540694	1.1450246372481614	0.8817047146868956
0.9596808544158081	1.1303898641799586	0.8951153053873688
0.9648518023192413	1.114807000427541	0.908991940936515
0.9702145058450212	1.0983223747505604	0.9232398231868056
0.9757358751913054	1.0809897079428124	0.9377636965442042
0.9813813667874453	1.0628709548890907	0.9524683425554241
0.987115157635654	1.0440371897392695	0.9672590187894802
0.99290033891688	1.0245695238167631	0.9820418551656841
0.9986991290674506	1.004560040769325	0.9967242204215423
1.004473106143838	0.984112726412725	1.0112150702333136
1.0101834588491247	0.9633443611503739	1.0254252868275655
1.0157912551044812	0.9423853301723651	1.0392680179463851
1.021257726523226	0.9213802903021718	1.0526590209068882
1.0265445665980244	0.9004886120713118	1.0655170153481606
1.0316142398603063	0.8798844916258727	1.0777640461778395
1.0364302987343228	0.8597566007036888	1.0893258562858508
1.0409577043073155	0.8403071171356216	1.1001322668368314
1.0451631467938152	0.8217499584657244	1.1101175614254422
1.0490153611077881	0.8043080356326643	1.1192208691104273
1.0524854326916229	0.788209363369643	1.1273865403565786
1.0555470886037936	0.7736819217785085	1.1345645092243568
1.0581769688519191	0.7609472703755771	1.1407106347636662
1.0603548730846966	0.7502130754192178	1.1457870144925084
1.062063978029136	0.7416649128823638	1.1497622630663324
1.0632910214769524	0.7354579226461692	1.1526117497545911
1.0640264491776528	0.7317090645878482	1.1543177891130643
1.0642645216713913	0.7304908052863858	1.1548697802408965
1.064003378871644	0.7318269971889922	1.154264291198728
1.063245061060903	0.7356914867863507	1.1525050864904764
1.061995485862719	0.7420096397754107	1.1496030969224542
1.0602643816689796	0.7506625773994752	1.14557633259245
1.0580651788999436	0.7614935738228403	1.1404497411698533
1.0554148613247964	0.7743158460411952	1.134255014948801
1.0523337804433197	0.7889209082898423	1.1270303513361362
1.0488454365995485	0.8050867466822703	1.118820172426637
1.044976231045965	0.8225852479634143	1.109674810078613
1.040755193587639	0.8411885299055994	1.0996501634009022
1.0362136907019195	0.8606740209908849	1.0888073357737569
1.0313851191493273	0.8808282941993664	1.077212258436208
1.0263045900698216	0.9014497641351428	1.0649353072749717
1.0210086084056755	0.9223504124861741	1.0520509187465834
1.0155347522224443	0.9433567250786745	1.038637209864311
1.009921356131075	0.9643100172509154	1.024775605900519
1.004207202567629	0.9850663039797337	1.0105504779165322
0.9984312241839961	1.0054958452838478	0.9960487904663617
0.9926322200651885	1.0254824711234776	0.9813597578683984
0.9868485879371308	1.044922766191375	0.966574505353485
0.9811180739824673	1.0637251748852394	0.9517857292492227
0.9754775413575298	1.081809070594712	0.9370873482422083
0.9699627580152653	1.09910382091344	0.9225741357944537
0.9646082039975206	1.115547870948526	0.9083413221341159
0.9594468979735364	1.131087859944211	0.8944841530880593
0.9545102424746634	1.145677781405225	0.8810973926044999
0.9498278870103317	1.1592781933234915	0.868274756383615
0.9454276080468613	1.1718554825988152	0.8561082658525458
0.9413352046864472	1.1833811860059804	0.8446875150176082
0.9375744087946022	1.1938313688772517	0.8340988476482687
0.9341668082853442	1.2031860618795984	0.8244244487985952
0.9311317822785277	1.2114287557544972	0.815741362647417
0.9284864468866704	1.218545953573105	0.8081204575701225
0.9262456104630903	1.2245267798837653	0.8016253684885873
0.924421737243123	1.2293626460523324	0.7963114548704003
0.9230249184301267	1.233046971091027	0.7922248190951797
0.9220628499130202	1.2355749573189398	0.7894014331145057
0.9215408159481786	1.236943420282874	0.7878664204700473
0.9214616782922588	1.2371506724805281	0.7876335353203926
0.9218258704313765	1.2361964605608489	0.7887048703031968
0.922631396713973	1.2340819558219278	0.7910708116539282
0.9238738363581469	1.2308097979790158	0.7947102444473106
0.9255463524678997	1.2263841923284424	0.7995909949330468
0.9276397063553583	1.2208110605818003	0.8056704825749541
0.9301422776261836	1.2140982457828626	0.8128965431710641
0.9330400906412132	1.2062557718408258	0.8212083773925783
0.9363168481165371	1.1972961583100021	0.8305375766189038
0.9399539727636212	1.1872347911085033	0.8408091797902869
0.9439306579969319	1.1760903498841977	0.8519427203527132
0.9482239288442055	1.163885292688027	0.8638532301264606
0.9528087142787343	1.150646398478229	0.8764521759016449
0.9576579322479537	1.1364053677191652	0.8896483136689644
0.962742588691961	1.1211994809050123	0.9033484537791081
0.9680318918230432	1.105072314159453	0.9174581374199647
0.973493382866746	1.0880745100354368	0.9318822303129841
0.9790930843409897	1.0702646001207123	0.9465254433955362
0.9847956667677766	1.051709873847855	0.961292792578749
0.9905646344691622	1.032487284746086	0.976090010656479
0.9963625307942897	1.0126843809076393	0.9908239243445298
1.002151162758633	0.9924002402327489	1.0054028085102926
1.007891844654023	0.9717463825332856	1.0197367281523024
1.013545659715344	0.9508476192216841	1.0337378768142318
1.0190737384168151	0.929842786505231	1.047320918038485
1.0244375514304467	0.9088852893197502	1.0604033343147479
1.0295992147273922	0.8881433606616248	1.0729057858615894
1.0345218037578465	0.8677999153273854	1.0847524795724335
1.0391696731272007	0.8480518505573184	1.0958715466197373
1.0435087777169074	0.829108623008938	1.1061954255875903
1.0475069907997463	0.8111899189143431	1.1156612466270743
1.0511344143919865	0.7945222422728421	1.1242112110262288
1.0543636768884388	0.7793342868588921	1.1317929597757692
1.057170212956579	0.7658510439002967	1.1383599242044566
1.0595325207346533	0.7542867358831805	1.1438716515586205
1.0614323915925425	0.7448368540130154	1.148294098505515
1.062855108073992	0.7376697903809116	1.1515998859381467
1.0637896061389494	0.7329187532806228	1.1537685091294188
1.0642285984533126	0.7306747782126168	1.1547864981962945
1.0641686562122625	0.7309816426898167	1.1546475249521708
1.0636102478091225	0.7338333301480024	1.1533524535021107
1.0625577335465841	0.7391743820106784	1.150909333319202
1.0610193165003452	0.7469030901703071	1.1473333349750414
1.0590069505545527	0.7568771068999989	1.1426466301250773
1.056536207501843	0.768920773310828	1.136878218712413
1.0536261059080803	0.7828333432202957	1.1300637075965
1.0502989051562386	0.7983973098063034	1.1222450458853965
1.0465798686830061	0.8153861895850782	1.1134702231080469
1.042497000889026	0.8335713243812167	1.103792936970237
1.0380807625287114	0.8527274722583755	1.0932722377670931
1.0333637695643172	0.8726371350584348	1.0819721565577902
1.0283804805035923	0.8930936960077142	1.069961323934845
1.0231668771388627	0.9139035151309279	1.057312585639565
1.0177601433807173	0.9348871620563687	1.0441026203931756
1.012198346548457	0.9558799677886661	1.0304115641430653
1.0065201250618105	0.9767320611259799	1.0163226434856294
1.000764385995481	0.9973080309704896	1.0019218193487658
0.9949700154316953	1.0174863291737544	0.9872974401344352
0.9891756039974424	1.037158503508831	0.9725399014823926
0.9834191894223956	1.0562283286846532	0.9577413076831669
0.9777380174184229	1.0746108855856253	0.9429951276250227
0.9721683216772251	1.092231624989987	0.9283958361158189
0.9667451233211971	1.109025441411373	0.9140385296186533
0.9615020497332027	1.1249357748228066	0.9000185040588577
0.9564711723396394	1.1399137522776615	0.8864307816153956
0.951682862631164	1.1539173773270992	0.8733695735490676
0.9471656654773785	1.1669107722296501	0.860927667404802
0.9429461886240567	1.1788634759283794	0.8491957296023647
0.9390490071507611	1.1897497993863786	0.8382615186863657
0.9354965816081976	1.1995482389391114	0.8282090104122798
0.9323091885427427	1.208240947710047	0.819117443287136
0.9295048621440344	1.2158132647498603	0.8110603018044705
0.92709934581403	1.222253301333161	0.8041042637739062
0.9251060525463127	1.2275515837341002	0.7983081469312453
0.9235360331169319	1.2317007517712706	0.7937218973034756
0.9223979512175526	1.2346953124406175	0.7903856664068719
0.9216980648037609	1.2365314480267027	0.7883290252233036
0.921440213082379	1.2372068781858767	0.7875703593414856
0.9216258087187138	1.236720775620752	0.7881164815422935
0.9222538350055457	1.235073735106563	0.789962486003627
0.923320847898658	1.2322677957801977	0.7930918534087545
0.9248209829874331	1.2283065167561693	0.7974768002549011
0.9267459676322433	1.2231951062849185	0.8030788504640919
0.9290851386616948	1.216940604811909	0.8098495947421256
0.9318254661806163	1.209552122424777	0.8177315943163936
0.9349515841918498	1.201041131283265	0.8266593813745976
0.9384458288786637	1.1914218137041455	0.8365605087061097
0.942288285526428	1.180711466609664	0.8473566051072882
0.9464568451777923	1.1689309630280715	0.8589644000430612
0.9509272722099774	1.1561052712374138	0.8712966896789269
0.955673284090251	1.1422640319386619	0.8842632255662338
0.9606666446001039	1.1274421934880747	0.8977715160238008
0.9658772718137387	1.1116807046489903	0.9117275379246153
0.9712733620659791	1.095027263451088	0.9260363627660855
0.97682153104285	1.077537119445211	0.9406027054269995
0.9824869729699127	1.0592739247402372	0.9553314069384408
0.9882336386553756	1.0403106264687585	0.9701278640918515
0.9940244328651039	1.0207303894368023	0.9848984190156331
0.9998214311651924	1.0006275322662819	0.9995507212337477
1.005586115967488	0.9801084528409427	1.0139940734265795
1.0112796310599523	0.9592925087429293	1.0281397703676654
1.0168630534056349	0.9383128050170413	1.041901438494863
1.022297680462987	0.9173168245094591	1.05519538143912
1.0275453307309521	0.8964668149797292	1.0679409346929867
1.0325686546721073	0.8759398226016967	1.0800608305416635
1.0373314526357194	0.8559272349204001	1.091481572467593
1.0417989959110552	0.8366336711921012	1.102133816525163
1.045938346611516	0.8182750401866468	1.1119527557028441
1.049718671743615	0.8010755838465303	1.120878502074784
1.053111546571581	0.7852637512939773	1.1288564606137788
1.0560912422657946	0.7710668142621466	1.1358376879070324
1.0586349928350574	0.7587042521381924	1.1417792286925705
1.0607232364976045	0.7483801038565289	1.146644423117509
1.0623398269470885	0.7402746907273805	1.1504031779012978
1.0634722104144148	0.7345363244972001	1.1530321951505753
1.0641115650049504	0.7312737758172757	1.1545151533914397
1.064252899487567	0.7305503312382006	1.1548428364250318
1.063895109505847	0.732380168902993	1.1540132068306317
1.0630409900464146	0.736727529620004	1.1520314222874455
1.0616972039049761	0.7435087955766451	1.148909794307319
1.0598742068054623	0.7525971974380271	1.1446676904081838
1.0575861307193197	0.7638295457917604	1.1393313821539195
1.05485062776941	0.77701419434102	1.1329338427838889
1.0516886778577346	0.7919394130382895	1.1255144993021227
1.0481243638041273	0.8083814558861361	1.1171189448451462
1.044184618305121	0.8261117976815727	1.107798617859452
1.0398989474054323	0.8449032282905163	1.0976104550636097
1.035299135412293	0.8645346864714801	1.0866165253239306
1.0304189362749336	0.8847948624524677	1.074883651423316
1.0252937564036235	0.9054846928144811	1.0624830262457254
1.019960333725815	0.9264189187484704	1.0494898291368873
1.0144564174865658	0.9474268912380825	1.0359828471458408
1.008820452915172	0.968352796738263	1.0220441045190671
1.0030912744206957	0.989055454999235	1.007758502233636
0.9973078104675757	1.0094078143743013	0.9932134675504674
0.9915088027404421	1.0292962439621218	0.9784986115860481
0.9857325416551698	1.0486196987731	0.9637053907969296
0.9800166197298612	1.0672888147741946	0.9489267661205736
0.9743977038110445	1.085224975249387	0.9342568514169932
0.9689113266703754	1.1023593780346823	0.919790540936763
0.963591698055839	1.1186321242761725	0.9056231039661046
0.9584715349061845	1.1339913428185013	0.8918497337703264
0.9535819101223887	1.1483923596148198	0.8785650377088201
0.948952119036986	1.161796918201595	0.8658624561865829
0.9446095625303723	1.1741724549392423	0.8538336001960792
0.940579645609988	1.1854914311040279	0.8425675008066915
0.9368856901893688	1.1957307228205625	0.8321497692018638
0.9335488607740922	1.2048710690962818	0.8226616727148427
0.9305881017745832	1.2128965777514344	0.8141791405202069
0.9280200852152961	1.2197942887538564	0.8067717216769007
0.925859167689648	1.2255537943139074	0.8005015272809913
0.9241173555143234	1.2301669150342331	0.7954221965214514
0.9228042771597873	1.233627431415675	0.791577932257484
0.9219271621713226	1.2359308700764156	0.789002654217488
0.9214908259427015	1.237074344133124	0.7877193161955973
0.92149765985953	1.237056447310552	0.7877394273204943
0.9219476264888851	1.2358772014818233	0.7890628068675469
0.9228382596541789	1.233538057488951	0.7916775881357263
0.9241646693977792	1.2300419492459465	0.7955604711416531
0.9259195519974692	1.225393401279646	0.800677208143343
0.9280932053650999	1.2195986900103903	0.8069832921393638
0.9306735503152485	1.212666059210049	0.8144248080071144
0.9336461583464493	1.2046059901918755	0.8229393997832085
0.9369942867250876	1.1954315273774205	0.8324573060029161
0.9406989217991532	1.185158659940203	0.8429024176150883
0.9447388315917568	1.173806760230714	0.8541933189000167
0.9490906288278848	1.1613990796241886	0.8662442799018012
0.9537288456268894	1.1479633022752767	0.8789661779632171
0.9586260211417262	1.1335321569747516	0.8922673349746031
0.9637528034376635	1.1181440868287684	0.9060542651191533
0.969078066871801	1.1018439757437322	0.9202323347007237
0.9745690461542258	1.0846839295902106	0.9347063408321125
0.9801914881366792	1.066724108284834	0.949381019316039
0.9859098221810306	1.048033602660301	0.9641614940963473
0.9916873497049763	1.0286913466096221	0.9789536814127663
0.9974864531855561	1.008787050225535	0.9936646615166052
1.0032688245240042	0.9884221330503566	1.0082030297551665
1.0089957122425464	0.9677106275588191	1.0224792372443814
1.0146281865023816	0.9467800110170791	1.036405929422474
1.0201274204127262	0.9257719083273722	1.0498982886750223
1.025454985556899	0.9048425890098138	1.0628743850711158
1.0305731591093859	0.8841631582037592	1.0752555371490276
1.0354452393763551	0.8639193155264924	1.0869666827117865
1.0400358660819087	0.844310529367631	1.0979367577938859
1.0443113412650362	0.8255484525165792	1.1080990803823936
1.0482399462696448	0.8078543955588277	1.117391734151089
1.051792250022875	0.7914556878488149	1.1257579464190743
1.0549414036238283	0.7765808046620547	1.133146453792739
1.057663416221111	0.7634532350636025	1.139511848502265
1.0599374072540941	0.7522842138213544	1.1448148983040076
1.0617458303751075	0.7432646352550504	1.1490228329832093
1.0630746647574214	0.7365566812355856	1.152109590944109
1.0639135700200453	0.7322858834385578	1.154056020094345
1.0642560016518976	0.7305344430053091	1.1548500281862804
1.064099284575598	0.731336596788798	1.1544866789299775
1.0634446433306497	0.7346766259976276	1.1529682314939746
1.0622971882486305	0.7404897749739905	1.150304122408019
1.0606658579080182	0.7486659557185541	1.1465108903198644
1.0585633190610988	0.7590557516636025	1.1416120454778536
1.0560058260882976	0.7714779850820324	1.1356378871548192
1.0530130428265152	0.7857280195366517	1.1286252734423499
1.0496078303116396	0.8015860258254474	1.1206173488783622
1.0458160045501188	0.8188246031707275	1.1116632361826781
1.0416660688748312	0.8372153582207784	1.1018176989304909
1.0371889257372873	0.8565342505205503	1.091140782266524
1.0324175729386453	0.8765656806730391	1.0796974387366547
1.0273867893094943	0.8971054128847169	1.0675571459807238
1.0221328147218565	0.9179624887489137	1.0547935223903693
1.0166930290701468	0.9389603141707075	1.0414839458965786
1.0111056345084197	0.9599370989922533	1.027709179827871
1.0054093447992238	0.9807458106881308	1.0135530082930557
0.9996430851363103	1.0012537782436928	0.9991018818213715
0.9938457052711424	1.0213420558019968	0.9844445720756678
0.988055708222738	1.0409046311747032	0.9696718323913477
0.9823109963013926	1.0598475433843706	0.9548760587515089
0.9766486356466076	1.0780879564360202	0.9401509436751538
0.9711046399826385	1.095553223273734	0.9255911134861785
0.965713773843112	1.1121799638443621	0.9112917376952131
0.9605093751176286	1.1279131737639598	0.8973480979504983
0.955523196433672	1.1427053746908966	0.883855103420733
0.9507852646091713	1.1565158136590785	0.8709067398137426
0.9463237571948743	1.1693097159150794	0.8585954407713725
0.9421648949693274	1.1810575939230858	0.8470113733523733
0.9383328491490583	1.1917346139171003	0.8362416338905475
0.9348496620275472	1.2013200205186771	0.8263693567346763
0.931735179752978	1.2097966193765075	0.8174727460835399
0.9290069959903171	1.217150317433464	0.8096240499138689
0.9266804052816444	1.2233697202255085	0.8028885041664279
0.9247683650137699	1.2284457855222488	0.7973232839428974
0.9232814650183361	1.2323715326009854	0.7929765053260585
0.9222279039618657	1.2351418064838804	0.7898863253893621
0.9216134718272654	1.2367530965464333	0.7880801880098316
0.9214415379406958	1.237203409013689	0.7875742586475807
0.9217130441556705	1.2364921929899462	0.7883730823082409
0.9224265029676681	1.2346203198111467	0.790469486147872
0.9235780004957755	1.2315901156603917	0.7938447329331203
0.925161204431599	1.2274054475405112	0.7984689155879419
0.9271673772186348	1.2220718628476195	0.8043015682291466
0.9295853948860838	1.2155967829303997	0.8112924570975513
0.9324017721180095	1.2079897511451216	0.8193825068194021
0.9356006942895244	1.199262736018787	0.8285048140158734
0.9391640573434261	1.1894304902032669	0.8385857012732317
0.9430715165097427	1.1785109659300446	0.8495457691897524
0.94730054498255	1.166525787642104	0.8613009115679637
0.9518265037580305	1.1535007823639172	0.8737632676338626
0.9566227238992998	1.1394665681400233	0.8868420943212224
0.9616606025208356	1.1244592004806793	0.9004445502517893
0.9669097137720835	1.1085208761326846	0.9144763904407045
0.9723379360397869	1.0917006925495192	0.9288425766121101
0.9779115964761632	1.074055460033684	0.943447812215942
0.9835956337905142	1.0556505614807665	0.9581970138678519
0.9893537800118904	1.0365608517189042	0.9729957321799068
0.995148761638514	1.0168715842788327	0.9877505350579421
1.0009425202364974	0.996679347627107	1.0023693657737542
1.0066964521392832	0.9760929849349538	1.0167618867229822
1.0123716664363056	0.9552344607524902	1.0308398179675708
1.017929259933877	0.934239623917622	1.0445172776128937
1.0233306072354744	0.9132587981743939	1.057711128925079
1.0285376635377166	0.8924571101818571	1.070341336962825
1.0335132771901956	0.8720144394616813	1.0823313354626718
1.0382215085419628	0.8521248482250505	1.093608402839682
1.042627951116205	0.8329953247444016	1.104104044494001
1.0467000507393522	0.8148436584320348	1.1137543771836738
1.0504074179228378	0.7978952675115449	1.1225005100626337
1.0537221285746199	0.7823788331356699	1.1302889161098455
1.0566190080201159	0.7685206695707791	1.1370717871041967
1.059075893351203	0.7565378875249219	1.142807365035952
1.061073869305174	0.7466305857699116	1.1474602428876777
1.0625974732050605	0.7389735170503102	1.1510016280556703
1.063634864964293	0.7337078794648836	1.1534095622982845
1.0641779587616564	0.7309340288985414	1.154669092962524
1.0642225137100536	0.7307059342275216	1.1547723913184693
1.0637681816523505	0.7330280677990282	1.1537188150784083
1.0628185110925714	0.7378551437053604	1.1515149135432614
1.0613809071806266	0.745094739345394	1.1481743752477034
1.059466548581607	0.7546124501578877	1.143717919409407
1.0570902629441692	0.7662389248589713	1.1381731338689787
1.0542703635060378	0.7797779706220456	1.1315742634794481
1.0510284501104503	0.7950149178127068	1.1239619540160084
1.0473891785322005	0.8117245611317598	1.1153829575826189
1.0433800025079103	0.8296781927226469	1.1058898061542801
1.0390308932205266	0.8486494560390754	1.095540460283003
1.0343740411974034	0.8684189350714717	1.0843979400914043
1.0294435456456523	0.888777530497616	1.072529945469002
1.0242750961745375	0.9095287588562737	1.0600084718695613
1.0189056516545103	0.930490150563977	1.0469094272879615
1.0133731206521686	0.9514939297817825	1.0333122548838136
1.0077160474791718	0.9723871461081386	1.0192995643351328
1.0019733074220556	0.9930314048073765	1.0049567733746028
0.996183814200793	1.0133023157454437	0.9903717591175434
0.9903862421583814	1.0330887556253625	0.9756345167795496
0.9846187651319541	1.0522920156529758	0.9608368212622242
0.9789188134162112	1.0708248882001983	0.9460718849361199
0.9733228497180608	1.0886107313405178	0.9314340028747569
0.9678661645300796	1.1055825388755713	0.9170181749274252
0.9625826909295065	1.1216820350663652	0.9029196925324342
0.9575048384456557	1.1368588071352577	0.889233677275131
0.9526633453356625	1.1510694841865634	0.876054558127907
0.948087148367518	1.1642769680663505	0.8634754753330898
0.9438032690292137	1.1764497194998234	0.851587601257098
0.9398367149605246	1.1875611013441052	0.8404793724596069
0.9362103953349633	1.1975887797797713	0.8302356327844509
0.9329450488982837	1.2065141835942836	0.8209366944201272
0.9300591833904429	1.214322021283344	0.8126573322951843
0.9275690251338345	1.2209998554407733	0.8054657362886704
0.9254884776556501	1.226537733774175	0.7994224546874072
0.9238290883205462	1.2309278760377447	0.7945793700223732
0.9226000220761181	1.234164416190972	0.7909787536770023
0.9218080415534469	1.2362431991556375	0.7886524473815567
0.9214574929143903	1.2371616316409197	0.7876212171069034
0.9215502969932907	1.2369185866281835	0.78789431769284
0.9220859454410127	1.235514361245535	0.7894692951989668
0.9230615017419049	1.2329506879110486	0.7923320395303775
0.9244716071379484	1.2292307987768158	0.7964570839778897
0.9263084916577782	1.2243595436580634	0.8018081327977638
0.9285619906101037	1.218343561776819	0.8083387846421635
0.9312195670597818	1.2111915077819524	0.815993409954701
0.9342663409583482	1.2029143326199896	0.824708135172984
0.9376851257466065	1.1935256199156845	0.8344118858535877
0.9414564733815156	1.1830419785673474	0.8450274441559891
0.9455587288590053	1.1714834922552704	0.8564724825474539
0.9499680954036117	1.1588742264825358	0.8686605439574749
0.9546587115694115	1.145242793588016	0.881501947751647
0.9596027415386041	1.1306229758512394	0.8949046098069084
0.9647704799079485	1.1150544062901167	0.9087747729072502
