1.0	1.0	1.0
1.005763070495622	0.9794698824721313	1.0144354759066951
1.0114537694932426	0.9586467982373575	1.028570593746298
1.0170331763531713	0.9376642877286434	1.0423190572945351
1.0224626000256187	0.9166702852759054	1.0555972583292965
1.0277038799623055	0.8958274970891291	1.068324631610554
1.032719697309612	0.8753134218047877	1.0804240201260418
1.0374738929892224	0.855319875842414	1.091822049757572
1.0419317887822752	0.8360518608007869	1.1024495108151635
1.046060507105496	0.8177255926255347	1.112241742414679
1.04982928482417	0.8005655112670781	1.1211390144678777
1.0532097762070283	0.7848001167060628	1.1290869011327804
1.0561763400095465	0.7706565452446684	1.1360366389511227
1.058706305688239	0.758353918718329	1.1419454625856715
1.0607802139079865	0.7480956698079126	1.146776911062905
1.0623820268102278	0.7400612542065582	1.1505010977174812
1.0634993039588512	0.7343978699459457	1.1530949376067852
1.0641233404631618	0.7312129625930047	1.1545423269903994
1.064249264477603	0.7305683438105366	1.154834270515638
1.0638760920743822	0.7324766478553536	1.1539689529733406
1.0630067383515005	0.7369005927539903	1.1519517538382211
1.0616479845450961	0.7437551462454968	1.1487952042305245
1.0598104018295667	0.7529123057621314	1.1445188873728864
1.0575082333793837	0.7642078803031848	1.1391492850099572
1.0547592371017638	0.7774494783321466	1.1327195735520357
1.0515844922011586	0.7924248813675484	1.1252693748452123
1.0480081733808062	0.8089100929100353	1.1168444674127664
1.0440572970045237	0.8266765435054881	1.1074964647167023
1.0397614439207195	0.8454971469966489	1.0972824674236055
1.0351524638838585	0.8651510952931957	1.086264696803711
1.0302641665962402	0.885427424560399	1.0745101162332935
1.0251320043408703	0.9061274784948548	1.0620900473037975
1.019792750995601	0.9270664405972314	1.0490797862700256
1.0142841819251005	0.9480741189617784	1.0355582255048381
1.0086447588593734	0.9689951566084388	1.0216074832867714
1.0029133234063643	0.9896888182300774	1.007312543654348
0.997128802333417	1.0100284778688153	0.9927609062493392
0.9913299272096852	1.0299009061068614	0.9780422440838363
0.9855549704495148	1.0492054323052975	0.9632480650593084
0.9798414992540126	1.0678530382118196	0.9484713709150482
0.9742261484306216	1.0857654239577579	0.9338063051877741
0.9687444125918897	1.1028740756869362	0.9193477798532519
0.9634304578049737	1.119119355230509	0.9051910687595638
0.9583169523899651	1.1344496257647734	0.8914313549526507
0.9534349162520991	1.1488204227212948	0.8781632187748233
0.9488135878818644	1.162193675906946	0.8654800544449638
0.9444803079671532	1.174536986475275	0.8534734049617945
0.9404604184301416	1.1858229607939066	0.8422322088243582
0.9367771756242756	1.1960286021699296	0.8318419573577732
0.9334516763981775	1.2051347606767715	0.8223837683300106
0.9305027957474671	1.213125640864851	0.813933389786707
0.9279471348260621	1.2199883668587939	0.8065601570838128
0.9257989781692213	1.2257126041934563	0.80032593514545
0.9240702590855062	1.2302902376827185	0.7952840859592302
0.9227705322985492	1.2337151046234225	0.7914785070595112
0.9219069530573784	1.2359827826938872	0.7889427891118171
0.9214842620821013	1.2370904319990488	0.7876995388488142
0.9215047758668575	1.2370366908326342	0.7877599071666269
0.9219683820216313	1.2358216248630098	0.7891233514657244
0.9228725394969104	1.2334467295969085	0.7917776472896455
0.9242122836987613	1.2299149861281422	0.7956991485181211
0.9259802366654523	1.2252309703310755	0.8008532796624767
0.9281666226389398	1.2194010158053827	0.8071952300285884
0.9307592895238977	1.2124334310134952	0.8146708091533446
0.933743736881526	1.2043387711684659	0.8232174169006938
0.9371031512526411	1.1951301655197561	0.8327650801552577
0.940818449741268	1.1848237007376028	0.8432375107681193
0.944868332912148	1.1734388610997184	0.854553145405256
0.9492293481584724	1.1609990261184675	0.8666261360811689
0.9538759647743318	1.147532026085912	0.8793672692496336
0.9587806620138334	1.133070755720318	0.8926848003312655
0.9639140314293235	1.1176538456162672	0.906485198692504
0.9692448947483349	1.1013263904534167	0.9206738048470253
0.9747404384667586	1.084140731795667	0.9351554067913413
0.9803663661990402	1.066157291658822	0.9498347458915185
0.9860870696307512	1.0474454506293058	0.964616964739882
0.9918658186621022	1.0280844608958493	0.9794080101205961
0.9976649710122346	1.0081643797414657	0.9941150039194102
1.003446201175249	0.9877870023723414	1.0086465937432847
1.0091707481843966	0.9670667638845224	1.0229132934140792
1.0147996811581474	0.9461315680883524	1.0368278215661282
1.020294181081505	0.9251234852598229	1.0503054444718545
1.0256158367315333	0.9041992413074031	1.0632643270690927
1.0307269521040507	0.8835303974666905	1.075625894065335
1.0355908621576326	0.8633030935361272	1.087315201020824
1.0401722531821798	0.8437172014639857	1.0982613135195278
1.0444374836439794	0.824984714662769	1.1083976909664537
1.0483549009792335	0.8073271894970371	1.1176625702333425
1.0518951495241304	0.7909720696619008	1.1259993433364979
1.055031464600242	0.776147774258473	1.1333569225872255
1.05773994773449	0.7630775278989492	1.139690086217181
1.0599998180938919	0.7519720615667352	1.14495979735053
1.0617936354621336	0.7430215086250401	1.1491334893671532
1.0631074904770625	0.736387034659797	1.1521853111623628
1.0639311583784892	0.7321929260123464	1.1540963265362314
1.064258213170789	0.7305199613673228	1.154854662908071
1.0640860998654174	0.731400851992436	1.154455605709037
1.06341616331006	0.7348183380779969	1.1529016361110633
1.0622536330051389	0.7407061973188878	1.1502024111504219
1.0606075642235708	0.7489530292458595	1.1463746867424518
1.0584907366536804	0.7594083190936967	1.1414421855021217
1.055919512646241	0.7718900403038154	1.1354354126256643
1.0529136579352347	0.786192966734807	1.1283914242971715
1.049496128392103	0.8020969267751306	1.12035355411168
1.0456928269440195	0.8193743972009669	1.1113711038105538
1.0415323352227461	0.8377970460016503	1.101499005171781
1.0370456248028959	0.8571410386909522	1.0907974601616912
1.0322657530343893	0.877191088688232	1.0793315664191492
1.027227548477058	0.8977433461859635	1.0671709348007326
1.021967290814899	0.9186072836653874	1.0543893050661153
1.0165223898773332	0.9396067602358805	1.041064164834717
1.0109310680425496	0.9605804439797613	1.0272763757124102
1.0052320498637919	0.9813817529616051	1.013109808992436
0.999464262264858	1.0018784501931983	0.9986509916068705
0.9936665481178991	1.0219520013422287	0.9839887610825356
0.987877395465973	1.0414967795770362	0.9692139261887831
0.9821346841041576	1.0604191811322576	0.9544189278211397
0.9764754507036363	1.078636698331249	0.9396974925331927
0.9709356731674966	1.096076983666602	0.9251442691259598
0.9655500744565598	1.1126769285958245	0.910854436979553
0.9603519457267806	1.1283817733538024	0.8969232735535935
0.9553729882820453	1.1431442587464242	0.8834456679145071
0.9506431735701341	1.1569238270799393	0.8705155675216922
0.9461906202353172	1.169685876700795	0.858225347081984
0.9420414870864886	1.1814010727623234	0.8466650913005787
0.9382198807411929	1.1920447155655445	0.8359217879829971
0.9347477766583951	1.2015961669710475	0.826078434211234
0.9316449522705386	1.2100383348246566	0.8172130660648035
0.9289289309620997	1.2173572149942729	0.8093977311655544
0.926614935711147	1.2235414904179696	0.8026974324902599
0.9247158513062343	1.2285821864715338	0.797169080446987
0.9232421941677069	1.2324723819477075	0.7928604969988167
0.9222020889351641	1.2352069749786423	0.7898095194651568
0.9216012511271932	1.236782503312686	0.7880432515463573
0.9214429753320812	1.2371970184656387	0.7875775045247139
0.9217281285463105	1.2364500133964977	0.7884164625167752
0.9224551484391323	1.2345424035014343	0.79055259279585
0.9236200464847861	1.2314765608711904	0.7939668069064066
0.9252164160676412	1.2272564019105157	0.7986288623181297
0.9272354458284504	1.221887528568089	0.8044979796024027
0.9296659386806015	1.2153774235657875	0.8115236382277929
0.9324943370820198	1.2077357001408457	0.8196465062349474
0.9357047552989203	1.1989744069159907	0.8287994557757955
0.9392790195390227	1.1891083885819544	0.8389086176238987
0.9431967169604087	1.1781557031019427	0.8498944325649573
0.9474352546735093	1.1661380961123875	0.8616726649918244
0.9519699299425329	1.1530815330757471	0.8741553528679084
0.9567740128532402	1.1390167895064387	0.8872516773742036
0.9618188427401306	1.1239800991930844	0.9008687441189831
0.9670739396514846	1.1080138597114841	0.9149122751440557
0.9725071320691514	1.091167393566912	0.9292872167667648
0.978084701985849	1.0734977618863846	0.9438982724525747
0.9837715482713844	1.0550706255147977	0.9586503724980681
0.9895313690273432	1.0359611454007387	0.9734490935109831
0.9953268633359657	1.0162549099554519	0.9882010407512607
1.0011199524539163	0.9960488712075647	1.002814205606439
1.0068720200888335	0.9754522635406214	1.0171983090615908
1.0125441709321596	0.9545874680037557	1.031265140202284
1.0180975061151203	0.93359077103406	1.044928896735351
1.0234934137181948	0.9126129484527785	1.0581065323666523
1.0286938719133307	0.8918195836871655	1.070718113745609
1.0336617617704418	0.871391003955826	1.0826871876549882
1.0383611862353916	0.8515216915510161	1.0939411572531272
1.0427577913071169	0.8324190032355572	1.10441166451124
1.046819085028629	0.81430101567324	1.1140349745662954
1.0505147495816358	0.79739331827757	1.1227523565571136
1.053816941556988	0.781924608967299	1.130510454647548
1.0567005753797496	0.7681210255755905	1.1372616423786694
1.059143584911048	0.756199274759634	1.1429643532375744
1.0611271584366153	0.7463587997064068	1.1475833803818754
1.062635942585917	0.7387734392761388	1.1510901388059174
1.0636582112015922	0.7335832354267144	1.1534628838582874
1.0641859957856954	0.7308871873282319	1.1546868808923108
1.0642151748700168	0.7307377723242912	1.1547545219153332
1.0637455204699262	0.7331379197122434	1.1536653863543256
1.062780700657721	0.7380408393088933	1.1514262444238328
1.0613282382019487	0.7453527280522357	1.1480510030121354
1.0593994261315656	0.7549379935519054	1.1435605954347245
1.0570092019658948	0.7666263347081594	1.137982817782776
1.0541759831725068	0.7802208665510107	1.1313521158623991
1.0509214671478508	0.7955064811859472	1.1237093278265282
1.0472703996365353	0.8122577670640414	1.1151013885002565
1.0432503159969446	0.8302460087467255	1.105581002054552
1.03889126007177	0.8492450022533305	1.0952062900637367
1.0342254856268884	0.8690356055926522	1.0840404220687412
1.0292871453819428	0.889409079409787	1.072151235549799
1.0241119725779761	0.9101693556804352	1.0596108516860923
1.0187369598236442	0.9311344109119608	1.0464952924507855
1.0132000396481207	0.9521369266991749	1.032884103469952
1.007539770785083	0.9730244070033143	1.0188599856819573
1.001795033739289	0.9936588980669632	1.0045084371960114
0.9960047386670271	1.0139164303187678	0.9899174048992909
0.9902075480556845	1.0336862761152465	0.9751769433466184
0.9844416161360112	1.0528700948189498	0.9603788763449316
0.9787443464216085	1.0713810182714378	0.9456164544960973
0.9731521682593386	1.0891427151406956	0.9309839998906176
0.9677003328045177	1.1060884614635078	0.9165765272875777
0.9624227284155197	1.1221602363762395	0.902489329644966
0.9573517151004439	1.1373078559407261	0.8888175149889332
0.9525179773474334	1.1514881535995192	0.8756554815730684
0.9479503944311687	1.1646642127012614	0.8630963193401318
0.943675927109779	1.1768046543793345	0.8512311281110789
0.9397195195058197	1.1878829825839134	0.8401482468914413
0.9361040148975407	1.1978769870655843	0.8299323942986956
0.9328500841268845	1.2067682044473163	0.820663727300455
0.9299761653523665	1.214541437100651	0.8124168339022884
0.9274984139318841	1.2211843292909983	0.8052596845480372
0.9254306613063412	1.226686999926713	0.7992525759257723
0.92378438186392	1.2310417312029989	0.7944471085158384
0.9225686668916374	1.2342427124507311	0.790885244384529
0.9217902048609298	1.2362858385651485	0.7885984933248847
0.921453267443659	1.2371685624876523	0.7876072727052154
0.9215597008110927	1.2368898013363345	0.7879204790699658
0.9221089219287556	1.2354498959197815	0.7895352980761113
0.9230979197227667	1.232850623517726	0.7924372648410026
0.92452126115697	1.2290952639654282	0.7966005708487933
0.9263711024235446	1.2241887192306289	0.8019885980898369
0.9286372056115622	1.2181376868168385	0.8085546478864932
0.9313069613765451	1.2109508874585821	0.8162428222893119
0.9343654182874496	1.2026393476860522	0.8249890107965224
0.9377953196729841	1.1932167379201917	0.8347219345579275
0.9415771489234274	1.1826997668038621	0.8453642036565925
0.9456891843229394	1.171108632466185	0.8568333495647217
0.9501075645859304	1.1584675313354775	0.8690428032774419
0.954806366343743	1.1448052249330767	0.881902798776257
0.9597576948687089	1.1301556647550803	0.8953211903656787
0.9649317893252212	1.1145586748230922	0.9092041803250176
0.9702971437955481	1.098060690674915	0.9234569597716507
0.9758206452358057	1.0807155523537426	0.9379842704518694
0.9814677293697104	1.062585347175576	0.9526908983754397
0.9872025553205489	1.0437412954851235	0.9674821119445254
0.9929881995130022	1.0242646689514554	0.9822640577287791
0.9987868690458602	1.0042477258196156	0.9969441265667899
1.0045601343465684	0.9837946404430721	1.0114313014841751
1.0102691804740096	0.9630223948115023	1.0256364972382266
1.0158750759450064	0.9420615870568281	1.0394728993200204
1.0213390574338799	0.9210570955262266	1.0528563081216795
1.0266228281471599	0.9001685166628336	1.065705491829357
1.031688867124175	0.8795702709090397	1.0779425495232133
1.0365007461779614	0.8594512444638465	1.0894932840235034
1.0410234506907179	0.8400138089841029	1.1002875822691365
1.0452237000356315	0.8214720416079372	1.1102597994915306
1.0490702630339797	0.8040489623235415	1.1193491421824018
1.0525342635933697	0.7879726259064774	1.1275000438718756
1.0555894715277485	0.7734709641239176	1.1346625270485895
1.058212573546821	0.7607653815496589	1.1407925441748843
1.0603834195314819	0.7500632686118583	1.1458522906791273
1.0620852394870783	0.74154979750705	1.1498104830367977
1.0633048269858953	0.7353795796588376	1.1526425955668749
1.064032685465942	0.7316689374570102	1.1543310503458792
1.0642631344303461	0.7304896191498629	1.1548653556454869
1.0639943733700215	0.7318647164504671	1.1542421894895714
1.0632285020863477	0.7357673168500852	1.1524654262543956
1.0619714969911989	0.7421220727047099	1.1495461056476517
1.0602331438771824	0.750809475421712	1.1455023448409405
1.0580269285490622	0.7616722801808175	1.1403591959377923
1.0553698875565944	0.7745233105767355	1.1341484522784329
1.0522824220404163	0.7891538154484969	1.1269084082597445
1.0487880783711678	0.8053416357947263	1.1186835783362818
1.0449132998076691	0.8228586188041893	1.1095243816250229
1.0406871538086726	0.8414769297911444	1.0994867990302373
1.0361410398966342	0.8609741124504035	1.0886320100117797
1.0313083830897958	0.8811369042455255	1.0770260160255238
1.0262243178952735	0.9017639173548859	1.0647392572624372
1.0209253677010115	0.9226673506984638	1.0518462286047892
1.0154491241330597	0.9436739163597848	1.0384250997134448
1.0098339305748527	0.9646251568954599	1.0245573428752086
1.0041185735975673	0.9853773095943154	1.010327370696852
0.9983419855468673	1.0058008478007188	0.9958221839636324
0.9925429609931905	1.0257798031336256	0.9811310280253903
0.9867598892010295	1.0452109486594185	0.9663450539861216
0.9810305042264778	1.0640029030320628	0.9515569788240663
0.9753916537284127	1.0820751995161872	0.9368607364525674
0.9698790870909847	1.0993573513376007	0.9223511097699478
0.9645272630144889	1.1157879354100548	0.9081233320966738
0.9593691763460279	1.1313137095649959	0.8942726452548216
0.9544362035954908	1.1458887734051686	0.8808938011386904
0.9497579663183325	1.1594737793401089	0.8680804942121167
0.945362211344132	1.1720351978623942	0.8559247142074963
0.9412747066865237	1.1835446393952624	0.8445160116217972
0.9375191518818625	1.193978233865887	0.8339406735517926
0.9341171014656922	1.203316068373951	0.8242808139857013
0.9310879003018355	1.2115416828172403	0.8156133906627102
0.9284486295223915	1.2186416230234316	0.8080091695529967
0.9262140619118235	1.2246050507631945	0.8015316671402561
0.9243966256686228	1.2294234099445387	0.7962361089923281
0.9230063755982203	1.233090148284496	0.7921684494128183
0.9220509709260658	1.2356004938022966	0.789364500119566
0.9215356590659924	1.2369512855642846	0.7878492149668291
0.9214632648328426	1.2371408582244665	0.7876361722441269
0.9218341847472257	1.2361689800376685	0.7887272861983976
0.9226463862422284	1.234036844167957	0.7911127659760537
0.9238954117453545	1.2307471132672436	0.7947713246070106
0.9255743877726201	1.2263040174521602	0.7996706247678087
0.9276740393343327	1.2207135059557637	0.8057679337351953
0.9301827101121651	1.2139834528685123	0.8130109487673683
0.9330863890228928	1.2061239175037786	0.8213387471789229
0.93636874393319	1.1971474600192311	0.8306828129839506
0.9400111634291175	1.1870695129872448	0.8409680938864481
0.9439928076695283	1.175908809622397	0.8521140477956635
0.9482906694599967	1.1636878693247752	0.8640356458280686
0.9528796467676972	1.1504335410597044	0.8766443077392595
0.9577326279520788	1.1361776048324381	0.8898487548287229
0.9628205910049328	1.1209574310797887	0.9035557737295797
0.9681127180702207	1.1048166971171394	0.9176708915685544
0.973576526442698	1.087806158745948	0.9320989684685492
0.9791780171195018	1.0699844735996786	0.946744717207104
0.9848818417959974	1.0514190705868534	0.9615131621446069
0.9906514889533697	1.0321870566115647	0.9763100505038587
0.9964494893796372	1.0123761472643908	0.9910422289716182
1.002237641099211	0.9920856019377063	1.0056179976632493
1.0079772532627407	0.9714271352964443	1.0199474519837455
1.0136294080756036	0.950525765633947	1.033942821039181
1.019155239329922	0.929520545779845	1.047518809171277
1.0245162255643612	0.9085651034807277	1.0605929450377845
1.0296744953240686	0.8878278955441427	1.0730859405452928
1.0345931414483078	0.8674920543531587	1.0849220599364775
1.0392365407959876	0.8477546788601971	1.096029497499299
1.043570675350949	0.828825399197524	1.1063407607455782
1.0475634502513498	0.8109240316995988	1.115793054534517
1.051185003981859	0.7942771495331358	1.1243286605185585
1.054408005772681	0.7791134356574441	1.131895305482846
1.0572079351816634	0.765657771672631	1.1384465116469626
1.0595633389066332	0.7541241555161166	1.143941921802931
1.061456060091218	0.7447077286552362	1.1483475922731752
1.0628714357494113	0.7375764070635191	1.151636247074446
1.0637984584363414	0.7328628069980898	1.153787487347813
1.0642298989230743	0.730657279115303	1.154787951031114
1.0641623873736494	0.7310028577680114	1.1546314188704812
1.0635964513494243	0.733892767104834	1.1533188641460375
1.0625365098513384	0.7392708175451285	1.15085844487165
1.060990823524089	0.7470346388740787	1.1472654386636647
1.0589714020552186	0.7570413218665195	1.1425621219006834
1.0564938706747125	0.7691147664792334	1.1367775961578757
1.053577298466778	0.7830539128490939	1.1299475661398677
1.0502439919181847	0.7986410639745701	1.1221140744055396
1.046519257724794	0.8156496574619024	1.1133251990322515
1.0424311393431056	0.8338510502851841	1.1036347209701558
1.038010132096475	0.8530200905272846	1.093101768162086
1.033288881822153	0.8729394260541813	1.0817904435326922
1.0283018720778152	0.8934026250753063	1.0697694436725358
1.0230851048227867	0.9142162570973695	1.0571116744574334
1.0176757792627569	0.9352011140732343	1.0438938689568114
1.0121119732142934	0.9561927531852317	1.0301962118105548
1.006432330926686	0.9770415266117468	1.0161019728120229
1.000675760814882	0.9976122391252455	1.0016971507531331
0.9948811460304225	1.0177835477644541	0.987070126702036
0.9890870702486327	1.0374471928154911	0.9723113238427022
0.9833315604997549	1.0565071277184697	0.9575128688719118
0.9776518483370004	1.07487859784362	0.9427682478064235
0.9720841501307089	1.0924872042061182	0.928171947011821
0.9666634668171051	1.1092679776255734	0.9138190684674449
0.961423403021587	1.1251644809876313	0.8998049069084258
0.9563960051260898	1.140127951548791	0.8862244757527664
0.9516116175610075	1.1541164911317456	0.8731719688761069
0.9470987563750197	1.1670943091703825	0.860740146600928
0.9428839989693496	1.179031021554635	0.8490196369666484
0.9389918887730694	1.1899010068487887	0.8380981476283355
0.9354448535783305	1.1996828205303738	0.8280595896621278
0.9322631362431243	1.208358667288703	0.818983122018509
0.9294647364982065	1.2159139310388618	0.8109421339991154
0.9270653626577899	1.222336762082637	0.8040031922953185
0.9250783921243596	1.227617720736732	0.798224987898478
0.9235148396907608	1.2317494767187103	0.7936573254485617
0.9223833327724154	1.2347265636101938	0.7903402021424626
0.9216900928447502	1.2365451877890095	0.7883030241274773
0.9214389225120375	1.2372030913255943	0.7875640046777519
0.9216311977909833	1.2366994684651051	0.7881297802777723
0.9222658653533243	1.2350349354580237	0.789995268580837
0.9233394446347073	1.2322115536523615	0.7931437772888956
0.9248460348808464	1.2282329059140364	0.7975473570108131
0.9267773273651353	1.223104226593048	0.8031673759874418
0.9291226231731803	1.216832585395962	0.8099552819653981
0.9318688571074799	1.2094271256537585	0.8178535077510167
0.9350006284175437	1.2008993575811715	0.8267964727367594
0.9385002392043371	1.191263507200594	0.8367116329363453
0.9423477414795585	1.1805369216392123	0.8475205361759417
0.9465209939755646	1.168740531487099	0.8591398460541693
0.9509957298957679	1.155899370805196	0.8714823069219385
0.9557456368623358	1.1420431551651442	0.884457631302171
0.9607424503519204	1.127206917744028	0.8979732999175226
0.9659560619045965	1.1114317029235916	0.9119352721396238
0.9713546433399574	1.0947653159659518	0.9262486108188346
0.9769047881116317	1.0772631260302818	0.9408180299533039
0.9825716707724574	1.0589889178826715	0.9555483765571643
0.9883192253035489	1.0400157848969296	0.9703450595638385
0.9941103427796759	1.0204270520324488	0.9851144388927138
0.9999070885010007	1.000317212001882	0.999764187177538
1.0056709383200984	0.9797928503085106	1.0142036353532944
1.011363033438952	0.9589735246656467	1.0283441115463434
1.016944452451918	0.9379925509077421	1.0420992806947802
1.0223764988792272	0.9169976303539469	1.0553854901897013
1.0276210018861651	0.8961512324788373	1.0681221246877168
1.0326406273330513	0.8756306221176143	1.080231971187498
1.0373991957701807	0.8556273938756785	1.091641593554032
1.0418620035011539	0.8363463513320843	1.1022817139631205
1.045996142409345	0.8180035509482811	1.1120875972632198
1.04977081389715	0.8008233292345234	1.1209994330406028
1.0531576320461045	0.7850341583378994	1.128962709248155
1.0561309109853483	0.7708632424973857	1.1359285706322122
1.058667931469791	0.7585298857208828	1.141854154872955
1.06074918182646	0.7482378308059181	1.1467028993417896
1.0623585687310109	0.7401669770264813	1.1504448116654586
1.0634835937231373	0.7344650937006735	1.1530566978541925
1.0641154919501539	0.7312403065342405	1.1545223425739657
1.0642493303265863	0.7305551845576023	1.1548326371860267
1.0638840630927255	0.7324231551118184	1.153985652397452
1.063022543620549	0.7368077187351098	1.1519866537149606
1.0616714922213957	0.7436245702936032	1.1488480593159103
1.0598414206244566	0.7527463415186574	1.144589341387763
1.057546514686178	0.764009356965226	1.1392368733820362
1.0548044777270078	0.777221609197533	1.1328237269244394
1.0516363376452365	0.7921711321109808	1.1253894232669066
1.0480662216037913	0.8086340595086695	1.116979645112945
1.0441211026059014	0.8263818463855124	1.107645915355875
1.0398305226566118	0.8451873446563625	1.097445249709292
1.0352262974427007	0.8648296179352154	1.0864397903585141
1.0303422075534576	0.8850975263708619	1.0746964276078765
1.0252136812148547	0.9057922061232045	1.06228641603694
1.019877473330964	0.9267286149577254	1.049284990912358
1.0143713453345262	0.9477363274940752	1.0357709895418528
1.0087337499620954	0.9686597534129593	1.0218264809199542
1.003003524608989	0.9893579298914507	1.0075364054263019
0.9972195964071876	1.0097040132026962	0.9929882245290246
0.9914207016269737	1.0295845684571043	0.9782715784607078
0.9856451214510376	1.04889873335437	0.9634779477292048
0.9799304356267037	1.0675573125403355	0.9487003121747765
0.974313294984039	1.085481843802438	0.9340327991876399
0.9688292133282753	1.1026036655082343	0.9195703107849907
0.9635123787845028	1.118863005821134	0.9054081176782846
0.9583954842982069	1.134208107717549	0.8916414074420086
0.9535095766812316	1.1485943991371192	0.8783647736606832
0.9488839233407165	1.1619837142675318	0.8656716337401088
0.9445458956377354	1.174343569635838	0.8536535651788749
0.9405208676900134	1.1856464970718368	0.8423995537234167
0.9368321293549565	1.1958694345194913	0.8319951520974347
0.9335008120999521	1.204993174949056	0.8225215548699926
0.9305458264804307	1.2130018731579524	0.8140546032498343
0.9279838099962269	1.2198826099665216	0.8066637426389915
0.9258290841770359	1.2256250131624993	0.8004109648341381
0.9240936198523342	1.2302209344885446	0.7953497747750977
0.9227870096845794	1.233664181974662	0.7915242275232109
0.9219164471821678	1.2359503069737423	0.7889680835764967
0.9214867115565455	1.2370764453505954	0.7877041288373849
0.9215001579428759	1.2370412123928378	0.7877436991796721
0.921956712663299	1.2358446511480223	0.7890864388991271
0.9228538733741619	1.2334882340387983	0.7917203083430694
0.9241867141021903	1.229974917760768	0.7956218402315616
0.9259478953381213	1.2253092516204027	0.8007566284578983
0.9281276795185472	1.2194975396172754	0.8070800193297696
0.93071395238613	1.2125480567099798	0.8145379647896832
0.9336922508729946	1.2044713198217807	0.8230679910605739
0.9370457982995166	1.1952804142323006	0.8326002346432402
0.9407555478176267	1.1849913760554027	0.8430585002484722
0.9448002351502107	1.1736236315074233	0.8543613011989118
0.9491564417814354	1.1612004936055969	0.8664228509431345
0.9537986698314298	1.1477497167775434	0.8791539834072342
0.9586994298967682	1.1333041095714014	0.8924629889251935
0.963829343149315	1.117902205178269	0.9062563606428424
0.9691572589539121	1.1015889887365624	0.9204394530710718
0.9746503891841045	1.0844166792717138	0.934917059631108
0.9802744602793075	1.0664455624809501	0.9495939195651526
0.9859938838923373	1.047744868191288	0.9643751666100068
0.9917719467204342	1.0283936829173181	0.9791667325697662
0.9975710197951729	1.008481883156514	0.9938757186343398
1.00335278712871	0.9881110684229815	1.0084107462312657
1.0090784931801413	0.9673954639880978	1.0226822976036125
1.0147092081237368	0.9464627512685111	1.0366030543763536
1.0202061093809847	0.9254547682122141	1.050088240269606
1.0255307773342635	0.9045280025167654	1.0630559719665647
1.030645502587927	0.883853777193415	1.075427620044074
1.0355136016014723	0.8636180019202833	1.0871281798980375
1.040099737009889	0.8440203373955165	1.0980866507997882
1.0443702384899627	0.8252725983388106	1.1082364196451493
1.0482934196499833	0.8075962115830111	1.1175156446372696
1.0518398861347293	0.7912185595006308	1.1258676331014432
1.0549828299663548	0.7763680884256422	1.1332412068820694
1.0576983051000948	0.763268158428823	1.1395910483287852
1.0599654792723654	0.7521297603646675	1.1448780197435506
1.0617668574633157	0.7431434212012183	1.1490694493279952
1.0630884726856533	0.7364708329537718	1.1521393771271118
1.0639200403397109	0.7322369276083298	1.154068755188955
1.0642550730279465	0.7305232217714939	1.1548455971189409
1.0640909534811778	0.7313632185056449	1.1544650733620028
1.063428964089333	0.7347404581441271	1.1529295498490655
1.0622742724229028	0.7405894802498747	1.150248569043298
1.0606358730463195	0.7487995665084028	1.146438773859646
1.0585264868289177	0.7592207733822723	1.1415237763500137
1.0559624198211095	0.7716715163671863	1.1355339743886816
1.0529633845533595	0.7859468770932441	1.1285063208036894
1.049552287307491	0.8018268635260923	1.1204840504307636
1.0457549854826285	0.8190840179510365	1.11151637137451
1.0416000196163513	0.8374899785141069	1.1016581273127353
1.0371183249162437	0.8568208058010367	1.0909694379483217
1.0323429273052969	0.8768610527779739	1.0795153246825209
1.0273086289900362	0.8974066710993873	1.0673653282459292
1.0220516884318365	0.9182669112668431	1.0545931243790083
1.0166094993535377	0.9392653986725411	1.0412761427105708
1.0110202730626896	0.960240564903825	1.0274951927548144
1.0053227279397063	0.981045595334873	1.0133340994568687
0.9995557894454113	1.0015480287215794	0.9988793489925162
0.9937583034697528	1.0216291180001003	0.9842197436080867
0.9879687652929653	1.0411830370449786	0.9694460622219307
0.9822250658816472	1.0601159972730152	0.9546507213660644
0.9765642567124128	1.0783453210677236	0.9399274289139632
0.9710223338194796	1.095798505809035	0.9253708210342233
0.9656340413113348	1.112412302302414	0.911076071079524
0.9604326942039534	1.1281318240093552	0.897138457852813
0.955450020079348	1.1429096981158553	0.8836528801112878
0.9507160188011913	1.1567052656445707	0.8707133045253768
0.9462588393039663	1.1694838351211467	0.8584121358659844
0.9421046723166088	1.1812159924356802	0.8468395011872458
0.9382776577821997	1.1918769682632386	0.8360824443718446
0.9347998056869705	1.2014460635514366	0.8262240336487701
0.9316909290089161	1.2099061330248246	0.817342392419697
0.928968587532387	1.217243126307748	0.8095096725260593
0.92664804134385	1.223445686067996	0.8027909982552835
0.9247422129194585	1.2285048024902734	0.7972434179553063
0.9232616568315075	1.2324135233715325	0.7929149069519374
0.9222145362333043	1.2351667191687141	0.7898434693662522
0.921606605426182	1.2367609024084936	0.7880563864138828
0.921441197964875	1.237194100977246	0.7875696542495829
0.921719219915488	1.2364657849390337	0.7883876454107092
0.9224391480417476	1.23457684667299	0.7905030151089295
0.9235970328584656	1.2315296342728106	0.7938968583483896
0.9251865066548646	1.2273280383045213	0.798539107870479
0.9271987967533353	1.2219776321685996	0.804389148126695
0.9296227444299493	1.2154858664531623	0.8113966085377076
0.9324448300798848	1.2078623177898917	0.8195022913895047
0.9356492053615931	1.1991189928263672	0.8286391863681999
0.9392177331951129	1.189270687998385	0.8387335247907084
0.9431300366187465	1.1783354058118471	0.8497058313392735
0.9473635576199341	1.166334828309687	0.8614719384904784
0.9518936271453838	1.1532948482823075	0.8739439376552147
0.9566935475566195	1.1392461585475322	0.8870310502002051
0.9617346888238573	1.124224899231283	0.9006404101006147
0.9669865997372241	1.1082733623558279	0.9146777573509832
0.9724171353535616	1.091440752092884	0.9290480470932747
0.9779926017838376	1.0737839976297026	0.9436559836027968
0.9836779192557796	1.0553686135418305	0.9584064908816936
0.9894368041554795	1.0362695996151507	0.9732051328368078
0.9952319704588996	1.016572367880576	0.9879584961121446
1.001025350610168	0.9963736787946244	1.002574547867518
1.0067783354916353	0.9757825605033087	1.0169629793900474
1.0124520326670552	0.954921174379625	1.0310355446085648
1.0180075415732295	0.9339255759318809	1.044706400529854
1.0234062437992992	0.9129463022679861	1.057892454470616
1.0286101060419077	0.8921486954520892	1.0705137208286974
1.0335819927765428	0.8717128459188568	1.0824936881037484
1.0382859851604995	0.8518330135047906	1.093759695003221
1.0426877022024812	0.8327163594565531	1.1042433128014637
1.0467546198196964	0.8145808074645349	1.1138807296933924
1.0504563830767526	0.7976518548452878	1.1226131317268928
1.053765106681233	0.7821581885020128	1.130387074029538
1.0566556587153282	0.7683260367653812	1.137154835478357
1.0591059226239696	0.7563723164519741	1.1428747497021021
1.061097032665294	0.7464968132028184	1.1475115053520386
1.0626135783609094	0.738873844245756	1.1510364089195915
1.0636437739570141	0.733644057448872	1.153427603998439
1.0641795895121917	0.7309071635851436	1.1546702417569839
1.0642168409467738	0.7307164227879147	1.15475659846813
1.0637552371995562	0.7330755746002593	1.1536861371926654
1.0627983835133457	0.7379386191286555	1.1514655120795547
1.0613537407809905	0.745212478980382	1.14810851517571
1.059432541796138	0.7547621866569324	1.1436359670714187
1.0570496661357784	0.7664179413081998	1.138075554087482
1.0542234762239948	0.7799832231986848	1.131461615980398
1.0509756178606344	0.7952431565798356	1.1238348892509746
1.047330789121657	0.8119724403737503	1.1152422120443355
1.0433164820318674	0.8299423653716594	1.1057361972876338
1.0389627017639806	0.8489266497374267	1.095374881096814
1.034301668325173	0.8687060097954465	1.0842213535752703
1.029367505754508	0.8890715192698587	1.0723433789138803
1.024195923778776	0.9098268939457256	1.0598130111807207
1.0188238966723753	0.9307898778754545	1.0467062113645378
1.0132893437550932	0.951792914060443	1.0331024701207137
1.0076308155592382	0.9726832692935995	1.0190844392807816
1.0018871892256376	0.9933227594918618	1.0047375735524497
0.9960973761684153	1.0135871953001028	0.9901497819909169
0.9903000445026802	1.0333656422034154	0.9754110868091378
0.9845333581775532	1.0525595669772212	0.960613284974133
0.9788347342175818	1.0710819237997973	0.9458496058874549
0.9732406189642157	1.088856218713542	0.9312143563746915
0.9677862837384302	1.105815579911579	0.9168025423469753
0.9625056399254964	1.121901852958305	0.9027094550184032
0.9574310731199502	1.1370647339340123	0.8890302086762079
0.9525932956667611	1.1512609490972812	0.8758592169473557
0.9480212166946368	1.1644534865476732	0.8632895955466794
0.9437418285581582	1.1766108832007995	0.8514124818802845
0.9397801084839413	1.1877065688956165	0.8403162658168315
0.9361589341477845	1.197718268445305	0.8300857315261292
0.9328990118892385	1.2066274617770998	0.8208011174468759
0.9300188162911368	1.2144189018822564	0.8125371098777393
0.9275345399079842	1.22108019004405	0.8053617948052696
0.925460052012524	1.2266014076798488	0.7993356015237945
0.9238068653384144	1.2309748040884723	0.7945102792761163
0.9225841099234886	1.2341945394122367	0.7909279533604351
0.9217985132980024	1.2362564821873012	0.7886203088121686
0.92145438641178	1.2371580609537607	0.7876079471025089
0.921553614850248	1.2368981695189727	0.7878999540523418
0.92209565504963	1.2354771256063262	0.7894937057589971
0.9230775353842666	1.2328966827705528	0.7923749248636502
0.9244938621627057	1.2291600956139714	0.796517983566768
0.9263368307326028	1.224272238490067	0.8018864343038247
0.9285962420562826	1.218239778025902	0.8084337357234024
0.9312595252774649	1.2110713999269545	0.8161041319728719
0.9343117669531291	1.2027780906402146	0.8248336380911033
0.9377357477701267	1.1933734745354536	0.8345510836447173
0.9415119877006131	1.1828742073099665	0.8451791701180518
0.9456188006694901	1.1713004263145144	0.8566355040291713
0.9500323599059822	1.1586762584179235	0.8688335761301843
0.954726775224634	1.1450303858466113	0.8816836661947219
0.9596741835223803	1.1303966701127683	0.8950936617979555
0.9648448537816013	1.1148148336228652	0.9089697874135095
0.9702073078279201	1.098331197753472	0.9232172466315519
0.9757284580000662	1.0809994749767502	0.9377407851490209
0.9813737627422663	1.0628816108499979	0.9524451854083447
0.9871074009234341	1.0440486691292796	0.9672357055176096
0.9928924654196483	1.024581749628829	0.9820184756042737
0.9986911761668097	1.004572923340575	0.9967008642966316
1.0044651125012123	0.9841261622731399	1.0111918268471154
1.0101754641620746	0.963358231905306	1.0254022447374904
1.0157832998398462	0.9423995014731446	1.039245264630548
1.021249851628426	0.9213946109791655	1.0526366424110016
1.026536813192433	0.9005029135285322	1.0654950959107903
1.0316066489092257	0.8798985876250056	1.077742667833009
1.0364229107086906	0.8597702876962763	1.0893050984438777
1.0409505588328583	0.8403201753309822	1.1001122058460098
1.045156282293892	0.8217621538419831	1.1100982701187216
1.0490088144446412	0.8043191230985246	1.1192024163425438
1.0524792388111135	0.7882190912518742	1.127368990538146
1.0555412801889679	0.7736900377303656	1.1345479218602108
1.058171575990877	0.7609535286642496	1.1406950640032438
1.0603499229582183	0.7502172453565367	1.1457725087002424
1.0620594946233641	0.7416667879314561	1.149748864419949
1.0632870253261018	0.7354573295093728	1.1525994938788076
1.0640229571412658	0.7317058714183079	1.1543067047555324
1.0642615467500491	0.7304849281302308	1.154859888996337
1.0640009300643198	0.7318184038974371	1.1542556072860954
1.0632431432663347	0.7356801979324826	1.1524976165867165
1.0619940998262871	0.7419957265107511	1.1495968400550296
1.0602635239756426	0.7506461565955388	1.1455712800913656
1.0580648420128598	0.7614748011652682	1.1404458766784504
1.0554150336683423	0.7742949079138447	1.134252314491212
1.0523344465283642	0.7888980132901894	1.1270287834379966
1.0488465771880695	0.8050621174808286	1.1188196982845535
1.0449778233514309	0.8225591140169833	1.1096753837729796
1.040757211507034	0.841161121316014	1.0996517321460266
1.036216105074891	0.860645563610667	1.0888098401989168
1.0313878980396702	0.8807990059450234	1.0772156328912212
1.0263076990643976	0.9014198523813535	1.0649394801541807
1.0210120109258893	0.922320072372009	1.052055812825802
1.0155384098435374	0.9433261385478586	1.0386427426462805
1.009925228904766	0.9642793526595944	1.0247816899657536
1.0042112493439752	0.9850357161271882	1.010557021278076
0.9984354029287847	1.0054654757471309	0.9960556969289209
0.9926364881696402	1.0254524488017522	0.9813669273944752
0.9868529025172178	1.0448932079876025	0.9665818344414856
0.9811223921656678	1.0636961864709962	0.9517931113309244
0.9754818205553673	1.0817807472182956	0.9370946741093391
0.9699669561804715	1.0990762482224474	0.9225812940662811
0.9646122798651308	1.1155211258063331	0.9083481997796514
0.9594508112856389	1.1310620112258079	0.8944906360175042
0.9545139541888932	1.145652890762203	0.8811033663445752
0.9498313594925029	1.1592543159110462	0.8682801068501156
0.9454308052483831	1.171832667759771	0.856112880230541
0.9413380923073515	1.1833594779083272	0.8446912827548976
0.9375769544331478	1.1938108071026805	0.8341016615609291
0.9341689815752322	1.2031666819611957	0.8244262062787804
0.9311335550147973	1.2114105896621834	0.8157419669534144
0.9284877931413227	1.218529030145673	0.8081198191677553
0.9262465066914366	1.224511125206509	0.8016234064024252
0.9244221623817708	1.2293482837793197	0.7963080979942645
0.9230248539873999	1.2330339227110552	0.7922200074055044
0.9220622800524819	1.2355632423641583	0.789395118728568
0.9215397275657696	1.2369330564789567	0.7878585684947628
0.9214600610874039	1.237141675837149	0.7876241244465427
0.9218237169722352	1.2361888454010717	0.7886938931140184
0.9226287024968252	1.2340757347489424	0.7910582746345657
0.9238705998607184	1.2308049817784839	0.794696167700737
0.9255425751962324	1.2263807898045238	0.7995754116264311
0.9276353928836354	1.220809078324752	0.8056534381559582
0.9301374356287178	1.2140976878659302	0.8128780944045879
0.9330347309156068	1.2062566394439858	0.8211885912741425
0.9363109845968296	1.1972984492679963	0.8305165292211425
0.9399476225220513	1.1872384993805114	0.8407869550945665
0.9439238412327686	1.1760954649424815	0.8519194091098853
0.9482166688579496	1.1638917988229518	0.8638289287805981
0.952801037429865	1.1506542740172587	0.876426985599672
0.9576498678943032	1.1364145841578326	0.8896223393685392
0.9627341691087522	1.1212100019485018	0.9033218034577989
0.9680231520996336	1.1050840946744962	0.917430921381184
0.9734843607791844	1.0880874949137895	0.9318545605785087
0.9790838201986329	1.0702787230578594	0.9464974331707199
0.9847862032324266	1.0517250560440423	0.9612645557745308
0.9905550163454814	1.0325034335417378	0.9760616614517321
0.9963528047906349	1.0127013883722356	0.9907955767728824
1.0021413772179157	0.9924179817359858	1.0053745760569817
1.007882049254753	0.9717647153406233	1.0197087233486404
1.013535905143637	0.9508663811740815	1.0337102108196603
1.0190640760108323	0.9298617948657939	1.0472937002027616
1.024428032799465	0.9089043398986573	1.060376671715466
1.0295898913484662	0.8881622273648045	1.0728797828148147
1.0345127265537863	0.867818350312321	1.0847272371167145
1.0391608920303348	0.8480695852170846	1.0958471619760226
1.0435003412237844	0.8291253700358507	1.106171991599623
1.0474989455225459	0.8112053757060216	1.115638851188596
1.0511268046129127	0.794536095920529	1.1241899365027577
1.0543565441237293	0.7793462208826909	1.1317728824298343
1.0571635955369811	0.7658607467529139	1.1383411136338908
1.0595264534092403	0.7542939110270778	1.143854170157899
1.0614269051626002	0.7448412310994443	1.1482780009600955
1.062850229063339	0.7376711367642991	1.151585218761402
1.0637853565065323	0.7329168848563113	1.1537553102510048
1.06422499535319	0.7306695684510021	1.1547747966097501
1.0641657118052172	0.7309730288213749	1.1546373404282062
1.0636079691291447	0.7338213157504201	1.1533437963724826
1.0625561224243492	0.7391590357137693	1.1509022043343438
1.06101836954466	0.7468845407211163	1.1473277252367984
1.0590066591915497	0.7568555352920736	1.142642521094041
1.0565365580705404	0.7688964029759858	1.1368755822875658
1.0536270798098284	0.7828064293652367	1.130062506263196
1.050300479054558	0.7983681288713715	1.1222452329262391
1.046582014749453	0.815355029573337	1.1134717428700003
1.0424996870899914	0.8335384765301308	1.1037957251803951
1.0380839529475114	0.852693224267608	1.0932762218889862
1.033367424752555	0.8726017658836045	1.081977256179949
1.0283845578555852	0.8930574720939531	1.069967451183587
1.0231713312829158	0.9138666878864155	1.057319645608666
1.0177649265811757	0.9348499663404146	1.0441105115841953
1.0122034091127696	0.9558426211951735	1.0304201789116363
1.0065254157472663	0.9766947638671855	1.0163318684909537
1.000769852410799	0.9972709661973945	1.0019315360058765
0.9949756044292541	1.0174496636019708	0.9873075250713973
0.9891812620525782	1.0371223882479814	0.9725502270074844
0.9834248629968686	1.056192900194364	0.9577517422700909
0.9777436533058168	1.0745762667012093	0.9430055364271953
0.972173867328684	1.09219792597648	0.928406081523602
0.9667505271505092	1.1089927610163364	0.9140484718757791
0.9615072614007849	1.1249042013069726	0.9000280019559487
0.9564761430154579	1.1398833644087685	0.8864396932790498
0.9516875452370334	1.153888245326736	0.8733777573440757
0.9471700149094152	1.1668829586660678	0.8609349829642728
0.9429501619563229	1.1788370365503982	0.8492020389955457
0.939052563821311	1.1897247838950131	0.8382666877265075
0.9354996835888612	1.1995246916945332	0.8282129100970386
0.9323118004940238	1.2082189083721522	0.8191199513520595
0.929506951556501	1.215792768851127	0.8110613043567985
0.9271008831375125	1.2222343807827125	0.8041036569603963
0.9251070113081336	1.2275342672520027	0.7983058385815559
0.9235363900302543	1.2316850652521067	0.7937178084815321
0.9223976862807771	1.2346812792453337	0.7903797327983544
0.9216971613917135	1.2365190892016145	0.7883211982892518
0.9214386580298366	1.2371962126075708	0.7875606071766715
0.9216235923965939	1.2367118200654523	0.7881047893921542
0.9222509513898631	1.2350665042423146	0.7899488564138631
0.9233172946321192	1.2322623020800108	0.7930763060049681
0.9248167614332943	1.2283027703300369	0.7974593711731512
0.9267410829198159	1.2231931146283939	0.8030595914742217
0.9290795997226355	1.2169403724687073	0.8098285721218363
0.9318192857748886	1.209553650560666	0.817708887543842
0.9349447789220049	1.2010444171683408	0.8266350817102887
0.938438419190855	1.1914268501004608	0.8365347177315595
0.9422802956963487	1.1807182410611279	0.8473294332795728
0.9464483032795348	1.1689394570495768	0.858935965312621
0.9509182100656418	1.1561154594003316	0.8712671162046176
0.9556637371980039	1.1422758808502282	0.8842326425481768
0.9606566520383119	1.1274556606628579	0.8977400566623024
0.9658668761187836	1.1116957372717058	0.9116953385030983
0.971262609081422	1.0950437970316906	0.9260035618480076
0.9768104697377474	1.0775550763696813	0.9405694431511786
0.9824756552243235	1.0592932127241423	0.9552978243939019
0.9882221190114258	1.040331136925945	0.9700941027519486
0.994012768242413	1.0207519957830926	0.9848646202114085
0.999809680540004	1.0006500881885432	0.9995170256478871
1.0055743400154915	0.9801317905763169	1.0139606205915814
1.0112678917635152	0.9593164374323893	1.0281066981546492
1.0168514136269915	0.9383371092228311	1.0418688825825735
1.0222862034858025	0.917341263018182	1.0551634747559524
1.0275340797736143	0.896491120051977	1.0679098068280952
1.0325576923770337	0.8759636998739354	1.0800306071243475
1.0373208405398873	0.855950364211706	1.0914523745170626
1.0417887939038375	0.8366557085101126	1.1021057597754198
1.045928612386684	0.8182956212518792	1.1119259499097132
1.049709460253034	0.8010943294448578	1.120853050314051
1.0531029094886224	0.785280274702473	1.1288324585808973
1.0560832274668135	0.7710807308524625	1.1358152232299217
1.0586276439073778	0.758715191031124	1.1417583802696367
1.0607165922823434	0.7483877211875003	1.1466252604931482
1.0623339211247778	0.7402786837218903	1.1503857606908159
1.0634670711407916	0.7345364452192759	1.1530165725256871
1.0641072146034598	0.7312698432389919	1.154501363636315
1.0642493542040932	0.7305422402772525	1.1548309065713214
1.0638923793300012	0.7323678953382992	1.1540031523780463
1.0630390786023642	0.7367111302970967	1.1520232470143856
1.0616961084133862	0.7434884039500905	1.148903490173821
1.0598739181166568	0.752573015114637	1.1446632375511745
1.0575866334163273	0.7638018311916618	1.1393287489725088
1.0548519003381638	0.7769832497992364	1.1329329861103257
1.0516906929204228	0.7919055716238301	1.1255153646521132
1.0481270884105558	0.8083450689817648	1.1171214667396314
1.0441880142760025	0.8260732240391954	1.1078027202086878
1.039902971720776	0.844862824942446	1.0976160516035665
1.035303740637545	0.8644928015967798	1.0866235200946728
1.0304240710172237	0.8847518300971245	1.0748919392791614
1.0252993657904068	0.9054408292450942	1.0624924933876598
1.019966359898329	0.9263745201669386	1.0495003536588856
1.0144628001008542	0.9473822325795864	1.0359942995884774
1.0088271296439146	0.9683081312979108	1.0220563484259892
1.0030981814497053	0.989011014669408	1.0077713947091613
0.9973148829815507	1.0093638103150853	0.9932268598196441
0.9915159753933468	1.0292528675653698	0.9785123495619219
0.9857397490214456	1.0485771228137921	0.9637193156634003
0.9800237967334958	1.0672471946698971	0.9489407149429129
0.9744047861303388	1.0851844503699675	0.9342706577956569
0.9689182511170042	1.102320073020706	0.9198040357232902
0.9635984029275022	1.1185941503365195	0.9056361160623112
0.9584779603127614	1.133954798986571	0.8918620910332847
0.9535879982860435	1.1483573339490059	0.8785765679837827
0.9489578145671062	1.1617634889201969	0.8658729884876033
0.9446148126745704	1.1741406914830903	0.8538429660491259
0.9405844004826435	1.1854613951222404	0.842575535762222
0.9368899029793586	1.1957024690763003	0.8321563145130072
0.9335524879334355	1.2048446462903333	0.822666577163762
0.9305911031897411	1.2128720292620685	0.8141822623595512
0.9280224243628148	1.2197716532917564	0.8067729306367297
0.9258608117777272	1.225533106491184	0.8005007065758388
0.9241182756117406	1.2301482058465838	0.7954192447793571
0.9228044483134238	1.2336107286367155	0.7915727652850152
0.9219265635133143	1.2359161985631124	0.7889952065138588
0.9214894407880032	1.2370617260410872	0.7877095421361405
0.9214954757944221	1.2370459022177442	0.7877273019450911
0.9219446354506765	1.235868746419008	0.7890483262320234
0.9228344580020834	1.233531706874932	0.7916607692114318
0.9241600579746478	1.2300377147253947	0.7955413512772992
0.9259141361817663	1.2253912914610103	0.800655844130293
0.9280869951122126	1.2195987101011363	0.8069597589438227
0.9306665601869178	1.2126682105462074	0.8143991972478244
0.9336384075268176	1.2046102696586645	0.8229118180402237
0.9369857990215688	1.195437926717531	0.8324278730419757
0.9406897256260611	1.1851671649462407	0.8428712646042033
0.94472895993438	1.1738173498182911	0.8541605866820173
0.9490801191844761	1.1614117247823117	0.8662101173708834
0.9537177399258756	1.1479779648910367	0.8789307405770133
0.95861436563132	1.1335487885299804	0.8922307834176684
0.9637406485450214	1.1181626269674123	0.9060167641201639
0.9690654670289047	1.1018643507103896	0.9201940519948172
0.9745560595877979	1.0847060505428479	0.934667446251885
0.9801781766196883	1.0667478694884822	0.9493416839896346
0.9858962507436928	1.048058879574046	0.964121889728533
0.9916735863036474	1.0287179938870656	0.9789139796244309
0.9974725683285102	1.0088148996599764	0.9936250332192972
1.0032548908538326	0.9884509915112575	1.0081636445396598
1.0089818040757537	0.9677402749868531	1.022440262765446
1.0146143793277165	0.9468101985725539	1.0363675307657068
1.0201137903508173	0.9258023568221205	1.0498606276955145
1.0254416087848726	0.9048729877963545	1.0628376196976967
1.0305601112552598	0.8841931647468776	1.075219820651688
1.0354325948891356	0.8639485559383137	1.0869321629335122
1.0400236975843737	0.8443386002410199	1.0979035763514606
1.0442997188971859	0.825574924431371	1.108067371843668
1.048228937031631	0.8078788186428884	1.1173616251987062
1.0517819171269025	0.7914775997274017	1.1257295550126414
1.0549318058649741	0.7765997409981286	1.1331198883429192
1.0576546073772115	0.7634687426576774	1.139487207071175
1.0599294355247955	0.7522958658986136	1.1447922678466709
1.0617387378698273	0.7432720481480821	1.1490022886445905
1.0630684870413332	0.7365595312428179	1.152091195425509
1.063908335726292	0.7322839223081926	1.1540398231016458
1.0642517321670701	0.7305275103809689	1.1548360659708048
1.06409599380413	0.7313246281426634	1.1544749739305924
1.0634423375422113	0.7346596550781458	1.1529587920866298
1.062295866010922	0.7404679305175453	1.15029694276627
1.0606655101055922	0.7486394529494691	1.146505950387165
1.058563928999094	0.7590248797480699	1.1416093110496663
1.0560073696782495	0.7714430920730677	1.1356373100659505
1.0530154888498187	0.7856894964058514	1.1286267918525243
1.049611140754816	0.8015442909717696	1.1206208876469543
1.0458201350048164	0.8187800884309682	1.1116687073218685
1.0416709689945158	0.8371684969942192	1.1018250021249223
1.0371945397418694	0.8564854682490964	1.0911498054469184
1.032423840157853	0.8765153876360414	1.0797080586948025
1.0273936447556393	0.897053999086546	1.0675692290138505
1.0221401896827313	0.9179103205853355	1.0548069249640988
1.0167008517131295	0.9389077325345809	1.041498515317553
1.0111138304874012	0.9598844184961476	1.0277247549195403
1.005417837856687	0.9806933197212615	1.0135694200711727
0.9996517976937369	1.001201739628869	0.9991189541692612
0.9938545590018663	1.0212907078661706	0.9844621224233031
0.9880646246023499	1.0408541890895149	0.9696896724065435
0.9823198971318218	1.0597982006688493	0.9548939950559754
0.9766574435509884	1.078039886542167	0.9401687786025199
0.9711132788690165	1.0955065811977307	0.9256086459031122
0.965722169335918	1.1121348877226773	0.9113087639100705
0.9605174549566246	1.1278697864257679	0.8973644127360711
0.9555308908407563	1.1426637851469843	0.8838705011781162
0.9507925066239938	1.1564761185136396	0.8709210159025244
0.9463304829806636	1.169272000691158	0.858608393026717
0.9421710440906712	1.181021934295447	0.8470228038016173
0.9383383648236098	1.191701076848359	0.8362513506704475
0.9348544913537598	1.201288665295889	0.8263771761954699
0.9317392739160121	1.2097674985463247	0.8174784950481564
0.9290103104482202	1.2171234776344995	0.8096275680410746
0.9266828999338002	1.2233452029168685	0.8028896463472548
0.9247700043534429	1.2284236276073204	0.7973219226426662
0.9232822182709289	1.2323517669455686	0.7929725327722587
0.9222277452102491	1.2351244623276587	0.7898796555010043
0.9216123801252684	1.2367381998066016	0.788070757968444
0.9214394974155335	1.237190982479333	0.7875620300244679
0.9217100440997703	1.2364822564054976	0.7883580416862407
0.9224225379200169	1.2346128898469253	0.7904516452064249
0.9235730703125714	1.231585205767938	0.7938241279996291
0.9251553143456334	1.2274030676900711	0.7984456066921135
0.9271605378864805	1.2220720191448187	0.8042756377263222
0.9295776224218032	1.2155994771088354	0.8112640079488037
0.932393088111748	1.2079949799313197	0.8193516606285064
0.9355911258090032	1.199270490365745	0.8284717089257558
0.9391536369160216	1.1894407543886474	0.8385504898181325
0.9430602820825364	1.1785237165150435	0.8495086161860519
0.9472885398574572	1.1665409922871148	0.861261992108929
0.9518137764988984	1.1535183984974464	0.8737227652339528
0.9566093282077017	1.1394865414779327	0.8868001992362996
0.9616465970772047	1.1244814633939086	0.9004014579842221
0.9668951620388406	1.1085453458633006	0.9144323004240117
0.9723229060232301	1.0917272692775295	0.9287976910589031
0.9778961604441301	1.07408402480092	0.9434023351055458
0.9835798679431995	1.055680973983758	0.9581511500457833
0.9893377641037218	1.036592947990789	0.9729496865399144
0.9951325785496546	1.016905174291787	0.9877045117780089
1.0009262554933633	0.9967142128627484	1.0023235675797864
1.0066801933844187	0.976128875991959	1.0167165141573788
1.012355502849052	0.9552710950898163	1.0307950686440697
1.0179132816044678	0.934276683869632	1.0444733454436803
1.0233149044964696	0.9132959294218786	1.0576682033108855
1.0285223262580174	0.8924939209202362	1.070299601941407
1.0334983940382143	0.8720505005721961	1.0822909688154998
1.0382071662258157	0.8521596948204767	1.0935695751607957
1.042614233609999	0.8330284595162347	1.1040669182286527
1.0466870385057003	0.8148745572527942	1.113719105647551
1.0503951871425992	0.7979233877180749	1.122467236455065
1.053710750395499	0.7824036248063825	1.1302577725363616
1.056608547836094	0.7685415898829882	1.1370428936251706
1.0590664101248164	0.7565544179233957	1.1427808287586787
1.0610654149443515	0.7466422512111892	1.147436157119254
1.0625900920055917	0.7389799060715811	1.1509800715333367
1.0636285931280258	0.7337086633724954	1.15339059851259
1.0641728239992283	0.7309289781197505	1.1546527695867799
1.0642185349353956	0.7306949299445457	1.1547587397555743
1.063765368774407	0.7330111074389423	1.153707850133344
1.0628168649077032	0.7378323396321562	1.1515066332264714
1.0613804193671033	0.7450663110220872	1.1481687607113225
1.0594672017954818	0.7545787108942139	1.143714935015021
1.057092031013783	0.7662002648403325	1.1381727273823983
1.0542732117204419	0.7797348381302023	1.1315763663850178
1.0510323355952822	0.7949678004160637	1.1239664819403477
1.0473940507050037	0.8116739682471124	1.1153898108155325
1.043385803603643	0.8296246404674337	1.1058988702529615
1.0390375588770526	0.8485934548231832	1.095551606744678
1.0343815010901363	0.8683609799966542	1.0844110270792628
1.0294517241602323	0.8887180943703771	1.072544818576702
1.024283913106437	0.909468287471767	1.0600249649107627
1.0189150229247788	0.9304290598605799	1.0469273630992697
1.0133829590291044	0.9514326044696704	1.0333314461321559
1.0077262632964932	0.9723259394144551	1.0193198143239355
1.001983809285119	0.9929706390358057	1.0049778768471003
0.9961945096734929	1.0132422834062074	0.9903935030600661
0.9903970384245422	1.0330297209455095	0.9756566812325727
0.9846295696262245	1.0522342163228895	0.9608591801521573
0.9789295344206702	1.0707685372496294	0.9460942069460414
0.9733333969218873	1.088556019066624	0.931456052377251
0.9678764495507123	1.1055296347675783	0.9170397130069722
0.9625926277946861	1.1216310896878365	0.9029404781279485
0.9575143440365879	1.1368099539368697	0.889253468474647
0.9526723397922657	1.1510228412307832	0.8760731136464264
0.9480955554572943	1.1642326396514038	0.8634925562005545
0.9438110164817323	1.1764077976745146	0.8516029727357216
0.9398437347698191	1.1875216673078997	0.8404928061979506
0.9362166240323437	1.1975519051644756	0.8302469091996209
0.932950427798137	1.206479931624935	0.8209456052796941
0.9300636588115828	1.2142904478167034	0.8126636834480206
0.9275725485988582	1.2209710098803048	0.8054693504706563
0.9254910060705803	1.2265116598606158	0.7994231743064089
0.9238305841368023	1.2309046125144238	0.7945770598099711
0.9226004534365772	1.2341439973429702	0.7909733030851532
0.9218073824240337	1.2362256552217072	0.7886437726031778
0.9214557232022843	1.237146989096833	0.7876092626116797
0.9215474026524649	1.2369068683398787	0.7878790571932182
0.9220819185654319	1.2355055864900852	0.7894507319943936
0.9230563406463043	1.2329448722630996	0.7923102062169152
0.924465316425707	1.229227953857758	0.7964320415508127
0.9263010822749816	1.2243596767448117	0.8017799692118682
0.9285534798844721	1.2183466752667014	0.8083076129240933
0.9312099787227202	1.2111975985098609	0.8159593659807493
0.9342557051479694	1.2029233910236634	0.8246713752333876
0.937673478989182	1.1935376290447683	0.8343725841208203
0.9414438585484375	1.18305691293177	0.8449857901618728
0.9455451950960152	1.1715013165085357	0.8564286787548039
0.9499536980287654	1.1588948939357884	0.8686148034894681
0.9546435119360352	1.145266244551327	0.8814544923189652
0.9595868068593657	1.130649135799593	0.894855667851163
0.9647538830361371	1.1150831838532362	0.9087245779607775
