1.0	1.0	1.0
1.0057630707025882	0.9794699064095607	1.0144354824482098
1.0114537701730943	0.9586468462055766	1.0285706077196437
1.0170331778079587	0.937664359685665	1.0423190796566189
1.0224626025886943	0.9166703810332522	1.0555972900913138
1.02770388399259	0.8958276163022787	1.0683246738244299
1.0327197031850195	0.8753135639658913	1.0804240738697306
1.0374739010993377	0.8553200402761076	1.0918221161193875
1.0419317995204218	0.836052046664072	1.1024495908773653
1.0460605208603626	0.8177257989128563	1.1122418372366012
1.049829301971193	0.800565736821842	1.1211391250689378
1.053209797099757	0.7848003602398452	1.1290870284757395
1.0561763649712304	0.7706568053652012	1.1360367839260106
1.058706335003897	0.7583541939668819	1.1419456259947989
1.060780247817203	0.7480959587058669	1.1467770936073833
1.0623820655009188	0.740061555309778	1.1505012999856574
1.063499347562219	0.7343981819040821	1.1530951600649542
1.0641233890500201	0.7312132842094153	1.1545425699761054
1.064249318056222	0.7305686740974386	1.1548345342338058
1.0638761505899392	0.7324769860785377	1.1539692374953923
1.0630068016871812	0.7369009384621639	1.1519520591042436
1.0616480525248253	0.7437554992810514	1.1487955300544546
1.0598104742222967	0.7529126662524824	1.1445192334505894
1.0575083099048117	0.7642082486342737	1.1391496509299777
1.0547593174373049	0.7774498551076904	1.1327199588087242
1.0515845759899596	0.7924252673587865	1.1252697788538604
1.0480082602405605	0.8089104890010096	1.1168448895263312
1.0440573865368263	0.8266769506384178	1.1074969042436678
1.0397615357206942	0.8454975661210212	1.0972829236465123
1.0351525575497924	0.8651515273210626	1.0862651689978837
1.03026426173898	0.8854278703292895	1.0745106036853145
1.0251321005927487	0.9061279387388023	1.0620905493293085
1.0197928480187022	0.9270669159257401	1.0490803022304722
1.014284279418692	0.9480746098460999	1.0355587548228298
1.0086448565663857	0.9689956633742705	1.0216080254597717
1.0029134211188266	0.9896893410556734	1.0073130982664682
0.997128899896798	1.0100290167874908	0.9927614729810589
0.9913300245261195	1.0299014610129127	0.9780428227195147
0.985555067479932	1.0492060029624557	0.9632486554923974
0.9798415960192042	1.0678536242634524	0.9484719731509474
0.9742262450113105	1.0857660249381582	0.9338069193443039
0.9687445091278789	1.1028746910331382	0.9193484061587379
0.9634305544934602	1.1191199842941808	0.9051917075485595
0.9583170494831169	1.1344502678238415	0.89143200665935
0.9534350140539921	1.1488210769910252	0.8781638839242407
0.9488136867448754	1.1621943415502993	0.8654807336420173
0.9444804082879026	1.174537662612414	0.8534740988784615
0.9404605206450757	1.185823646510787	0.8422329181851546
0.9367772802049648	1.1960292965259602	0.8318426829238756
0.9334517838464064	1.2051354627115598	0.8223845108824346
0.9305029065901814	1.2131263496040894	0.8139341501090256
0.927947249610226	1.2199890813193577	0.806560935944987
0.9257990974566371	1.2257133233878132	0.800326733283387
0.9240703834476361	1.2302909606227508	0.795284904065695
0.9227706623113775	1.233715830323782	0.7914793457669952
0.9219070892963442	1.2359835101750019	0.788943648982867
0.921484405117126	1.23709116028991	0.7877004203682021
0.9215049262574923	1.2370374189734863	0.7877608107365511
0.921968540312343	1.2358223519080742	0.7891242774040308
0.9228727062125226	1.2334474546172627	0.7917785958308586
0.9242124593400691	1.2299157082148828	0.795700119816883
0.9259804217050195	1.2252316885988859	0.8008542737988567
0.928166817517095	1.2194017293966337	0.8071962470146435
0.930759494644937	1.2124341391030022	0.8146718489402885
0.9337439526101349	1.2043394729690333	0.8232184793860703
0.9371033779105417	1.1951308602886364	0.8327661651895972
0.9408186876040957	1.184824387784015	0.8432386181606739
0.944868582206566	1.1734395397935697	0.854554274928531
0.9492296090595239	1.160999695900434	0.8666272874740959
0.9538762374030302	1.1475326864790467	0.8793684422193406
0.9587809464349885	1.1330714063433656	0.8926859945534881
0.963914327649602	1.1176544861988729	0.9064864138107492
0.9692452027145467	1.1013270208534265	0.9206750404706405
0.9747407580643668	1.0841413520187129	0.9351566624926616
0.980366697250884	1.0661579018803786	0.9498360212022807
0.9860874118959807	1.0474460512193744	0.9646182591470793
0.9918661718353192	1.0280850524463587	0.9794093230619475
0.9976653347228428	1.0081649630963954	0.9941163347786042
1.0034465749870178	0.9877875786604021	1.0086479418451453
1.0091711315952554	0.9670673345540175	1.0229146580197988
1.0148000736002312	0.9461321349435042	1.0368292018687066
1.020294581921485	0.925124050497419	1.050306839591888
1.025616245271281	0.9041998075520422	1.063265736051062
1.0307273675816855	0.8835309678021974	1.0756273158745537
1.0355912837490329	0.863303671529885	1.0873166345412169
1.040172680003029	0.8437177911800563	1.0982627575524282
1.0444379147524363	0.8249853206588644	1.1083991442306094
1.048355335379325	0.8073278167998708	1.117664031366336
1.0518955861699553	0.7909727237154601	1.1260008108977768
1.055031902401077	0.7761484608406505	1.133358395062942
1.0577403855608765	0.7630782530040517	1.1396915620270063
1.060000254784765	0.7519728312548005	1.1449612748565983
1.0617940698330286	0.7430223288434593	1.149134966885233
1.063107921329409	0.7363879110478219	1.1521867869753204
1.0639315845099613	0.73219386370357	1.1540977989097752
1.0642586333866488	0.7305209648078395	1.1548561301087168
1.0640865129907426	0.7314019247920193	1.1544570660241538
1.0634165682027097	0.7348194829079183	1.152903087870794
1.0622540285692696	0.7407074158635935	1.150203852751206
1.0606079494234855	0.748954322208154	1.146376116671816
1.05849111052776	0.7594096862462358	1.1414436023643584
1.0559198743206972	0.7718914805750736	1.1354368151679695
1.0529140066374054	0.7861944783159144	1.128392811435804
1.0494964634630157	0.802098507234815	1.1203549249576856
1.0456931478499636	0.8193760435984278	1.1113724576946078
1.041532641565605	0.8377987549904969	1.1015003416677234
1.0370459163290304	0.8571428066105115	1.0907987791083618
1.032266029641897	0.8771929116410627	1.079332867940169
1.0272278102212684	0.8977452201021282	1.0671722193219235
1.021967537912019	0.9186092043549887	1.0543905733302936
1.0165226227062016	0.939608723431744	1.0410654179136425
1.010931287144492	0.9605824453721243	1.0272776150157015
1.0052322559406286	0.9813837882264566	1.0131110362732862
0.9994644561751374	1.0018805150155887	0.9986522089644075
0.9936667308714694	1.0219540914355671	0.983989970960659
0.9878775682170273	1.0414988906990967	0.9692151313712923
0.982134848142904	1.060421309098411	0.9544201314229344
0.9764756074467579	1.078638839025264	0.9396986979872708
0.97093582414757	1.0960791330492585	0.925145480165909
0.9655502213105978	1.1126790827115138	0.9108556576171822
0.9603520901840629	1.1283839283352628	0.896924508051335
0.9553731321513865	1.1431464108177478	0.8834469207522347
0.9506433187267296	1.1569259725579961	0.8705168433576651
0.9461907686072895	1.1696880119952406	0.858226650707744
0.9420416406412435	1.1814031943743741	0.8466664275898331
0.9382200414716801	1.1920468200857268	0.8359231618347917
0.9347479465693493	1.201598251076151	0.8260798504880703
0.9316451333647667	1.2100403952741339	0.8172145295267682
0.9289291252268707	1.2173592486263578	0.8093992464019584
0.9266151451047211	1.2235434941457823	0.8026990038507062
0.9247160777445723	1.228584157279461	0.7971707119741333
0.9232424395113861	1.2324743168883519	0.7928621923653039
0.9222023549765272	1.235208871170641	0.7898112819172074
0.9216015395777539	1.2367843579397004	0.7880450838563495
0.9214432878102103	1.2371988287768245	0.7875794089546145
0.9217284665652268	1.2364517767087697	0.7884184407936972
0.922455513395227	1.2345441172038374	0.7905546461002346
0.9236204396463131	1.2314782224317022	0.7939689358725199
0.9252168385638088	1.2272580088856053	0.7986310670457899
0.9272358986389586	1.2218890786153642	0.804500259678216
0.9296664226256737	1.2153789144600757	0.8115259927537279
0.9324948528129846	1.207737129794056	0.8196489338618707
0.9357053032894095	1.1989757734011224	0.8288019547396023
0.9392796000768513	1.1891096901616207	0.8389111857820883
0.9431973301402221	1.1781569382617927	0.8498970674318609
0.9474359003902776	1.166139263599822	0.8616753637711345
0.9519706078859859	1.1530826319443226	0.8741581124816318
0.9567747225033414	1.1390178191663585	0.8872544944876046
0.9618195833636911	1.1239810594681647	0.9008716151614773
0.9670747103000239	1.1080147509029472	0.9149151963263299
0.9725079315781079	1.091168216524316	0.9292901840946333
0.9780855289752506	1.0734985180858894	0.9439012817382348
0.9837724011480796	1.0550713171448176	0.9586534193695077
0.989532245988892	1.0359617754547963	0.973452173420314
0.9953277623762797	1.016255482331681	0.9882041489827432
1.0011208713707302	0.9960493908137952	1.0028173372849067
1.0068729564930698	0.9754527364032416	1.017201459161921
1.0125451222592419	0.9545879013775395	1.0312683035604737
1.0180984696382627	0.9335911735087978	1.0449320680616694
1.0234943865636796	0.9126133300508126	1.0581097062612492
1.028694851077759	0.8918199559437813	1.0707212847168672
1.033662744139915	0.8713913799719544	1.0826903501408194
1.0383621686065572	0.8515220860050077	1.0939443056453226
1.0427587704099732	0.8324194323382773	1.1044147931829111
1.0468200575509614	0.8143014970489973	1.1140380779023482
1.0505157121949138	0.7973938707533196	1.1227554289876418
1.0538178909435243	0.7819252522552378	1.1305134906839418
1.0567015082608868	0.7681217798408132	1.1372646366521773
1.0591444980761058	0.7562001600756185	1.1429673005399867
1.0611280487722932	0.7463598354165158	1.1475862757079447
1.0626368071058334	0.7387746432972498	1.1510929773970686
1.0636590470755962	0.7335846235480417	1.1534656612471328
1.064186800368588	0.7308887725696869	1.1546895929474412
1.0642159457292883	0.7307395644198904	1.1547571648858397
1.0637462554121278	0.7331399247727467	1.1536679569134791
1.0627813977530771	0.7380430596952927	1.1514287397113652
1.061328895806844	0.7453551624628527	1.1480534206745647
1.0594000429085566	0.754940637297706	1.1435629336632092
1.057009776900927	0.7666291801299767	1.1379850753480205
1.0541765155890737	0.7802239035223999	1.1313542921461892
1.050921956717868	0.7955096976464819	1.1237114228495477
1.0472708463877731	0.8122611495372011	1.1151034029459022
1.0432507203169152	0.830249542810051	1.1055829372885528
1.0388916227080414	0.8492486729424735	1.095208148149452
1.034225807683857	0.8690393977327471	1.0840422057780796
1.0292874283141578	0.8894129778761011	1.072152948369765
1.0241122181801787	0.9101733455954301	1.0596124978209922
1.0187371702177277	0.9311384777883247	1.0464968768201566
1.013200217267265	0.9521410565388717	1.0328856317022423
1.007539918355353	0.9730285863619849	1.0188614641039617
1.0017951542590111	0.9936631140917276	1.0045098728179733
0.9960048353842706	1.013920670766008	0.989918805395479
0.9902076244441792	1.0336905293535488	0.9751783170310343
0.9844416758698278	1.052874349821166	0.9603802321416514
0.9787443933489114	1.071385264598843	0.9456178019035543
0.9731522063755043	1.0891469429214418	0.9309853489389585
0.9677003662248778	1.1060926613670132	0.9165778884880641
0.9624227613479641	1.1221643995847377	0.9024907139302631
0.9573517518180827	1.1373119741189108	0.8888189336430928
0.9525180221614817	1.1514922188630314	0.8756569461500717
0.9479504516641897	1.164668217584635	0.8630978415700595
0.9436760010693858	1.1768085918039408	0.8512327197933558
0.939719614458909	1.1878868458263931	0.8401499197751661
0.9361041350451096	1.1978807697272318	0.8299341599508383
0.9328502335794587	1.2067719004248656	0.8206655969636325
0.9299763481060535	1.2145450405589084	0.8124188183448842
0.927498633845052	1.2211878346377638	0.8052617939105102
0.925430922076923	1.226690401790439	0.7992548195679816
0.9237846870073292	1.2310450244136324	0.7944494948709513
0.9225690197192926	1.2342458920242003	0.7908877808254514
0.9217906084593849	1.2362888996919548	0.7886011860490217
0.9214537246543432	1.2371715005260424	0.7876101266427042
0.9215602142106765	1.2368926118105368	0.7879234978193123
0.9221094938101696	1.2354525745237985	0.7895384838695346
0.9230985520769168	1.2328531661252007	0.7924406185399059
0.9245219556552057	1.229097666646108	0.7966040919678556
0.9263718604009582	1.2241909782739697	0.8019922848464917
0.9286380280512129	1.2181397987633202	0.8085584972712149
0.9313078488947235	1.2109528491393131	0.8162468301512894
0.9343663711201164	1.2026411562712709	0.8249931719390242
0.9377963376635443	1.1932183909772893	0.8347262428378879
0.9415782315120081	1.182701262365564	0.8453686520836131
0.9456903305373762	1.1711099691095392	0.8568379303956205
0.9501087730346713	1.1584687082723073	0.8690475081035718
0.954807635210902	1.1448062421125274	0.8819076186019138
0.9597590219115112	1.1301565229788622	0.8953261156769322
0.9649331718740944	1.1145593758739551	0.9092092011491623
0.9702985787571123	1.0980612374587495	0.9234620657281378
0.9758221290990162	1.0807159490555216	0.9379894507960644
0.9814692582153972	1.062585599429031	0.9526961420368409
0.9872041248345794	1.0437414105555844	0.9674874075612135
0.9929898050032703	1.0242646559306106	0.982269393679883
0.9987885054632655	1.0042475958299593	0.9969494910046561
1.0045617963101128	0.9837944068484429	1.011436682367775
1.0102708623000807	0.9630220734282328	1.025641882369123
1.0158767716808594	0.9420611963575098	1.0394782763819763
1.0213407608952587	0.9210566568248395	1.0528616647247468
1.026624532959927	0.9001680542659285	1.065710815559013
1.0316905667697327	0.879569812212861	1.077947827994876
1.036502434042171	0.8594508199720012	1.0894985049424943
1.0410251201159328	0.8400134522152352	1.1002927334959443
1.0452253443753765	0.8214717888589173	1.1102648691120054
1.049071875709733	0.8040488522525674	1.1193541185823146
1.0525358381528267	0.7879726989043451	1.1275049158151187
1.055591001703879	0.7734712614528833	1.1346672837581295
1.0582140533169848	0.7607659442496127	1.140797175415475
1.0603848431758192	0.7500641362031832	1.1458567868406873
1.0620866016453758	0.7415510065559449	1.1498148352173103
1.0633061227121114	0.7353811623078461	1.1526467956536346
1.0640339102795997	0.7316709200517547	1.154335091093913
1.064264284364018	0.7304920211025246	1.1548692307520279
1.0639954450121971	0.7318675494644793	1.1542458936635216
1.0632294926190275	0.7357705845886744	1.1524689552798275
1.0619724042216538	0.7421257709264646	1.1495494564405164
1.0602339662634166	0.7508135925433973	1.1455055154983047
1.0580276652186271	0.7616767981762592	1.140362185779094
1.0553705383185232	0.7745282060912234	1.1341512618784255
1.0522829873901802	0.789159061003692	1.1269110394729744
1.0487885594886721	0.8053472009751423	1.1186860343131253
1.0449136985484444	0.822864471344588	1.1095266668194737
1.0406874726885238	0.8414830365157886	1.0994889191997772
1.0361412820701275	0.8609804400434304	1.088633972209774
1.0313085523230459	0.8811434198531692	1.0770278285866648
1.0262244185335785	0.9017705890341007	1.06474092978178
1.0209254046319458	0.9226741477336315	1.0518477719109085
1.0154491027456638	0.9436808094713481	1.0384265258361567
1.0098338567155907	0.9646321183632959	1.0245586650081635
1.0041184535237206	0.9853843133159368	1.010328603155105
0.9983418258780145	1.005807869301012	0.9958233421360357
0.9925427686613991	1.0257868195394613	0.9811321283213381
0.9867596714003364	1.0452179386494571	0.966346113775822
0.9810302683621774	1.0640098467695562	0.9515580163711322
0.9753914073666167	1.0820820785705914	0.9368617708373262
0.9698788379088432	1.099364148599272	0.9223521608015154
0.9645270187513937	1.1157946350011765	0.9081244202115439
0.9593689447560557	1.1313202967490579	0.8942737913995584
0.9544359924012691	1.1458952344967337	0.8808950266343126
0.9497577831664581	1.1594801016162117	0.8680818205980158
0.9453620637622147	1.1720413694766216	0.8559261630632793
0.9412746020418805	1.1835506492953978	0.8445176043663366
0.9375190973418498	1.1939840717158734	0.8339424312200273
0.9341171039596331	1.20332172448085	0.8242827569853409
0.9310879664844817	1.211547148063818	0.8156155385148716
0.9284487657388394	1.2186468888069757	0.8080115406228096
0.9262142741638076	1.2246101089411532	0.8015342783654213
0.9243969195821042	1.2294282527875677	0.7962389756192327
0.923006756392201	1.233094768437504	0.7921715847508524
0.9220514433825695	1.235604884254095	0.789367915324509
0.9215362275011757	1.2369554396264555	0.7878529188634141
0.92146393306922	1.2371447695200857	0.7876401711961182
0.9218349560870188	1.2361726425005488	0.7887315840318524
0.9226472634418812	1.2340402520530986	0.7911173639581401
0.9238963969912846	1.2307502611732117	0.7947762214792007
0.9255754826583146	1.2263069003561462	0.7996758168288739
0.9276752448389302	1.2207161192621148	0.8057734149665936
0.930184026580703	1.2139857924715616	0.8130167109916243
0.933087816148439	1.2061259798658213	0.8213447802406075
0.9363702807411162	1.1971492422645484	0.8306891049428817
0.9400128082638051	1.1870710130130833	0.8409746312136015
0.9439945581838428	1.1759100262278355	0.8521208155638107
0.9482925226078918	1.1636888023584078	0.8640426278910567
0.9528815988003433	1.1504341915870422	0.8766514868958861
0.957734674417935	1.1361779753238765	0.8898561129691119
0.9628227267541987	1.120957525619865	0.9035632919636808
0.9681149372641064	1.1048165216356194	0.9176785503377829
0.9735788225679546	1.08780572127097	0.9321067476426197
0.9791803830086341	1.0699837845327098	0.9467525961687961
0.9848842696535464	1.051418142998512	0.9615211198655668
0.9906539703886132	1.0321859065563364	0.9763180656146525
0.9964520154459885	1.0123747941107866	0.9910502798291517
1.0022402023405128	0.9920840687083511	1.005626062418407
1.0079798397665616	0.9714254490097313	1.019955508651747
1.0136320095335247	0.9505239576350748	1.0339508475747112
1.0191578451046723	0.9295186520440617	1.0475267835499806
1.0245188247635255	0.908563164865307	1.0606008453452231
1.029677076879937	0.8878259579580445	1.073093745073984
1.0345956942032841	0.86749016880478	1.0849297472911568
1.03923905359282	0.8477529013349097	1.096037046710117
1.0435731371268842	0.8288237903093303	1.106348151388524
1.0475658501351857	0.8109226560576284	1.1158002668580045
1.051187331392729	0.7942760747671943	1.1243356755747906
1.054410250519302	0.7791127310613145	1.1319021052623095
1.0572100875606976	0.7656575064528655	1.1384530792142036
1.0595653897987503	0.7541243966792229	1.14394824143162
1.061458001053438	0.7447085386248995	1.1483536495783897
1.0628732591023058	0.7375778411835011	1.1516420291400946
1.0638001573447322	0.7328649111314879	1.1537929828471747
1.0642314674689475	0.7306600875796301	1.1547931503385875
1.0641638206201292	0.7310063918335427	1.154636314162819
1.0635977453947976	0.7338970342258955	1.1533234494915687
1.0625376618723035	0.7392758113994323	1.1508627163062743
1.0609918318076057	0.7470403401753072	1.1472693942527088
1.0589722660185503	0.7570476998167422	1.142565761786042
1.056494590873488	0.7691217806623422	1.1367809225902115
1.0535778765911108	0.783061515344209	1.1299505834959724
1.0502444307771308	0.7986492014858239	1.1221167891912849
1.0465195612196265	0.8156582733052883	1.113327619871845
1.0424313124300806	0.8338600861284423	1.1036368585826604
1.0380101807399233	0.8530294878317253	1.0931036353263361
1.0332888129388762	0.8729491272097596	1.081792055041861
1.0283016934738627	0.8934125742491902	1.0697708162796298
1.0230848251237668	0.914226400832511	1.0571128268129335
1.0176754078388626	0.935211401679784	1.0438948215395303
1.0121115201012367	0.9562031369672845	1.0301969868525211
1.0064318067436966	0.9770519619677039	1.0161025942178594
1.0006751766808795	0.9976226845541811	1.0016976440139507
0.9948805134793857	1.0177939648046626	0.9870705188033305
0.9890864011450929	1.0374575459356663	0.9723116431651511
0.9833308669552332	1.0565173841770799	0.957513145083311
0.9776511426280793	1.0748887275280943	0.9427685117423498
0.9720834446193132	1.092497179460389	0.9281722305419711
0.9666627738734367	1.1092777730722063	0.9138194043440641
0.961422734950043	1.125174073349074	0.8998053285928654
0.9563953740943786	1.1401373194710411	0.8862250172160777
0.9516110355325802	1.1541256150128856	0.8731726643698099
0.9470982350448452	1.1671031709958055	0.8607410303947582
0.9428835497029866	1.1790396047403928	0.8490207430512803
0.9389915225489337	1.1899092960942057	0.8380995093828595
0.9354445809330092	1.1996908016808818	0.828061239488413
0.9322629672195574	1.2083663272097425	0.8189850909474328
0.9294646805965469	1.2159212575016112	0.8109444512768167
0.9270654287887414	1.222343743662302	0.8040058849608317
0.9250785885648057	1.2276243467240928	0.7982280803669882
0.923515174041513	1.231755737045639	0.7936608391166391
0.9223838119179356	1.2347324487898512	0.7903441550326004
0.9216907229147346	1.2365506888714657	0.7883074305887343
0.9214397088447909	1.237208199869637	0.7875688751571658
0.9216321448985533	1.2367041765270452	0.7881351211735227
0.9222669768884172	1.2350392355983488	0.7900010821832413
0.9233407233594584	1.2322154389611393	0.7931500618097413
0.9248474826375729	1.2282363700560226	0.7975541066959246
0.9267789450492543	1.223107263873507	0.803174581302401
0.929124410708541	1.216835190848264	0.8099629298405441
0.9318708134244144	1.2094292951498729	0.8178615818695734
0.9350027514340008	1.2009010879662256	0.8268049538492813
0.93850252581053	1.1912647964526941	0.8367204991855226
0.942350187526608	1.1805377690557701	0.8475297634178364
0.9465235942686785	1.1687409378988807	0.8591494081647864
0.9509984781925415	1.1558993388193108	0.8714921760812394
0.9557485258768001	1.142042689438084	0.8844677782508424
0.9607454717649909	1.1272060252857292	0.8979836941847401
0.9659592063815907	1.111430393433232	0.9119458822425018
0.9713579005558453	1.094763602199786	0.9262594044361506
0.9769081467846605	1.077261024201186	0.9408289740774006
0.9825751187067486	1.05898644809014	0.9555594376287238
0.988322749441192	1.0400129715848878	0.9703562035945531
0.9941139292627543	1.0204239244702886	0.9851256315808345
0.9999107227438533	1.0003138047813522	0.9997753940209564
1.0056746050919783	0.9797892038452709	1.0142148217642875
1.0113667169570655	0.9589696856891131	1.02835524297145
1.0169481364846262	0.9379885729160301	1.0421103227425281
1.0223801668589807	0.9169935740020128	1.055396408768133
1.0276246370314992	0.8961471658572651	1.0681328861528694
1.0326442127787359	0.8756266208671681	1.080242542503236
1.0374027147043723	0.8556235410696796	1.0916519424629054
1.0418654393081574	0.8363427370466914	1.102291809167256
1.0459994788163747	0.8180002714330038	1.1120974086136572
1.049774035123276	0.8008204855963014	1.1210089317329714
1.053160722951412	0.7850318546675294	1.128971868022153
1.0561338572181984	0.7708615834027593	1.1359373639720318
1.0586707196100076	0.7585289732911933	1.1418625592055591
1.06075179952223	0.74823776111353	1.1467108932298389
1.062361004827322	0.7401678363693324	1.15045237599167
1.0634858383796635	0.7344669548793695	1.153063815994016
1.0641175367466498	0.731243225519037	1.1545290005536688
1.0642511683540523	0.7305591979063075	1.1548388238235723
1.0638856890288535	0.7324282784361776	1.1539913594239486
1.0630239537882589	0.7368139463859054	1.1519918758749104
1.0616726846295998	0.7436318762701194	1.1488527944449947
1.0598423949905353	0.7527546814458695	1.1445935904674411
1.057547272440012	0.7640186708601339	1.139240640570793
1.0548050219967773	0.7772318246874195	1.1328270195660592
1.0516366732255351	0.7921821677730589	1.1253922518766561
1.0480663549069373	0.8086458280570565	1.1169820233430117
1.0441210415976037	0.8263942575138348	1.107647859941781
1.039830276777406	0.8452003074297667	1.0974467803992956
1.0352258775167615	0.8648430426982856	1.0864409298281847
1.0303416256865432	0.8851113261905567	1.0746972013620744
1.025212950683222	0.9058062978178593	1.0622868523013607
1.0198766084631417	0.9267429197778928	1.0492851205165672
1.0143703613878077	0.9477507715234607	1.0357708457953692
1.008732662995554	0.9686742677527204	1.021826099482427
1.0030023513547173	0.989372450682427	1.0075358241721684
0.9972183541413218	1.009718481530303	0.9929874834062604
0.9914194080418984	1.0295989301742114	0.9782707193423891
0.9856437945299855	1.0489129388492486	0.9634770142556378
0.9799290935217653	1.0675713164699878	0.9486993495829483
0.9743119558984025	1.0854956048062765	0.9340318541237698
0.9688278954033221	1.1026171459130099	0.9195694310950849
0.963511099992191	1.1188761713449737	0.9054073521709247
0.9583942623390129	1.1342209271787682	0.8916408056172466
0.9535084288877603	1.1486068441718917	0.8783643853990177
0.9488828665869561	1.161995759059394	0.8656715089462126
0.9445449462538273	1.1743551906592393	0.8536537533761687
0.9405200413823145	1.185657672851416	0.8424001035978376
0.9368314411311106	1.1958801454064096	0.8319961109918608
0.9335002761986441	1.2050034029154821	0.8225229682346822
0.9305454563054718	1.2130116016106502	0.8140565140587416
0.9279836180546188	1.2198918235803957	0.8066661907865517
0.9258290820206764	1.225633697734914	0.8004139865316043
0.9240938180230513	1.2302290768152113	0.795353401969156
0.9227874176622235	1.2336717697479025	0.7915284873617847
0.9219170733355402	1.2359573287039614	0.7889729979468387
0.9214875630970032	1.2370828903118343	0.7877097139994217
0.9215012408805175	1.237047070593343	0.7877499655130804
0.9219580317657067	1.2358499133268148	0.789093390776126
0.9228554321277548	1.2334928916893138	0.7917279441310574
0.9241885146763228	1.2299789631827032	0.7956301524214351
0.9259499385521465	1.2253126780009924	0.8007656039061198
0.928129964812148	1.2195003411432983	0.807089639595913
0.930716477793311	1.2125502287118746	0.8145482065468928
0.9336950130002184	1.2044728589513198	0.8230788265544413
0.9370487923085513	1.1952813186753326	0.8326116321749734
0.9407587674137564	1.1849916457812084	0.8430704246605446
0.9448036725765444	1.1736232685562507	0.8543737143451159
0.9491600878201113	1.1611995024158983	0.8664357121294846
0.9538025138125824	1.1477481045543612	0.8791672497949122
0.9587034597161598	1.1333018866971465	0.8924766158912159
0.9638335452955628	1.1178993856668473	0.906270302098013
0.9691616185462434	1.1015855907312875	0.9204536617379043
0.9746548900215448	1.0844127255866847	0.9349314872866615
0.980279084902149	1.0664410811844243	0.9496085172551818
0.9859986136566435	1.0477398932278916	0.9643898848415624
0.9917767618862087	1.0283882547635124	0.9791815214895193
0.9975758996286481	1.0084760495002987	0.9938905281995732
1.0033577100190103	0.988104884854052	1.0084255263798068
1.0090834367703276	0.9673889946781663	1.0226969984280727
1.014714149455961	0.9464560696128662	1.036617626306988
1.0202110250551786	0.9254479573924348	1.0501026342689737
1.0255356436794485	0.9045211559306291	1.0630701397380278
1.0306502958448973	0.8838469986816341	1.0754415142550353
1.0355182981152433	0.8636114057016708	1.0871417544177473
1.0401043134299697	0.8440140476045804	1.0980998609505517
1.0443746719761844	0.8252667480462591	1.1082492224648668
1.0482976880813324	0.8075909411758627	1.1175279991504599
1.051843968318384	0.791214014312039	1.125879500595255
1.054986705843942	0.7763644155434789	1.133252551183273
1.0577019559480605	0.76326550268335	1.1396018360773854
1.0599688878933176	0.7521282596007651	1.1448882206584747
1.0617700083652313	0.7431432010713367	1.1490790364602614
1.063091352245973	0.7364720016028351	1.152148327096038
1.0639226369515442	0.7322395707282474	1.1540770483972236
1.0642573772259176	0.7305273985436218	1.1548532179427882
1.0640929580447882	0.7313689588969381	1.154472010313333
1.0634306641221556	0.7347477618730116	1.152935795706966
1.0622756654063883	0.7405983175179492	1.1502541209531596
1.0606369588675089	0.748809880355226	1.1464436333988868
1.058527267781877	0.7592324833201971	1.1415279495602162
1.0559629005824174	0.7716845228340615	1.1355374717747466
1.0529635721324935	0.7859610662371638	1.128509157301365
1.0495521909734118	0.8018421118943652	1.1204862453445763
1.0457546166682843	0.8191001967638794	1.111517948288704
1.041599391803176	0.8375069573277203	1.101659113978248
1.0371174535010055	0.8568384554776883	1.0909698661491118
1.0323418294518591	0.8768792477674536	1.0795152300846664
1.0273073234687162	0.8974252910926291	1.0673647502328283
1.0220501954490941	0.918285842311943	1.054592105875734
1.0166078403747019	0.9392845338525001	1.0412747299999485
1.01101847063033	0.9602598046712818	1.0274934352871035
1.0053208054901015	0.9810648475878838	1.01333204965405
0.999553771125359	1.0015672086904963	0.9988770620471323
0.9937562139557281	1.0216481480015296	0.9842172772753596
0.9879666296143542	1.0412018461461479	0.9694434766025649
0.9822229092495051	1.0601345208992465	0.9546480786757281
0.9765621043548999	1.0783635005772187	0.9399247932340556
0.9710202108248462	1.0958162880526026	0.9253682580372419
0.9656319724790574	1.1124296391808448	0.911073647721268
0.9604307039043661	1.1281486720375307	0.897136242022979
0.9554481321219022	1.142926018000064	0.8836509402338598
0.9507142563112714	1.1567210218776631	0.8707117091008206
0.9462572246080381	1.1694989955988537	0.8584109529488005
0.9421032268353441	1.181230528096545	0.8468387977950592
0.9382764019311268	1.1918908527539898	0.8360822858260277
0.934798758784143	1.2014592729192384	0.8262244828515507
0.9316901091890539	1.2099186454375692	0.8173435090786122
0.9289680116669382	1.217254921803395	0.809511512343075
0.9266477249664444	1.2234567463338768	0.802793612104323
0.9247421701562567	1.2285151106732237	0.7972468510775256
0.9232619003360059	1.232423063919739	0.7929191982020185
0.9222150771252288	1.2351754777061694	0.7898486505444519
0.9216074532341835	1.236768865643008	0.7880624817169732
0.921442360572829	1.2372012566430473	0.7875766798689603
0.9217207035123065	1.2364721217750558	0.7883956092980436
0.9224409570747073	1.2345823544380563	0.7905119169195651
0.9235991699901785	1.2315343037990192	0.7939066895613708
0.9251889727241223	1.2273318615902467	0.7985498520729377
0.9272015907401819	1.2219806025126438	0.804400781440677
0.9296258634254577	1.215487978631684	0.8114091001603749
0.9324482692612281	1.2078635682778505	0.8195156042136567
0.9356529579731274	1.1991193800653035	0.8286532776492899
0.9392217905362982	1.189270212712411	0.8387483468287207
0.9431343880398484	1.1783340713737631	0.8497213321482483
0.9473681905265401	1.1663326411591066	0.8614880624343662
0.9518985270128598	1.1532918183975827	0.8739606260352296
0.9566986979556926	1.13924229997307	0.8870482417852346
0.9617400714585546	1.1242202306614903	0.9006580415979667
0.9669921944964054	1.1082679077763533	0.9146957638194925
0.9724229203772601	1.091434541478935	0.9290663623043741
0.9779985535455561	1.0737770676998897	0.9436745403576039
0.9836840126617754	1.0553610085640255	0.9584252212935482
0.9894430126619137	1.0362613722580132	0.9732239685891887
0.9952382662075102	1.0165635801003685	0.9879773687016798
1.0010317045828594	0.9963644027413009	1.0025933888410319
1.0067847176840634	0.9757728794221356	1.0169817205834573
1.0124584122809182	0.954911183474227	1.0310541183940511
1.0180138872265683	0.933915383141073	1.0447247400761994
1.0234125237536749	0.9129360288916755	1.0579104940200368
1.028616288444858	0.8921384765409137	1.0705313959919174
1.0335880459172502	0.8717028303188813	1.0825109361735656
1.038291877736137	0.8518233634245642	1.0937764552854075
1.042693403592262	0.8327072494031708	1.104259526960562
1.0467601003632558	0.8145724223845279	1.1138963421098602
1.0504616143531427	0.7976443873142982	1.1226280898611
1.0537700617845467	0.7821518348452615	1.1304013287873798
1.0566603125227902	0.7683209920692686	1.137168341572707
1.05911025205226	0.7563687685512105	1.142887466004021
1.0611010169109003	0.7464949358918593	1.1475233952255548
1.0626171991204614	0.7388737901464818	1.1510474405340108
1.0636470156238196	0.7336459511295427	1.1534377506124796
1.0641824393455739	0.7309110956192016	1.1546794819695905
1.0642192892112914	0.7307224454207928	1.1547649164315417
1.0637572772717574	0.7330836995386244	1.1536935227842
1.0628000119543468	0.7379488176996473	1.1514719610295574
1.0613549573738588	0.7452246845868947	1.1481140291502037
1.0594333495477681	0.7547762991566028	1.143640553709089
1.0570500712436703	0.766433832736678	1.13807922699174
1.054223488009025	0.7800007441771352	1.1314643946683032
1.0509752486675616	0.7952621427873351	1.1238367990617548
1.0473300541896735	0.8119927185918302	1.115243284011048
1.0433153993380044	0.8299637587735516	1.1057364679761439
1.0389612918425684	0.848948982256919	1.0953743924167065
1.034299954066848	0.8687291095428473	1.084220152567498
1.0293655121884382	0.8890952210546208	1.072341517519913
1.0241936778418452	0.9098510410181394	1.0598105459976341
1.018821426969042	0.9308143230213232	1.0467032033899095
1.0132866803115077	0.9518175201826822	1.0330989844903338
1.0076279895749896	0.9727079096021538	1.019080545001085
1.0018842328262332	0.9933473174050345	1.0047333432282173
0.9960943221612505	1.0136115641408494	0.9901452915472367
0.9902969261388975	1.03338972475595	0.9754064152048666
0.9845302089217849	1.0525832749536501	0.9606085139022635
0.978831587527183	1.071105177253785	0.9458448194559047
0.9732375080791928	1.0888789454280579	0.9312096407592435
0.9677832414828997	1.105837714780238	0.9167979854065348
0.9625026985211578	1.121923337374221	0.9027051458615898
0.9574282640117519	1.1370855151960273	0.8890262371677906
0.9525906493606636	1.151280979840532	0.8758556731434076
0.9480187626071543	1.1644727242034218	0.8632865690488346
0.9437395948771776	1.1766292894890333	0.8514100611023503
0.9397781220401873	1.187724109352955	0.8403145371614027
0.9361572202962042	1.1977349119901015	0.8300847784747936
0.9328975943995321	1.2066431803131892	0.8208010195749288
0.9300177172466445	1.2144336699425309	0.8125379418126278
0.9275337796121595	1.221093984474884	0.8053636251565811
0.925459648902272	1.2266142073673132	0.7993384918205525
0.9238068359036427	1.2309865897272554	0.7945142829533619
0.9225844686323103	1.2342052933182173	0.7909331148404407
0.9217992725271378	1.2362661881547705	0.7886266627252323
0.9214555563818222	1.23716670415838	0.7876155176876267
0.9215552035655905	1.236905736467663	0.7879087547691942
0.922097668242988	1.2354836041353956	0.789503739130362
0.9230799764658754	1.2329020620935207	0.7923861825528487
0.9244967321744245	1.2291643664206777	0.7965304466797615
0.9263401283073099	1.2242753930988048	0.8019000738918798
0.9285999633831026	1.2182418105904527	0.8084485134513514
0.931263664073528	1.2110723067005422	0.8161200009109997
0.9343163144427208	1.202777870298505	0.8248505435859751
0.937740692672235	1.1933721285608292	0.8345689642256449
0.9415173162260281	1.182871740439338	0.8451979584006463
0.9456244965287453	1.1712968470529481	0.8566551275845468
0.9500384043295397	1.1586715796202591	0.8688539582967253
0.9547331469968102	1.1450246253690421	0.8817047268178938
0.9596808590305723	1.1303898515359803	0.8951153178916043
0.9648518070823968	1.1148069870477004	0.9089919537428941
0.9702145107316571	1.098322360669117	0.9232398362236989
0.9757358801753386	1.080989693199953	0.9377637097398074
0.9813813718417429	1.062870939531642	0.9524683558380704
0.9871151627321672	1.0440371738214589	0.9672590320879164
0.9929003440267922	1.024569507401015	0.9820418684093187
0.9986991341613425	1.0045600239270847	0.9967242335406796
1.0044731111918646	0.9841127092252879	1.0112150831593778
1.0101834638212073	0.963344343709695	1.0254252994933264
1.0157912599705123	0.9423853125818084	1.0392680302861879
1.021257731253287	0.9213802726771452	1.0526590328568948
1.0265445711626136	0.9004885945397128	1.0655170268466025
1.031614244230575	0.8798844743282511	1.0777640571652871
1.0364303028823192	0.8597565837930055	1.0893258667054955
1.0409577082062333	0.8403071007764605	1.100132276634781
1.0451631504182404	0.8217499428327999	1.1101175705510273
1.049015364433947	0.804308020908463	1.1192208775165153
1.0524854356976217	0.7882093497410632	1.127386547999887
1.0555470912698486	0.7736819094324187	1.1345645160657676
1.0581769711605764	0.7609472594933181	1.140710640768529
1.0603548750210299	0.750213066170222	1.1457870196309294
1.062063979580927	0.7416649054172408	1.1497622673134433
1.0632910226348422	0.735457917089785	1.1526117530907902
1.0640264499352694	0.7317090610330561	1.154317791524226
1.064264522025444	0.7304908037890951	1.1548697817185412
1.0640033788219836	0.731826997765172	1.1542642917401524
1.0632450606105484	0.7356914894113343	1.1525050860988373
1.0619954850178466	0.7420096443855696	1.1496030956068046
1.0602643804388776	0.7506625838960035	1.1455763303677275
1.0580651772969287	0.7614935820771441	1.1404497380568184
1.0554148593640984	0.7743158559012425	1.13425501097393
1.052333778142932	0.7889209195868193	1.1270303465314684
1.0488454339800506	0.8050867592369852	1.1188201668295836
1.0449762281303172	0.8225852615920476	1.1096748037317286
1.040755190400957	0.8411885444245619	1.0996501563516246
1.0362136872712293	0.8606740362207002	1.088807328074125
1.031385115503306	0.880828309967602	1.07721225014256
1.02630458623853	0.901449780278483	1.0649352984476286
1.0210086044202866	0.9223504288517659	1.0520509094495263
1.015534748114968	0.9433567415248841	1.0386372001648547
1.0099213519340888	0.9643100336476259	1.0247755958689866
1.0042071983140135	0.9850663202082974	1.010550467625929
0.9984312199066804	1.0054958612367904	0.9960487799920551
0.9926322157969087	1.025482486704026	0.981359747287797
0.9868485837102012	1.0449227813128734	0.9665744947457161
0.9811180698285669	1.0637251894704916	0.9517857186948021
0.975477537307507	1.0818090845752886	0.9370873378226974
0.9699627540989576	1.0991038342289716	0.9225741255920921
0.964608200243593	1.115547883546003	0.9083413122314224
0.9594468944093361	1.1310878717772983	0.8944841435673889
0.95451023912609	1.1456777924336068	0.8810973835475476
0.949827883901724	1.159278203512247	0.8682747478708545
0.9454276052008984	1.1718554919178332	0.8561082579625994
0.9413352021240626	1.1833811944294137	0.8446875078265409
0.9375744065349101	1.1938313763830155	0.8340988412288093
0.9341668063455766	1.2031860684489122	0.8244244432192933
0.9311317806739828	1.2114287613714723	0.8157413579717491
0.9284864456306683	1.2185459582243776	0.8081204538555716
0.9262456095669374	1.2245267835581766	0.8016253657857271
0.9244217367160819	1.2293626487406517	0.7963114532220192
0.9230249182793937	1.2330469727857234	0.7922248185354862
0.9220628501437077	1.2355749580139983	0.7894014336684579
0.9215408165633026	1.2369434199736593	0.7878664221528416
0.9214616792927298	1.2371506711636917	0.7876335381371434
0.9218258718159966	1.2361964582342846	0.7887048742488298
0.9226313984794351	1.2340819524847704	0.7910708167132919
0.9238738384990399	1.2308097936316906	0.7947102505954983
0.9255463549767177	1.226384186972757	0.799591002135912
0.9276397092225135	1.2208110542210864	0.8056704907897867
0.9301422808400266	1.2140982384221675	0.8128965523473869
0.9330400941880572	1.2062557634871505	0.8212083874730262
0.9363168519806897	1.1972961489725908	0.8305375875401376
0.9399539769274236	1.1872347807991857	0.840809191483911
0.9439306624408056	1.1760903386177832	0.8519427327461584
0.9482239335467098	1.1638852804827555	0.8638532431438117
0.9528087192166314	1.1506463853562727	0.8764521894643964
0.9576579373962884	1.1364053537071952	0.8896483276966968
0.9627425940241507	1.1211994660348166	0.9033484681900804
0.9680318973109814	1.1050722984686163	0.917458152131631
0.9734933884809213	1.0880744935680806	0.9318822452424396
0.9790930900506187	1.0702645829282862	0.9465254584599035
0.9847956725409543	1.0517098559899853	0.9612928076955184
0.9905646402730277	1.0324872662914664	0.976090025743811
0.9963625365952093	1.0126843619349555	0.9908239393215358
1.0021511685223994	0.9924002208316175	1.005402823297303
1.007891850346071	0.9717463628051803	1.0197367426711286
1.0135456653009822	0.9508475992808086	1.0337378909884336
1.019073743861473	0.929842766479282	1.047320931793648
1.0244375566999324	0.9088852693504995	1.0604033475787715
1.0295992197881634	0.8881433409052155	1.0729057985649932
1.0345218085772883	0.8677998959542206	1.0847524916486777
1.0391696776739103	0.8480518317513879	1.0958715580055585
1.0435087819609805	0.8291086049664091	1.1061954362233481
1.047506994713061	0.8111899018412315	1.1156612564571087
1.051134417948484	0.7945222263815938	1.1242112199992187
1.0543636800643912	0.7793342723637584	1.13179296784509
1.057170215730847	0.765851031011483	1.1383599313285278
1.0595325230889192	0.7542867247998946	1.1438716577012398
1.0614323935115262	0.7448368449157415	1.1482941036361676
1.0628551095456358	0.737669783423438	1.1515998900322861
1.063789607154572	0.7329187485825256	1.153768512168713
1.0642285990077298	0.73067477585299	1.154786500168828
1.0641686563038677	0.7309816427029853	1.1546475258526019
1.063610247439931	0.7338333325217506	1.1533524533317772
1.0625577327222329	0.7391743866872028	1.1509093320861723
1.0610193152300542	0.746903097049737	1.1473333326941126
1.0590069488510439	0.7568771158459932	1.1426466268177158
1.0565362053812195	0.7689207841575546	1.1368782144066443
1.0536261033896681	0.7828333557800282	1.1300637023267448
1.0502989022623934	0.7983973238769433	1.1222450396922605
1.0465798654388914	0.8153862049570683	1.1134702160380714
1.042496997322361	0.8335713408435063	1.1037929290756092
1.0380807586695007	0.8527274896032778	1.09327222910533
1.0333637654445593	0.8726371530853672	1.0819721471914006
1.0283804761569788	0.8930937145259032	1.0699613139309716
1.0231668726004695	0.9139035339612214	1.0573125750696197
1.0177601386866924	0.9348871810323114	1.0441026093324681
1.012198341735712	0.9558799867569983	1.0304115526704352
1.0065201201677167	0.976732079946693	1.0163226316830758
1.0007643810575764	0.9973080495165623	1.0019218073010847
0.9949700104874035	1.0174863473306615	0.9872974279288569
0.9891755990838073	1.0371585211738996	0.9725398892082202
0.9834191845758318	1.056228345766324	0.9577412954314108
0.9777380126744868	1.0746109020026606	0.9429951154880203
0.9721683170704027	1.0922316406706556	0.9283958241868346
0.9667451188847133	1.1090254562926387	0.9140385179914443
0.9615020454988474	1.1249357888495335	0.9000184928271979
0.9564711683376148	1.1399137654018463	0.8864307708725394
0.9516828588899489	1.1539173895071406	0.8733695633871488
0.9471656620236081	1.1669107834296637	0.8609276579141532
0.9429461854824205	1.1788634861175549	0.8491957208707515
0.939049004343913	1.1897498085383886	0.838261510798139
0.9354965791566807	1.1995482470315706	0.8282090034474464
0.9323091864649246	1.208240954724023	0.8191174373203658
0.9295048604560535	1.2158132706694362	0.8110602969040583
0.927099344529752	1.2222533061450502	0.8041042600007247
0.9251060516772927	1.227551587427316	0.7983081443377255
0.9235360326723865	1.231700754336845	0.7937218959326585
0.9223979512043374	1.2346953138713739	0.7903856662915822
0.9216980652263526	1.2365314483170833	0.7883290263854864
0.9214402139428645	1.2372068773318168	0.7875703617917496
0.9216258100167838	1.2367207736196109	0.7881164852796854
0.9222538367384927	1.2350737319571061	0.7899624910156544
0.9233208500613798	1.2322677914826314	0.793091859671654
0.9248209855724401	1.2283065113122276	0.7974768077341348
0.9267459706296722	1.2231950996980054	0.8030788591150445
0.9290851420593279	1.2169405970872942	0.8098496045109586
0.9318254699639068	1.209552113569847	0.8177316051410111
0.9349515883439544	1.2010411213078311	0.8266593931856746
0.9384458333804836	1.19142180262081	0.8365605214281372
0.9422882903566585	1.180711454434246	0.8473566186595981
0.9464568503129824	1.1689309497800924	0.8589644143407971
0.9509272776246014	1.156105256940646	0.8712967046339398
0.9556732897567909	1.1422640166217417	0.8842632410878901
0.9606666504891479	1.1274421771851781	0.8977715320196983
0.9658772778940924	1.1116806874005776	0.9117275543012081
0.9712733683047947	1.0950272453047094	0.9260363794292259
0.9768215374057699	1.07753710045638	0.9406027222824067
0.9824869794212339	1.0592739049733602	0.9553314238921118
0.9882336451582303	1.0403106059981189	0.9701278810504256
0.9940244393816616	1.0207303683475861	0.9848984358867238
0.9998214376568789	1.0006275106556244	0.9995507379262556
1.0055861223952247	0.9801084308189728	1.0139940898509967
1.0112796373844126	0.959292486433771	1.0281397864363804
1.0168630595875179	0.938312782559714	1.041901454122472
1.0222976864633075	0.9173168020586049	1.0551953965427538
1.0275453365113434	0.8964667927060634	1.0679409491926521
1.0325686601951334	0.875939800692054	1.0800608443606026
1.0373314578651962	0.8559272135772149	1.091481585532658
1.0417990008123756	0.8366336506321331	1.1021338287672053
1.0459383511519729	0.8182750206387512	1.1119527670571143
1.0497186758927217	0.8010755655482716	1.1208785124813352
1.0531115503013797	0.7852637344869259	1.1288564700178703
1.0560912455511529	0.7710667991857914	1.1358376962595254
1.0586349956539423	0.7587042390225398	1.1417792359503067
1.0607232388313335	0.7483800929136721	1.1466444292436655
1.0623398287805499	0.7402746821425414	1.1504031828657109
1.0634722117362554	0.7345363184199739	1.1530321989300274
1.0641115658077234	0.7312737723539448	1.1545151559698987
1.0642528997678387	0.7305503304459886	1.154842837793839
1.0638951092642606	0.7323801707869687	1.1540132069886344
1.0630409892877077	0.7367275341330211	1.1520314212410712
1.061697202637951	0.7435088026222917	1.1489097920705849
1.05987420504291	0.7525972068761693	1.1446676870026482
1.0575861284778987	0.7638295574459587	1.1393313776085683
1.0548506250694825	0.7770142080069643	1.1329338371349682
1.0516886747231629	0.7919394284924257	1.1255144925929152
1.0481243602620338	0.8083814728938017	1.1171189371256995
1.0441846143856155	0.8261118160041744	1.107798609186264
1.039898943141314	0.844903247691495	1.0976104454992814
1.0352991308387312	0.8645347067209969	1.0866165149367903
1.0304189314291337	0.8847948833308706	1.0748836402870232
1.0252937513244802	0.905484714114694	1.0624830144388637
1.019960328453564	0.9264189402774827	1.0494898167425464
1.0144564120624358	0.9474269128177178	1.035982834251205
1.008820447381039	0.968352818205395	1.0220440912149984
1.0030912688187494	0.989055476205593	1.0077584886142672
0.9973078048400001	1.009407835185986	0.9932134537127987
0.9915087971291091	1.0292962642589194	0.9784985976295425
0.9857325361013539	1.04861971844767	0.96370537682311
0.9800166142739721	1.0672888337311848	0.9489267522326064
0.9743976984923826	1.0852249934045117	0.9342568377192542
0.9689113215269078	1.1023593953137958	0.9197905275343711
0.963591693123998	1.1186321406143576	0.9056230909644102
0.9584715302206864	1.1339913581591876	0.8918497212743443
0.9535819057160744	1.1483923739089419	0.878565025822588
0.9489521149406789	1.1617969314067986	0.8658624450124374
0.9446095587727567	1.174172467019138	0.8538335898338392
0.940579642217502	1.1854914420275064	0.8425674913527459
0.9368856871861142	1.1957307325611606	0.8321497607481656
0.9335488581817568	1.2048710776316107	0.8226616653478228
0.930588099612376	1.2128965850626663	0.8141791343196266
0.9280200834998932	1.2197942948252705	0.8067717167146762
0.9258591664351481	1.2255537991324936	0.8005015236200304
0.924117354732212	1.2301669185893558	0.795422194214549
0.922804276858909	1.2336274336987978	0.7915779313463313
0.9219271623578587	1.2359308710808823	0.7890026547318462
0.9214908266201548	1.2370743438539993	0.7877193181526833
0.9214976610287156	1.2370564457445214	0.7877394307246169
0.9219476281479254	1.2358771986271513	0.7890628117100156
0.9228382617985051	1.2335380533454976	0.7916775943950384
0.9241646720201383	1.2300419438152448	0.7955604787839491
0.9259195550879354	1.2253933945650386	0.8006772171231002
0.9280932089110945	1.2195986820172262	0.806983302400287
0.9306735543015647	1.2126660499459432	0.8144248194831751
0.9336461627552857	1.204605979667029	0.8229394123997765
0.9369942915360898	1.1954315156050084	0.8324573196779308
0.9406989269894657	1.1851586469368258	0.8429024322602231
0.9447388371360851	1.1738067460169164	0.8541933344217982
0.94909063469857	1.1613990642250458	0.8662442962026548
0.9537288517939961	1.147963285721054	0.8789661949424152
0.9586260275731456	1.1335321393016333	0.8922673525291148
0.9637528100992322	1.11814406807966	0.9060542831443884
0.9690780737274378	1.1018439559691338	0.9202323530911817
0.9745690531660873	1.0846839088491633	0.9347063594819445
0.9801914952653357	1.0667240866459295	0.9493810381195362
0.9859098293856605	1.048033580202758	0.9641615129483739
0.9916873569435843	1.0286913234244082	0.9789537002091488
0.9974864604152122	1.0087870264165213	0.9936646801544952
1.003268831701104	0.9884221087354821	1.0082030481333888
1.0089957193230907	0.9677106028712193	1.0224792552637767
1.0146281934422792	0.9467799861061299	1.0364059469862499
1.0201274271681096	0.9257718833595725	1.049898305689116
1.0254549920844618	0.9048425641694038	1.062874401444571
1.0305731653667285	0.8841631336929449	1.0752555527943912
1.0354452453223422	0.8639192915651108	1.0869666975455243
1.040035871677032	0.8443105061920578	1.097936771736812
1.0443113464717777	0.8255484303776577	1.1080990933601145
1.0482399510528393	0.8078543747185938	1.1173917460944534
1.0517922543500584	0.7914556685758176	1.1257579572646226
1.0549414074655767	0.7765807872251479	1.1331464634831476
1.0576634195513555	0.7634532197242283	1.139511856986773
1.0599374100504113	0.75228420082453	1.1448149055388208
1.06174583261898	0.7432646248195269	1.1490228389318697
1.0630746664344581	0.7365566735439015	1.1521095955778269
1.063913571120165	0.7322858786279054	1.1540560233922783
1.0642560021694636	0.7305344411602098	1.1548500301357612
1.0640992845095059	0.7313365979364634	1.1544866795266762
1.0634446426843642	0.7346766301065947	1.1529682307419986
1.0622971870301725	0.7404897819561853	1.150304120319945
1.0606658561298956	0.7486659654344775	1.1465108869166993
1.0585633167401916	0.7590557639299399	1.1416120407889294
1.05600582324569	0.7714779996807742	1.1356378812176213
1.0530130394872832	0.7857280362247635	1.1286252663022847
1.0496078265045987	0.8015860443442523	1.1206173405884698
1.045816000307532	0.8188246232543844	1.111663226803296
1.0416660642320879	0.837215379603481	1.101817688528874
1.0371889207325544	0.8565342729423002	1.0911407709164367
1.0324175676125005	0.876565703884012	1.0796974265179355
1.027386783704547	0.8971054366483553	1.0675571329788336
1.022132808882358	0.9179625128439328	1.0547935086959317
1.0166930230416036	0.9389603383922213	1.041483931604919
1.011105628337207	0.9599371231522134	1.027709165038556
1.0054093385322105	0.9807458346152501	1.0135529931094378
0.999643078820496	1.0012538017830004	0.9991018663501411
0.9938456989533124	1.021342078814132	0.9844445564264074
0.9880557019491364	1.040904653535045	0.9696718166760874
0.9823109901174173	1.059847564982063	0.9548760430842747
0.9766486295965288	1.0780879771729464	0.940150928171497
0.9711046341093414	1.0955532430634758	0.9255910982626776
0.9657137681878633	1.1121799826111696	0.9112917228689312
0.9605093697198659	1.1279131914417493	0.8973480836383825
0.9555231913308174	1.1427053912222909	0.8838550897389402
0.9507852598364666	1.1565158289944972	0.8709067268768764
0.9463237527852362	1.1693097300118864	0.8585954286916215
0.9421648909532229	1.1810576067447984	0.8470113622385421
0.938332845554397	1.1917346254326613	0.8362416238469835
0.9348496588795894	1.2013200307017913	0.8263693478600965
0.9317351770742577	1.209796628205045	0.8174727384697822
0.9290069938005764	1.217150324888929	0.8096240436445936
0.9266804035977805	1.223369726292575	0.8028884993158132
0.9247683638497912	1.2284457901883628	0.7973232805743786
0.9232814643853278	1.2323715358560312	0.7929765034911671
0.9222279038679623	1.2351418083199155	0.7898863251267255
0.9216134722776309	1.2367530969574856	0.7880801893443871
0.9214415389375105	1.2372034079956207	0.7875742615900514
0.9217130456981233	1.2364921905403847	0.7883730868549078
0.9224265050519564	1.2346203159294775	0.7904694922806542
0.9235780031151088	1.2315901103478193	0.7938447406199601
0.9251612075762108	1.2274054408001878	0.7984689247834721
0.9271673808757995	1.2220718546848364	0.8043015788755953
0.9295853990401425	1.2155967733528499	0.8112924691258357
0.9324017767504029	1.2079897401632314	0.8193825201503504
0.9356006993788357	1.1992627236461166	0.828504828561515
0.9391640628654333	1.1894304764569845	0.838585716938101
0.9430715224374833	1.1785109508314744	0.8495457858721581
0.9473005512863976	1.1665257712173474	0.861300929161188
0.9518265104057867	1.1535007646445528	0.8737632860272615
0.9566227308563018	1.139466549163884	0.8868421134012191
0.9616606097500817	1.1244591802927104	0.9004445699027492
0.966909721234376	1.1085208547858802	0.9144764105457024
0.9723379436938973	1.0917006701059355	0.9288425970535931
0.9779116042790181	1.0740554365655315	0.9434478328763087
0.9835956416974043	1.0556505370715676	0.9581970346299602
0.9893537879767028	1.0365608264647141	0.9729957529275262
0.9951487696139883	1.0168715582894994	0.9877505556761714
1.000942528174506	0.9966793210275516	1.0023693861494158
1.0066964599911343	0.97609295786643	1.0167619067450084
1.0123716741530708	0.955234433373774	1.0308398375273937
1.0179292674667362	0.9342395964060533	1.0445172966048422
1.0233306145360814	0.9132587707266735	1.057711147246794
1.0285376705585811	0.8924570830144667	1.0703413545156937
1.0335132838850754	0.8720144128107588	1.0823313521522813
1.038221514866265	0.8521248223455146	1.0936084185762915
1.0426279570273902	0.8329952999080938	1.1041040591930282
1.0467000561973356	0.8148436349246263	1.1137543907661906
1.0504074228903846	0.7978952456279719	1.1225005224558653
1.0537221330177238	0.7823788131739242	1.130288927247661
1.0566190119083594	0.7685206518240031	1.1370717969275896
1.0590758966580898	0.7565378722719558	1.142807373493493
1.0610738720084294	0.7466305732646947	1.1474602499359352
1.062597475286893	0.7389735075108315	1.1510016336595896
1.0636348664116118	0.7337078730626215	1.1534095664315132
1.0641779595662395	0.730934025749484	1.1546690956076804
1.0642225138686647	0.7307059343858091	1.1547723924673428
1.0637681811668012	0.7330280712540178	1.1537188147320914
1.0628185099697234	0.7378551503824787	1.151514911712205
1.0613809054323402	0.7450947491106303	1.148174371951696
1.0594665462246304	0.7546124628253102	1.1437179146774825
1.0570902599999743	0.7662389402003215	1.1381731277392466
1.0542703600006036	0.7797779883773389	1.1315742559988562
1.0510284460739983	0.7950149377008477	1.123961945240043
1.0473891739988883	0.8117245828603817	1.1153829475749484
1.0433799975154878	0.82967821599666	1.1058897949863506
1.0390308878099617	0.8486494805676671	1.0955404480335955
1.0343740354124846	0.8684189605735193	1.0843979268461625
1.0294435395325732	0.8887775567056184	1.0725299313199392
1.0242750897814716	0.909528785518995	1.0600084569145545
1.0189056450311824	0.9304901774480252	1.046909411630244
1.0133731138494273	0.9514939566723487	1.0333122386314664
1.0077160405485723	0.9723871728090955	1.0192995476005813
1.0019733004154527	0.9930314311409119	1.0049567562741226
0.9961838071699536	1.013302341551365	0.99037174177077
0.9903862351546153	1.0330887807601827	0.9756344993089922
0.9846187582057696	1.0522920399888613	0.9608368037927741
0.9789188066169945	1.0708249116238437	0.9460718675945453
0.973322843093781	1.0886107537519902	0.9314339857891712
0.9678661581270225	1.1055825601871594	0.9170181582267138
0.9625826847920325	1.1216820552014521	0.902919676345624
0.9575048326159832	1.1368588260272383	0.8892336617306854
0.9526633398536781	1.1510695017778143	0.8760545433529293
0.9480871432706076	1.1642769843072633	0.8634754614524209
0.9438032643521174	1.1764497343479015	0.8515875883923003
0.93983671073521	1.1875611147631326	0.8404793607278281
0.9362103915905176	1.1975887917390535	0.8302356222971773
0.9329450456608228	1.2065141940679593	0.8209366852818375
0.9300591806830337	1.2143220302497717	0.8126573246019382
0.9275690229764314	1.22099986288199	0.8054657301266672
0.9254884760650423	1.226537739675431	0.7994224501315699
0.9238290873103158	1.2309278803871078	0.794579367135015
0.9226000216566068	1.2341644189790064	0.7909787525066441
0.921808041731731	1.2362432003751544	0.7886524479619567
0.9214574936942632	1.2371616312868003	0.7876212194563554
0.9215502983752517	1.236918584697274	0.7878943218137847
0.9220859474222634	1.2355143577366134	0.7894693010779399
0.9230615043163509	1.2329506828248644	0.7923320471382971
0.9244716102962095	1.2292307921162011	0.7964570932706683
0.9263084953872042	1.2243595354281192	0.801808143717204
0.9285619948947993	1.2183435519851753	0.8083387971170852
0.9312195718806385	1.211191496439103	0.8159934239022373
0.9342663462930878	1.202914319739705	0.8247081504999797
0.9376851315698341	1.1935256055155026	0.8344119024580381
0.9414564796647846	1.1830419626691446	0.8450274619284593
0.9455587355708968	1.1714834748859144	0.8564725013724367
0.9499681025098293	1.158874207674622	0.8686605637146511
0.9546587190328922	1.145242773380689	0.8815019683170322
0.9596027493196478	1.1306229542911017	0.8949046310538713
0.9647704879643692	1.1150543834322229	0.9087747947074077
