1.0	1.0	1.0
1.0057648336227947	0.9794641433258467	1.0144400186992037
1.0114575076293433	0.9586342125034756	1.0285801378010138
1.0170390590673226	0.9376438208656211	1.042333951190182
1.0224707512443219	0.9166410042871554	1.0556177374711564
1.0277143752260034	0.8957886028287229	1.068350816079188
1.0327325617252365	0.875264284562831	1.0804559137830747
1.03748909998	0.8552600734328624	1.091859540733251
1.0419492597232967	0.835981217839238	1.1024923734918415
1.0460801119162126	0.8176442190077541	1.1122896410006025
1.0498508435673102	0.8004738370727189	1.1211915082272788
1.0532330617179946	0.7846989199443009	1.1291434513023513
1.056201081551921	0.7705469681913707	1.1360966173309963
1.0587321936006322	0.7582374683055331	1.1420081617468858
1.0608069051762992	0.7479741978963247	1.1468415560651584
1.0624091514688425	0.7399369148434719	1.1505668591831322
1.0635264721956874	0.7342730529679328	1.1531609459519243
1.0641501502783421	0.7310902059761932	1.154607687573772
1.0642753097249147	0.7304502304692941	1.1548980794333663
1.0639009706998617	0.7323656953682329	1.154030313203552
1.0630300606351217	0.7367991459787196	1.1520097914261977
1.0616693811501394	0.7436652825009984	1.1488490842025743
1.0598295314699313	0.7528357602480358	1.1445678290760035
1.0575247899275693	0.7641459962471643	1.1391925765939979
1.0547729559788885	0.7774031828362877	1.132756585340524
1.0515951559142585	0.7923946848644928	1.1252995713784404
1.0480156161006013	0.8088961080502155	1.1168674179905291
1.0440614081074768	0.8266785183216353	1.107511852315485
1.039762170451142	0.8455145071744876	1.0972900959118668
1.0351498119236124	0.8651829910067295	1.0862644964265469
1.0302582015599133	0.8854727782781907	1.074502147381859
1.0251228502420189	0.9061850311704494	1.0620745026232634
1.0197805887537907	0.9271347945599981	1.049056991190729
1.0142692468033665	0.9481517765494585	1.035528637303258
1.0086273371369205	0.9690805541167009	1.02157168879508
1.0028937484016889	0.9897803551190892	1.0072712557391146
0.9971074498986328	1.0101245413976734	0.9927149591715674
0.9913072108179674	1.0299998917001751	0.9779925878345214
0.9855313359947158	1.0493057600235094	0.9631957587383028
0.9798174196752164	1.0679531657218928	0.9484175751880082
0.9742021182653736	1.0858638564006282	0.9337522738187868
0.9687209425507353	1.102969372823834	0.9192948502725501
0.9634080694474557	1.1192101362289437	0.9051406515904071
0.958296172969005	1.134534571960768	0.8913849223935443
0.9534162737802839	1.1488982786696031	0.8781222917178763
0.948797606460073	1.1622632490066924	0.8654461882137467
0.9444675034035738	1.1745971454352073	0.8534481735776382
0.9404512941663591	1.1858726331795164	0.8422171877627247
0.9367722189749393	1.1960667712541428	0.8318387048381766
0.9334513551019363	1.2051604617968332	0.8223938052928154
0.9305075548194158	1.21313795747047	0.8139581788426039
0.9279573936958825	1.219986426420687	0.806601080866563
0.9258151280844705	1.2256955741272348	0.8003842746403869
0.9240926607560151	1.2302573214307118	0.7953609995000994
0.9227995137555574	1.23366553802665	0.791575010764245
0.921942807699727	1.2359158307780607	0.789059739545542
0.9215272468814448	1.2370053862923127	0.7878376186475291
0.9215551097043325	1.236932867328743	0.7879196142246908
0.9220262441296779	1.2356983627418798	0.7893049920930572
0.9229380679818964	1.2333033908148994	0.7919813334999539
0.9242855741226995	1.2297509559930153	0.7959247993453005
0.9260613406683786	1.2250456591812495	0.8011006261499188
0.9282555465874462	1.219193861919734	0.8074638233245656
0.9308559931758762	1.2122039048863658	0.8149600309968997
0.9338481320623871	1.2040863812945075	0.823526491708113
0.9372151005441139	1.1948544658444227	0.833093087917574
0.9409377651903611	1.1845242999411099	0.8435834000358515
0.9449947747749127	1.1731154338944803	0.8549157457516992
0.9493626237008012	1.1606513267516239	0.8670041695810999
0.9540157271600411	1.1471599042484448	0.8797593606677393
0.95892650931859	1.132674175070825	0.8930894858683203
0.9640655058273784	1.1172329051285323	0.9069009332758848
0.9694014819272874	1.1008813487893598	0.9210989680685576
0.9749015673333992	1.0836720348847213	0.9355883076867034
0.9805314089463454	1.065665603625212	0.9502736268214685
0.9862553422419524	1.046931688141708	0.9650600046763629
0.9920365819319744	1.0275498309082116	0.9798533276633401
0.9978374321678947	1.0076104204342953	0.9945606603742801
1.0036195161783572	0.9872156268712249	1.0090905965853696
1.0093440247932755	0.9664803060031905	1.023353600439158
1.014971982821583	0.9455328288896891	1.0372623460056194
1.0204645317255545	0.92451577862126	1.050732061310379
1.0257832264863624	0.9035864358932927	1.0636808807614841
1.030890343999608	0.8829169515411809	1.0760302078022785
1.0357491997949937	0.8626940779202389	1.0877050876401309
1.0403244693620106	0.8431183047320181	1.0986345881042578
1.044582509905362	0.8244022235556455	1.1087521851126962
1.0484916779718672	0.8067679367896153	1.1179961479107414
1.05202263810569	0.7904433417698075	1.1263099182050447
1.0551486575196316	0.7756571722123577	1.1336424765762358
1.057845881732225	0.762632778439484	1.1399486891186181
1.0600935862242562	0.7515807802969405	1.1451896271310698
1.0618743994195021	0.74269092419268	1.149332852863581
1.063174492692153	0.7361236909125496	1.1523526647950413
1.0639837336404272	0.7320023862985894	1.1542302966570632
1.0642957995286064	0.7304065435310554	1.1549540653938737
1.0641082485684745	0.7313674222659378	1.1545194644192345
1.0634225475610433	0.7348661862314692	1.1529291998501394
1.062244055321451	0.7408350049470236	1.150193168810129
1.0605819622324348	0.7491609303491826	1.146328380345002
1.0584491871820376	0.7596920402383496	1.1413588209216277
1.0558622340071633	0.7722450992606237	1.1353152678284428
1.0528410103564267	0.7866139049295345	1.1282350550092717
1.0494086125773696	0.8025775519158757	1.1201617968908868
1.0455910808034574	0.8199080167595874	1.111145076566842
1.0414171288501082	0.838376678080477	1.1012401052413612
1.0369178538174852	0.8577595926816383	1.090507360092282
1.0321264304385405	0.8778415130408209	1.079012207665097
1.0270777952077332	0.8984187441376426	1.0668245195536747
1.021808325188455	0.919300999942236	1.0540182864582124
1.0163555161397337	0.9403124427863447	1.0406712357457744
1.0107576642432363	0.9612920850519799	1.0268644563888762
1.0050535552704434	0.9820937136024278	1.0126820336453608
0.9992821645289419	1.002585471762244	0.9982106940982971
0.9934823703881495	1.0226492070621969	0.9835394597371551
0.9876926836296575	1.0421796685798672	0.9687593076826818
0.9819509943153502	1.0610836169603832	0.9539628300059273
0.9762943373347686	1.0792788934335178	0.9392438859569087
0.9707586772962974	1.096693481090599	0.9246972369187139
0.9653787129760967	1.1132645818139195	0.9104181526904009
0.9601877011425514	1.1289377249573325	0.8965019764660958
0.9552172992376532	1.14366591858852	0.8830436353437517
0.9504974261225895	1.1574088503314148	0.8701370836182959
0.9460561398828439	1.1701321421959239	0.8578746677515082
0.9419195315361282	1.1818066619448393	0.8463464050006844
0.9381116333906283	1.1924078922942933	0.8356391723916529
0.9346543407562344	1.2019153584052946	0.8258358090659565
0.9315673457117374	1.2103121135782386	0.8170141428431863
0.9288680816700737	1.2175842827235859	0.8092459606863202
0.9265716775552235	1.2237206629898487	0.8025959519234533
0.9246909205021755	1.2287123808425149	0.7971206615822656
0.9232362261098503	1.2325526048753934	0.7928674978769493
0.9222156154110375	1.2352363136785154	0.789873841577598
0.9216346978690485	1.2367601181694492	0.788166304712357
0.9214966598644736	1.2371221379068322	0.7877601812495114
0.9218022582944642	1.236321931037514	0.7886591231330633
0.9225498190692791	1.2343604776749864	0.7908550620402778
0.9237352404548262	1.231240216660561	0.7943283818554906
0.9253520013743214	1.22696513581429	0.7990483308892804
0.9273911749456982	1.2215409159343005	0.8049736481999468
0.9298414476926812	1.2149751289451425	0.8120533666485183
0.932689145024703	1.2072774907215142	0.8202277476832621
0.9359182637318394	1.1984601692158503	0.8294292997840672
0.9395105123826649	1.1885381485874549	0.8395838338089772
0.9434453606417054	1.1775296500549652	0.8506115134359996
0.9477000986344394	1.1654566101563413	0.8624278664049555
0.9522499075763825	1.1523452169778448	0.874944731146489
0.9570679429428146	1.1382265046720756	0.8880711225328016
0.9621254314809463	1.1231370061768848	0.9017140090091934
0.9673917833503711	1.1071194634027202	0.9157790006586096
0.972834720614299	1.090223593177424	0.9301709534844117
0.9784204231876599	1.0725069057867038	0.9447944992790358
0.9841136931740307	1.054035570834998	0.9595545129636054
0.9898781382881775	1.0348853221178076	0.9743565304321836
0.9956763747634175	1.0151423889038047	0.9891071299643948
1.0014702497838255	0.9949044350419899	1.0037142894428988
1.0072210830639798	0.9742814791125486	1.01808773017203
1.01288992672989	0.9533967578377925	1.0321392562531542
1.0184378421433775	0.932387480566729	1.0457830964059194
1.0238261917711173	0.9114054043824218	1.0589362529712019
1.029016943644295	0.8906171371726379	1.0715188606981203
1.033972985403595	0.8702040505361971	1.083454555885116
1.0386584443972695	0.8503616576788228	1.0946708545751496
1.0430390098190043	0.8312982875075998	1.105099536844046
1.0470822524592682	0.8132328716847435	1.1146770328044726
1.0507579373202731	0.7963916662118579	1.1233448048029582
1.0540383241302793	0.7810037654243659	1.1310497194334665
1.0568984507044574	0.7672953465960393	1.137744402441243
1.0593163941494521	0.7554827160416561	1.143387569350572
1.0612735051047146	0.7457644103824216	1.1479443247177148
1.0627546105571528	0.7383128198261322	1.1513864232750544
1.0637481812519363	0.7332660034972256	1.1536924868748637
1.0642464603401438	0.7307205036120342	1.1548481720325983
1.0642455506358437	0.7307259786725157	1.1548462839728024
1.063745458678088	0.733282331498636	1.1536868343504505
1.0627500946795632	0.738339714898702	1.1513770412051487
1.061267228362421	0.7458014142005928	1.147931271148852
1.0593084016005936	0.7555292224798155	1.1433709252309727
1.056888799674165	0.7673506317970658	1.1377242713093378
1.054027083764263	0.7810670200360653	1.1310262270251443
1.05074518804885	0.796462026880404	1.1233180985831626
1.0470680853776044	0.8133094496023967	1.114647281429781
1.0430235259903513	0.8313801926584207	1.1050669295636573
1.038641754086915	0.8504480182152958	1.0946356005782103
1.0339552072520808	0.8702940273352485	1.0834168836023599
1.0289982037891636	0.8907099340237964	1.07147901706536
1.0238066229269973	0.9115002744717001	1.05889450266107
1.018417582650555	0.9324837299827379	1.045739721032378
1.0128691195816584	0.9534937467928064	1.0320945535505166
1.0071998749229665	0.9743786214849123	1.0180420131465386
1.0014487899971811	0.995001196739638	1.0036678854902084
0.9956548143862158	1.0152382854422721	0.9890603799406787
0.9898566291236502	1.0349799157110424	0.974309787660118
0.9840923868383684	1.0541284672181093	0.9595081421473868
0.9783994702060823	1.0725977509271087	0.9447488752952281
0.972814269553993	1.0903120699831608	0.930126460008282
0.9673719799947329	1.1072052885015695	0.9157360285793963
0.9621064180484116	1.1232199268148237	0.9016729545833422
0.9570498573524403	1.1383062957621126	0.8880323852226606
0.9522328827612975	1.1524216783184602	0.874908711094484
0.947684261903344	1.165529563831011	0.8623949615011045
0.9434308330877847	1.177598938019341	0.8505821159508754
0.9394974083386083	1.1886036304478307	0.8395583265856572
0.9359066902691366	1.1985217202008922	0.8294080520113115
0.9326792014950215	1.2073349998484328	0.820211110307312
0.9298332253089048	1.215028497381218	0.8120416675204792
0.9273847564001303	1.221590055554722	0.8049671870963742
0.9253474604916011	1.2270099679575353	0.7990473745808032
0.9237326418772719	1.2312806710828927	0.7943331594268395
0.9225492179726319	1.234396491706084	0.7908657606796583
0.9218037001323522	1.2363534489397214	0.7886758846051899
0.9215001801403307	1.2371491104409962	0.7877830992425369
0.9216403219346925	1.23678250237084	0.7881954232049703
0.922223358291618	1.235254072846858	0.7899091543123703
0.923246092355424	1.2325657087835895	0.7929089489560044
0.9247029040667161	1.228720806169216	0.7971681471296499
0.9265857617044422	1.2237243939816378	0.8026493226936335
0.9288842389199826	1.2175833120931414	0.8093050254472435
0.9315855378004311	1.2103064436454942	0.8170786723301078
0.9346745186518739	1.2019050024892313	0.825905540290541
0.9381337373390802	1.1923928763636287	0.8357138130984797
0.9419434911521147	1.18178702653645	0.8464256380866652
0.946081874288787	1.1701079446102904	0.8579581554979271
0.9505248441395646	1.1573801671146458	0.8702244716248762
0.9552462996329829	1.1436328483104294	0.8831345560945139
0.9602181729385562	1.1289003912943918	0.8965960524939967
0.9654105358243601	1.1132231369443457	0.9105149993393131
0.9707917219214822	1.0966481094058997	0.9247964647259204
0.9763284660515308	1.0792298155657642	0.939345102696716
0.981986061621244	1.0610310941163614	0.9540656424457082
0.9877285368760909	1.0421240071607005	0.9688633231076168
0.9935188505304666	1.0225907635282492	0.9836442873002841
0.9993191069555705	1.0025246576758005	0.9983159460494032
1.0050907907097892	0.9820310007419317	1.0127873264867553
1.0107950197456483	0.9612280104382256	1.0269694119992514
1.0163928161304383	0.9402476133895118	1.0407754825056712
1.021845392585904	0.9192360967460939	1.0541214604028668
1.0271144526003515	0.8983545251224075	1.066926265571446
1.032162501311449	0.8777788145114475	1.0791121807526294
1.0369531638194274	0.8576993282226569	1.090605226671157
1.0414515070895787	0.8383198342808263	1.1013355445353559
1.045624361161926	0.8198556447539249	1.1112377820340553
1.0494406350265508	0.8025307537811441	1.1202514777009318
1.052871622265779	0.7865738141191856	1.1283214375524204
1.0558912914272418	0.7722128546190677	1.1353980972410178
1.0584765560889535	0.7596687537613702	1.1414378626100272
1.0606075197185456	0.7491476497376166	1.1464034214894525
1.0622676907175048	0.7408326730507039	1.1502640198285667
1.0634441634753338	0.7348756005044463	1.1529956958024916
1.0641277618291576	0.7313891980767975	1.1545814663327512
1.0643131420161855	0.7304410853118033	1.155011461491058
1.0639988529985316	0.7320498698975149	1.1542830034691276
1.0631873529061089	0.7361840591757727	1.1524006281456383
1.0618849812538507	0.7427638960083126	1.1493760487098081
1.060101887512244	0.7516658715253562	1.1452280622513673
1.0578519175124026	0.7627293317537907	1.1399824016400868
1.0551524600169677	0.7757643921602047	1.1336715363370407
1.052024256557012	0.790560331385395	1.1263344269507813
1.04849117829791	0.8068937326750729	1.1180162393268176
1.0445799742341666	0.8245358272519442	1.1087680246977374
1.0403199954107902	0.8432587091530455	1.0986463728921076
1.0357429001198046	0.8628402884453087	1.087713045779978
1.0308823451241396	0.8830680019613385	1.0760345980076103
1.0257736679228373	0.9037413997741952	1.0636819916387301
1.0204535649020479	0.9246737768168285	1.0507302105770948
1.014959769930985	0.9456930339714575	1.0372578796057046
1.009330737579617	0.9666419443144968	1.0233468915587873
1.0036053346762943	0.9873779788164007	1.0090820445679871
0.9978225434108039	1.0077728195006985	0.9945506895261739
0.9920211786434003	1.0277116618113176	0.9798423859331084
0.9862396215241113	1.0470923843896014	0.9650485621822401
0.98051557097807	1.0658246447218986	0.9502621741904279
0.9748858140884042	1.0838289433314665	0.9355773541591106
0.9693860159219867	1.1010356869977849	0.9210890393127578
0.9640505289057805	1.1173842723258944	0.9068925688495965
0.9589122214800965	1.1328222042541272	0.8930832362594289
0.9540023254343383	1.1473042592274814	0.8797557838476389
0.9493503010725202	1.1607916993098233	0.8670038270107852
0.9449837191593672	1.1732515410889666	0.8549191977959982
0.9409281584605075	1.1846558815586041	0.8435912007657553
0.9372071176079134	1.1949812820266315	0.833105779315102
0.9338419399890061	1.20420821034488	0.8235445973319909
0.9308517503686349	1.2123205412691307	0.8149840492184312
0.928253402001112	1.2193051144616902	0.8074942202976536
0.9260614330682841	1.2251513494866813	0.8011378287317412
0.9242880313832311	1.2298509170822183	0.7959691882278767
0.9229430064221218	1.2333974659970952	0.7920332368405769
0.9220337678842556	1.2357864047336806	0.7893646799369003
0.921565310128324	1.2370147376298282	0.7879872939916557
0.9215402019882489	1.2370809548305581	0.7879134319067937
0.9219585816320229	1.235984975837013	0.789143760228608
0.9228181562898848	1.233728146468972	0.7916672448778489
0.9241142068424187	1.2303132892320252	0.7954613863043118
0.9258395974234679	1.22574480723564	0.800492689165925
0.9279847903558829	1.2200288419581578	0.8067173375692411
0.9305378668985946	1.2131734852932532	0.8140820361397315
0.9334845544394464	1.2051890464329318	0.8225249707001593
0.936808260917202	1.1960883742368764	0.8319768404266984
0.9404901173949942	1.1858872357969796	0.8423619156780224
0.9445090298322854	1.1746047519160936	0.8535990814058391
0.9488417412084678	1.1622638901632956	0.8656028340285061
0.9534629052331395	1.1488920160186442	0.8782842086973566
0.9583451729298897	1.134521502341723	0.8915516229481502
0.9634592933957903	1.1191903969373387	0.9053116309875909
0.9687742300113518	1.1029431472728652	0.9194695897818665
0.9742572932993396	1.0858313803175608	0.9339302434276613
0.9798742915001062	1.0679147338746784	0.948598235956703
0.9855896997416251	1.0492617334561576	0.9633785648723129
0.9913668484313526	1.0299507054302166	0.9781769885555036
0.9971681311835106	1.010070712492405	0.9929004004654404
1.002955232220861	0.9897224910152342	1.0074571820535858
1.0086893727587052	0.9690193609759286	1.0217575447498322
1.0143315753978572	0.9480880673446592	1.0357138694653951
1.0198429450329585	0.9270694964593627	1.0492410499566671
1.0251849642360849	0.9061191916249177	1.0622568442366314
1.0303198005194032	0.8854075690235433	1.07468223610565
1.0352106223334352	0.8651197089730315	1.0864418068769734
1.0398219201400047	0.8454545710742443	1.097464115551403
1.0441198284330153	0.8266234595038155	1.1076820840935377
1.0480724441878935	0.8088475541235088	1.117033383112181
1.0516501369229503	0.7923543346961922	1.1254608121748408
1.0548258453721122	0.7773727719228789	1.1329126682087995
1.0575753557142311	0.7641272522168441	1.1393430949700778
1.0598775563908802	0.7528303494268265	1.144712406400526
1.0617146647782438	0.7436747499774563	1.1489873768380847
1.0630724213594371	0.7368248532121718	1.1521414914831627
1.0639402475649036	0.7324087607308041	1.1541551512333015
1.064311364097547	0.7305114787550192	1.1550158269478912
1.0641828673169804	0.731170132499826	1.1547181593552918
1.0635557620993306	0.7343718063180218	1.1532640021192107
1.0624349504868629	0.7400542999105132	1.1506624069866092
1.0608291763638418	0.7481096980321852	1.1469295513886166
1.0587509273088151	0.7583902830553013	1.1420886103000938
1.0562162956466605	0.7707160615012885	1.1361695755242724
1.053244801526078	0.7848830733038603	1.129209026801067
1.0498591815531568	0.800671702576462	1.1212498601909746
1.046085147097451	0.8178543684831782	1.112340980017601
1.0419511168377014	0.8362021855841716	1.1025369612256295
1.0374879284203302	0.8554903914146277	1.0918976893011434
1.032728534261996	0.8755025099616265	1.0804879848904534
1.0277076865409778	0.8960333384970377	1.068377219933645
1.0224616162998896	0.9168909130734301	1.0556389314999028
1.0170277113379373	0.9378976348858113	1.042350438580903
1.0114441972222228	0.9588907384198169	1.0285924658808159
1.0057498253147594	0.9797222645781943	1.0144487771583328
0.9999835712166318	1.0002586767833344	1.0000058189566674
0.9941843464951774	1.0203802313633283	0.9853523736398221
0.9883907260056126	1.0399801887748492	0.9705792185875817
0.9826406925649672	1.058963931001402	0.955778786253681
0.9769714002010846	1.077248033229309	0.9410448176487088
0.9714189566976339	1.0947593244343068	0.9264719997862366
0.9660182256993094	1.1114339612945807	0.9121555758751785
0.9608026482383761	1.1272165322774752	0.8981909157383442
0.9558040832000304	1.1420592032484524	0.8846730333080945
0.9510526659624633	1.1559209120216696	0.8716960383456746
0.9465766842282483	1.1687666165050759	0.8593525110128729
0.94240246990478	1.180566599172633	0.8477327908340456
0.9385543057892833	1.1912958292835008	0.8369241760966057
0.9350543457634007	1.2009333833872777	0.8270100358949183
0.9319225471977296	1.2094619240791515	0.8180688446790976
0.9291766143015823	1.21686723660922	0.810173157927595
0.9268319512213259	1.2231378227433665	0.8033885567371215
0.9249016237857339	1.2282645511749684	0.7977725977618747
0.9233963289131508	1.2322403637669177	0.7933738118928365
0.9223243708278829	1.2350600369405085	0.7902307991652356
0.9216916433777719	1.2367199976064378	0.7883714676062428
0.9215016178978508	1.2372181931421908	0.7878124594717081
0.9217553362235614	1.2365540150506917	0.7885587995455733
0.9224514086190768	1.234728276080177	0.7906037875475271
0.9235860165501916	1.2317432407385067	0.7939291415110444
0.9251529203956917	1.2276027092908226	0.7985053829992327
0.9271434723548511	1.2223121554819498	0.8042924401092266
0.9295466349703648	1.215878918368369	0.8112404320739242
0.9323490058439282	1.2083124487726775	0.819290591117141
0.9355348492735814	1.1996246109788036	0.8283762736150952
0.9390861356849892	1.1898300403598756	0.8384240134456625
0.9429825898593731	1.1789465576607963	0.8493545749829018
0.9472017490744463	1.1669956406282165	0.86108397046759
0.9517190323662728	1.15400295356928	0.8735244152668431
0.9565078221836875	1.1399989351950475	0.8865852037035057
0.961539559736577	1.1250194447186892	0.9001734967708069
0.9667838553285245	1.10910646556605	0.9141950205075101
0.9722086149068128	1.0923088651225832	0.9285546797334705
0.9777801839528184	1.074683207553202	0.9431570961197829
0.9834635096685812	1.0562946147066106	0.9579070822598729
0.9892223221873551	1.0372176672042224	0.972710064704435
0.9950193352455464	1.0175373336869702	0.9874724690704398
1.0008164664012087	0.9973499104308721	1.0021020795942337
1.0065750764733035	0.9767639456308039	1.016508384118413
1.0122562274123104	0.9559011120049362	1.03060291369819
1.0178209573055628	0.9348969773895229	1.044299583964791
1.0232305706821172	0.9139016051883011	1.0575150432337495
1.0284469417272601	0.8930798947688652	1.0701690302051337
1.033432827463818	0.8726115467302706	1.0821847420546347
1.038152187426329	0.852690511223465	1.0934892118224508
1.0425705058664028	0.8335237529426424	1.104013692319079
1.0466551121053498	0.8153291504036766	1.1136940423201587
1.0503754943149815	0.7983323491028682	1.122471109644324
1.0537036017793473	0.7827624201357473	1.1302911048191913
1.0566141305862238	0.7688462505201025	1.137105958454786
1.0590847877305078	0.7568017179545891	1.1428736551675105
1.0610965287904695	0.746829880379023	1.1475585369299892
1.0626337646643935	0.7391066221017738	1.1511315690533075
1.0636845333254625	0.7337744053543421	1.1535705626198363
1.0642406331563274	0.7309349237556287	1.1548603480494566
1.0642977151448252	0.7306434842943677	1.1549928955632078
1.0638553320363053	0.7329058188497011	1.153967379561809
1.0629169434188122	0.7376777483119932	1.1517901853111252
1.0614898766343925	0.7448677448972679	1.1484748577666155
1.0595852443306322	0.7543420497461779	1.1440419938156228
1.0572178203585432	0.7659316959226125	1.1385190806112304
1.0544058765549817	0.7794406244866104	1.1319402839576709
1.0511709836918042	0.7946540780799173	1.124346191832581
1.0475377805062644	0.811346582071545	1.1157835190496863
1.0435337152295387	0.8292890221010699	1.1063047797384382
1.0391887643907294	0.8482545413669756	1.0959679347150622
1.0345351338866988	0.8680231685913052	1.0848360209218388
1.0296069473745335	0.888385226301769	1.072976769906665
1.0244399269701632	0.9091436549931347	1.0604622218000048
1.019071071035754	0.9301154293797324	1.0473683404260827
1.0135383335262482	0.9511322506467046	1.0337746340716727
1.0078803089612582	0.972040685769809	1.0197637850480916
1.0021359266137995	0.99270190169616	1.005421289546169
0.996344156984125	1.0129911155195375	0.9908351074345765
0.9905437330769975	1.0327968560396854	0.9760953196341509
0.9847728884445865	1.052020109464125	0.9612937885742352
0.9790691134132747	1.070573403295735	0.9465238150803696
0.9734689303968753	1.0883798676303573	0.9318797829596456
0.9680076887240527	1.1053723017326194	0.9174567806756575
0.9627193789839082	1.121492265276481	0.9033501880100707
0.9576364665274781	1.1366892074328367	0.8896552147007564
0.9527897434580818	1.1509196425270154	0.8764663779686171
0.9482081982011707	1.1641463778323267	0.8638769068571809
0.9439189015633633	1.1763377968630049	0.8519780636640698
0.9399469080676246	1.1874672000150779	0.8408583766463147
0.9363151712825118	1.1975122033796377	0.8306027837330627
0.9330444718424636	1.2064541958765065	0.821291694111682
0.9301533568771103	1.214277854425254	0.8129999829667816
0.9276580896241029	1.220970716612935	0.8057959437695102
0.9255726080857297	1.2265228101836225	0.7997402314777242
0.923908491698707	1.2309263386288465	0.7948848377293115
0.9226749351136739	1.2341754221760965	0.791272144401681
0.9218787283215085	1.2362658935372948	0.7889341036686127
0.9215242425137957	1.2371951478780512	0.7878915901242224
0.9216134212215545	1.2369620465920577	0.7881539634020986
0.9221457764373405	1.2355668746054458	0.7897188683984465
0.9231183895892497	1.2330113510868885	0.7925722857869507
0.9245259173997663	1.229298693594686	0.796688829599138
0.9263606028265543	1.2244337358464359	0.8020322731120556
0.9286122914449221	1.2184230994444134	0.8085562709413749
0.931268453791223	1.211275420024355	0.8162052355033994
0.9343142143409033	1.2030016284100953	0.8249153206976788
0.9377323879416429	1.1936152874431107	0.8346154649001455
0.9415035246577107	1.1831329852038908	0.845228448650843
0.9456059641021387	1.1715747853370038	0.8566719288293897
0.9500159004337355	1.158964735113918	0.8688594194723772
0.9547074592707174	1.1453314316890189	0.8817011985320308
0.9596527878157871	1.1307086466843572	0.8951051287983357
0.9648221594924382	1.1151360087194908	0.9089773891590581
0.9701840943527905	1.0986597427013172	0.923223118891492
0.9757054964273583	1.0813334634878997	0.9377469825665811
0.9813518090416241	1.0632190197766955	0.952453666408192
0.9870871889191087	1.0443873815183076	0.967248318737807
0.9928746996233995	1.024919560524242	0.9820369476779035
0.9986765245620388	1.004907548835584	0.9967267888460862
1.0044541993853866	0.9844552523693187	1.0112266546019009
1.0101688631685257	0.9636793877963326	1.0254472747383347
1.0157815272719026	0.9427102979241933	1.0393016365337535
1.0212533602477658	0.9216926245092211	1.0527053299533662
1.0265459866087194	0.9007857571001389	1.0655769016340086
1.0316217967187986	0.880163952471748	1.0778382191950324
1.0364442645257446	0.8600159927264466	1.0894148454617467
1.0409782693467207	0.840544224177081	1.1002364204193744
1.0451904174705449	0.8219627990132953	1.110237047175427
1.0490493589695746	0.8044949357794228	1.1193556769276887
1.0525260948443582	0.7883690340493174	1.1275364869368534
1.0555942694723894	0.7738135361652938	1.134729244803515
1.058230443313518	0.761050535601628	1.14088965195792
1.0604143409488807	0.750288291209804	1.1459796591894629
1.0621290698021821	0.7417130088263446	1.1499677472650003
1.0633613053101387	0.7354804661522394	1.152829166195579
1.064101438864816	0.7317082335374888	1.154546127485952
1.0643436855298822	0.7304693230267633	1.1551079447071
1.0640861493150326	0.7317880323204043	1.1545111189273831
1.063330844652397	0.7356385251907261	1.1527593668741312
1.062083673626183	0.7419463402858493	1.149863591120146
1.0603543594301819	0.7505926244289272	1.1458417930409643
1.0581563374343226	0.7614205397602698	1.14071893070979
1.0555066060993177	0.7742430736171995	1.1345267252300613
1.0524255407582106	0.7888514192736649	1.127303420196449
1.0489366739598416	0.8050231792194689	1.1190934999751028
1.0450664466215724	0.8225298214259925	1.109947373261826
1.0408439346526916	0.8411430337529966	1.0999210288796128
1.036300555977805	0.8606398229018726	1.0890756709906988
1.0314697630097784	0.8808063624440992	1.0774773408080367
1.0263867255991097	0.9014406995147	1.0651965314908771
1.0210880093312598	0.9223544858784313	1.05230780220084
1.0156112537702922	0.9433739174632455	1.0388893962880354
1.0099948548745936	0.9643400598921906	1.0250228672878292
1.0042776553592196	0.9851087171465465	1.0107927148612172
0.9984986462715126	1.0055499744485645	0.9962860310366697
0.9926966825040494	1.0255475200145188	0.9815921551496697
0.9869102144127794	1.0449978263886899	0.9668023337816813
0.9811770371577058	1.0638092518705369	0.9520093798439521
0.975534058855531	1.081901106319217	0.9373073228271842
0.970017088142391	1.099202713044365	0.92279104026846
0.9646606413011303	1.11565248901629	0.9085558588290121
0.9594977687193857	1.131197058646934	0.8946971122251258
0.9545599001168967	1.1457904113434518	0.8813096428398519
0.9498767077150151	1.159393109442276	0.8684872344211181
0.9454759863179749	1.1719715506103747	0.8563219651022109
0.9413835491316381	1.1834972870569855	0.8449034732919515
0.9376231380571208	1.1939464027124598	0.8343181339207383
0.9342163471586508	1.2032989487394345	0.8246481490973777
0.9311825580112317	1.2115384372293538	0.8159705652229208
0.9285388856778106	1.2186513926223714	0.8083562375505519
0.9263001341413191	1.2246269602134623	0.8018687723176634
0.9244787601180987	1.2294565710322203	0.796563484894284
0.9230848443002877	1.2331336623804823	0.7924864187204098
0.9221260692108584	1.2356534533610641	0.7896734729840303
0.9216077030020565	1.2370127748184157	0.7881496860914607
0.9215325886826674	1.237209953227394	0.7879287165252529
0.9219011384192287	1.2362447482014087	0.7890125528208797
0.9227113327190294	1.2341183434389762	0.7913914709564559
0.923958724466939	1.2308333910822127	0.7950442418769662
0.9256364479525306	1.2263941096162394	0.799938575979389
0.9277352331873262	1.2208064355892254	0.8060317770391371
0.9302434259728998	1.2140782295729358	0.813271566857201
0.9331470143371875	1.20621953690663	0.8215970349071507
0.9364296621063111	1.197242903865279	0.8309396648426377
0.9400727505194435	1.1871637499567125	0.8412243916094967
0.944055428920903	1.176000797068793	0.8523706482914876
0.9483546756721299	1.1637765561395876	0.864293369597491
0.9529453705111588	1.1505178718861298	0.876903927881722
0.9578003796427227	1.1362565258653892	0.8901109866959973
0.9628906548619357	1.121029897703748	0.9038212652537203
0.9681853479921895	1.104881683645789	0.9179402142713676
0.9736519418473155	1.0878626705362722	0.9323726091531623
0.9792563988036512	1.0700315618161056	0.947023070336785
0.9849633278848948	1.0514558498846842	0.9617965229275028
0.9907361710184962	1.03221272598883	0.9765986087220404
0.9965374088156885	1.0123900142908802	0.9913360636159465
1.0023287858592964	0.9920871105003012	1.0059170724593798
1.0080715550580437	0.9714158968889376	1.0202516119166503
1.013726740150036	0.9505015940515051	1.0342517900017214
1.0192554149213209	0.9294834948336012	1.0478321888748432
1.0246189971609627	0.9085155070042212	1.0609102153284224
1.0297795548178523	0.8877664084978666	1.0734064612660155
1.0347001212750475	0.8674196932294999	1.0852450744650062
1.039345016135329	0.8476728588479147	1.096354138070081
1.0436801674386706	0.8287359647139916	1.1066660556358356
1.0476734308305005	0.8108292760244361	1.1161179371569816
1.0512949008903263	0.7941798185365406	1.1246519804195807
1.054517209632814	0.7790167102537328	1.1322158411953351
1.0573158071239768	0.7655652239577792	1.1387629852950478
1.0596692192256767	0.7540396748902943	1.1442530153016108
1.0615592776988743	0.7446354168016002	1.148651964914015
1.0629713182606848	0.7375204444001423	1.1519325542401062
1.0638943426966254	0.7328272976830148	1.154074400056347
1.0643211417652694	0.7306460859803293	1.1550641759777696
1.0642483763795254	0.7310194415515162	1.1548957186120823
1.0636766153830748	0.7339400450406318	1.1535700770622632
1.0626103291339937	0.7393510542932854	1.151095504539434
1.0610578390289884	0.7471493783168179	1.14748739229562
1.0590312240183724	0.75719136253401	1.1427681475252967
1.0565461860414873	0.7693001777311682	1.1369670182569587
1.053621877124221	0.7832740846301435	1.130119869505514
1.0502806915975227	0.7988947806234518	1.1222689160322494
1.0465480274960342	0.815935185675443	1.1134624179172257
1.0424520216624613	0.8341662324432667	1.1037543457530763
1.0380232634058046	0.853362436511325	1.0932040225920077
1.0332944917361802	0.8733061988380296	1.0818757498010998
1.0283002812282018	0.8937909173165278	1.0698384236955223
1.023076721457059	0.9146230574984229	1.0571651492240757
1.0176610947197833	0.9356233633678257	1.0439328560833547
1.0120915564159856	0.9566273902846941	1.030221921449674
1.0064068220376168	0.9774855258111975	1.0161158020625465
1.000645864227693	0.9980626394158477	1.0017006766981256
0.9948476228355664	1.018237475308289	0.9870650981726707
0.9890507303427191	1.0379018775745499	0.9722996519633104
0.98329325447827	1.0569599151303863	0.9574966163901698
0.9776124593052423	1.075326956329274	0.9427496171549882
0.9720445855522913	1.0929287291919354	0.9281532669880442
0.9666246505031872	1.1097003926725397	0.9138027793614559
0.9613862673468823	1.1255856365415142	0.8997935438633841
0.9563614835404265	1.1405358217612087	0.8862206501120993
0.9515806374483827	1.154509169147908	0.8731783472694323
0.9470722322962182	1.1674700012345451	0.8607594275516193
0.9428628263096741	1.1793880402467853	0.849054524877184
0.938976937803842	1.1902377637342663	0.838151324119839
0.9354369639297133	1.1999978184768751	0.8281336824127575
0.932263111776572	1.2086504926816266	0.8190806714564123
0.9294733405594761	1.2161812461056312	0.8110655584466181
0.9270833136858309	1.222578297519204	0.8041547524106377
0.9251063595874824	1.2278322688146919	0.7984067514908275
0.9235534403190855	1.231935885039298	0.7938711339187043
0.9224331270545911	1.2348837296618256	0.7905876398904276
0.9217515817571628	1.236672054457982	0.7885853922455974
0.9215125444500463	1.2372986435050752	0.7878823000965441
0.9217173256740354	1.236762730905577	0.7884846812583307
0.9223648038789969	1.23506497200288	0.7903871270735444
0.923451427660743	1.2322074680052881	0.7935726182445753
0.9249712229190425	1.2281938440900488	0.7980128842876018
0.9269158051764805	1.223029381212404	0.8036689840969145
0.9292743974598968	1.216721201989449	0.8104920725892685
0.9320338543045893	1.2092785111587325	0.8184243097644778
0.9351786925942228	1.200712891219857	0.8273998644068733
0.9386911300936225	1.1910386539450002	0.8373459650162907
0.942551132663813	1.1802732484799274	0.8481839547665265
0.9467364712644476	1.1684377267352108	0.859830314322578
0.9512227899430988	1.1555572666664073	0.872197625021766
0.9559836860779938	1.1416617538309184	0.8851954540988842
0.9609908041745471	1.1267864212437946	0.8987311523662469
0.9662139445100172	1.110972546971015	0.9127105623718622
0.9716211878685563	1.0942682080059092	0.9270386411629771
0.9771790375049635	1.0767290876443614	0.9416200062382813
0.9828525793146733	1.0584193316298014	0.956359416131421
0.9886056609662627	1.0394124455386418	0.9711621985076241
0.9944010904691578	1.0197922219011994	0.9859346389164474
1.0002008543035574	0.9996536799922318	1.000584342688637
1.0059663548347095	0.9791039935752529	1.0150205811438773
1.011658666275278	0.9582633715650624	1.0291546315091684
1.0172388079563865	0.9372658429797444	1.0429001179183206
1.0226680331319047	0.9162598801783027	1.0561733587182232
1.0279081309865647	0.8954087730262312	1.0688937231607685
1.0329217389641865	0.874890641767594	1.0809839984971295
1.0376726619975303	0.8548979496622606	1.0923707665788824
1.0421261947275373	0.8356363513782874	1.1029847873577987
1.0462494423690007	0.8173226957794681	1.1127613852008058
1.0500116355338418	0.8001820012046089	1.1216408327274543
1.0533844340822685	0.7844432494080323	1.129568725955577
1.0563422149537431	0.7703339137834511	1.1364963439211557
1.0588623389474863	0.7580732581349104	1.1423809856280742
1.0609253915849264	0.747864614837684	1.147186277182208
1.062515393497092	0.7398870604750124	1.1508824422635955
1.0636199762350964	0.7342871171262871	1.1534465296728047
1.064230519991804	0.7311712646077368	1.1548625925264804
1.0643422504313236	0.7306000943882651	1.15512181473702
1.063954292628263	0.7325848280364207	1.1542225816487572
1.0630696809939477	0.7370866599600708	1.1521704930675947
1.061695324981792	0.7440190136079924	1.1489783183572204
1.0598419312863931	0.7532524081469525	1.1446658947245596
1.0575238841479995	0.7646213128164864	1.1392599712210183
1.0547590862143768	0.7779321862491015	1.132794002287343
1.0515687631672723	0.7929718782116789	1.1253078958156058
1.047977235966411	0.8095156852606995	1.1168477216450936
1.0440116650814115	0.8273345456035803	1.1074653871104636
1.0397017714584804	0.8462010737434656	1.0972182866897782
1.0350795391979681	0.8658943275018193	1.0861689329354245
1.030178905001088	0.8862033445604761	1.0743845756998627
1.0250354393855075	0.9069295771476135	1.0619368161867593
1.0196860244817036	0.9278883985302022	1.0489012215703597
1.0141685329208268	0.9489098656366837	1.0353569448432645
1.0085215119294768	0.9698389109872547	1.0213863531933363
1.0027838762784824	0.9905351145653102	1.0070746665996948
0.9969946132135536	1.01087217971234	0.9925096065091327
0.9911925019474	1.0307372111391153	0.9777810524517799
0.9854158497362859	1.0500298701109683	0.9629807023362015
0.9797022460177127	1.0686614627082107	0.948201730005727
0.9740883355662139	1.086554001831611	0.9335384315405373
0.9686096111443522	1.1036392719139665	0.9190858498851406
0.9633002256961173	1.1198579165315465	0.9049393658352101
0.9581928237570916	1.1351585626827827	0.8911942424357198
0.9533183914440664	1.1494969908741575	0.8779451096622302
0.9487061241376619	1.162835356872482	0.8652853771385283
0.9443833107839508	1.1751414686898412	0.8533065648424337
0.9403752336122149	1.186388120788083	0.8420975454798711
0.9367050819913395	1.1965524864198074	0.8317436975804386
0.9333938791215045	1.205615568313924	0.8223259753392399
0.930460420274604	1.21356170745996	0.8139199095276386
0.9279212213498468	1.2203781494715382	0.8065945628741509
0.9257904765939253	1.2260546678636342	0.8004114723460785
0.9240800244420412	1.2305832435239967	0.7954236186756327
0.9227993205615554	1.2339577996711537	0.7916744690846703
0.9219554173194134	1.236173991651811	0.7891971413480247
0.9215529490438696	1.2372290510262054	0.7880137352646528
0.9215941226072849	1.237121683511278	0.7881348709524421
0.922078713017462	1.2358520204905759	0.7895594624744462
0.9230040638682554	1.2334216239499416	0.7922747411485002
0.9243650926646038	1.2298335448533853	0.79625652705103
0.9261543012014353	1.2250924351283325	0.8014697315611002
0.9283617913387942	1.2192047135780548	0.8078690601323703
0.9309752866755481	1.212178786175432	0.8153998743041246
0.9339801607791973	1.2040253213095038	0.8239991661539321
0.9373594727770723	1.1947575806464006	0.8335965971544199
0.9410940112513095	1.1843918063189363	0.8441155562913759
0.9451623475023974	1.1729476651606074	0.8554741984267531
0.9495408993489652	1.16044875063096	0.8675864320981588
0.9542040067093478	1.1469231429131395	0.8803628350594849
0.9591240202572621	1.132404027362102	0.8937114848556994
0.9642714044533298	1.116930370987557	0.9075386998096583
0.9696148562197978	1.100547655889358	0.9217496924873523
0.9751214404416054	1.0833086674117423	0.9362491427743634
0.9807567433376021	1.0652743330888255	0.9509417011290138
0.986485044547055	1.0465146060011843	0.9657324345145475
0.9922695085160311	1.0271093826631554	0.9805272281778453
0.9980723954452135	1.0071494406369301	0.9952331560946311
1.0038552916771084	0.9867373742527914	1.0097588317979505
1.009579358961006	0.9659884975486381	1.024014749680517
1.0152056015461255	0.9450316712213555	1.0379136249098553
1.0206951495278154	0.9240099944448368	1.0513707379779418
1.026009556322334	0.9030812825097857	1.064304287749471
1.0311111075892607	0.8824182275511316	1.07663575477077
1.0359631383761354	0.86220811329627	1.0882902746272447
1.0405303547484166	0.8426519285320133	1.0991970193459606
1.0447791557112855	0.8239627028998479	1.1092895832732528
1.04867795085017	0.8063628806444467	1.1185063685470589
1.052197468835055	0.7900805639788785	1.1267909642539433
1.0553110517683055	0.7753445105353596	1.1340925126285493
1.057994930322063	0.7623778704461043	1.1403660552284816
1.06022847471994	0.7513908028466609	1.1455728519030812
1.0619944168739057	0.7425723103899446	1.1496806655647027
1.063279039390012	0.736081845630634	1.1526640062518927
1.0640723276985184	0.7320414267710911	1.1545043287220147
1.064368082231192	0.7305290931171213	1.1551901787941796
1.0641639883411946	0.7315744819087127	1.154717284841104
1.0634616425139471	0.7351570993183983	1.1530885921526426
1.0622665343215223	0.741207518896838	1.150314239310438
1.0605879844967199	0.7496113452051947	1.14641147716479
1.0584390404132507	0.7602154239710951	1.141404532432526
1.0558363311233336	0.772835543577035	1.1353244192803107
1.0527998848937328	0.7872647947564668	1.1282087034667814
1.0493529128698766	0.8032818254561189	1.1201012246398223
1.045521563064288	0.8206583993083871	1.1110517831800042
1.0413346492950537	0.8391658797401685	1.1011157985138145
1.0368233599838526	0.8585804662861568	1.090353946065842
1.0320209518589976	0.8786871732397689	1.0788317799617562
1.0269624336011112	0.8992826515275276	1.0666193482266824
1.0216842443271472	0.9201770155914447	1.0537908065476318
1.0162239315469248	0.9411948588685388	1.0404240356926935
1.0106198328632379	0.9621756369794999	1.0266002664194511
1.0049107652425544	0.9829735783657988	1.012403714183266
0.9991357251801766	1.0034572563666404	0.9979212242029822
0.9933336025436078	1.0235089301503986	0.9832419254970589
0.9875429103219395	1.0430237376192355	0.9684568904193024
0.9818015319568886	1.0619088027781112	0.9536587940691688
0.9761464873998554	1.0800823034119085	0.9389415658181957
0.9706137185434128	1.097472531970234	0.9244000232008934
0.9652378942263019	1.1140169727796052	0.9101294767187134
0.9600522346165	1.1296614114811474	0.896225292890152
0.9550883544424067	1.1443590873594753	0.8827824023754127
0.9503761242700013	1.1580698954981918	0.8698947404642223
0.9459435488138439	1.170759643076781	0.8576546089013587
0.9418166611197468	1.182399362308594	0.8461519511701278
0.9380194313629525	1.1929646812819696	0.8354735381174575
0.9345736889625378	1.2024352531389944	0.8257020672062234
0.9314990567146038	1.2107942434887589	0.8169151865386669
0.9288128956872496	1.2180278756189824	0.8091844636679841
0.9265302596929774	1.224125032881901	0.8025743283760227
0.9246638582529468	1.2290769175458203	0.797141027053912
0.92322402708673	1.2328767653937902	0.7929316329185516
0.9222187052960018	1.2355196153951937	0.7899831598607829
0.9216534185567192	1.2370021338600639	0.7883218272852163
0.9215312677883974	1.2373224925988633	0.7879625183327552
0.9218529229284035	1.2364803007438034	0.7889084644518097
0.9226166216017129	1.2344765900345964	0.7911511761665521
0.923818172640741	1.2313138535256336	0.7946706244620391
0.9254509645743489	1.2269961378272722	0.7994356612543467
0.9275059793687215	1.2215291891454874	0.8054046528206077
0.9299718118641019	1.214920653525766	0.8125262884683843
0.9328346955085892	1.2071803318323073	0.8207405192482135
0.9360785351410458	1.198320490094795	0.8299795786117329
0.9396849477166394	1.1883562259228488	0.8401690383759821
0.9436333119968844	1.17730589171048	0.8512288584176272
0.947900828336733	1.165191575312553	0.8630743961028713
0.9524625897890217	1.1520396387487177	0.8756173503695267
0.9572916658055475	1.1378813152434435	0.8887666245173494
0.9623591998379538	1.1227533644948229	0.9024291002525886
0.9676345221240649	1.106698785409543	0.9165103227745587
0.9730852788800899	1.0897675845472719	0.9309151023666083
0.9786775790006011	1.0720175970448158	0.9455480419780828
0.9843761591917226	1.0535153546459801	0.9603140027483235
0.9901445682253267	1.0343369923866188	0.9751185205275217
0.9959453707018784	1.0145691811333657	0.989868186443617
1.0017403703478087	0.9943100671138634	1.00447100371048
1.0074908524535253	0.973670191279013	1.0188367314138083
1.0131578445868734	0.9527733502096117	1.0328772241585473
1.0187023942036202	0.9317573457272097	1.0465067743889078
1.024085861234076	0.9107745519397885	1.0596424620366032
1.0292702231689321	0.8899922060849191	1.0722045140207552
1.0342183896160944	0.8695923039507526	1.0841166740943586
1.0388945227740718	0.8497709539323828	1.0953065816680456
1.0432643597880813	0.8307370200366117	1.1057061565883008
1.0472955325445155	0.8127098702234766	1.1152519854394418
1.0509578801392858	0.7959160522522376	1.12388570380338
1.0542237490453847	0.7805847569970893	1.1315543680679563
1.0570682759214218	0.7669420114766806	1.1382108098360801
1.059469648058319	0.7552036786874976	1.1438139657595043
1.0614093366630946	0.7455675259125513	1.1483291757003875
1.062872298528088	0.7382048370254067	1.1517284425000056
1.063847142126081	0.7332522462039768	1.1539906472872077
1.0643262547950019	0.7308046035617805	1.155101715160497
1.0643058884125656	0.7309096909034111	1.1550547271892764
1.0637862017879336	0.7335654550868788	1.153849975956292
1.062771258886557	0.7387201283308702	1.1514949632526865
1.0612689829247188	0.7462752191214866	1.1480043399829192
1.0592910672893951	0.7560909756482067	1.1433997897803196
1.0568528451243413	0.7679936359642917	1.137709859216618
1.053973120244013	0.7817836415607924	1.1309697387541928
1.0506739627655133	0.7972440107046567	1.123220999686522
1.0469804734623451	0.8141482088724898	1.1145112931954138
1.0429205213250303	0.8322670584747781	1.1048940182859672
1.0385244591516192	0.8513744427896739	1.0944279657136013
1.0338248221812463	0.871251740032483	1.0831769450727307
1.0288560148280288	0.8916910539466852	1.07120940196356
1.0236539904785014	0.9124973855445065	1.0585980315902537
1.018255929096207	0.933489925317928	1.0454193942764654
1.0126999170489552	0.9545026489727972	1.0317535372260345
1.007024633157376	0.9753843846828777	1.0176836254276964
1.001269044479323	0.9959984956582454	1.003295582930308
0.9954721148155385	1.0162222950723347	0.9886777438353892
0.9896725283694109	1.0359462850184362	0.9739205103139307
0.9839084304378981	1.0550732891082095	0.959116012816644
0.978217186469838	1.0735175302229822	0.9443577654933909
0.9726351603174004	1.0912036906767266	0.9297403077767951
0.967197512038796	1.108065981176149	0.9153588212573105
0.9619380151949077	1.1240472368707308	0.901308709559068
0.9568888932254919	1.1390980528832828	0.8876851281317318
0.9520806741953791	1.1531759674797286	0.8745824509489681
0.9475420629684069	1.1662446980480854	0.8620936623105023
0.9432998296951184	1.1782734329756264	0.8503096645308986
0.9393787133862211	1.1892361810856573	0.839318496456607
0.9358013392826563	1.1991111793332447	0.8292044635622808
0.932588148719185	1.2078803588265683	0.8200471877375961
0.9297573402054207	1.2155288688404722	0.811920593445726
0.9273248205097981	1.2220446582531812	0.804891856092277
0.9253041646218495	1.2274181137185591	0.7990203472887913
0.9237065835804992	1.2316417538516955	0.7943566191147041
0.9225408992857184	1.2347099787319686	0.7909414742862508
0.9218135255532792	1.2366188740986	0.788805170262677
0.921528454823864	1.2373660697171212	0.7879668020418382
0.9216872500954435	1.2369506515219149	0.78843390055598
0.9222890418094102	1.2353731272826183	0.790202271685519
0.9233305295846873	1.2326354456943138	0.7932560861362611
0.9248059888585671	1.2287410689472058	0.797568214444768
0.926707282657119	1.2236950989852595	0.8031007860742954
0.9290238788803407	1.2175044578092782	0.8098059387050549
0.9317428736461929	1.2101781223119454	0.8176267147446041
0.9348490213911689	1.2017274142433418	0.8264980574944337
0.9383247725703717	1.192166345986805	0.8363478593294085
0.942150319933746	1.1815120228656288	0.8470980180999447
0.9463036544728589	1.169785102686073	0.8586654647615671
0.9507606322294775	1.1570103131305665	0.8709631337955502
0.9554950532274374	1.1432170274170574	0.8839008571558157
0.9604787538268388	1.1284398982934039	0.8973861712906246
0.9656817137980146	1.1127195498779903	0.9113250345390156
0.9710721793656973	1.0961033260017565	0.9256224584729317
0.9766168033754521	1.0786460924287673	0.9401830613834039
0.9822808035796919	1.060411088460652	0.9549115551275706
0.9880281398256499	1.0414708207306937	0.9697131781291605
0.9938217106504593	1.0219079881552167	0.9844940876961593
0.99962356944904	1.0018164216326593	0.9991617242471796
1.0053951599813635	0.9813020146698448	1.0136251587747973
1.011097570532278	0.9604836110957197	1.0277954331437964
1.0166918055378538	0.939493802789678	1.041585900812405
1.0221390729587374	0.9184795733779615	1.0549125734255416
1.0274010851278763	0.897602702894788	1.0676944765776624
1.0324403702445983	0.8770398238441575	1.0798540159680972
1.0372205911490686	0.8569819924370368	1.0913173532410718
1.0417068675119194	0.8376336133010015	1.1020147890670131
1.045866097135456	0.8192105374425639	1.1118811495200482
1.0496672717070878	0.8019371504619843	1.1208561705685736
1.0530817820929677	0.7860422925607292	1.1288848745434308
1.0560837081280807	0.7717539165527892	1.1359179317968062
1.0586500878623122	0.7592925052585945	1.1419120004225902
1.0607611613696113	0.748863437331466	1.146830036876154
1.0624005845228939	0.74064869739501	1.1506415706006636
1.0635556085781386	0.734798538677602	1.153322936321609
1.0642172219880732	0.7314238717231584	1.154857458485554
1.0643802515634273	0.7305902120716962	1.1552355833586343
1.064043420896543	0.7323139285488212	1.15445495552225
1.0632093648319259	0.7365612851947628	1.1525204368579065
1.061884599681049	0.7432504066867243	1.1494440675452307
1.0600794498022332	0.7522559025680837	1.145244970048611
1.0578079320679326	0.7634155544790887	1.139949198479727
1.0550876005896603	0.7765382744719681	1.1335895370380469
1.051939354836179	0.7914125067722455	1.1262052523957278
1.0483872149387583	0.807814347909741	1.1178418058596629
1.0444580685087765	0.8255148486113274	1.1085505318715994
1.0401813936843987	0.8442861763743088	1.0983882898657051
1.0355889633675324	0.8639065135634323	1.0874170966692125
1.0307145357093515	0.8841637158520537	1.0757037464923438
1.0255935358580108	0.904857852613518	1.0633194251038758
1.0202627338068189	0.9258028001631362	1.050339324031665
1.0147599228905941	0.9468270723350857	1.0368422595738644
1.0091236030911164	0.9677740634332752	1.0229103000739774
1.003392672850506	0.9885018568192295	1.0086284033259414
0.9976061325761219	1.0088827259978763	0.9940840641667784
0.991802802474061	1.0288024288670305	0.9793669703267183
0.9860210567914443	1.0481593723908715	0.9645686624962955
0.9802985759993451	1.0668637053862224	0.9497821924110244
0.9746721179249338	1.0848363814875033	0.9351017706449407
0.9691773083567615	1.1020082223095133	0.9206223938725477
0.9638484512115815	1.1183190017851392	0.9064394397675811
0.9587183579720971	1.1337165660140673	0.8926482166571907
0.953818195786895	1.148155998168581	0.8793434547768767
0.9491773533682533	1.1615988346013544	0.8666187267331257
0.9448233236297416	1.1740123359196868	0.8545657868348644
0.9407816018708332	1.1853688151483819	0.8432738225206771
0.9370755982358345	1.195645023988884	0.8328286163140388
0.9337265631439091	1.2048215974418637	0.8233116235565916
0.9307535243997228	1.2128825565842674	0.8147989793531344
0.9281732347438981	1.2198148690023634	0.8073604571948736
0.9260001286826826	1.2256080662253033	0.8010584108074724
0.9242462875410029	1.230253917441459	0.7959467388504067
0.9229214118069468	1.2337461587860088	0.7920699179922046
0.9220327999739216	1.2360802775444044	0.7894621524641173
0.921585333235311	1.2372533507090293	0.7881466865806525
0.9215814655421688	1.2372639374454995	0.7881353205235164
0.9220212186948719	1.2361120251626685	0.7894281591738891
0.9229021823027809	1.233799029029777	0.7920136098878172
0.924219518610366	1.230327844939295	0.7958686293567472
0.9259659723526594	1.2257029560692079	0.8009592039256057
0.9281318859660579	1.2199305933480424	0.8072410338032001
0.9307052206409256	1.2130189502638833	0.8146603810182372
0.9336715838582565	1.2049784525782399	0.8231550347016919
0.9370142642013563	1.1958220835989823	0.8326553455828094
0.9407142743719112	1.185565765723614	0.8430852840962861
0.9447504034639584	1.1742287989715618	0.854363482346941
0.9490992796544158	1.1618343571635312	0.8664042282299813
0.9537354445495312	1.1484100422511518	0.8791183890769563
0.958631440476883	1.13398849701367	0.8924142512389875
0.9637579120260542	1.118608075866449	0.9061982702228948
0.9690837231114474	1.1023135727914242	0.9203757328407222
0.9745760907517884	1.0851570042931775	0.9348513380678908
0.9802007366272832	1.0671984436533173	0.9495297068994538
0.9859220572828171	1.048506900390927	0.9643158335733255
0.9917033135912683	1.0291612354568824	0.9791154913118957
0.9975068397741541	1.0092510979282505	0.9938356054765002
1.0032942718990425	0.9888778623652728	1.0083846059913217
1.0090267953387788	0.9681555369987814	1.0226727693102315
1.0146654101939006	0.9472116009270828	1.0366125582731576
1.0201712131570784	0.9261877129448601	1.050118966091479
1.0255056937505518	0.9052402151244414	1.0631098685432512
1.0306310423107086	0.8845403309241696	1.0755063863472556
1.0355104665471548	0.864273931432518	1.0872332576946149
1.0401085129875878	0.8446407169190128	1.098219219104427
1.0443913891564809	0.8258526389412113	1.1083973911785094
1.0483272819470562	0.8081313785015304	1.1177056644926766
1.0518866673533156	0.791704708809283	1.126087079802814
1.055042606551018	0.7768016197480567	1.1334901959809878
1.05777102326895	0.7636461770140605	1.1398694386407795
1.06005095748589	0.7524502379457566	1.1451854222653237
1.0618647907300058	0.7434053413566337	1.1494052388116147
1.0631984386458182	0.7366743042389579	1.1525027062172648
1.0640415070225144	0.7323832476850836	1.1544585709587736
1.0643874081330695	0.7306148790003266	1.1552606597721233
1.0642334349970537	0.7314038240507184	1.154903976807256
1.0635807920264908	0.7347346105572813	1.1533907438002855
1.0624345814149332	0.7405425737971582	1.150730382257786
1.0608037455534043	0.7487175619141387	1.1469394380988949
1.0587009666703102	0.7591099534529795	1.1420414506342484
1.0561425257635892	0.7715382485311435	1.1360667691177189
1.0531481236921807	0.7857974009089048	1.129052321332384
1.049740667993959	0.8016671151605351	1.1210413397161523
1.0459460295770788	0.8189194971746104	1.1120830513520379
1.0417927738755905	0.8373256582032215	1.1022323387084096
1.0373118713588456	0.8566610799804416	1.0915493782897918
1.0325363924349331	0.8767097169844309	1.080099264332235
1.0275011917945471	0.8972669280466788	1.067951624341013
1.0222425871125602	0.9181413950112589	1.055180232622851
1.0167980367740983	0.9391562112923075	1.041862627018037
1.0112058209379227	0.9601493207758127	1.0280797328046738
1.0055047298127935	0.9809734691884647	1.0139154962499668
0.9997337625240488	1.0014958046427098	0.9994565285513775
0.9939318394100054	1.0215972373909024	0.9847917589824505
0.9881375300322903	1.0411716442051486	0.9700120939849197
0.9823887986306328	1.060124981771996	0.9552100767974117
0.9767227682183872	1.0783743564469745	0.9404795400703442
0.9711755040148338	1.0958470844180193	0.9259152419028486
0.9657818164557324	1.1124797662553052	0.9116124740004683
0.9605750836232096	1.1282173923726555	0.8976666293789382
0.9555870925952933	1.1430124905165524	0.8841727164529558
0.9508478989368917	1.156824322536735	0.8712248067014324
0.9463857033378394	1.1696181349752441	0.8589154046537903
0.9422267442477374	1.1813644661261875	0.847334731934046
0.9383952052579365	1.1920385109312572	0.8365699216987971
0.934913135933097	1.2016195442134243	0.826704126049155
0.9318003847924229	1.2100904021888268	0.8178155467258241
0.9290745431775812	1.2174370218464112	0.8099764081971476
0.9267508988140933	1.2236480375845107	0.8032519014229262
0.9248423979694529	1.2287144344001761	0.7976991351557094
0.9233596152287165	1.2326292569107404	0.7933661384760313
0.9223107300418005	1.2353873735267638	0.790290962170301
0.9217015093419229	1.2369852951761593	0.7885009265535418
0.9215352956880802	1.2374210480897943	0.7880120588274718
0.9218130005433894	1.2366941002905565	0.7888287540584296
0.9225331024634524	1.2348053415737061	0.7909436810552948
0.9236916501330157	1.2317571169200285	0.7943379391526073
0.9252822703537527	1.2275533134391525	0.7989814559188243
0.9272961812497902	1.2221995010927018	0.8048336010016744
0.9297222111192335	1.2157031275898886	0.81184397936921
0.9325468235177101	1.2080737679753355	0.8199533592889099
0.9357541493116062	1.1993234295329118	0.8290946870311265
0.9393260265812676	1.189466912701046	0.8391941413351646
0.9432420493843308	1.1785222287223494	0.8501721854267659
0.9474796265020482	1.1665110747171954	0.8619445817612367
0.952014051381801	1.153459366754131	0.8744233434974603
0.9568185845511137	1.1393978312568815	0.8875176058688165
0.9618645498061872	1.1243626546910341	0.9011344092031127
0.967121445464809	1.1083961908455422	0.9151793927281769
