1.0	1.0	1.0
1.0057630706863447	0.9794699048822101	1.0144354820257822
1.0114537701232584	0.9586468431462509	1.0285706068170517
1.0170331777049082	0.9376643550984047	1.0423190782119522
1.0224626024108527	0.916670374931443	1.0555972880392879
1.027703883716801	0.8958276087092243	1.0683246710972658
1.0327197027869717	0.8753135549152343	1.080424070398108
1.0374739005540425	0.8553200298120466	1.0918221118334546
1.0419317988027237	0.8360520348413127	1.1024495857077972
1.0460605199454776	0.8177257857962295	1.1122418311156825
1.0498293008352622	0.8005657224855093	1.1211391179316523
1.0532097957203985	0.7848003447660192	1.1290870202608387
1.0561763633280763	0.7706567888423136	1.1360367745770363
1.0587063330790951	0.7583541764871674	1.1419456154610335
1.0607802455958704	0.7480959403623846	1.146777081844701
1.0623820629715344	0.7400615361929588	1.1505012869572457
1.063499344716934	0.7343981620979932	1.1530951457418914
1.0641233858848842	0.7312132637880154	1.1545425543377679
1.0642493145713057	0.7305686531211623	1.1548345172680916
1.0638761467893572	0.7324769645915618	1.1539692191987547
1.0630067975790085	0.7369009164906626	1.1519520394815268
1.061648048120909	0.7437554768326301	1.1487955091185382
1.059810469537968	0.7529126433168337	1.1445192112218479
1.0575083049585097	0.7642082251849491	1.1391496274355704
1.054759312250118	0.7774498311047512	1.1327199340817387
1.0515845705851063	0.7924252427520346	1.1252697529323248
1.0480082546428182	0.8089104637334772	1.1168448624521337
1.0440573807719271	0.8266769246498302	1.1074968760614023
1.0397615298147063	0.8454975393510076	1.0972828944022874
1.035152551528504	0.8651514997119627	1.0862651387381221
1.0302642556272987	0.8854278418284685	1.074510572455572
1.0251320944141342	0.9061279093004466	1.0620905171731372
1.0197928417946391	0.9270668855121496	1.0490802691883578
1.0142842731682236	0.9480745784285162	1.035558720931216
1.008644850305704	0.9689956309333011	1.0216079907501958
1.0029134148609322	0.9896893075813754	1.0073130627648177
0.997128893651231	1.0100289822791808	0.9927614367069637
0.9913300182987602	1.0299014254787624	0.9780427856858803
0.9855550612728721	1.0492059664189328	0.9632486177050849
0.9798415898306873	1.067853586734655	0.9484719346086059
0.9742262388357346	1.085765986455082	0.9338068800383535
0.9687445029558568	1.1028746516329149	0.9193483660735076
0.9634305483119344	1.1191199440193158	0.9051916666615735
0.9583170432755194	1.1344502267214696	0.8914319649417621
0.9534350078004442	1.148821035112204	0.8781638413414139
0.9488136804224239	1.1621942989493508	0.8654806901542332
0.944480401870782	1.1745376193463204	0.8534740544417551
0.9404605141049933	1.1858236026386482	0.8422328727522548
0.9367772735114037	1.1960292521085072	0.8318426364452343
0.9334517769669411	1.205135417810733	0.8223844633073125
0.9305028994908019	1.2131263042826652	0.8139341013866096
0.927947242255667	1.219989035640631	0.8065608860254971
0.9257990898107106	1.2257132774153203	0.8003266821191365
0.9240703754735622	1.230290914420029	0.7952848516120623
0.9227706539721128	1.2337157839541613	0.7914792919832675
0.9219070805549049	1.2359834637014167	0.7889435938329254
0.9214843959369061	1.2370911137747256	0.7877003638210212
0.9215049166025727	1.2370373724783297	0.7877607527665023
0.9219685301477925	1.2358223054936626	0.7891242179909909
0.9228726955046886	1.2334474083432223	0.7917785349601344
0.9242124480568568	1.2299156621395484	0.7957000574789812
0.9259804098161596	1.2252316427790746	0.8008542099891326
0.928166804994399	1.2194016838873827	0.8071961817328683
0.93075948146254	1.2124340939572664	0.8146717821901772
0.9337439387447228	1.2043394282373294	0.8232184111748105
0.9371033633415649	1.1951308160186296	0.8327660955274114
0.9408186723139688	1.1848243440200363	0.8432385470604415
0.9448685661808517	1.1734394965760573	0.8545542024054897
0.949229592287103	1.160999653265283	0.8666272135456319
0.9538762198762549	1.1475326444568648	0.8793683669048697
0.9587809281498233	1.1330713649586128	0.8926859178744273
0.9639143086057476	1.1176544454688844	0.9064863357905679
0.9692451829155511	1.101326980787293	0.9206749611349855
0.9747407375177218	1.0841413126160169	0.935156581869542
0.9803666759681102	1.06615786312977	0.9498359393223013
0.9860873898926967	1.0474460130969716	0.9646181760437117
0.9918661491313003	1.0280850149139753	0.9794092387718262
0.997665311342065	1.008164926099587	0.9941162493418386
1.0034465509576895	0.9877875421263469	1.0086478553056366
1.009171106949833	0.9670672983892508	1.022914570425553
1.0148000483754194	0.9461320990315584	1.0368291132721346
1.0202945561582182	0.9251240146964378	1.0503067500500827
1.0256162190146836	0.9041997716924837	1.0632656456260419
1.030727340881007	0.8835309316847817	1.0756272246334626
1.0355912566575507	0.8633036349239988	1.0873165425564706
1.040172652577917	0.8437177538228803	1.0982626649017913
1.0444378870545923	0.824985282255548	1.1083990509971948
1.048355307473151	0.8073277770251063	1.117663937638508
1.0518955581230824	0.7909726822168157	1.126000716768951
1.0550318742840326	0.7761484172439567	1.133358300631265
1.0577403574466848	0.7630782069210086	1.1396914673949052
1.060000226748484	0.7519727822927467	1.144961180130192
1.061794041951211	0.7430222766169493	1.149134872173599
1.0631078936794955	0.7363878551913259	1.1521866923896094
1.0639315571696049	0.7321938038843195	1.1540977045621819
1.0642586064329747	0.7305209007376655	1.1548560361113054
1.0640864864995525	0.7314018562370554	1.1544569724875489
1.063416542247637	0.7348194096952761	1.152902994902754
1.062254003220903	0.7407073378845378	1.150203760455094
1.0606079247484699	0.7489542394177919	1.1463760251449926
1.0584910865878963	0.7594095986601848	1.1414435116965158
1.0559198511720527	0.7718913882638745	1.1354367254394453
1.052913984329458	0.7861943813980731	1.1283927227158939
1.0494964420378452	0.8020984058693058	1.120354837302986
1.0456931273415127	0.8193759379773212	1.1113723711474222
1.0415326219990166	0.8377986453321646	1.1015002562545555
1.0370458977200852	0.8571426931536499	1.09079869483852
1.0322660119965528	0.8771927946396163	1.079332784804507
1.0272277935353185	0.8977450998210788	1.0671721372917347
1.021967522170868	0.918609081066913	1.0543904923563763
1.0165226078847625	0.9396085974140187	1.0410653379255508
1.0109312732072095	0.960582316904659	1.0272775359211914
1.0052322428416176	0.9813836575898455	1.013110957957968
0.9994644438584377	1.001880382489596	0.9986521312916132
0.9936667192714059	1.0219539572978784	0.9839898937715361
0.9878775572586671	1.0414987552242885	0.9692150544851372
0.982134837742602	1.0604211725571044	0.9544200546377747
0.9764755975127788	1.0786387016834407	0.9396986210807186
0.9709358145807753	1.0960789951677172	0.9251454028963024
0.965550212005189	1.112678944545461	0.9108555797250374
0.9603520810283686	1.1283837901340248	0.8969244292611347
0.9553731230286848	1.1431462728245934	0.8834468407745742
0.9506433095160964	1.1569258350100622	0.8705167618917748
0.9461907591844654	1.1696878751235502	0.8582265674444001
0.9420416308795104	1.1814030584039314	0.8466663422146552
0.938220031242745	1.1920466852356761	0.835923074031906
0.9347479357442272	1.2015981175599884	0.8260797599440988
0.9316451218146612	1.2100402632999536	0.8172144359350707
0.928929112824045	1.2173591183971135	0.8093991494670362
0.9266151317233633	1.2235433658595491	0.8026989032926414
0.9247160632616448	1.2285840311296772	0.7971706075329148
0.9232424238074636	1.232474193064025	0.7928620838048867
0.9222023379366194	1.235208749856495	0.7898111690291378
0.9216015210921104	1.2367842393162471	0.7880449664628123
0.9214432677751079	1.2371987130203406	0.7875792869107773
0.9217284448837377	1.236451663991153	0.7884183139892736
0.9224554899779652	1.2345440076923313	0.7905545144602317
0.923620414412156	1.2314781162884607	0.7939687993571908
0.9252168114405948	1.2272579062670814	0.7986309256498626
0.9272358695641549	1.2218889796714982	0.8045001134295089
0.9296663915470138	1.215378819333263	0.8115258417112925
0.9324948196890683	1.2077370386178716	0.8196487781138154
0.9357052680902651	1.1989756862987773	0.8288017944007492
0.9392795627844548	1.1891096072441287	0.838911020991603
0.9431972907489651	1.1781568596258234	0.849896898350969
0.9474358589073822	1.1661391893252089	0.8616751905810164
0.9519705643318606	1.1530825620912095	0.8741579353815466
0.9567746769118688	1.1390177537719524	0.8872543136932765
0.9618195357824438	1.1239809985430695	0.9008714309037428
0.9670746607903996	1.1080146944270624	0.9149150088500319
0.9725078802153797	1.0911681644422702	0.9292899936577255
0.9780854758485228	1.073498470302005	0.943901088611056
0.983772346360144	1.055071273517597	0.9586532238341778
0.9895321896559783	1.0359617357909439	0.9734519757701997
0.9953277046276939	1.0162554463796947	0.9882039495219446
1.0011208123483746	0.996049358257198	1.0028171363277198
1.0068728963508426	0.9754527068535682	1.017201257032234
1.012545061162312	0.9545878743672572	1.03126810059106
1.0180984077622168	0.9335911484844328	1.0449318645933472
1.0234943240935415	0.9126133063666586	1.0581095026418836
1.0286947882068815	0.8918199328567115	1.0707210813001944
1.033662681068749	0.8713913566380144	1.0826901472850816
1.0383621055412982	0.8515220614786447	1.0939441037117046
1.0427587075610938	0.8324194055752198	1.104414592533776
1.046819995131641	0.8143014669139144	1.1140378788992784
1.0505156504193702	0.7973938360333918	1.1227552319892888
1.0538178300252643	0.7819252116806023	1.130513296043699
1.0567014484108903	0.7681217321124185	1.1372644447156932
1.0591444395009595	0.756200103900317	1.1429671116425408
1.061127991672293	0.7463597695482207	1.1475860901717099
1.0626367516730801	0.7387745665818299	1.1510927955282875
1.0636589934921035	0.7335845349685355	1.153465483333243
1.064186748804427	0.7308886712876843	1.1546894192541826
1.0642158963407995	0.7307394498088583	1.154756995654378
1.0637462083402172	0.7331397964397995	1.1536677923575855
1.0627813531216301	0.7380429174893673	1.1514285800146855
1.061328853721274	0.745355006469104	1.148053265988019
1.0594000034545148	0.7549404678197567	1.1435627841025502
1.0570097401431964	0.7666289976630087	1.1379849309915864
1.054176481570658	0.7802237087207126	1.131354153032875
1.0509219254592965	0.7955094912890801	1.123711288977018
1.0472708178866255	0.8122609324943703	1.1151032742690672
1.0432506945475801	0.8302493160130071	1.1055828137183175
1.0388915996217036	0.8492484373572756	1.095208029551741
1.0342257872087146	0.8690391543388987	1.0840420919731544
1.0292874103558627	0.8894127276497157	1.0721528391318162
1.0241122026224887	0.9101730894965006	1.05961239287802
1.0187371569233572	0.931138216751485	1.0464967758541202
1.0132002060789174	0.9521407914669988	1.032885534349491
1.0075399090969166	0.9730283181220395	1.018861369955932
1.0017951467368966	0.9936628435123172	1.0045097814221695
0.9960048293888709	1.0139203986362435	0.9899187162567411
0.9902076197514276	1.0336902564228636	0.9751782296131193
0.9844416722428352	1.0528740767998381	0.9603801458691577
0.9787443905396626	1.07138499215903	0.9456177161642341
0.9731522041265925	1.0891466716985827	0.9309852630864757
0.967700364271262	1.1060923919614989	0.916577801845259
0.9624227594187352	1.122164132563759	0.9024906257930054
0.9573517496382231	1.1373117100184331	0.8888188432847928
0.9525180194536101	1.1514919581898422	0.8756568528269265
0.9479504481502826	1.1646679608184247	0.8630977445270943
0.9436759964724659	1.1768083393993845	0.8512326182712938
0.9397196085047006	1.187886598215199	0.8401498130181301
0.936104127463655	1.1978805273201263	0.8299340472148284
0.9328502241066939	1.2067716636134878	0.8206654775256753
0.9299763364853432	1.2145448097175828	0.8124186915126708
0.9274986198286859	1.2211876101251258	0.8052616590322799
0.9254309054275675	1.226690183950882	0.7992546760423359
0.9237846674994428	1.2310448135785503	0.7944493421562455
0.9225689971405007	1.2342456885129922	0.7908876184483765
0.921790582611815	1.236288703812765	0.788601013612007
0.9214536953559213	1.2371713125762067	0.7876099438298055
0.9215601812963833	1.236892432076699	0.7879233044003382
0.9221094571332538	1.2354524032816712	0.7895382797022583
0.9230985115100643	1.2328530036389362	0.7924404035703387
0.9245219110916606	1.2290975131672413	0.7966038662286784
0.9263718117555897	1.2241908340399044	0.8019920484538523
0.9286379752615229	1.218139663995318	0.8085582504201867
0.9313077919217883	1.2109527240399482	0.8162465731103417
0.9343663099494526	1.2026410410213184	0.8249929050438699
0.9377962723058881	1.1932182857319946	0.8347259664850598
0.9415781620040004	1.182701167250263	0.8453683667240806
0.9456902569421363	1.171109884214584	0.8568376365286943
0.9501086954422486	1.1584686336472536	0.8690472062712745
0.9548075537385892	1.1448061777595464	0.8819073093839273
0.9597589367040052	1.130156468845336	0.8953257996861631
0.9649330831034877	1.1145593318442206	0.9092088790279111
0.9702984866226975	1.098061203344966	0.9234617381448206
0.9758220338268891	1.08071592458765	0.9379891184423963
0.9814691600578432	1.0625855842439287	0.9526958056253774
0.9872040240692267	1.0437414041852515	0.9674870678231386
0.9929897019319972	1.0242646577896721	0.9822690513629231
0.9987884004108533	1.0042476052025215	0.9969491468710167
1.004561689622634	0.9837944228745564	1.0114363371919985
1.0102707543430178	0.963022095090315	1.025641536935783
1.0158766628369562	0.9420612224672416	1.039477931483138
1.0213406515621042	0.9210566860112572	1.052861321157139
1.0266244235472821	0.9001680849656982	1.0657104741208785
1.0316904576966137	0.8795698426640277	1.0779474894824732
1.0365023257337065	0.8594508482128468	1.0894981701462494
1.041025013000022	0.8400134760902075	1.10029240319626
1.045225238879177	0.8214718060338553	1.1102645440747525
1.04907177225601	0.8040488602415076	1.1193537995540432
1.052535737156209	0.7879726951099545	1.127504603518031
1.0555909035670628	0.773471243221844	1.1346669788848744
1.0582139584269314	0.7607659089429768	1.1407968786238287
1.0603847518999998	0.7500640812798107	1.1458564987481905
1.0620865143281122	0.7415509296647926	1.1498145563959328
1.0633060396710696	0.7353810613824997	1.1526465266245451
1.0640338318024816	0.7316707933987756	1.1543348323224314
1.064264210705507	0.7304918674745691	1.1548689826428296
1.0639953763911965	0.73186736811018	1.1542456565561667
1.0632294292162427	0.7357703752739673	1.1524687294446705
1.0619723461775499	0.7421255339258641	1.1495492420750562
1.0602339136765795	0.7508133286037814	1.145505312724017
1.0580276181445543	0.7616765084590243	1.1403619946387789
1.0553704967688602	0.7745278921005692	1.1341510823340897
1.0522829513324032	0.7891587245090764	1.126910871404263
1.0487885288462238	0.8053468439349212	1.1186858775162982
1.0449136732013062	0.8228640958360252	1.1095265210069147
1.0406874524742107	0.8414826446746004	1.0994887840000147
1.0361412667850798	0.860980034014195	1.0886338471679853
1.0313085417243886	0.8811430017505595	1.0770277131656274
1.0262244123412134	0.9017701609140025	1.0647408233632378
1.0209254025309347	0.9226737115727557	1.0518476737973175
1.0154491043888627	0.9436803671537994	1.038426435252779
1.0098338617264924	0.9646316716726318	1.024558581105492
1.0041184614994612	0.9853838639314246	1.01032852501161
0.9983418363925011	1.0058074187970072	0.9958232687612442
0.9925427812685221	1.0257863693870493	0.9811320586592733
0.9867596856372227	1.0452174902196938	0.9663460467088608
0.9810302837524577	1.0640094013378047	0.951557950724351
0.9753914234236728	1.0820816373215787	0.9368617053834436
0.9698788541390109	1.0993637126325944	0.9223520942665541
0.9645270346571023	1.1157942053370444	0.9081243512813587
0.9593689598388849	1.1313198743341366	0.8942737187273829
0.9544360061649146	1.1458948202099648	0.8808949488494805
0.9497577951195962	1.1594796962745264	0.8680817363159972
0.9453620734212602	1.172040973840483	0.8559260708971327
0.9412746089336386	1.1835502640741122	0.8445175029396246
0.9375191010060597	1.1939836975726226	0.8339423191811605
0.9341171039514125	1.2033213620373995	0.8242826330232119
0.931087962376667	1.2115467979048653	0.8156154013755195
0.9284487571242362	1.218646551484093	0.8080113891267278
0.9262142606573495	1.2246097849762914	0.8015341114249942
0.9243969008229281	1.2294279426760826	0.796238792255685
0.9230067320456451	1.2330944726506698	0.792171384110027
0.9220514131420943	1.2356046032410595	0.7893676966907748
0.9215361910902132	1.2369551738156037	0.7878526816710532
0.9214638902429508	1.2371445193197705	0.787639915037658
0.9218349066340772	1.2361724082991428	0.7887313086629779
0.9226472071859843	1.2340400342183275	0.7911170692990355
0.9238963337927834	1.2307500600507193	0.7947759076123952
0.9255754124156582	1.226306716267244	0.799675483993886
0.9276751674900343	1.2207159525006697	0.8057730635518522
0.9301839421042122	1.2139856432999585	0.8130163415242697
0.9330877245648675	1.2061258485099589	0.8213443933748414
0.9363701821138515	1.1971491289078016	0.8306887014475325
0.9400127026999554	1.1870709177891772	0.8409742119595178
0.9439944458349078	1.1759099492125702	0.852120381511596
0.9482924036702312	1.163688743560175	0.864042180079535
0.952881473515421	1.1504341509360776	0.8766510264315608
0.9577345430723094	1.136177952660188	0.8898556410167507
0.9628225896792332	1.1209575206797966	0.9035628097380508
0.96811479483537	1.104816534037012	0.9176780590964743
0.9735786752042863	1.087805750496904	0.9321062486798204
0.9791802311708413	1.0699838299138489	0.9467520908098437
0.9848841138427165	1.0514182036941044	0.9615206094620798
0.990653811144012	1.032185981534003	0.976317551540033
0.9964518533425294	1.012374882125316	0.9910497634742572
1.0022400379857856	0.9920841682798555	1.0056255451872114
1.0079796737974094	0.9714255584017005	1.0199549919568265
1.0136318426121738	0.9505240748331141	1.0339503328324269
1.019157677914423	0.9295187747364088	1.0475262721752499
1.0245186580040198	0.9085632904266453	1.0606003387458154
1.0296769112620345	0.8878260834386026	1.0730932446442933
1.034595530443578	0.8674902909272639	1.0849292544054507
1.0392388924078442	0.8477530165023682	1.0960365627152715
1.043572979227069	0.8288238946275358	1.1063476775962928
1.0475656962186244	0.8109227453757782	1.1157998045368946
1.0511871821388359	0.7942761447405207	1.1243352259416273
1.054410106582439	0.7791127772382561	1.1319016694735977
1.0572099495638536	0.765657524387591	1.138452658357409
1.0595652583273738	0.7541243820673904	1.143947836516489
1.061457876649502	0.7447084874567645	1.1483532615284517
1.0628731422587054	0.7375777499043721	1.1516416587844724
1.0638000485000993	0.7328647767959903	1.1537926309128363
1.0642313670029646	0.7306599079843906	1.1547928174431634
1.0641637288494183	0.7310061656136755	1.1546360008080931
1.0635976625694479	0.7338967609043874	1.1533231560577435
1.0625375881730927	0.7392754913845989	1.1508624430470848
1.0609917673439535	0.747039974708556	1.1472691412914466
1.0589722108272324	0.7570472908792145	1.1425655291125285
1.0564945449181191	0.7691213308532129	1.1367807100587293
1.0535778397623992	0.7830610277448472	1.1299503908241546
1.05024440289388	0.7986486795229008	1.1221166159599332
1.0465195420304592	0.8156577206230723	1.1133274655256278
1.0424313016158377	0.833859506476964	1.1036367224316337
1.0380101779166857	0.8530288849741011	1.0931035165482106
1.0332888176615453	0.8729485048492304	1.0817919526849373
1.0283017052402343	0.8934119359745768	1.0697707292663161
1.0230848433790158	0.9142257500797384	1.0571127539437706
1.0176754319803714	0.9352107417067237	1.0438947614976506
1.012111549483683	0.9562024708391826	1.0301969382084941
1.006431840684333	0.9770512925507336	1.0161025554348895
1.0006752144649254	0.9976220145150407	1.0016976134534261
0.994880554365474	1.0177932966145333	0.987070494730757
0.9890864443707049	1.0374568818772179	0.9723116237565396
0.9833309117420721	1.0565167263535202	0.957513128432134
0.9776511881873381	1.0748880778735197	0.9427684958672194
0.9720834901567987	1.0924965397508821	0.9281722133952353
0.9666628185945224	1.1092771449372825	0.9138193838215513
0.9614227780644274	1.1251734582831847	0.899805302545031
0.956395414820639	1.1401367188449216	0.8862249834608183
0.9516110731025103	1.154125030084587	0.8731726207071898
0.9470982687075779	1.167102602921299	0.8607409746238553
0.9428835787289036	1.1790390545836495	0.8490206729892792
0.9389915462333697	1.1899087648366797	0.838099422886407
0.9354445985997578	1.1996902902303346	0.8280611344770986
0.9322629782241947	1.2083658364083558	0.8189849654290726
0.92946468432958	1.215920788133338	0.8109443033740205
0.9270654246785985	1.2223432964594094	0.8040057129381196
0.9250785760806788	1.2276239223728524	0.7982278826575453
0.9235151526960632	1.2317553361911173	0.7936606143476562
0.9223837812698727	1.2347320720397597	0.7903439020480862
0.921690682571276	1.2365503367990132	0.7883071484687255
0.9214396584640052	1.2372078730153473	0.7875685632323862
0.9216320841915907	1.236703875399479	0.7881347790347948
0.9222669056216277	1.2350389606736807	0.7900007096852526
0.9233406413563879	1.2322151906815297	0.793149659069138
0.9248473897808329	1.228236148826725	0.7975536740840585
0.9267788412822537	1.223107070058642	0.8031741194333796
0.9291242960370623	1.2168350247651998	0.8099624395554746
0.9318706879180146	1.209429157062133	0.8178610642180367
0.935002615227217	1.2009009780748512	0.826804410069119
0.9385023791038563	1.191264714885988	0.8367199306819597
0.9423500305872193	1.180537715857336	0.8475291717428364
0.9465234274308612	1.1687409130138857	0.8591487949973488
0.950998301857797	1.1558993420788881	0.8714915432091497
0.9557483405135799	1.1420427205418087	0.8844671275541729
0.9607452779080202	1.1272060837821016	0.8979830276212167
0.9659590046307405	1.111430478698126	0.9119452018346912
0.9713576915745062	1.0947637134128385	0.9262587122603011
0.976907931297583	1.0772611603201525	0.9408282722536858
0.9825748974973053	1.0589866078232935	0.9555587283125904
0.9883225233480323	1.0400131533616326	0.9703554889688459
0.9941136991758216	1.0204241264102827	0.9851249138483812
0.9999104895997467	1.000314024662612	0.9997746753973127
1.0056743698686468	0.9797894390719749	1.0142141044703759
1.011366480667837	0.9589699332601567	1.0283545292258707
1.0169479001715853	0.9379888293958205	1.042109614753367
1.0223799315857203	0.9169938354955534	1.0553957087241421
1.0276244038752924	0.896147427992258	1.0681321962139423
1.0326439828221843	0.8756268787866645	1.0802418647901553
1.0374024890266043	0.8556237894396361	1.091651279046382
1.0418652189756663	0.8363429700835657	1.1022911620563245
1.0459992648735998	0.8180004829570211	1.112096779743526
1.0497738285830442	0.800820669115955	1.1210083229524654
1.0531605247853617	0.7850320034998914	1.128971281080912
1.056133668347329	0.7708616908318799	1.1359368005076447
1.0586705408954873	0.7585290327630396	1.1418620207308359
1.0607516317566064	0.748237766460612	1.1467103811204244
1.0623608487262761	0.740167782051988	1.150451891474206
1.0634856945744409	0.7344668362248175	1.1530633601350522
1.064117405777294	0.7312430389353888	1.1545285742495097
1.0642510506635485	0.730558941048353	1.15483842779123
1.0638855849582867	0.7324279503038372	1.1539909941933433
1.063023863573053	0.7368135473444182	1.151991541782429
1.0616726083969033	0.7436314079916055	1.1488524916284961
1.059842332757777	0.7527541467823258	1.1445933188627515
1.0575472241146453	0.7640180736657547	1.1392403999097012
1.0548049873771956	0.7772311696119006	1.1328268093757892
1.051636652003124	0.7921814600471088	1.1253920714807601
1.0480663466692057	0.8086450732877132	1.116981871863597
1.044121045832321	0.8263934615019038	1.107647736302964
1.0398302928776553	0.8451994760161973	1.0974466833317453
1.0352259047868035	0.864842181641637	1.0864408578746225
1.030341663348376	0.8851104410743298	1.0746971528835838
1.0252129978837257	0.9058053939844122	1.0622868254843687
1.019876664281678	0.9267420022847183	1.0492851133803711
1.0143704248441598	0.9477498451174413	1.0357708562001127
1.0087327330580893	0.9686733368583001	1.0218261251374519
1.0030024269486624	0.9893715194001911	1.0075358626447233
0.9972184341570529	1.0097175536430967	0.9929875321305852
0.9914194913431521	1.0295980091585264	0.9782707756292619
0.9856438799619163	1.0489120278901405	0.9634770753025241
0.9799291799187818	1.067570418478215	0.9486994124849638
0.9743120420917322	1.0854947224367049	0.9340319158857253
0.9688279802282609	1.1026162815835756	0.9195694886449421
0.9635111822950142	1.118875327255708	0.9054074023750318
0.9583943409835265	1.1342201053305112	0.89164084529775
0.9535085027614869	1.1486060463844372	0.8783644113538306
0.9488829346069584	1.1619949869888766	0.8656715179718892
0.9445450073721761	1.174354445814614	0.8536537422939322
0.9405200945912148	1.1856569566099289	0.8424000692828657
0.9368314854677089	1.195879459027972	0.8319960504057378
0.9335003107495292	1.205002747555878	0.8225228784606723
0.9305454802109001	1.2130109783335143	0.8140563923392513
0.9279836305124837	1.2198912333679102	0.8066660345618419
0.9258290822902427	1.225633141497168	0.80041379347853
0.9240938054284754	1.2302285553981778	0.7953531700384732
0.9227873915958773	1.233671283939974	0.7915282148124241
0.9219170332611532	1.2359568792409972	0.7889726833755388
0.9214875085526318	1.2370824778806606	0.7877093563642432
0.921501171481349	1.2370466958336452	0.7877495641496198
0.921957947206699	1.2358495768313618	0.789092945405656
0.922855332186109	1.2334925940024417	0.7917274548603341
0.9241883992137787	1.229978704796993	0.7956296197344349
0.925949807517088	1.2253124593520544	0.8007650286484759
0.9281298182414991	1.2195001626025856	0.8070890229532238
0.9307163158141981	1.212550090577437	0.8145475500183522
0.933694835831365	1.2044727614364021	0.8230781319233624
0.9370486002613714	1.1952812618947264	0.8326109014777543
0.9407585608931033	1.1849916297352499	0.8430696601554789
0.9448034520810696	1.173623293112372	0.8543729184822053
0.9491598539421808	1.1611995672876307	0.866434887522126
0.9538022672376948	1.147748209277699	0.8791663991940235
0.9587032012218094	1.1333020306041892	0.8924757421620775
0.9638332757494874	1.1178995678566621	0.9062694081998546
0.9691613389039972	1.101585810037962	0.9204527507060624
0.9746546013233381	1.0844129805445892	0.934930562216991
0.980278788268901	1.0664413699907824	0.9496075812903122
0.9859983102851988	1.0477402137028549	0.9643889411585368
0.9917764530436782	1.0283886043081025	0.9791805732883536
0.997575586645845	1.0084764250527962	0.9938895786922868
1.0033573942829634	0.988105282845709	1.0084245787795232
1.0090831197158732	0.9673894109895547	1.0226960559378442
1.0147138325564298	0.9464564995327107	1.0366166921080684
1.020210709812215	0.9254483955815074	1.050101711508336
1.0255353316120217	0.9045215963941665	1.063069231514992
1.0306499884775788	0.8838474347547938	1.075440623606952
1.0355179969658619	0.863611830053704	1.0871408843047443
1.0401040199967628	0.8440144522685193	1.0980990142394238
1.0443743877245943	0.8252671244817945	1.1082484019122334
1.048297414430606	0.8075912803733247	1.1175272073853793
1.0518437066281632	0.7912143069445348	1.1258787401015182
1.0549864574010268	0.7763646521717371	1.1332518242816305
1.057701721953555	0.7632656740132557	1.139601144907992
1.05996866945035	0.7521283567868089	1.144887567163839
1.0617698064674552	0.7431432160508182	1.1490784223690016
1.063091167767036	0.7364719274369943	1.152147753907719
1.0639224706357064	0.73223940191966	1.154076517368555
1.0642572296799735	0.7305271312965921	1.1548527300754166
1.064092829731435	0.7313685912909945	1.154471566343435
1.0634305553549095	0.7347472939292248	1.1529353960968076
1.0622755763461331	0.7405977511519087	1.1502537658847327
1.0606368895207194	0.7488092192258401	1.1464433227696926
1.058527218000528	0.7592317325963388	1.1415276829812047
1.0559628700655614	0.7716836889087278	1.135537248570374
1.0529635604294494	0.7859601564203309	1.1285089765116847
1.049552197488481	0.8018411341120011	1.1204861057292295
1.0457546406668874	0.8190991592836178	1.1115178483326458
1.041599432419274	0.8375058685237341	1.1016590518990137
1.0371175097456515	0.8568373236400487	1.0909698399054102
1.0323419002227232	0.8768780809556918	1.0795152373860795
1.0273074075604045	0.8974240970295997	1.0673647885504045
1.0220502915640888	0.9182846283121979	1.0545921724532794
1.016607947134748	0.9392833067787942	1.0412748218658479
1.011018586588102	0.9602585709130977	1.0274935492665533
1.0053209291409904	0.981063613056579	1.0133321823816375
0.999553900919237	1.0015659788265778	0.9988772099797595
0.9937563483085619	1.02164692779046	0.9842174367056032
0.9879667669195558	1.0412006401399059	0.9694436436726293
0.9822230478889253	1.0601333332415361	0.9546482493922519
0.9765622427093942	1.07836233503078	0.9399249634841187
0.9710203472843532	1.095815148027488	0.9253684236059984
0.9656321054521523	1.1124285277628454	0.9110738043117088
0.9604308318272695	1.1281475920161728	0.8971363852783603
0.9554482534669323	1.1429249718957535	0.8836510657633517
0.9507143695947474	1.1567200119676848	0.870711812508889
0.9462573283976462	1.169498023942014	0.8584110298687344
0.9421033197569915	1.1812295965562924	0.8468388439268895
0.9382764826753114	1.1918899630199065	0.8360822969788382
0.9347988261118734	1.2014584265268013	0.8262244549898617
0.9316901619373511	1.2099178437861122	0.8173434383721404
0.9289680487539587	1.2172541661722038	0.8095113952187585
0.9266477453962563	1.2234560378963608	0.8027934452990875
0.9247421730233003	1.228514450509108	0.7972466316899073
0.9232618848292696	1.2324224530252188	0.7929189237405124
0.9222150425321617	1.2351749170019706	0.789848318970352
0.9216073989443634	1.2367683559802962	0.7880620914795838
0.9214422860813997	1.237200798807113	0.7875762299313575
0.9217206084231888	1.2364717164867112	0.7883950991520876
0.9224408411035862	1.2345820023526646	0.7905113465895045
0.9235990329672541	1.2315340055030695	0.7939060595961125
0.9251888145966142	1.2273316175953901	0.7985491635277707
0.9272014115745614	1.2219804132470877	0.8044000358498569
0.9296256634093788	1.215487844428843	0.8114082995024372
0.9324480487051183	1.2078634893621398	0.8195147508715747
0.9356527173113935	1.1991193565349598	0.8286523743676556
0.9392215303280939	1.189270244519225	0.8387473966699723
0.9431341089693421	1.178334158299591	0.8497203384496944
0.9473678934026186	1.1663327827890486	0.8614870287673723
0.951898212768194	1.1532920140897107	0.8739595561675202
0.956698367645089	1.1392425488246019	0.8870471396468513
0.9617397262565178	1.124220531471331	0.9006569112510574
0.9669918356938251	1.108268259003962	0.914694609431801
0.972422549377152	1.0914349411995306	0.9290651881260706
0.977998171857778	1.0737775135560932	0.94367335070094
0.9836836218966553	1.0553614977141683	0.9584240205147312
0.9894426145227325	1.0362619013215142	0.9732227610718356
0.9952378624817961	1.0165641451008471	0.9879761588412309
1.0010312971324713	0.9963649990484554	1.0025921810295484
1.0067843084340538	0.9757735016939066	1.016980519194301
1.0124580032072001	0.9549118256014365	1.0310529277660359
1.018013480342425	0.9339160381975968	1.0447235644968969
1.0234121210951888	0.9129366890942978	1.0579093377080244
1.02861589205536	0.8921391332243435	1.070530263077859
1.03358765783092	0.8717034739329013	1.0825098306801035
1.0382914999609212	0.8518239835618265	1.0937753811059419
1.0426930380922952	0.8327078348674823	1.1042584878370763
1.0467597490410059	0.8145729613101557	1.1138953416100161
1.0504612790315153	0.7976448673463075	1.122627131354892
1.0537697441892053	0.7821522433884571	1.1304004154236829
1.0566600142649603	0.768321316608281	1.137167476256094
1.0591099746122865	0.7563689970363061	1.1428866513722333
1.0611007616228283	0.7464950571745118	1.1475226336280262
1.0626169671579035	0.7388737944369831	1.1510467340118304
1.0636468079873476	0.7336458304384725	1.1534371008801647
1.0641822568518544	0.7309108441385733	1.1546788903989922
1.064219132484156	0.7307220598020078	1.1547643840381765
1.063757146735353	0.7330831790342308	1.153693050216226
1.0627999078284833	0.7379481641530309	1.1514715485595675
1.06135487967161	0.7452239022746509	1.1481136766699234
1.0594332980753554	0.7547753945074903	1.1436402607270046
1.0570500456025986	0.7664328139643358	1.1380789926336137
1.0542234876003984	0.7799996208689152	1.1314642176804544
1.050975272698475	0.7952609254889881	1.1238366778169384
1.0473301016815229	0.8119914184196586	1.1152432165166966
1.0433154691365418	0.829962387075034	1.1057364518847117
1.0389613826294941	0.8489475503303984	1.0953744250378155
1.0343000643727145	0.868727628418362	1.084220230881576
1.0293656404066316	0.8890937013320607	1.0723416381930218
1.0241938222434046	0.9098494927555065	1.0598107053972
1.0188215857180754	0.9308127556645114	1.0467033976011064
1.0132868514809774	0.9518159425281759	1.0330992093329316
1.007628171162649	0.972706329784859	1.0190807960466333
1.0018844227705141	0.993345742904627	1.004733615817532
0.9960945183569283	1.013610001801279	0.9901455808082544
0.9902971264523737	1.0333881808139085	0.9754067160710446
0.9845304112058665	1.0525817550728118	0.9606088211318153
0.9788317896352494	1.071103686562445	0.9458451276522929
0.9732377078786763	1.0888774885584358	0.931209944393456
0.967783436868022	1.105836295908189	0.9167982788417776
0.9625028874248993	1.121921960258467	0.9027054233810996
0.9574284444170335	1.1370841832162704	0.8890264930065056
0.9525908193107512	1.1512796960340055	0.8758559015242086
0.9480189202153099	1.1644714912995644	0.8632867642239737
0.9437397383355822	1.1766281099420566	0.8514102174005019
0.9397782496281827	1.187722985372146	0.8403146490404843
0.9361573303878956	1.1977338455677364	0.8300848405803279
0.9328976854708041	1.206642173249967	0.8208010268032465
0.9300177878816402	1.2144327238704473	0.8125378893776763
0.9275338285092731	1.2210931008774877	0.8053635086585562
0.9254596748797	1.2266133875972756	0.7993383073140566
0.9238068379045359	1.230985835021202	0.7945140270123993
0.9225844457295642	1.2342046048087554	0.7909327846173345
0.9217992239278474	1.236265566879653	0.7886262560005882
0.9214554814314264	1.2371661510667349	0.7876150329087515
0.9215551017517167	1.236905252423208	0.7879081910749568
0.9220975391990017	1.2354831899165617	0.7895030963612719
0.9230798199741298	1.2329017183903863	0.7923854612460561
0.9244965481691961	1.229164093828612	0.7965296480496463
0.9263399168773936	1.2242751921087098	0.8018991997977751
0.9285997247740335	1.2182416815754853	0.8084475663546477
0.9312633986893855	1.2110722498991837	0.8161189838243198
0.9343160228474557	1.2027778857938454	0.8248494600172889
0.9377403755904613	1.1933722162559182	0.8345678181201008
0.9415169745432006	1.1828719000284666	0.8451967540825934
0.9456241312906428	1.1712970779887053	0.856653869701763
0.9500380167409629	1.1586718810762295	0.868852651768334
0.9547327384193993	1.1450249961980172	0.8817033767868986
0.959680430979643	1.1303902902235792	0.8951139296824617
0.9648513612226935	1.1148074916613426	0.908990532824111
0.9702140488719257	1.0983229288023413	0.9232383881750936
0.9757354042616189	1.0809903219121815	0.9377622402238301
0.9813808839492941	1.0628716252836277	0.952466870574432
0.987114665055954	1.0440379124068482	0.9672575368306959
0.9928998388704687	1.024570293874766	0.9820403689257262
0.9986986239246982	1.0045608525318768	0.9967227355906898
1.0044725983567173	0.9841135733176317	1.0112135924755432
1.0101829509357634	0.9633452356882165	1.0254238217601819
1.015790749632239	0.942386223821187	1.0392665711187896
1.0212572260903823	0.9213811934724818	1.0526575977781665
1.026544073814202	0.9004895140676901	1.065515621263292
1.0316137573257835	0.8798853806332938	1.0777626863424694
1.0364298290184402	0.8597574638086308	1.0893245357396792
1.0409572499262085	0.8403079403938636	1.1001309904257857
1.0451627101877423	0.8217507270299832	1.1101163337728948
1.0490149446183565	0.8043087339532407	1.119219694587811
1.0524850385392304	0.7882099754791693	1.1273854230538025
1.0555467188656271	0.7736824316668294	1.1345634529204944
1.0581766254408604	0.7609476624520929	1.1407096428984054
1.060354557729474	0.7502133350477194	1.1457860901388712
1.0620636922560667	0.741665026958707	1.1497614089051624
1.063290766593585	0.7354578801747105	1.1526109680512855
1.064026226258599	0.7317088572022438	1.1543170816969863
1.0642643315465985	0.7304904276581116	1.1548691484878402
1.0640032221173013	0.7318264472753566	1.1542637360167487
1.0632449379931428	0.735690765888512	1.1525046083093062
1.061995396534204	0.7420087524023149	1.1496026956866443
1.0602643258684084	0.7506615309596277	1.1455760077582857
1.0580651561544556	0.7614923781862738	1.1404494917059929
1.055414870905193	0.774314513024747	1.1342548393405094
1.0523338213719657	0.7889194511190983	1.1270302475928917
1.0488455076607728	0.8050851794753647	1.1188201380928327
1.0449763307987285	0.8225835852690065	1.1096748422470053
1.0407553203802151	0.8411867863135062	1.0996502587284251
1.0362138426882967	0.8606722108217897	1.0888074904993006
1.031385294307031	0.8808264312711056	1.0772124683999513
1.026304786218848	0.9014478615975242	1.0649355679388854
1.0210088232282248	0.9223484827136175	1.0520512252157599
1.015534983283154	0.9433547796093817	1.0386375569088324
1.009921600897471	0.9643080667620152	1.0247759879776759
1.0042074584305318	0.9850643582892311	1.0105508891932913
0.9984314884776491	1.0054939133718335	0.9960492248421177
0.9926324900869007	1.0254805611666271	0.9813602089981727
0.9868488609662683	1.0449208856061483	0.9665749666718924
0.9811183472986503	1.063723330376346	0.9517861939956691
0.9754778122579322	1.081807268206319	0.9370878094879422
0.9699630238309428	1.0991020660812927	0.9225745864722243
0.9646084621087233	1.1155461685516854	0.9083417550713029
0.9594471458239865	1.1310862143554765	0.8944845610442012
0.9545104775848045	1.1456761965396092	0.8810977683141505
0.9498281069895735	1.1592766726842831	0.8682750926053739
0.9454278106048636	1.17185402932092	0.8561085554249261
0.9413353876434887	1.1833798028963192	0.8446877509220951
0.9375745700911018	1.1938300584520498	0.8340990230794971
0.9341669459905961	1.2031848263984584	0.8244245572410224
0.9311318945987198	1.2114275972511566	0.8157413979572199
0.9284865321722504	1.2185448738828122	0.8081204140603596
0.9262456672155458	1.2245257806672072	0.8016252410149899
0.9244217641212288	1.2293617288160508	0.7963112389145857
0.9230249142557142	1.233046137204267	0.7922245108417052
0.9220628136763088	1.2355742080268615	0.7894010295180852
0.9215407468127018	1.2369427567160582	0.7878659193094805
0.9214615755994071	1.237150095660696	0.7876329352363431
0.9218257337045701	1.236195971402704	0.7887041708178478
0.9226312256624604	1.2340815551310238	0.7910700131716562
0.9238736308804206	1.2308094864455388	0.7947093482367306
0.9255461126547013	1.226383970516782	0.7995900030919522
0.9276394324922367	1.2208109289157787	0.8056693979806537
0.9301419701955542	1.2140982045264739	0.8128953694193205
0.933039750323859	1.2062558210743295	0.8212071187287132
0.936316475792472	1.1972962979012105	0.8305362378646529
0.9399535695122307	1.1872350206790936	0.8408077662697059
0.9439302250962945	1.1760906687708759	0.8519412378199251
0.9482234677694812	1.1638856998983833	0.8638516846973944
0.9528082266995113	1.1506468926411269	0.8764505739912181
0.9576574200244262	1.1364059470295427	0.8896466619344952
0.9627420538698162	1.1212001430630045	0.9033467590701506
0.9680313366269301	1.1050730563038202	0.9174564067342772
0.9734928096922093	1.0880753286713778	0.9318804707579877
0.979092495744754	1.0702654910422942	0.9465236621543818
0.9847950654562848	1.051710832055512	0.9612909968799837
0.9905640232852878	1.032488304359955	0.9760882077462674
0.9963619127021696	1.0126854550779398	0.9908221214604249
1.0021505408265932	0.9924013610490452	1.0054010128556392
1.0078912220356109	0.9717475409352998	1.0197349468704835
1.013545039628512	0.9508488049154622	1.0337361169621249
1.0190731241213513	0.9298439878899142	1.0473191865586526
1.0244369462037928	0.9088864934320255	1.060401638006061
1.0295986218390345	0.8881445531470914	1.0729041313481393
1.034521226442516	0.8678010804504801	1.0847508732707527
1.039169114557169	0.8480529712638407	1.0958699947044896
1.0435082409737035	0.8291096810571316	1.106193933956018
1.0475064788456603	0.811190895091215	1.115659820862608
1.0511339300417595	0.7945231167109431	1.1242098563617513
1.0543632227815594	0.7793350394640017	1.131791681057098
1.0571697915306246	0.7658516548913695	1.1383587258546541
1.0595321342001074	0.7542871864321535	1.1438705375437686
1.0614320419095196	0.7448371269545255	1.14829307230258
1.0628547969312725	0.7376698709432478	1.151598950505552
1.0637893349356964	0.732918629773661	1.1537676668808774
1.0642283682837947	0.7306744426012008	1.1547857509784043
1.0641684678538534	0.7309810909862318	1.1546468740261753
1.063610101713781	0.7338325625760357	1.153351899530141
1.0625576298359516	0.7391734029232517	1.1509088763551998
1.0610192549645239	0.7469019077361007	1.1473329744604455
1.0590069306545475	0.7568757326037737	1.1426463648892435
1.0565362283755821	0.7689192213308331	1.1368780469776272
1.0536261663798598	0.782831629751457	1.1300636269873214
1.0502990037493638	0.7983954523912186	1.1222450534419968
1.0465800036353576	0.8153842065002876	1.1134703153031171
1.0424971701712282	0.8335692341087132	1.1037931097289817
1.0380809638645414	0.8527252930558847	1.0932724864897978
1.0333640004529776	0.8726348846290816	1.0819724761444405
1.0283807382434504	0.8930913912610563	1.069961708811282
1.023167158852264	0.9139011720226732	1.0573130297847153
1.0177604460394867	0.9348847954924625	1.0441031173669604
1.0121986669997243	0.9558775915798422	1.0304121071146932
1.0065204600538185	0.9767296879803922	1.016323225262095
1.0007647322030722	0.9973056725140435	1.001922432403529
0.9949703694812093	1.017483995989812	0.9872980766364199
0.9891759624907955	1.0371562051908245	0.9725405533256212
0.9834195489601623	1.0562260738967248	0.9577419665175496
0.9777383746217716	1.0746086821276886	0.942995784888995
0.9721686732086122	1.0922294798645815	0.9283964830717125
0.9667454659037519	1.10902336089044	0.9140391573918321
0.961502380168775	1.1249337645130604	0.9000191036817532
0.9564714875255144	1.139911817183624	0.8864313440776173
0.9516831595754697	1.153915521911153	0.8733700898547028
0.9471659413132343	1.166909000468667	0.8609281286378428
0.9429464406225314	1.1788617913666117	0.8491961270008848
0.9390492327327122	1.1897482051843995	0.8382618437255953
0.9354967783550827	1.1995467379186566	0.828209254896103
0.9323093542064834	1.2082395423946433	0.8191175994467748
0.9295049946560254	1.2158119574011594	0.8110603624022746
0.9270994432933741	1.2222520939829102	0.8041042222093089
0.9251061133073593	1.227550478211686	0.7983079973451728
0.923536055676188	1.2316997497267754	0.7937216346769174
0.9223979343000273	1.2346944153633244	0.7903852866490506
0.9216980073487869	1.2365306572589767	0.7883285252449945
0.9214401142489482	1.2372061949323416	0.787569737109593
0.9216256678903479	1.2367202009526732	0.7881157361127461
0.922253651794706	1.235073269961329	0.7899616175309485
0.9233206221506886	1.2322674409557814	0.7930908631321408
0.9248207147840124	1.2283062729004384	0.7974756904621286
0.9267456572943046	1.2231949738796437	0.8030776244359153
0.9290847867517624	1.2169405841513132	0.8098482566808434
0.9318250735044843	1.209552213588446	0.8177301492628866
0.9349511517995188	1.2010413341032384	0.8266578351183317
0.9384453580644366	1.191422127725993	0.8365588676923883
0.9422877778280446	1.1807118910473537	0.8473548763455097
0.9464563023744808	1.1689314967124314	0.858962591018985
0.9509266963192811	1.1561059125580089	0.8712948082731102
0.955672677363486	1.1422647787789288	0.8842612799799426
0.9606660095162977	1.1274430431535987	0.8977695147129214
0.9658766110718922	1.111681653788877	0.9117254895414341
0.9712726785755097	1.0950283079724894	0.9260342761083027
0.9768208279120736	1.0775382544212257	0.9406005893929872
0.9824862534924381	1.0592751443116328	0.9553292704875442
0.9882329062943104	1.0403119237403031	0.9701257162084514
0.9940236912349928	1.0207317563694682	0.9848962686756939
0.9998206840116485	1.0006289595672542	0.9995485773726682
1.0055853671445134	0.9801099298542756	1.0139919449073092
1.0112788845049954	0.9592940233449335	1.028137665948219
1.0168623131124814	0.9383143435220908	1.0418993667945755
1.0222969504526394	0.9173183715939567	1.0551933509031834
1.0275446150207088	0.896468353634455	1.0679389535550212
1.0325679572431146	0.8759413341256089	1.0800589067842692
1.0373307773993263	0.8559286989719411	1.0914797137810197
1.0417983466743608	0.8366350659167037	1.1021320302643953
1.0459377270425392	0.8182763424407204	1.1119510488435538
1.049718085336572	0.8010767695375985	1.1208768811687138
1.0531109966127734	0.7852647958525368	1.1288549317442271
1.0560907318006447	0.7710676932518523	1.1358362566451676
1.0586345246368232	0.7587049419963211	1.1417779000553474
1.0607228130383048	0.7483805827367358	1.1466432015279644
1.0623394503711456	0.7402749393938441	1.1504020671519857
1.0634718825154805	0.7345363271979203	1.1530311983708519
1.064111287206333	0.7312735210506397	1.1545142730192244
1.0642526728266095	0.7305498123268843	1.1548420741835852
1.0638949346225328	0.7323793843059853	1.1540125637107703
1.0630408671763878	0.7367264829454291	1.152030898535471
1.06169713287708	0.7435074952984234	1.1489093894188127
1.0598741870438	0.7525956563585737	1.1446674031276607
1.0575861612497564	0.7638277803216966	1.1393312104802011
1.0548507072303384	0.777012223679913	1.1329337839809182
1.0516888045148567	0.7919372583375229	1.1255145499148145
1.0481245355689188	0.8083791394601494	1.1171191007197787
1.044184832756599	0.8261093423128585	1.1077988741680143
1.0398992018147895	0.8449006566525019	1.0976108063314731
1.0352994267699331	0.8645320206755808	1.0866169654601876
1.0304192613194245	0.8847921237128681	1.0748841737531378
1.0252941116520717	0.9054819012166421	1.0624836235441368
1.0199607155051917	0.9264160931040538	1.0494904936634246
1.0144568219655135	0.9474240490086545	1.0359835706796796
1.0088208761358701	0.9683499540116053	1.0220448783943346
1.0030917123303893	0.989052626504424	1.007759317374796
0.9973082589494291	1.0094050135242791	0.9932143145078729
0.9915092576434185	1.029293482914903	0.9784994805719496
0.9857329988226985	1.0486169885048646	0.9637062717224847
0.9800170750271026	1.067286165159241	0.9489276486346174
0.9743981531506148	1.0852223951432733	0.9342577249475661
0.9689117660364417	1.1023568753579156	0.9197913947365888
0.9635921235265413	1.1186297060965769	0.9056239271633663
0.9584719426743752	1.1339890154309595	0.8918505154261708
0.9535822965147213	1.148390128617475	0.8785657668829951
0.9489524805314069	1.161794788567889	0.8658631220124674
0.9446098957720944	1.1741704310853691	0.8538341919660425
0.940579947426037	1.1854895169515065	0.8425680080682256
0.9368859576018108	1.195728921853729	0.8321501818642435
0.9335490910120487	1.2048693844145706	0.822661981165208
0.9305882922851451	1.21289501211634	0.8141793357469608
0.9280202336734437	1.219792844630506	0.8067717953972745
0.9258592720072766	1.2255524739071786	0.8005014720686221
0.9241174138484674	1.230165720319355	0.7954220059290054
0.9228042879201188	1.2336263641632543	0.791577600928862
0.9219271240269921	1.2359299318718155	0.7890021779840929
0.9214907378285679	1.237073536390118	0.787718692151592
0.9214975209818181	1.237055771279159	0.7877386538729637
0.9219474363302804	1.23587665825022	0.7890618837588903
0.9228380179783635	1.2335376479793316	0.7916765164373416
0.9241643762533858	1.2300416742041953	0.795559253219808
0.9259192077214156	1.2253932612586582	0.8006758475998494
0.9280928105852446	1.2195986853468679	0.8069817937310833
0.9306731059522926	1.2126661899945776	0.8144231775492924
0.9336456656149864	1.2046062562320772	0.8229376440420724
0.9369937471336882	1.1954319281539671	0.8324554325829056
0.940698337149356	1.1851591945554623	0.8429004348455869
0.9447382039758137	1.1738074273498074	0.8541912357256337
0.9490899606251024	1.1613998774082497	0.8662421057792572
0.9537281394983962	1.1479642283067157	0.8789639227668324
0.9586252800234828	1.1335332081743825	0.8922650089114046
0.9637520305315369	1.1181452593647134	0.9060518786537399
0.9690772656345238	1.1018452649321344	0.9202298984893491
0.974568220284066	1.0846853297879528	0.9347038656649365
0.9801906415576673	1.066725612774685	0.9493785160661788
0.9859089590246118	1.0480352035292848	0.9641589736741961
0.9916864742889815	1.0286930346218877	0.9789511547240178
0.9974855699904311	1.0087888146917114	0.9936621394225001
1.0032679381662801	0.9884239616963637	1.0082005230336266
1.0089948274455838	0.9677125063984058	1.0224767565508952
1.0146273080644912	0.9467819242341203	1.0364034852498394
1.0201265531728245	0.9257738381761988	1.0498958913112968
1.0254541343579366	0.9048445157446212	1.0628720445553723
1.0305723287598496	0.8841650600514144	1.0752532632247707
1.035444434610223	0.8639211687206033	1.0869644847781021
1.0400350915175012	0.8443123082651677	1.0979346448546166
1.04431060136327	0.8255501298208482	1.1080970609938174
1.0482392452922495	0.8078559426730779	1.1173898163687372
1.0517915919911796	0.791457075381663	1.125756137744448
1.0549407922787442	0.7765820030975931	1.1331447611207834
1.0576628549849603	0.763454215594179	1.1395102780705137
1.0599368991949254	0.7522849493193279	1.1448134556443392
1.0617453781741166	0.7432651013331828	1.1490215228771319
1.063074270680059	0.7365568573185063	1.152108417382457
1.0639132358913312	0.7322857537467621	1.1540549862421747
1.06425572883639	0.7305339973459499	1.1548491363536524
1.0640990739623772	0.7313358310596023	1.1544859305491715
1.0634444953235755	0.7346755423421472	1.1529676271035327
1.062297102762029	0.7404883815723168	1.1503036616438405
1.0606658343678317	0.7486642662468723	1.1465105719134039
1.058563356411435	0.7590537844967	1.1416118672612952
1.0560059228031968	0.7714757623364644	1.135637846072938
1.0530131969266507	0.7857255660559735	1.1286253655706149
1.0496080393855856	0.8015833681958431	1.1206175694467064
1.045816265779734	0.8188217688321286	1.1116635796042507
1.041666379064246	0.8372123747123632	1.101818158834634
1.037189281344942	0.8565311448759371	1.0911413515351838
1.0324179701117941	0.876562478962563	1.0796981095434177
1.0273872239205823	0.897102139890674	1.0675579098317254
1.0221332824061762	0.917959167753816	1.0547943701663847
1.0166935252642157	0.938956966836977	1.041484867895731
1.0111061544885391	0.9599337453128657	1.027710165808545
1.0054098837197352	0.9807424689902544	1.0135540475167952
0.9996436380671135	1.0012504652304384	0.999102963095769
0.9938462672341041	1.0213387866204342	0.9844456837974995
0.988056274226676	1.0409014195010244	0.9696729625904863
0.9823115613753933	1.059844401519348	0.9548771951364211
0.976649194871489	1.0780848954057267	0.9401520736810715
0.9711051885204376	1.0955502529318881	0.9255922243272894
0.9657143069645258	1.1121770929737114	0.911292816422419
0.9605098882273913	1.1279104101748891	0.897349131516435
0.9555236850938919	1.1427027253160005	0.883856078753767
0.9507857245606871	1.156513284642834	0.8709076439025462
0.9463241843767205	1.1693073126980367	0.8585962607613874
0.942165285536419	1.1810553213201762	0.8470120966549627
0.9383331994882185	1.191732476189802	0.8362422483049102
0.9348499687720135	1.2013180214408559	0.8263698505816409
0.9317354397955215	1.209794762293816	0.8174731083492268
0.9290072064951084	1.2171486053162108	0.8096242703999647
0.9266805636949927	1.2233681557149303	0.8028885736425779
0.9247684690738517	1.2284443709701285	0.7973231942956435
0.9232815127640169	1.2323702701025572	0.7929762496979786
0.9222278937406991	1.2351406979039568	0.7898858983017768
0.9216134023027398	1.2367521435386795	0.7880795854627305
0.9214414080987776	1.2372026130329512	0.7875734781913403
0.9217128533106742	1.2364915552975333	0.7883721230832077
0.9224262507674605	1.2346198414729312	0.7904683488898284
0.9235776869262984	1.2315897975375865	0.7938434199448214
0.925160829820676	1.2274052902729546	0.7984674306790579
0.9271669422390031	1.2220718668293773	0.8042999166288036
0.929584900557568	1.2155969482774782	0.8112906453450527
0.9324012198087354	1.2079900776550605	0.8193805426394924
0.9356000857160436	1.1992632231218974	0.8285027061850674
0.9391633945696066	1.1894311369052593	0.8385834594833247
0.9430708019442589	1.178511770745798	0.8495434039137851
0.9472997813747861	1.1665267485203203	0.8612984339327897
0.9518256941922022	1.153501896602448	0.8737606893022158
0.956621871786583	1.139467832291671	0.886839427384964
0.9616597115892921	1.1244606102493644	0.9004418071369018
0.9669087880541661	1.1085224262599642	0.9144735838236935
0.972336979857223	1.0917023766916125	0.9288397193467797
0.977910614422023	1.0740572706294103	0.9434449172690447
0.9835946307082983	1.0556524896111494	0.9581940942618438
0.9893527609715032	1.0365628869597225	0.9729928009409443
0.9951477319090307	1.0168737145481175	0.9877476051673045
1.0009414852556875	0.99668155903061	1.0023664501210194
1.0066954174799085	0.9760952616139856	1.0167589980595082
1.0123706377692892	0.9552367847403958	1.0308369688591004
1.0179282429885024	0.9342419750135579	1.0445144803903892
1.0233296077568736	0.9132611538461168	1.0577083956332014
1.028536687241973	0.8924594455128698	1.0703386793057645
1.03351232971748	0.8720167271621874	1.0823287647473157
1.038220595408208	0.8521270587303483	1.0936059299163772
1.0426270776638913	0.8329974264278703	1.1041016796953924
1.0466992220880493	0.8148456179615566	1.1137521302623066
1.050406638920204	0.7978970503764425	1.1224983901281722
1.053721403748596	0.7823804043640396	1.1302869315668878
1.0566183415330788	0.7685219946426777	1.1370699455917455
1.0590752889568393	0.7565389334642776	1.1428056733696488
1.0610733303088231	0.7466313223683523	1.1474587070059026
1.0625970024282252	0.7389739181433147	1.1510002529705672
1.063634464713968	0.7337079241518127	1.1534083520526879
1.0641776308050266	0.7309337025821487	1.1546680505936457
1.064222259255029	0.7307052293533611	1.154771518829046
1.0637680013342814	0.7330269842041091	1.153718113415839
1.0628184049673626	0.7378536885345519	1.1515143825870677
1.0613808747243467	0.7450929265526862	1.1481740138054342
1.0594665886965406	0.7546102996634932	1.1437177252209068
1.0570903739711432	0.7662364614701211	1.1381731036187288
1.0542705432427177	0.7797752228389501	1.1315743928165076
1.0510286958352002	0.7950119166327053	1.1239622375809122
1.0473894870329972	0.8117213389407553	1.1153833890404543
1.0433803701157203	0.8296747823322228	1.1058903782330582
1.0390313158465005	0.8486458898978103	1.09554116481638
1.0343745143731997	0.8684152446547501	1.0843987680647944
1.029444064566181	0.8887737458635777	1.0725308870681423
1.024275655742421	0.9095249083461181	1.0600095165306695
1.0189062465255745	0.9304862606211659	1.046910563748751
1.0133737452813143	0.951490024864924	1.0333134712347922
1.0077166961660289	0.9723832486748302	1.019300848070828
1.0019739743558822	0.9930275353498017	1.0049581114446113
0.9961844935041487	1.013298492862214	0.9903731379775825
0.9903869279291843	1.0330849961175226	0.9756359224430095
0.9846194514836029	1.0522883346350127	0.9608382393530445
0.9789194945155305	1.07082129921928	0.946073300744148
0.9733235198209015	1.088607246499033	0.9314354014150649
0.9678668180144753	1.1055791689534502	0.9170195410053277
0.9625833223263431	1.121678789640703	0.9029210108161534
0.9575054424668734	1.1368556946955235	0.8892349323781471
0.9526639169000489	1.1510665122442072	0.8760557347029624
0.9480876826241893	1.1642741432580097	0.8634765581795635
0.943803761378913	1.1764470476835918	0.8515885754429745
0.939837161074879	1.1875585876885124	0.8404802234585069
0.936210791173863	1.197586428845234	0.8302363466271754
0.9329453907255424	1.2065119994068838	0.8209372578589067
0.9300594677879064	1.2143200074008242	0.812657732977404
0.9275692490140881	1.2209980150106823	0.8054659629353585
0.9254886382734768	1.2265360695841083	0.7994224972704063
0.9238291832832586	1.2309263905576195	0.7945792199330349
0.9226000493528794	1.2341631116072822	0.7909784038786637
0.9218079994836725	1.2362420773976206	0.7886518925380928
0.9214573802152981	1.2371606943985483	0.7876204536804514
0.9215501127666447	1.2369178353618753	0.7878933440052817
0.922085689179083	1.2355137971874597	0.789468111453868
0.9230611733326377	1.232950312057876	0.7923306477945661
0.9244712068693139	1.229230611873735	0.7964554881244319
0.9263080202212413	1.2243595461738703	0.8018063384144509
0.9285614491031314	1.2183437538698505	0.8083367989115099
0.9312189569872761	1.2111918892566211	0.8159912415126687
0.9342656642328693	1.202914902873659	0.824705793954128
0.9376843846872236	1.1935263778756002	0.8344093829300961
0.941455670711098	1.1830429226173467	0.8450247915772824
0.9455578676997501	1.171484620151988	0.8564696931857927
0.949967179270582	1.15887553526084	0.8686576313635954
0.9546577443618457	1.1452442794554532	0.8814989260229693
0.9596017275287512	1.1306246340713222	0.8949014934694948
0.9647694237271796	1.115056231054402	0.9087715768115159
