1.0	1.0	1.0
1.0224624153589361	0.9166195360131202	1.0555827786514387
1.0419290377635257	0.8359512244811761	1.1024131889226392
1.0561680495526735	0.7705131152632756	1.1359703076903869
1.0634828812385642	0.7342243755625628	1.1529916205857558
1.0629809230724827	0.7367098688555372	1.151807498862859
1.0547246035193938	0.7772466585505777	1.1325343927216482
1.0397201835490675	0.8452780880824513	1.0970599259930622
1.0197478141850584	0.9268232680147076	1.0488253752820709
0.9970827790257765	1.0097553009434808	0.9924798662440735
0.9741803329354329	1.0854606805745575	0.9335017232303029
0.9533888331311056	1.1484866287143793	0.8778350071056021
0.9367286030107874	1.1956710872901037	0.8314869736415574
0.92574434146986	1.2253382315905277	0.7999391620172619
0.9214192273796912	1.2367066711720458	0.7872758352314888
0.9241324128277733	1.229529320384491	0.7952347105595574
0.9336451161396961	1.2039582418997958	0.8227102772878643
0.9491091383745615	1.160629661677858	0.8660758855969006
0.9691017694223631	1.1009722578671772	0.9200812673291413
0.9917002692191557	1.0277460651249533	0.9787753008555978
1.0146141812987723	0.9458033283791417	1.0361587190892028
1.035389891817966	0.8629698968645126	1.0866155901245025
1.051685065791186	0.7906062102338585	1.1252775163162758
1.0615823321631046	0.7425844261897727	1.1484000900918472
1.0638823477786343	0.7308550917761824	1.1537229454229845
1.0583031155522051	0.7587342008591748	1.1407226897154108
1.0455283048938027	0.8185751156626234	1.1106748890325624
1.0270899828272504	0.8968374638681681	1.0665029000319513
1.0051210251262876	0.9803950610793633	1.0124669235304917
0.9820450411833367	1.0593802126297185	0.9537884294540439
0.9602741258467286	1.127319416322109	0.8962823593916077
0.941962566522633	1.1803431608464179	0.8459826455583314
0.9288340930044872	1.216329860238431	0.8086386445306778
0.9220762868120655	1.2342344727292642	0.7889415031113755
0.922284788878051	1.233647325702466	0.789553503871356
0.9294404839726818	1.2145803487334914	0.8103858367524981
0.9429101267034407	1.1774739440189554	0.8486244394078818
0.9614707546919774	1.123424734442603	0.899484131426606
0.9833680489569063	1.0546410970755566	0.9571768526237582
1.0064258085880318	0.975127878882496	1.0156680678591297
1.0282236132544451	0.8915480360138315	1.0691686404167628
1.0463478197409442	0.813987454495516	1.1125072836955614
1.0586962197900625	0.7557087782619508	1.1414999720133698
1.0637861181424608	0.7300823581440483	1.1533235984833605
1.060994710641907	0.744160861588398	1.1468178741239319
1.0506654009213958	0.7939523710282493	1.1226217138540835
1.034048191552302	0.8672082178367998	1.0830959039220927
1.013092377643931	0.9501415387735668	1.0320599045753327
0.9901507718448505	1.0316195491981095	0.9744291860322071
0.9676681795529436	1.1040318149583428	0.9158415397316124
0.9479119535254252	1.162684447147589	0.8622946741150818
0.9327729688201389	1.2049202743557408	0.8197085430103516
0.9236378694353148	1.2293718850836044	0.7932578812052539
0.9213176793346174	1.2354381406504966	0.7864401824230206
0.926014766341483	1.222990284323071	0.8001965750760401
0.9373155590865466	1.1923001403983782	0.8326356282215042
0.9542057111824656	1.1441877278750812	0.8795698247423416
0.9751144882122558	1.0803933825531085	0.9354724264378371
0.9980035507394803	1.0041804562548582	0.9943342931540206
1.0205183373095694	0.9211459389645053	1.0502378412825117
1.040213016501973	0.8400784252419111	1.0977535751747687
1.0548395218321573	0.7732442982569576	1.1323030650715706
1.062661337182327	0.7345634916439612	1.1505358378781445
1.0627263415551955	0.7341675269528013	1.150667798542784
1.0550272171560715	0.7721570959923604	1.1326859148011934
1.0405023208332735	0.838531156308709	1.098348925950732
1.0208768763127962	0.9193810465702125	1.0509839177332847
0.9983913185401281	1.0023904578597318	0.9951487807631634
0.9754880941051581	1.078713281843455	0.9362559686531763
0.9545225769099044	1.1427067371944233	0.8802108167602907
0.9375375846852342	1.191075564306576	0.833018514090425
0.9261112409610763	1.2220588276671815	0.800216606656643
0.921267444530993	1.2348237967531785	0.7860243532374214
0.9234308540050254	1.2290902463285167	0.7923838996733176
0.9324111943917454	1.204979056527701	0.8184098609730609
0.9474100012962372	1.1630798513863547	0.8606487261660584
0.9670529673172643	1.1047401562072054	0.9139509354681601
0.9894603749488167	1.0325834198765718	0.9724063562737257
1.0123736018266023	0.9512501047159744	1.030017889118542
1.0333527261354145	0.8682740998648194	1.0811425830856483
1.0500446592000168	0.7946988649331488	1.1208543857407858
1.0604938423783246	0.7442581523249137	1.1453168019539004
1.0634380427656123	0.7292741221311769	1.1521448015246794
1.0585167455370625	0.7539610047583551	1.1406684637446634
1.0463328649901527	0.8114915265804465	1.1120121478942264
1.0283491717770257	0.8885883258692775	1.0689608910264148
1.006650671486592	0.9719708530840063	1.0156614388378205
0.9836386444409869	1.0514968929526565	0.9572510910051656
0.9617270779384799	1.1204481070762113	0.8994907930463946
0.9430917522244259	1.1747764506031342	0.8483969973823553
0.9294919916675971	1.212243219420295	0.8097579023306748
0.9221603535759004	1.2317319506162587	0.7883872005206296
0.9217434676959598	1.2327893001246815	0.7871589887651014
0.9282769331487772	1.2153927355070615	0.8062402858805279
0.9411840065466801	1.1799380024298387	0.8430411508311605
0.9592975226559601	1.127445875867943	0.8929207648662859
0.9809143381359543	1.0599947049950749	0.9501579369725492
1.0038989376399414	0.9813817111429323	1.0087322385494857
1.025853574442717	0.8979700718224431	1.0628328593526482
1.0443616622294505	0.8194828487229194	1.107233400669055
1.0572875184973474	0.758916157250682	1.1376570463159084
1.0630852203645615	0.7298221702299065	1.1511496076570416
1.0610470072593439	0.7401117011697206	1.1463902558670656
1.0514235983822002	0.7868532406974695	1.1238455875334288
1.0353805765907331	0.8583345060268964	1.0857129418295788
1.014804213129782	0.9407161895531234	1.0356734505775491
0.992012642419699	1.022568911645383	0.9785370124489371
0.9694446390474734	1.0959797390612303	0.9198697581166764
0.9493857704065334	1.1560226081863878	0.8656349284880904
0.9337630931484955	1.1998832696132085	0.8217713745869918
0.9240115178083259	1.2260965809174662	0.7935562361720849
0.9209980053482524	1.2340028512639365	0.7846930990979164
0.9249855582806403	1.2234330185591842	0.7964037358108217
0.9356237134965625	1.1946153290675154	0.8270718659740967
0.9519612505701365	1.148300102256621	0.8727073106950872
0.9724868714178971	1.0861069733600133	0.9278863644258032
0.9952122480409078	1.0111012669235426	0.986632473913746
1.0178155867039103	0.9285827505278009	1.043015118849466
1.0378579015579923	0.8469511436429404	1.0915547731522697
1.0530652009450294	0.7781033426600886	1.1275827124167939
1.0616406936718181	0.7359319970164308	1.1476149447774358
1.0625438346961738	0.7312703280541962	1.1496966353726397
1.0556644794944818	0.7654340750405906	1.1336236657661167
1.0418415008017812	0.8292906320549777	1.1009662449759359
1.0227203238448004	0.9090710380608729	1.05488615639861
1.0004916397973054	0.9921796864429502	0.999811162200406
0.9775809272951611	1.0694140782055357	0.9410616242634539
0.9563558423836076	1.1348380774289946	0.8844898716815284
0.9388940051803729	1.184950587300002	0.8360985823063422
0.9268238337577974	1.217859268869101	0.8015023581693341
0.9212293863409727	1.2326525039466358	0.7851086200600919
0.9226014776349183	1.2290003192647376	0.7891504336147572
0.930819308548994	1.2069792315948344	0.8130628728399414
0.9451547082232471	1.1671151406154643	0.8536494100949952
0.9643010070059466	1.110645846508878	0.9059110989382413
0.9864380214087655	1.040010407157783	0.9639974839626481
1.0093507193524396	0.9595629574605066	1.0219117654093774
1.030617383347692	0.8764401146944394	1.07396864551341
1.0478691170532666	0.801243936567044	1.1151571494884798
1.0590963916179075	0.7474851905743601	1.1415087495594214
1.0629485443961486	0.7279432067536814	1.1504618340339934
1.0589547138097573	0.7480634502825184	1.1411400516145098
1.047604245498017	0.8022232135665431	1.114455400924467
1.0302624210529172	0.8775796381652405	1.0729993878925932
1.0089470247417602	0.9606557148713322	1.0207611101550997
0.9860283258129204	1.040914439284954	0.9627622192528711
0.963923663795118	1.111277918856095	0.9046902314269148
0.944839862015445	1.167434252497967	0.8525369215846473
0.9305869499444138	1.2069711815351756	0.812139399037549
0.9224608969737249	1.2286664036592259	0.7884717591193718
0.9211794681550217	1.2320026958133787	0.7846930592870565
0.9268537839602375	1.2169094847845998	0.8013243604715029
0.9389843244319238	1.1837235723768704	0.8360943066615781
0.9564795775020188	1.1333675336435947	0.8845715276767783
0.9777054222411359	1.0677516537272762	0.9411323860137125
1.0005811247778036	0.9904040240891177	0.9997761867997027
1.022739627183271	0.9072965927239677	1.0546605032291898
1.0417608322825485	0.8276697293547871	1.100481965217813
1.0554646164275534	0.7641365820485893	1.132836849881436
1.0622203856913683	0.7304204800967173	1.1485931647861214
1.0612058749803754	0.7355220037249801	1.1462126540777748
1.0525461029326486	0.7779772021961999	1.1259282629471117
1.037291437417173	0.8468933577326951	1.0897154352860372
1.01724155817792	0.9284124244368405	1.0410676788521631
0.9946665141451009	1.0107061208348118	0.9846523539086709
0.9719962368416639	1.0854362707971061	0.9259393182641381
0.9515407757676583	1.1473460066749204	0.8708443013430778
0.9352762780394586	1.1933958924238117	0.825326010682128
0.9247030448449858	1.2219801745334424	0.7947876123758073
0.9207634222682252	1.2323553142072403	0.7831960556626715
0.9238015553425624	1.2242965678832303	0.7921439855851522
0.9335508288165555	1.1979757875075179	0.8203908126054914
0.9491434122889013	1.1540560876199826	0.8642237526711403
0.9691463041137726	1.0940067812586802	0.9183670762717809
0.9916372012610488	1.020645677631781	0.9768918422975259
1.0143381620622325	0.9388983989135767	1.0338506827548168
1.0348206904531136	0.856667226376108	1.0836975148066952
1.0507788030365741	0.785351776292213	1.1216450397392412
1.0603386489664104	0.7387364907424083	1.14403481352649
1.0623449658321558	0.728467576637394	1.148688600866145
1.0565526853218858	0.757441507863755	1.1351511369836378
1.0436687209559627	0.8177718072611899	1.104743571752007
1.0252313847942514	0.8959667314608976	1.0604084827846765
1.003363458597363	0.9790889614759677	1.0064009305612716
0.9804659718139666	1.057455956954113	0.9479191754333388
0.95892130377154	1.1247267327281947	0.8907441224971384
0.9408520765129704	1.1771131898848393	0.8408694462813813
0.9279524346088168	1.212538576181413	0.803998075130445
0.9213850989746898	1.2299804058068171	0.7847662138121594
0.9217270898297533	1.2290402943435232	0.7857749653789989
0.928947703477126	1.2097376193851668	0.8068804361320125
0.9424095497322894	1.172520468701296	0.8452359798978524
0.9608931839202054	1.1184942660433779	0.8960541942836535
0.9826554831144234	1.0498748906074384	0.9535711226941123
1.005538690095351	0.9706673339021479	1.0117935884202387
1.0271467600617192	0.8875170545946586	1.0649828705333662
1.0450937241544012	0.810460094265049	1.1080204980921269
1.057304325048244	0.7526624416659091	1.1367710862158376
1.0623172883796055	0.7273591926878119	1.148449024907684
1.059521378161167	0.741493712121684	1.1419142235897168
1.0492593126280414	0.7910730020734504	1.1178051168072896
1.032768536060727	0.8639476495366408	1.0784620015094133
1.0119768693870619	0.9464510409058693	1.0276682552753205
0.9892111432750246	1.0275397504382011	0.9702941927802413
0.9668901363474193	1.0996544021257615	0.9119301909700502
0.94725864388397	1.1581240403262163	0.858530629900204
0.9321906838948866	1.200298020691475	0.8159826456495477
0.9230628853553577	1.224807835144243	0.7894455535779041
0.9206835441664711	1.2310488407948579	0.7824238299089951
0.9252596581207478	1.2188881816060464	0.7958864658776307
0.9363894778219299	1.1885915614627478	0.8279820940905611
0.9530772106627465	1.1409661669429507	0.8745661887004901
0.9737764254312945	1.0777246449951812	0.9301538945638934
0.9964769778048626	1.0020761738982233	0.9887766694012198
1.0188533205980397	0.9195233215271638	1.0445553397103602
1.038485116412469	0.8387111339441493	1.0920925437054576
1.053141222672462	0.7717327746015911	1.1268289953285988
1.0610889873337894	0.7323958572767671	1.1454134733392787
1.0613647904406924	0.7309251456116292	1.1460371325310559
1.0539355266006527	0.7677269440820935	1.128638967764101
1.0397039188844053	0.833102053095178	1.0949122516344614
1.020356171273673	0.9132828098287153	1.0481097208707943
0.9980967704314739	0.9959633074397511	0.9927146275339108
0.9753400705125183	1.0722536630900616	0.9340713535044185
0.9544236688528338	1.1364568887464768	0.8780298757798973
0.9373834061091688	1.1852301078682566	0.8305617741564009
0.9258005789482127	1.2167764085821609	0.7972072653841857
0.9207114134153097	1.2302382847648452	0.7822389707139911
0.9225611274400881	1.2253180083554487	0.7877013477056423
0.9311874102269911	1.2021192704942278	0.8128330640198945
0.9458261547909276	1.1612046957398119	0.8542910749438057
0.9651421338181811	1.1038713266266658	0.9070055479253648
0.9872965406049727	1.0326512602503213	0.9651191705178285
1.010068941738134	0.9520331755831021	1.0226696124369272
1.0310487305676763	0.8693255891002334	1.0740327592571648
1.0478964738817766	0.795297061309216	1.1142801081302844
1.058649136036746	0.7434864788231055	1.139543762741566
1.0620140561986293	0.7263549941121282	1.147374271547012
1.05758072716924	0.7486873534201731	1.1370074741384153
1.0458907540181959	0.8042911892270643	1.1094540693883888
1.0283450174374387	0.8801902265937407	1.0673800073358832
1.0069759889167558	0.9630895944947628	1.0148202097959358
0.9841483427225786	1.0427072170169769	0.9568158066516371
0.9622577954762312	1.1121754908933978	0.899052715600256
0.9434792964114814	1.1673263550917696	0.8475021114679154
0.9295862078501512	1.2058360711234928	0.8079550466912186
0.9218371939121892	1.2265327731488478	0.7853012305919728
0.9209147887935281	1.2289276059258611	0.7825731124479983
0.9268986000085868	1.212969811161967	0.800146007536222
0.9392624363656102	1.1790186738465853	0.8356264116832998
0.9568940827286588	1.1280312681170377	0.884514253521598
