1.0	1.0	1.0
1.0114537734933862	0.9586468609323683	1.0285705963865437
1.0224626058724073	0.9166704257903201	1.0555972596843013
1.032719703236469	0.8753136547523486	1.0804240178170723
1.0419317934396042	0.8360521990629225	1.1024495039767286
1.0498292872720603	0.8005659643831671	1.1211390036306816
1.0561763396706005	0.7706571175539211	1.1360366258386692
1.0607802104837813	0.7480963587506482	1.1467768983093278
1.0634992973201813	0.7343986652252331	1.1530949284161482
1.0642492545443782	0.7305692281519033	1.1548342682947643
1.0630067249814126	0.7369015444848094	1.1519517618427864
1.0598103847342533	0.7529133025055648	1.1445189084075693
1.054759215804951	0.7774505004793874	1.1327196097590626
1.0480081472256153	0.8089111257609395	1.1168445201703632
1.0397614121246215	0.8454981812784762	1.0972825373594437
1.03026412834408	0.8854284557386638	1.0745102033416487
1.0197927055554037	0.9270674676181382	1.0490798901083493
1.0086447057033354	0.9689961805803643	1.0216076032198855
0.9971287412475639	1.010029500957349	0.9927610417078737
0.9855549016192614	1.0492064569320287	0.9632482157823035
0.9742260724946091	1.0857664522891513	0.9338064714254773
0.9634303758748359	1.1191203889001415	0.9051912514192639
0.9534348299002035	1.1488214627201014	0.8781634194984795
0.9444802191873334	1.174538033151787	0.8534736261288343
0.9367770867720173	1.1960296552954095	0.8318422020105607
0.93050270946616	1.213126699731683	0.8139336614815398
0.9257988973083632	1.2257136677268625	0.8003262377400793
0.9227704598285997	1.2337161714958185	0.7914788444590376
0.9214842010094224	1.2370915007430292	0.7876999147424429
0.9219683353058524	1.2358226939833477	0.7891237690921048
0.9242122541741054	1.2299160542156697	0.7956996104922472
0.9281666129405763	1.2194020816565463	0.8071957382483675
0.9337437493778387	1.2043398339140146	0.8232179725317682
0.9408184864729662	1.1848247599824842	0.8432381142894664
0.9492294107856185	1.1610000820926942	0.8666267873669593
0.958780751771993	1.133071809437414	0.8926854987466456
0.9692450124150295	1.101327443869084	0.9206745493429581
0.9803665120713997	1.0661583478176364	0.9498355350917387
0.9918659925459682	1.0280855240479467	0.9794088423988856
1.0034464023849963	0.9877880780347879	1.0086474672907437
1.0147999085253052	0.9461326630167528	1.0368287344466902
1.025616088619193	0.904200363332471	1.0632652772588163
1.0355911364770396	0.8633042512104356	1.0873161864242895
1.0444377778700915	0.8249859166650156	1.1083987094034502
1.0518954607085438	0.7909733239421182	1.1260003924950774
1.057740272517024	0.7630788406484497	1.139691163575203
1.0617939700859889	0.7430228833253123	1.1491345920927096
1.063931498717339	0.7321943629748302	1.154097451385951
1.0640864414728648	0.7314023487566682	1.154456748949708
1.0622539711966232	0.7407077499007365	1.1502035685313674
1.0584910666276333	0.7594099235660662	1.141443352301926
1.0529139749344185	0.7861946204250837	1.1283925954588914
1.045693126450711	0.8193760990836176	1.111372274166292
1.0370459027546093	0.8571427890362998	1.090798624733284
1.0272278014845289	0.8977451458133794	1.0671720891514889
1.0165226154246965	0.9396086097247578	1.0410653054399335
1.005232246472545	0.9813836520350209	1.013110933594711
0.9936667154607776	1.0219539484964586	0.9839898690009216
0.9821348230612578	1.0604211734959108	0.9544200201889771
0.9709357858234481	1.0960790170339936	0.9251453490384708
0.9603520353133062	1.1283838423296153	0.8969243461110803
0.9506432443621747	1.1569259252801989	0.8705166397569669
0.9420415442619987	1.181403193030508	0.8466661719812559
0.9347478261321227	1.2015983015827303	0.8260795335117199
0.9289289792026466	1.2173593558366473	0.8093988602135959
0.9247159051439934	1.2285843251946553	0.7971702507675189
0.922202155366862	1.2352091031230148	0.7898107423674682
0.9214430613259944	1.237199127576184	0.7875787904993787
0.9224552607437939	1.2345444852412655	0.7905539509940833
0.9252165610261206	1.2272584481897595	0.798630300170843
0.9296661220522012	1.2153794267013098	0.8115251612279226
0.9357049820903288	1.1989763598375407	0.8288010674091496
0.9431969912689018	1.1781575996190516	0.8498961343477197
0.9519702548145758	1.1530833682177337	0.874157144441372
0.9618192200495711	1.1239818696315502	0.9008706233617174
0.9725075624199003	1.0911690981258428	0.9292891799024009
0.9837720309298432	1.0550722657669538	0.9586524141942897
0.9953273961982734	1.016256490893429	0.9882031542172027
1.0068725996871268	0.9754537942934185	1.0172004861554653
1.0180981276654306	0.93359226556938	1.0449311280930893
1.0286945294056649	0.8918210613880068	1.0707203889369223
1.0383618725643111	0.8515231774759819	1.09394346496605
1.0468197921607316	0.8143025402114443	1.1140373028169157
1.0538176607305352	0.7819262065287415	1.1305127910096084
1.0591443068627333	0.7562009812138384	1.1429666850873896
1.0626366578002937	0.7387752882119191	1.1510924535811315
1.0641866947635086	0.7308892058629994	1.1546891663670653
1.06374619401177	0.7331401251658441	1.1536676309365652
1.0613288777026788	0.7453551267001781	1.1480531960693412
1.0570097997128143	0.7666289228674621	1.137984949999504
1.0509220166122826	0.7955092477740507	1.123711391591015
1.043250812105362	0.8302489380650739	1.105582991863829
1.0342259249954924	0.8690386794953654	1.0840423349342319
1.0241123536944912	0.9101725549176238	1.0596126875164413
1.0132003629870614	0.9521402316138393	1.0328858654057436
1.0017953018017132	0.9936622889169701	1.0045101318716356
0.9902077653305847	1.033689733228247	0.9751785810561696
0.9787445192723563	1.071384522146156	0.945618049240633
0.9677004692890522	1.1060919928604012	0.9165780966786604
0.9573518247373756	1.1373113959670504	0.8888190799781275
0.9479504879254168	1.1646677428816838	0.8630979037388985
0.9397196084470083	1.1878864849077306	0.8401498766469552
0.9328501806719962	1.2067716613894894	0.8206654295088088
0.9274985304812766	1.2211877238120772	0.8052614862243282
0.9237845307373301	1.231045046740298	0.7944490351999219
0.9217903979779736	1.236289059033368	0.7886005676669243
0.921559949379303	1.2368929111600646	0.7879227195823467
0.9230982339354801	1.2328536077211576	0.7924396849931808
0.9263714911699648	1.2241915636116185	0.801991205851524
0.9313074319669943	1.210953578875237	0.8162456201193291
0.937795877583608	1.1932192647184303	0.834724919737129
0.9456898329658228	1.171110985076247	0.8568365147206439
0.9548071068703257	1.1448073966613665	0.8819061324547212
0.9649326204728329	1.114560662862404	0.9092076675117364
0.9758215632286917	1.0807173590283896	0.9379878930064808
0.987203553837516	1.0437429297348801	0.967485848958075
0.9987879392662117	1.0042492049017564	0.9969479546819094
1.0102703112113944	0.9630237461525101	1.02564039097974
1.0213402353639445	0.9210583585653367	1.0528602402795142
1.0316900771066453	0.8795714986193229	1.0779464916155181
1.041024676180274	0.8400150685139534	1.1002915050965931
1.0490714865678328	0.8040503339001112	1.119353016468618
1.0555906752720647	0.7734725371566834	1.1346663241487467
1.0603845858645193	0.7500651341872039	1.145855983331039
1.06330593909335	0.7353818197569302	1.152646158655574
1.0642641768879229	0.7304922948861317	1.1548687669535738
1.063229461405613	0.7357704596486244	1.1524686671741935
1.060234008992773	0.7508130844903321	1.1455054010292727
1.0553706502354392	0.7745273571353671	1.1341513142392543
1.048788733527405	0.8053460714260228	1.1186862419197905
1.040687699711559	0.8414816953443182	1.099489265839546
1.0313088214563801	0.8811419369084594	1.077028293723823
1.0209257036707637	0.9226725885608595	1.0518483311172553
1.009834172569542	0.9646305413988403	1.024559290480009
0.9983421450251313	1.0058063247828857	0.9958240032636799
0.9867599803223959	1.0452164685976986	0.9663467777457164
0.9753916929452726	1.0820807173636517	0.9368624032691664
0.9645272686121091	1.1157934102435947	0.9081249858581703
0.9544361951995902	1.1458941679945012	0.8808954901949422
0.9453622094131637	1.1720404782121776	0.8559264901710115
0.9375191771976059	1.1939833687590529	0.8339425896516546
0.9310879734679756	1.211546643380889	0.815615499625127
0.926214202866566	1.2246098100793292	0.8015340186678993
0.9230066031441648	1.23309468107148	0.792171087470709
0.9215359904187377	1.2369555679589244	0.7878521752105577
0.9218346351035843	1.2361729895114142	0.7887305939348466
0.9238959938725566	1.2307508287130695	0.7947749936069758
0.9276747631830679	1.2207169079848705	0.8057719660273325
0.9330872613693401	1.2061269889933783	0.8213431337191955
0.9400121875540707	1.1870722399221703	0.8409728158174025
0.9482918448766107	1.163690241976101	0.8640406759826978
0.95773395019731	1.1361796193148141	0.8898540591914527
0.9681141785782499	1.104818357361395	0.9176764305283075
0.9791796031976782	1.0699857937649937	0.9467504465637488
0.9906531838817572	1.0321880639348957	0.976315922280866
1.0022394243729136	0.9920863399631747	1.0056239608249338
1.013631255804139	0.9505262976558929	1.033948822217364
1.0245181110342745	0.9085655158300231	1.0605989293533464
1.0345950358443325	0.8674924588061416	1.0849279719685974
1.0435725486183294	0.8288259332661599	1.1063465456648724
1.051186825799421	0.7942779728090287	1.1243342653662214
1.0572096760036815	0.7656590561579762	1.138451886714594
1.0614576922077161	0.7447096419289296	1.1483526925197909
1.0637999569974546	0.7328654898780546	1.1537922737825792
1.0641637313245425	0.7310064021883722	1.1546358598315982
1.0625376827296755	0.7392752526826945	1.1508625171417983
1.0589723926124197	0.7570466139544143	1.1425658116150295
1.0535781010860676	0.7830599775818491	1.1299508694609295
1.0465198726220768	0.8156563785823076	1.1133281225842986
1.038010565303216	0.8530273376889176	1.0931043292338753
1.0283021352173656	0.8934102670990911	1.0697716702090545
1.017675889142147	0.9352090269701212	1.043895799366288
1.0064323089740181	0.9770495974839796	1.0161036556116088
0.9948810176131146	1.0177916760526633	0.9870716200120019
0.983331354160657	1.0565152249644651	0.9575142397423323
0.9720838967776158	1.0924951930825084	0.9281732705278634
0.9614231351013716	1.1251722940189908	0.8998062649750108
0.9516113682433341	1.1541240693299746	0.87317344854128
0.9428838013577486	1.1790383130829645	0.8490213281259422
0.935444739959369	1.1996897794594146	0.8280615820217537
0.9294647376334738	1.215920516237486	0.8109445132906575
0.9250785365855699	1.227623894934587	0.7982278315373037
0.9223836463173984	1.2347322926689688	0.7903435747659594
0.9214394274987311	1.2372083437589634	0.7875679541934514
0.9222665801899035	1.235039682243903	0.7899998233827342
0.9248469735125896	1.2282371206468343	0.7975525248208093
0.9291237946103004	1.2168362448306194	0.80996105037778
0.9350020363128023	1.2009024426246413	0.8268028111439105
0.9423493837697632	1.1805394188481093	0.8475273985009647
0.9509975985268936	1.1559012744496298	0.8714896345555623
0.960744531113049	1.1272082324953427	0.8979810244114151
0.9713569158357062	1.0947660602566307	0.9262566561188269
0.9825741085660338	1.0589891279628127	0.9555566607692417
0.9941129137379978	1.0204267866943306	0.9851228757102123
1.0056736051874748	0.9797921961407713	1.0142121353292746
1.0169471736688729	0.9379916277242097	1.0421077525374394
1.027623732655083	0.8961501981693452	1.0681304767131972
1.037401889350373	0.8556264472668887	1.0916497353704215
1.0459987516027314	0.8180029303420608	1.1120954416961784
1.05316011081357	0.7850341325064568	1.128970174461819
1.0586702366004883	0.7585307341664544	1.1418611665956648
1.0623606614752463	0.7401689587117117	1.150451305402238
1.0641173395231533	0.7312436218711384	1.154528265678199
1.0638856399623138	0.7324279125205349	1.1539909658823333
1.0616727811068951	0.7436307703622297	1.1488527393092594
1.0575475072167961	0.7640169002774801	1.1392409121615592
1.0516370346511728	0.7921798454622233	1.1253928298514289
1.044121514041395	0.8263915153803553	1.1076487156657204
1.035226441964403	0.8648400154762588	1.0864420269896329
1.0252135854589346	0.9058031120778244	1.0622881477137838
1.0143710429501958	0.9477475397036299	1.0357722903192934
1.0030030551138618	0.9893692688261405	1.0075373636977984
0.991420109150801	1.0295958779644594	0.97827229579619
0.9799297676053265	1.0675684585004193	0.9487009019571931
0.968828519200353	1.102614533520131	0.919570896543039
0.9583948142451764	1.1342186004441288	0.8916421206994941
0.9488833270972845	1.161993748766999	0.8656726111423145
0.9405203934400176	1.1856560022857612	0.8424009331939424
0.9335005054619369	1.205002089440024	0.8225234706424402
0.9279837130954244	1.219890879965431	0.8066663192306291
0.9240937704712345	1.230228512299696	0.7953531203130534
0.9219168779804207	1.2359571497838666	0.7889722832606194
0.9215008957384939	1.2370472815327191	0.7877488099037723
0.9228549384814272	1.233493494750871	0.7917263554296393
0.9259493009627399	1.2253136733915964	0.8007636050411512
0.930715704084688	1.212551614235466	0.8145458337494189
0.9370478935177996	1.1952830890819448	0.8326089324174101
0.944802662863121	1.1736254145715488	0.8543707425168419
0.9538014103154836	1.1477506115702676	0.8791640660479882
0.9638323679261626	1.1179022320718344	0.9062669696246491
0.9746536611789334	1.0844158807172832	0.9349280706041323
0.9859973578528527	1.0477433149371782	0.964386448521274
0.997574643013447	1.0084796813770218	0.9938871359045343
1.0090822065495755	0.9673927630347791	1.0226937121074797
1.0202098488032112	0.9254517683098206	1.0500995133796436
1.0306492007199928	0.8838507357055684	1.0754386149183472
1.0401033253122398	0.8440175711780467	1.0980972349977742
1.048296830663679	0.8075940915177189	1.1175256930518807
1.0549859997177813	0.7763670211470863	1.1332506048937672
1.0599683496801098	0.7521301530927912	1.1448866664418533
1.0630909938313329	0.736473042405142	1.1521471884107113
1.0642572051534638	0.7305274975517965	1.1548525084800327
1.0634306791980404	0.7347468995890537	1.1529355186689478
1.060637156013438	0.7488081106398334	1.146443781086416
1.055963268955944	0.7716819608107436	1.1355380255264065
1.049552714351711	0.8018389119303764	1.1204871758335078
1.0416000492036457	0.8375032897535072	1.1016603818365036
1.032342595943322	0.8768752804764102	1.0795167867944209
1.0220510430939886	0.9182817291924606	1.0545938948480706
1.0110193694928276	0.9602556799729136	1.027495393047085
0.9995546902828703	1.0015631854661464	0.9988791194604342
0.9879675381191089	1.041198017076519	0.9694455601133121
0.9765629721058371	1.0783599399929464	0.939926826131836
0.9656327709795038	1.1124264055621582	0.911075551510252
0.9554488351130298	1.14292315655129	0.8836526362265092
0.9462578085801177	1.169496540683876	0.8584123642327093
0.9382768465231557	1.1918888300827923	0.8360833397315399
0.9316903974922682	1.209917073949057	0.8173441401841178
0.9266478437488531	1.223455639748843	0.802793765648056
0.9232618402041478	1.2324224319525	0.7929188335524179
0.9216072087455667	1.2367687148671556	0.7880615753649026
0.9217202732481975	1.2364724561411353	0.7883941567785473
0.9235985565941169	1.2315351248013022	0.7939047058641169
0.9272008009231842	1.2219819089995239	0.8043982998032704
0.9324473137703324	1.2078653558963934	0.8195126735792142
0.9392206840790458	1.1892724729728845	0.8387450285222274
0.9473669516403435	1.166335360100658	0.861484426673662
0.9566973488080449	1.1392454564082413	0.8870443645105066
0.9669907605998849	1.1082714710921537	0.9146917240978862
0.9779970633710257	1.0737809952012725	0.9436704184011335
0.9894414971347059	1.0362656060653037	0.9732198442754617
1.0010301964505226	0.9963688663146609	1.0025893405592425
1.012456945347606	0.9549157779684502	1.0310502220355715
1.0234111319855645	0.9129406297955893	1.0579068219680376
1.0335867624351696	0.871707285270257	1.0825075561981479
1.042692259581282	0.8327113787255053	1.1042565009811567
1.0504606379330024	0.797647989569616	1.1226254725888591
1.0566595276359103	0.7683238572470249	1.1371661790882344
1.0611004422943595	0.7464968677151352	1.147521723578947
1.0636466639357687	0.7336467963237651	1.1534365945510043
1.0642191663791103	0.7307221223606214	1.1547642883635612
1.0628001168004138	0.7379473335070097	1.1514718603207483
1.0594336737294692	0.7547737475892683	1.1436409663797662
1.0542240162845187	0.7799972856791514	1.1314652935222795
1.0473307649932786	0.8119885516522777	1.1152446291829965
1.0389621581275537	0.8489443162462191	1.0953761322838258
1.029366502474341	0.8890902564042313	1.0723435898926867
1.0188225065183627	0.9308092397297032	1.0467055368822882
1.0076291216213797	0.9727028623356323	1.01908306048667
0.9960954691175886	1.013606681593486	0.9901479036360972
0.9845313335096935	1.052578661561499	0.9606111324207505
0.9732385743387136	1.08887468418118	0.9312121722770041
0.96250367267735	1.121919492991356	0.9027074953758217
0.952591500540304	1.1512776019077569	0.8758577460840334
0.9437402956817115	1.1766264153568908	0.8514117658395056
0.9361577472458794	1.1977325693274663	0.8300860294625874
0.9300180511153098	1.2144318788992237	0.8125386633659618
0.9254597749632449	1.2266129823247192	0.7993386222957016
0.9225843768338803	1.2342046442204073	0.7909326107259025
0.9214552414672572	1.237166637421767	0.7876143569165348
0.9220971298251734	1.2354841231359226	0.7895019229245333
0.9244959747700602	1.2291654715555447	0.7965279994902859
0.9285989964060919	1.218243498907452	0.8084454810024998
0.9343151521512466	1.2027801346809806	0.8248469894751411
0.9415159776129864	1.1828745683293216	0.8451939599690661
0.9500369129417369	1.1586749512575445	0.8688496024853318
0.959679242698707	1.1303937376884077	0.8951106975913278
0.9702128011911175	1.0983267198325695	0.9232350473485879
0.9813796042242369	1.0628757145939671	0.9524634951067529
0.9928985562054176	1.0245746218060952	0.9820370316707138
1.004471342967984	0.9841180627677574	1.0112103640434111
1.0157895520999747	0.9423907771548112	1.0392635189733637
1.02654296423144	0.9004940105154366	1.0655128088012784
1.0364288360573053	0.8597617583118405	1.089322021283332
1.0451618601148536	0.8217546521134301	1.1101141694570542
1.0524843542242972	0.7882133483393617	1.127383653632089
1.0581761254126594	0.7609502994282431	1.140708304528454
1.06206338986652	0.7416667658870226	1.1497605279970329
1.0640261290166768	0.7317095842127774	1.154316673920548
1.0640033312485606	0.731826119862277	1.1542638055615313
1.061995706808519	0.7420074092031483	1.1496032348512235
1.058065656004706	0.7614901309154379	1.140450480865187
1.0523344933024403	0.7889164626486026	1.1270316555538815
1.0449771520570674	0.8225800431529882	1.1096766269659777
1.0362147861527415	0.8606683045249197	1.0888096000953917
1.02630582143671	0.9014437671655673	1.0649379419188933
1.0155360775888935	0.9433506515938356	1.0386401275095256
1.0042085780731338	0.9850603269800937	1.0105535827609382
0.992633601305199	1.0254767330585803	0.9813629473569228
0.981119417297572	1.063719790317224	0.9517888958045441
0.9699640216284203	1.0990988801279413	0.9225771686282543
0.9594480429547884	1.1310834327850037	0.8944869402460366
0.9498288780664085	1.1592743328691333	0.868277187231142
0.9413360107861692	1.1833779318972901	0.8446894833747317
0.9341674031404292	1.2031834432069857	0.8244258568484739
0.9284868093114175	1.2185439912836202	0.8081212204706583
0.9244218514164616	1.229361354861323	0.7963115057099889
0.9220627055635234	1.2355743471226248	0.7894007275495711
0.9214612708219921	1.237150749269741	0.787632055054274
0.9226307272712998	1.2340827220966906	0.7910685660003335
0.9255454279732167	1.22638564700962	0.7995880200861358
0.9301411107483699	1.214100383611953	0.8128928993504414
0.9363154571919136	1.197298968722046	0.8305333437385096
0.9439290668769647	1.176093815332809	0.8519379930834657
0.9528069520878881	1.1506504921872138	0.8764470589154353
0.9627406894734919	1.1212041640203652	0.9033430576792242
0.9734913850924667	1.0880797281595145	0.9318766684284072
0.9847936126886937	1.0517155529640687	0.9612871785432503
0.9963604656132407	1.0126904227685158	0.9908183702401631
1.0078898155096203	0.9717526597232881	1.0197313429595196
1.0190717931803517	0.9298491376627019	1.0473158061673276
1.029597400630562	0.8881495868358679	1.0729010456061876
1.039168035257552	0.8480577144602475	1.0958672684573303
1.047505570520982	0.8111951498390175	1.1156575113584801
1.0543625102615548	0.7793385948155662	1.1317898365687626
1.059531637030553	0.7542898378812087	1.1438691960043752
1.0628545284755724	0.7376714481528689	1.1515981382605591
1.0642283350425914	0.7306748397484145	1.1547854817624086
1.0636103029213493	0.7338317608653989	1.1533521737682495
1.061019682502581	0.746899980186121	1.147333778969238
1.056536867020557	0.7689163176060273	1.1368793551038867
1.0502998317412209	0.7983917708517584	1.1222468256336933
1.042498160064615	0.8335649920646667	1.103795294489785
1.0333651201888798	0.8726302948054043	1.0819750112881221
1.023168372973763	0.9138964278707263	1.0573158438860872
1.0121999379305766	0.955872860306712	1.0304151210540617
1.000766021512503	0.9973010933958674	1.001925560923797
0.9891772320803442	1.0371518909359678	0.9725437065639255
0.9777395877873348	1.074604721729218	0.9429988699035369
0.9667465882449631	1.109019823027136	0.9140420797709464
0.9564724876924044	1.1399087536529084	0.8864340097785619
0.9471667915946973	1.1669064493859795	0.86093044623673
0.9390499095015582	1.1897461938205498	0.8382637272401617
0.9323098382416427	1.208238089593876	0.8191189717927396
0.9270997200015925	1.222251212140412	0.8041050191574967
0.9235361152342124	1.2316994463219275	0.7937218089213511
0.9216978447835619	1.236530935948414	0.788328049958082
0.9216252831100155	1.236721062229408	0.7881146072771856
0.9233200199339012	1.232268882379394	0.7930891000959905
0.926744847239968	1.2231969898791597	0.8030752685226045
0.9318240699388217	1.2095547948348244	0.8177272607346187
0.9384441798973948	1.1914252600659347	0.8365555217126173
0.9464549728931556	1.1689351596503506	0.8589588733581899
0.9556712239467535	1.1422689434907425	0.8842572830680674
0.9658750648081599	1.1116862806521919	0.9117213092024247
0.9768192231016188	1.0775432900565627	0.9405963223297281
0.9882312798195665	1.0403172975872599	0.9701214581193932
0.9998190745636137	1.0006345800875758	0.9995444214935801
1.0112773316619592	0.9592997740864949	1.028133701804407
1.0222954936186706	0.9173241076218129	1.055189663098067
1.03256663446776	0.8759468797992702	1.0800555737125332
1.041797193390776	0.8366402157059177	1.1021291227043268
1.0497171330712463	0.80108129439423	1.120874460768894
1.0560900069219252	0.7710713554490556	1.1358343743701471
1.0607223356206392	0.7483831609114737	1.146641896162826
1.06347166539931	0.7345376493886723	1.1530304952033783
1.0642527209483366	0.7305497886867438	1.1548419839836341
1.0630411772280361	0.7367251257167782	1.1520314169339834
1.0598747474987018	0.7525930779323907	1.1446685104644354
1.0548514987418616	0.7770086137439527	1.1329354456454923
1.0481255317178118	0.8083747315616534	1.1171212679603435
1.0399003701517053	0.8448956961725055	1.0976134174611953
1.0304205646268834	0.8847868444158965	1.074887155649847
1.0199621131907102	0.9264107036041764	1.0494937634442723
1.0088223256663271	0.9683446321457263	1.0220483451557898
0.9973097172451417	1.0093999058261554	0.9932178810541795
0.9857344235456658	1.0486122124702968	0.963709836259903
0.9743995038415603	1.0852180427615161	0.934261182791163
0.9635933625663127	1.1186258477615953	0.9056271725770553
0.9535833899043843	1.148386816945804	0.8785686952348262
0.9446108137407851	1.17416770440401	0.8538367024041287
0.9368866750612241	1.195726807247751	0.8321521806725324
0.9305887891545092	1.2128935279903446	0.8141807403963282
0.925859533433488	1.2255516320466944	0.8005022157350353
0.9228043044154149	1.2336261712971235	0.7915776369572712
0.9214905053437604	1.237073995260852	0.7877179977155853
0.9219469562760858	1.2358777682000093	0.7890604619418129
0.9241636554764338	1.2300434312817778	0.7955571330019805
0.9280918612993646	1.2196010819360394	0.80697902784751
0.9336445052826177	1.2046092801971293	0.8229343051798759
0.9406969883026027	1.185162827893185	0.8428966109656484
0.9490884506112967	1.161404094391374	0.8662378953706569
0.958623640656526	1.1335379729692212	0.8922605167728308
0.9690755327312494	1.101850528677095	0.9202252323195721
0.9801888543386756	1.0667313101231173	0.9493737838677567
0.9916846746265057	1.028699079796153	0.9789464628484776
1.0032661696681835	0.9884302441961681	1.0081959746279119
1.0146256149937567	0.9467883045366122	1.0363991788746458
1.0254525604008082	0.9048508216952609	1.0628680728015054
1.0354430215227681	0.8639271939184423	1.0869609327799188
1.0443093875441656	0.8255556361578801	1.1080940048121182
1.051790611045958	0.7914618027532586	1.1257536426555064
1.0576621343612458	0.7634579018559848	1.1395083968482258
1.0617449379558308	0.7432675134335296	1.1490202941884333
1.0639130878399414	0.7322867256129195	1.1540544332897098
1.0640992208833966	0.7313352970518109	1.1544860600887246
1.0622975382549509	0.7404863917804898	1.150304463477996
1.058564065032683	0.7590504946244436	1.1416133142685523
1.0530141547613168	0.7857212067869522	1.1286274142768604
1.0458174413835069	0.8188166077832117	1.1116661712494493
1.0371906369877297	0.8565254533552807	1.0911444135417336
1.0273887170421685	0.8970961702989917	1.0675613575507952
1.0166951100425252	0.9389509406906715	1.0414886065005535
1.005411512654385	0.9807365727943799	1.0135579739305642
0.9938478926602727	1.0213331725341575	0.9844496885879263
0.9823131368425434	1.059839190502783	0.954881164375152
0.9711066699932542	1.0955455389195086	0.9255960414921796
0.9605112350888422	1.1279062644570323	0.8973526795945046
0.9507869004165065	1.1565097600298122	0.8709108079099507
0.9421662588348733	1.1810524558823305	0.8470147667970256
0.9348507132619135	1.201315841732287	0.8263719261953462
0.9290077015490172	1.2171471290473679	0.8096256646275203
0.9247686999031981	1.2284436091222162	0.7973238391423875
0.9222278515262016	1.2351406562904876	0.7898857494120778
0.9214410900543394	1.2372032933178208	0.7875725184739877
0.9224256601494436	1.234621241653635	0.7904665901861961
0.925159975887849	1.2274074046338554	0.7984649130408806
0.929583798480463	1.2155997668126242	0.8112874340544324
0.9355987564281821	1.1992667304207243	0.8284988871677985
0.9430692719219834	1.17851594432912	0.8495390784550894
0.9518239951449385	1.1535067046918213	0.873755968910767
0.9616578800385083	1.124466008952489	0.9004368091167197
0.9723350565807433	1.0917083065945448	0.9288345632901424
0.9835926600277617	1.0556588717940374	0.9581888993980522
0.9951457608028742	1.0168804461034056	0.9877424883443778
1.006693494512839	0.9761022108788162	1.0167540720902162
1.0179264170611815	0.9342489769891233	1.044509852524636
1.0285350061811664	0.89246629841415	1.0703344496613791
1.0382191044368716	0.8521335233638061	1.0936021897829677
1.04669796223494	0.8148514226172886	1.1137489602718909
1.0537204102754925	0.7823852587075516	1.130284399791794
1.0590745898953842	0.7565425544135481	1.1428038334578434
1.0625966173247927	0.7389760673126851	1.1509991424580936
1.0641775697684037	0.7309342280920873	1.1546676895412653
1.063768264466087	0.7330258528487028	1.1537185035019235
1.0613814519864664	0.7450902322828	1.1481751379716028
1.0570912455105415	0.7662324060745225	1.1381749263135033
1.0510298327485534	0.7950067717102606	1.1239647055875426
1.0433817355997197	0.8296688477580053	1.105893422010265
1.0343760651764349	0.8684088151796763	1.084402303483609
1.0242773438155859	0.9095182525034585	1.0600134468654936
1.0133755195161704	0.9514833748426926	1.0333176892681266
1.0019757823096755	0.9930210844466208	1.00496250157485
0.9903887174476628	1.0330789005911463	0.9756403627416458
0.9789212151906239	1.0708156822759989	0.9460776649870802
0.9678684224378978	1.1055741255184321	0.9170237007923431
0.9575068872647047	1.1368512962213742	0.8892387595380296
0.948088929277148	1.1642704421954104	0.8634799277093508
0.9398381765430734	1.1875556214418923	0.8404830172282775
0.9329461479046443	1.206509793700269	0.8209393691898297
0.9275697270527252	1.2209965866392967	0.8054673019087425
0.923829367790025	1.2309257495245005	0.7945797189431241
0.9218078826478099	1.2362422284442929	0.7886515112697923
0.9215496934103126	1.2369187789043323	0.7878920728669784
0.9230604569056803	1.23295204453688	0.7923285090069556
0.9263070187420944	1.2243620598237073	0.8018033844503517
0.9312176889265313	1.2111951712901212	0.8159875512181465
0.9376828747836103	1.1935304090765086	0.8344050561607296
0.9455561466921983	1.1714893728598257	0.8564648449693293
0.9546558486162482	1.1452497149245127	0.8814936811015218
0.9647673947330818	1.1150622961706145	0.9087660650645586
