1.0	1.0	1.0
1.0057630708252623	0.9794699068440549	1.0144354821520085
1.0114537703654218	0.958646847308593	1.0285706070002296
1.0170331780174555	0.9376643617007897	1.0423190783950385
1.0224626027639574	0.9166703842109712	1.0555972881775844
1.0277038840838388	0.8958276208964896	1.0683246711583867
1.032719703144624	0.8753135702294799	1.080424070361792
1.0374739008823253	0.8553200484555176	1.0918221116912161
1.0419317990849402	0.8360520569928303	1.1024495854624086
1.046060520168094	0.8177258116041012	1.112241830780487
1.0498293009877018	0.8005657520600141	1.1211391175297054
1.0532097957947626	0.7848003781718609	1.1290870198238927
1.0561763633187982	0.7706568260916135	1.1360367741443793
1.0587063329825372	0.7583542175337377	1.1419456150782032
1.0607802454098785	0.7480959850981315	1.1467770815621037
1.062382062694964	0.7400615844472653	1.1505012868287128
1.0634993443491694	0.7343982136407543	1.1530951458232075
1.0641233854253664	0.7312133183366384	1.1545425546852153
1.0642493140190938	0.7305687103513269	1.1548345179370518
1.063876146142735	0.7324770241509726	1.153969220242404
1.0630067968351598	0.7369009780145234	1.1519520409496704
1.061648047275671	0.7437555399593138	1.1487955110566133
1.0598104685856782	0.7529127077022312	1.1445192136701217
1.0575083038919477	0.7642082905142729	1.1391496304285589
1.054759311060551	0.7774498971010415	1.1327199376478512
1.051584569262428	0.7924253091811347	1.1252697570937458
1.0480082531757822	0.8089105304056974	1.1168448672249294
1.0440573791484613	0.8266769914188352	1.1074968814558444
1.039761528022295	0.8454976061106145	1.0972829004233697
1.0351525495546214	0.8651515663915582	1.0862651453862482
1.0302642534598783	0.8854279083876844	1.074510579727379
1.025132092042054	0.9061279757236098	1.0620905250624266
1.0197928392082078	0.9270669518028862	1.0490802776870962
1.014284270359647	0.9480746446047684	1.035558730030573
1.008644847269522	0.9689956970229049	1.0216080004415855
1.002913411594409	0.9896893736182707	1.0073130730409132
0.9971288901546905	1.0100290483002632	0.9927614475626574
0.9913300145758617	1.029901491521352	0.9780427971191658
0.9855550573308173	1.049206032518806	0.9632486297178406
0.9798415856803581	1.067853652924574	0.9484719472072631
0.9742262344917646	1.0857660527637587	0.9338068932344333
0.9687444984366352	1.102874718084335	0.9193483798840179
0.9634305436395486	1.1191200106323609	0.9051916811092582
0.9583170384756403	1.1344502935097778	0.891431980055194
0.953435002902163	1.1488211020842192	0.8781638571549278
0.9488136754580416	1.1621943661085117	0.8654807067076995
0.9444803968755642	1.1745376866913568	0.8534740717801935
0.940460509116893	1.1858236701639489	0.842232890925294
0.9367772685707608	1.1960293198045395	0.8318426555064234
0.933451772116163	1.2051354856644898	0.8223844833133028
0.9305028947740315	1.21312637227813	0.8139341223962225
0.9279472377184417	1.219989103759249	0.8065609080987071
0.9257990854996168	1.2257133456364682	0.8003267053159981
0.9240703714358897	1.2302909827214845	0.7952848759916226
0.9227706502555103	1.2337158523125662	0.7914793176025001
0.9219070772070402	1.2359835320927377	0.7889436207457309
0.9214843930051316	1.2370911821747137	0.7877003920773292
0.9215049141335989	1.2370374408629834	0.787760782411513
0.9219685281873707	1.2358223738396972	0.7891242490645756
0.9228726940973031	1.2334474766285495	0.7917785674964138
0.9242124472454276	1.2299157303437713	0.7957000915060815
0.9259804096417583	1.2252317108840018	0.8008542455291102
0.9281668054959761	1.2194017518775626	0.8071962188017889
0.9307594826766655	1.2124341618205472	0.81467182079832
0.9337439407053437	1.2043394959654445	0.8232184513269718
0.9371033660797756	1.1951308836078085	0.8327661372232763
0.9408186758578015	1.1848244114716402	0.8432385902949974
0.9448685705550827	1.1734395638972344	0.8545542471694559
0.9492295975130787	1.1609997204696443	0.8666272598258898
0.9538762259717406	1.1475327115651646	0.879368414684876
0.958780935128871	1.1330714319994357	0.892685967134604
0.9639143164785885	1.1176545124793151	0.9064863865086659
0.9692451916885111	1.101327047813566	0.9206750132864182
0.9747407471931606	1.0841413797141195	0.9351566354276933
0.9803666865443834	1.0661579303659825	0.9498359942588064
0.9860874013641426	1.0474460805483186	0.9646182323287156
0.991866161488247	1.0280850826685561	0.9794092963742215
0.9976653245708579	1.0081649942567512	0.9941163082294793
1.0034465650407365	0.9877876107966727	1.0086479154455295
1.0091711218656636	0.967067367694276	1.0229146317840208
1.0148000640987571	0.946132169103207	1.0368291758149482
1.0202945726600583	0.9251240856760773	1.050306813742552
1.0256162362623757	0.9041998437295425	1.0632657104330654
1.0307273588383392	0.8835310049348554	1.075627290519523
1.0355912752848326	0.8633037095463759	1.087316609485573
1.040172671832058	0.8437178299774424	1.0982627328373409
1.0444379068891787	0.824985360099031	1.1083991199018113
1.0483553278385167	0.8073278567067741	1.1176640074737827
1.0518955789663849	0.7909727638736839	1.1260007874951465
1.0550318955493296	0.7761485009958174	1.133358372206974
1.0577403790750282	0.7630782928656313	1.1396915397766791
1.0600002486780264	0.751972870501743	1.1449612532721616
1.0617940641173478	0.7430223671328512	1.1491349460271056
1.0631079160150416	0.7363879480264018	1.1521867669028767
1.0639315796050248	0.7321938990215051	1.154097779680051
1.0642586288966682	0.7305209981337223	1.1548561117750613
1.06408650891821	0.7314019558277315	1.1544570486348675
1.063416564546668	0.7348195114019032	1.1529030714677861
1.0622540253249402	0.740707441621252	1.1502038373687096
1.0606079465819538	0.7489543450984881	1.1463761023351962
1.0584911080757309	0.7594097062044081	1.1414435890890424
1.0559198722403322	0.7718914976010965	1.1354368029585304
1.0529140049062473	0.7861944924701083	1.1283928002852177
1.0494964620540066	0.802098518630917	1.120354914846771
1.0456931467315564	0.819376052395287	1.1113724485916656
1.041532640701963	0.8377987613832036	1.101500333528369
1.0370459156803131	0.8571428108216339	1.0907987718755505
1.0322660291646195	0.8771929139124648	1.079332861544399
1.027227809868726	0.8977452206876582	1.0671722136816042
1.0219675376347641	0.9186092035141749	1.054390568352262
1.0165226224525554	0.9396087214245261	1.0410654134938038
1.0109312868610862	0.96058244245458	1.0272776110397794
1.0052322555729547	0.9813837846474365	1.0131110326176607
0.999464455668096	1.0018805110141609	0.9986522054970253
0.9936667301699096	1.021954087239159	0.9839899675420049
0.9878775672662622	1.0414988865222337	0.9692151278554157
0.9821348468891998	1.0604213051419518	0.9544201276585221
0.9764756058377878	1.0786388354760497	0.9396986938187751
0.9709358221328294	1.0960791300800943	0.925145475434732
0.9655502188417803	1.1126790804814208	0.9108556521629283
0.960352087215394	1.1283839269899374	0.8969245017131432
0.9553731286399171	1.1431464104901807	0.8834469133702034
0.9506433146325903	1.156925973369208	0.8705168347743786
0.9461907638939095	1.169688014055099	0.8582266407699077
0.9420416352755342	1.1814031977824544	0.8466664161500154
0.9382200354241894	1.1920468249321987	0.8359231487532586
0.9347479398143888	1.2015982574426627	0.8260798356346922
0.9316451258805162	1.21004040323468	0.8172145127829549
0.9289291169954602	1.2173592582481114	0.8093992276625721
0.9266151361122977	1.2235435054898827	0.8026989830258875
0.9247160679813506	1.2285841704017437	0.7971706889909592
0.9232424289716856	1.2324743318400178	0.7928621671692061
0.9222023436587995	1.2352088879988512	0.7898112544730682
0.9216015274845989	1.236784376688098	0.788045054149215
0.9214432749483841	1.2371988494859756	0.7875793769899773
0.921728452945641	1.2364517994165183	0.788418406597328
0.9224554990329394	1.2345441419455725	0.7905546097175693
0.9236204245605094	1.231478249240533	0.7939688973676381
0.9252168227777766	1.2272580377924371	0.7986310265000461
0.9272358821800517	1.221889109648874	0.8045002171886038
0.9296664055252658	1.215378947646578	0.8115259484310676
0.9324948351064127	1.207737165157253	0.8196488878289159
0.9357052850159051	1.1989758109617268	0.8288019071291529
0.9392795812794601	1.1891097299368445	0.8389111367351884
0.943197310865708	1.1781569802646858	0.8498970170961391
0.9474358806890136	1.1661393078384474	0.8616753122993335
0.9519705878118296	1.1530826784207482	0.8741580600303483
0.9567747021134937	1.139017867875449	0.8872544412162491
0.9618195627185369	1.1239811103961488	0.9008715612314465
0.9670746894629533	1.1080148040257387	0.9149151419003771
0.9725079106153207	1.0911682718055606	0.9292901293364105
0.978085507955536	1.0734985754747157	0.9439012268119784
0.9837723801425755	1.0550713765732673	0.9586533644398357
0.9895322250708191	1.035961836834916	0.9734521186521026
0.9953277416206493	1.016255545552264	0.9882040945410472
1.0011208508540221	0.9960494557367808	1.0028172833348976
1.00687293629288	0.9754528028597992	1.0172014058688086
1.012545102453896	0.9545879691638924	1.0312682510893871
1.018098450306392	0.9335912423818967	1.0449320165774694
1.0234943677837571	0.912613399724021	1.0581096559282523
1.0286948329275942	0.8918200260828227	1.0707212356984597
1.0336627266961063	0.8713914501914627	1.082690302598945
1.0383621519438964	0.851522155866141	1.0939442597398334
1.0427587546008108	0.8324195013479719	1.104414749070769
1.0468200426645269	0.8143015646615476	1.114038035736679
1.0505156982966022	0.7973939363750266	1.1227553889166384
1.0538178780941507	0.7819253152528517	1.1305134528496268
1.0567014965159216	0.7681218395543253	1.137264601189038
1.059144487484899	0.7562002158356315	1.1429672675735048
1.061128039377305	0.7463598865658815	1.1475862453530417
1.0626367989418861	0.7387746892159873	1.1510929497565026
1.0636590401691637	0.7335846636798203	1.1534656364098779
1.0641867947371446	0.7308888064475619	1.1546895709870932
1.064215941380735	0.7307395916887022	1.1547571458590826
1.0637462523443117	0.7331399452057763	1.1536679408586585
1.0627813959534271	0.7380430732034348	1.1514287266472012
1.0613288952521318	0.7453551690955726	1.1480534105990465
1.0594000435647963	0.7549406372361688	1.143562926552695
1.0570097787234254	0.7666291736736903	1.137985071156568
1.0541765185226275	0.7802238910713091	1.131354290805134
1.0509219606971145	0.7955096796806342	1.1237114242673372
1.0472708513376834	0.8122611265959178	1.115103407008184
1.0432507261534232	0.8302495154721269	1.1055829438585099
1.0388916293387969	0.8492486418084242	1.0952081570683683
1.034225815009081	0.8690393634096548	1.0840422168661188
1.0292874362275894	0.8894129409652247	1.072152961426932
1.0241122265700837	0.9101733066824832	1.0596125126282572
1.0187371789679562	0.9311384374361704	1.0464968931407053
1.01320022625833	0.9521410152823004	1.032885649282836
1.007539927465517	0.9730285447042328	1.018861482676375
1.0017951633653566	0.993663072502411	1.0045098921004985
0.99600484436374	1.0139206296801813	0.9899188250944823
0.9902076331745718	1.0336904891716403	0.9751783368425644
0.98444168423074	1.0528743109095886	0.9603802517531013
0.9787444012226134	1.0713852272911073	0.9456178209953935
0.9731522136477473	1.0891469075196407	0.9309853671865559
0.9677003727856271	1.1060926281435675	0.9165779055636294
0.9624227670920603	1.1221643687843135	0.9024907295049422
0.9573517566458266	1.1373119459604406	0.888818947389251
0.9525180259791524	1.1514921935417783	0.8756569577437966
0.9479504543844939	1.1646681952742572	0.8630978506939129
0.9436760026118455	1.1768085726585176	0.8512327261393862
0.939719614750193	1.187886829982381	0.84014992304818
0.9361041340193148	1.1978807573053298	0.8299341598719021
0.9328502311783438	1.2067718915317667	0.8206655932737503
0.9299763442792344	1.214545035288922	0.8124188108087659
0.9274986285501632	1.2211878330742996	0.8052617823203182
0.9254309152797453	1.2266904040073392	0.7992548037469114
0.9237846786818936	1.2310450304763467	0.7944494746764907
0.9225690098479602	1.2342459019907956	0.7908877561521557
0.9217905970329052	1.2362889136139579	0.7886011568306494
0.9214537116718943	1.2371715184491063	0.7876100928535872
0.9215601996798876	1.2368926337749315	0.7879234594748723
0.922109477747126	1.2354526005647215	0.7895384410259093
0.9230985345061486	1.232853196272899	0.7924405712927042
0.9245219366096586	1.2290977009258128	0.7966040404501187
0.9263718399219455	1.2241910167056345	0.8019922292259811
0.9286380061883472	1.2181398413611555	0.8085584377471866
0.9313078257058268	1.2109528959111109	0.8162467669509287
0.9343663466711065	1.2026412072175099	0.8249931053137193
0.9377963120282928	1.1932184460900062	0.8347261730595077
0.9415782047721707	1.1827013216269793	0.8453685794409287
0.9456903027821887	1.171110032490425	0.8568378551909805
0.9501087443607102	1.1584687757300725	0.8690474306499034
0.9548076057218061	1.1448063135890074	0.8819075392200919
0.9597589917176607	1.1301565983977913	0.8953260346935275
0.9649331410922433	1.1145594551380933	0.9092091188945511
0.9702985475099724	1.0980613204466532	0.9234619825349455
0.9758220975147881	1.0807160356179297	0.9379893669978923
0.9814692264272453	1.0625856893848586	0.9526960579672247
0.9872040929800492	1.0437415036875155	0.9674873235527588
0.9929897732236425	1.0242647519803023	0.9822693100635178
0.9987884739028485	1.0042476944928909	0.996949408108951
1.0045617651154688	0.9837945077684734	1.011436600518277
1.0102708316191849	0.9630221761919875	1.0256418018876625
1.0158767416621928	0.9420613004887726	1.039478197585908
1.021340731686835	0.9210567617792236	1.052861587926091
1.0266245047082552	0.9001681594262066	1.0657107410634772
1.0316905396187181	0.8795699168854738	1.0779477561007325
1.036502408131962	0.8594509233854202	1.0894984359393054
1.0410250955817177	0.8400135535210141	1.1002926676631313
1.0452253213461444	0.8214718871364102	1.110264806717261
1.0490718543070066	0.8040489465183541	1.1193540598798728
1.052535818489383	0.7879727881273604	1.1275048610438965
1.0555909838824782	0.773471344575987	1.1346672331397616
1.0582140374291211	0.7607660202178355	1.140797129152279
1.0603848293005225	0.7500642039980905	1.1458567451135893
1.0620865898480811	0.7415510652345458	1.1498147981837765
1.0633061130436259	0.7353812110433878	1.1526467634456492
1.0640339027751875	0.7316709581728291	1.1543350638160557
1.064264279042632	0.7304920481264863	1.1548692084796912
1.0639954418758721	0.7318675651214394	1.1542458764413224
1.063229491652463	0.7357705888333649	1.1524689431202437
1.0619724053919974	0.7421257639368628	1.1495494493227958
1.060233969520259	0.750813574706805	1.1455055133676717
1.0580276704942169	0.7616767700650823	1.1403621885462747
1.0553705455282025	0.7745281684317101	1.1341512694195026
1.0522829964330345	0.7891590146411718	1.1269110516295766
1.0487885702483846	0.8053471468390039	1.1186860508929426
1.0449137108943403	0.8228644104155102	1.10952668759708
1.0406874864767817	0.8414829697968779	1.099488943917735
1.0361412971451345	0.8609803685360935	1.088634000579994
1.031308568518871	0.8811433445378938	1.0770278602919787
1.0262244356755346	0.9017705108558732	1.0647409644776937
1.0209254225382083	0.9226740675914598	1.0518478092274963
1.0154491212289216	0.9436807282112457	1.0384265653800602
1.0098338755846976	0.9646320367740848	1.0245587063646697
1.004118472585324	0.9853842321272708	1.010328645890278
0.9983418449381372	1.0058077891831065	0.9958233857988911
0.9925427875269572	1.0257867411041026	0.9811321724460602
0.9867596898805737	1.045217862451944	0.966346157884033
0.981030286270009	1.064009773311304	0.9515580599742363
0.9753914245198694	1.082082008302182	0.9368618134389641
0.9698788541313889	1.0993640819237869	0.9223522019001766
0.9645270338741755	1.1157945722776825	0.908124459303389
0.9593689586180055	1.1313202382961494	0.8942738279815092
0.954436004850122	1.1458951805960556	0.88089506020747
0.949757794059467	1.1594800525158995	0.8680818506714559
0.9453620729667712	1.1720413253946178	0.8559261891582616
0.9412746094360511	1.183550610422607	0.8445176260209374
0.9375191028148337	1.1939840382191271	0.8339424479941809
0.9341171074121511	1.2033216965056612	0.8242827684662253
0.9310879678291013	1.211547125736909	0.8156155443225361
0.928448764900247	1.2186468722385668	0.8080115404158926
0.9262142710790306	1.2246100982269996	0.8015342718467611
0.9243969142006926	1.2294282480107408	0.7962389625411406
0.9230067486763703	1.233094769669912	0.7921715649198005
0.922051433307312	1.2356048915577336	0.7893678886049846
0.9215362150543414	1.2369554530543898	0.7878528851807166
0.9214639182515697	1.2371447891171576	0.7876401305379293
0.9218349389122517	1.2361726683038055	0.7887315364484758
0.9226472439366356	1.2340402840919404	0.7911173095613923
0.9238963751951126	1.2307502994692539	0.7947761604400179
0.9255754586236298	1.2263069449227852	0.7996757493737819
0.9276752186309241	1.2207161701037985	0.8057733413732526
0.9301839982772303	1.2139858495827471	0.8130166315836957
0.9330877858398656	1.2061260432296177	0.8213446953822163
0.9363702485301274	1.1971493118510264	0.8306890150329292
0.9400127742651694	1.18707108877724	0.8409745366801641
0.9439945225241251	1.1759101081071983	0.8521207168588119
0.9482924854251121	1.163688890270259	0.8640425254853531
0.9528815602435745	1.1504342854252456	0.8766513812748554
0.957734634646834	1.1361780749552828	0.8898560046287818
0.9628226859384639	1.1209576308802796	0.9035631814073976
0.9681148955828588	1.1048166323253106	0.9176784380733872
0.9735787802090343	1.087805837149704	0.9321066341800697
0.9791803401678065	1.069983905314303	0.946752482018165
0.9848842265336174	1.05141826834491	0.9615210055353389
0.9906539271984458	1.0321860360712365	0.9763179516102304
0.9964519723994192	1.0123749273328662	0.9910501666515
1.0022401596551678	0.992084205104192	1.0056259505627587
1.0079797976625697	0.9714255879666034	1.019955398606308
1.0136319682321306	0.9505240984538175	1.0339507398193084
1.0191578048267529	0.929518793932414	1.0475266785546098
1.0245187857280151	0.9085633069321821	1.060600743568464
1.0296770393021693	0.8878260992094142	1.0730936469612542
1.0345956582932623	0.8674903081420353	1.0849296532728023
1.0392390195534256	0.8477530375567695	1.0960369571993214
1.0435731051520474	0.8288239221185623	1.1063480667790586
1.047565820408031	0.8109227820739496	1.115800187521828
1.0511873040837225	0.7942761935476818	1.1243356018595239
1.0544102257844266	0.7791128411293679	1.1319020374886242
1.0572100655396783	0.7656576063361579	1.1384530176731629
1.0595653706133705	0.7541244849560741	1.1439481863820165
1.0614579848059678	0.7447086139771877	1.1483536012441404
1.0628732458740804	0.7375779024527447	1.151641987707741
1.0638001471949108	0.7328649573733952	1.1537929484635503
1.0642314604334824	0.7306601181116472	1.1547931231087054
1.0641638167109704	0.7310064062700633	1.1546362941480344
1.0635977445993587	0.7338970324969983	1.1533234367080656
1.0625376641532074	0.7392757937510999	1.1508627107239124
1.0609918371027187	0.7470403071515971	1.1472693957942643
1.0589722742413155	0.7570476522267172	1.1425657703268661
1.0564946019135502	0.7691217195361872	1.1367809379583094
1.0535778903152333	0.7830614418836117	1.1299506054725046
1.050244447030381	0.79864911701341	1.1221168175114749
1.0465195798268117	0.8156581792169625	1.1133276542262678
1.0424313331974084	0.8338599838512364	1.1036368986188771
1.038010203456851	0.8530293787885314	1.093103680650833
1.0332888373801157	0.872949012791308	1.0817921052222452
1.028301719401504	0.8934124557929236	1.0697708708470317
1.0230848522894802	0.9142262796075754	1.0571128852645693
1.0176754359861429	0.9352112788771791	1.0438948833413753
1.0121115489676509	0.9562030136941863	1.030197051442061
1.0064318360631064	0.9770518392450491	1.016102661006889
1.0006752061856035	0.9976225633167279	1.0016977123914008
0.9948805429022776	1.0177938459028746	0.987070588138126
0.989086430221516	1.0374574301388975	0.9723117128091096
0.9833308954249107	1.0565172721776537	0.9575132143741141
0.9776511702368148	1.0748886199459624	0.9427685800066323
0.9720834711205668	1.092497076848129	0.9281722970985898
0.9666627990297586	1.1092776759201806	0.9138194685076195
0.9614227585343629	1.1251739820906117	0.8998053896775564
0.9563953958911546	1.1401372344875436	0.8862250745399751
0.9516110553388136	1.154125536638775	0.8731727172596245
0.9470982526709676	1.1671030995232632	0.860741078191166
0.94288356497363	1.179039540423841	0.8490207851148389
0.9389915353035936	1.189909239154502	0.8380995451005145
0.9354445910266086	1.1996907523091995	0.8280612682805375
0.9322629745229265	1.208366285571122	0.8189851122752898
0.9294646849968227	1.2159212237381662	0.8109444646502674
0.927065430189701	1.222343717896074	0.8040058899460474
0.9250785868871388	1.2276243290595439	0.7982280765938746
0.9235151692230423	1.231755727571779	0.7936608262856388
0.9223838039137904	1.2347324475819976	0.79034413292053
0.9216907116974817	1.2365506959926287	0.7883073990533356
0.9214396944045277	1.2372082153715305	0.7875688341400946
0.9216321272429638	1.236704200450718	0.788135070701591
0.9222669560427941	1.2350392679744358	0.7900010223678262
0.9233406993666886	1.232215479809724	0.7931499928443961
0.9248474555580859	1.2282364193861066	0.7975540288523362
0.926778914960932	1.2231073216820785	0.8031744949249431
0.9291243777065847	1.216835257118959	0.8099628353397382
0.931870777621164	1.2094293698512149	0.817861479714813
0.9350027129587011	1.2009011710494308	0.8268048445611798
0.9385024848090389	1.1912648878490322	0.836720383328216
0.9423501441610379	1.1805378686734542	0.847529641591528
0.9465235487169648	1.1687410456194813	0.8591492809987508
0.9509984306479294	1.1558994544936587	0.8714920442274386
0.955748476547242	1.1420428128816538	0.8844676423782395
0.960745420872445	1.1272061562734774	0.8979835549743305
0.9659591541612138	1.1114305316938724	0.9119457403830401
0.9713578472550705	1.0947637474094916	0.9262592606205069
0.9769080926621541	1.0772611759767103	0.9408288289994592
0.982575064031237	1.0589866059813713	0.9555592919807229
0.9883226944901568	1.0400131350668704	0.970356058064756
0.9941138743209882	1.0204240929347783	0.9851254868514278
0.999910668101877	1.000313977528026	0.9997752507660763
1.005674551044318	0.9797893800727786	1.0142146806480872
1.011366663800393	0.9589698644862554	1.0283551046461306
1.016948084515769	0.9379887532534817	1.0421101878462773
1.0223801163728075	0.9169937547251682	1.0553962779229207
1.0276245883186952	0.8961473456809933	1.0681327599620714
1.0326441661234846	0.875626798373507	1.080242421549069
1.0374026703819603	0.8556237147097514	1.0916518273036684
1.0418653975825267	0.8363429051483722	1.102291700334392
1.045999439937653	0.8180004322160414	1.1120973066086537
1.0497739993253121	0.8008206371965884	1.121008837024132
1.05316069044935	0.7850319951719682	1.1289717810412916
1.0561338282061348	0.7708617108955029	1.1359372851111327
1.058670694258761	0.7585290859109223	1.1418624888134679
1.0607517779772715	0.748237857119843	1.1467108316090477
1.0623609872069024	0.7401679142144585	1.1504523233952644
1.063485824773179	0.7344670132795942	1.1530637726228505
1.0641175272132823	0.7312432635189751	1.1545289665538405
1.064251162921717	0.7305592149289449	1.1548387992842541
1.0638856876934835	0.7324282743127396	1.1539913443756358
1.063023956513447	0.7368139213620178	1.1519918702881258
1.0616726913466135	0.7436318309879224	1.148852798229491
1.0598424055987101	0.7527546169049403	1.1445936034719184
1.0575472868075209	0.7640185883625441	1.1392406625831422
1.0548050399617674	0.7772317257735013	1.1328270503141227
1.0516366945976123	0.7921820541544145	1.125392291029487
1.048066379468966	0.8086457015523094	1.1169820705125977
1.0441210691077953	0.826394119991043	1.107647914685191
1.0398303069716544	0.8452001607577329	1.0974468422211914
1.0352259101111778	0.8648428887075551	1.0864409981836407
1.0303416603801465	0.885111166643822	1.0746972756596462
1.0252129871607392	0.9058061343888236	1.0622869319063366
1.0198766463978657	0.9267427540373222	1.049285204754347
1.0143704004444714	0.9477506049310795	1.0357709339549257
1.0087327028331754	0.9686741016536806	1.021826190819804
1.0030023916293804	0.9893722863072406	1.0075359179140024
0.9972183945088572	1.0097183199973176	0.9929875787533119
0.9914194481604381	1.029598772493885	0.9782708154731014
0.9856438340623682	1.0489127859296488	0.9634771103297554
0.9799291321377771	1.0675711691230678	0.9486994447452499
0.9743119932768434	1.0854954637546022	0.9340319475079907
0.9688279312338901	1.1026170117966796	0.9195695218281168
0.9635111339771851	1.118876044728556	0.9054074393773992
0.9583942941948582	1.1342208085581127	0.8916408884246114
0.9535084583463589	1.1486067339807182	0.8783644629432085
0.9488828933968763	1.161995657675588	0.865671580378015
0.9445449701813392	1.1743550984107938	0.8536538178683333
0.9405200622122871	1.1856575900219846	0.8424001603529667
0.93683145866778	1.195880072240444	0.8319961592510294
0.9335002902662657	1.2050033396229296	0.8225230072866865
0.9305454667488725	1.2130115483712014	0.8140565432497852
0.9279836247396573	1.2198917805472673	0.8066662095300972
0.9258290848346242	1.2256336650381645	0.8004139943180435
0.9240938168749022	1.2302290545645833	0.7953533983748925
0.9227874124829416	1.2336717580351881	0.7915284720572925
0.9219170640782529	1.2359573276048894	0.788972970703265
0.9214875497371418	1.2370828998874766	0.787709674693352
0.9215012234159115	1.2370470908910352	0.7877499141291725
0.921958010216633	1.235849944380594	0.7890933274074428
0.922855406536942	1.233492933519861	0.7917278689770715
0.9241884851089088	1.2299790157967927	0.795630065783828
0.9259499050955873	1.2253127413904328	0.8007655061826334
0.9281299275760746	1.2195004152833637	0.8070895312726187
0.9307164369093277	1.212550313559208	0.8145480881893109
0.9336949686216367	1.2044729544412973	0.8230786987979687
0.9370487446100519	1.195281424718876	0.8326114957150593
0.9407587165909695	1.1849917622610242	0.8430702802430083
0.9448036188455395	1.1736233953224768	0.8543735627569203
0.949160031416787	1.1611996392811417	0.8664355541901997
0.953802454991943	1.1477482512880988	0.8791670863490118
0.958703398751471	1.1333020430194753	0.8924764478012686
0.9638334824773725	1.1178995512415602	0.9062701302387647
0.969161554181258	1.1015857651582681	0.92045348699119
0.9746548244313518	1.0844129083936158	0.9349313105370463
0.9802790184217756	1.0664412718178267	0.9496083393862135
0.9859985466329454	1.0477400910435297	0.9643897067324978
0.9917766946760819	1.0283884590162482	0.9791813440123944
0.997575832597062	1.008476259333525	0.9938903522164872
1.0033576435368612	0.9881050992889131	1.0084253527403066
1.0090833712121166	0.9673892126028861	1.0226968279665394
1.0147140851973018	0.9464562897726411	1.0366174598399418
1.020210962470147	0.9254481783805386	1.0501024725922408
1.0255355831377897	0.9045213761816115	1.0630699836237212
1.0306502377091085	0.8838472164677691	1.0754413644483267
1.0355182427375589	0.8636116191341239	1.0871416116334265
1.0401042611492797	0.8440142546410616	1.098099725869381
1.0443746231149185	0.8252669465071769	1.1082490957297564
1.0482976429423494	0.8075911287710695	1.117527881362508
1.0518439271819104	0.7912141886800546	1.1258793923097024
1.0549866689646041	0.7763645743044458	1.133252452905433
1.0577019235520624	0.7632656435057942	1.1396017482586298
1.0599688601758126	0.7521283802804658	1.1448881436923386
1.0617699854879354	0.7431432996183999	1.1490789706787636
1.0630913343350712	0.7364720763307516	1.1521482727662855
1.063922624095934	0.7322396203368609	1.1540770057183858
1.0642573694758306	0.7305274221871813	1.1548531870435101
1.0640929554108223	0.7313689562292288	1.154471991249657
1.063430666574748	0.7347477330640555	1.1529357884608105
1.062275672875744	0.7405982632404896	1.1502541254313963
1.0606369712439958	0.7488098017432991	1.1464436494330452
1.0585272849168825	0.7592323819055703	1.1415279769068187
1.0559629222896583	0.7716844004684201	1.13553751011627
1.0529635981897538	0.7859609250084097	1.1285092062477995
1.0495522211246768	0.8018419540444486	1.1204863044355486
1.0457546506262327	0.8191000246137589	1.1115180169961048
1.041599429251982	0.8375067732129208	1.101659191709303
1.0371174940993972	0.8568382616959709	1.0909699522498248
1.0323418728363796	0.8768790465385944	1.079515323843558
1.027307369257127	0.8974250845293057	1.0673648508848954
1.022050243243868	0.9182856324001912	1.0545922126065623
1.0166078897665431	0.9392843224400255	1.041274841949912
1.0110185212016758	0.9602595934619618	1.0274935515556065
1.0053208568185545	0.9810646381409815	1.0133321693037765
0.99955382278701	1.0015670024233387	0.9988771841082891
0.9937562655283334	1.0216479461946435	0.9842174007499315
0.9879666806803403	1.0412016499500658	0.9694436004686057
0.9822229593987777	1.0601343313423806	0.9546482018917543
0.9765621531874438	1.0783633185743458	0.9399249147436249
0.971020257953107	1.0958161144136285	0.9253683767738213
0.965632017530101	1.1124294746195948	0.9110737626135182
0.9604307465218221	1.1281485171803942	0.8971363520005853
0.9554481719676927	1.142925873394353	0.8836510442340468
0.9507142930671392	1.1567208879995963	0.8707118060756739
0.9462572579768826	1.1694988728611	0.8584110418734893
0.9421032565423827	1.1812304168552716	0.8468388776770123
0.9382764277248951	1.1918907533153893	0.8360823557150509
0.9347987804373489	1.2014591855455024	0.8262245418507904
0.9316901264993013	1.2099185703523005	0.8173435563561782
0.9289680244573357	1.2172548591964432	0.8095115471440344
0.9266477330861117	1.2234566963655897	0.802793633762677
0.9247421734807384	1.2285150734781176	0.7972468590276971
0.9232618987676084	1.2324230396095763	0.7929191919893301
0.9222150705932847	1.2351754663724461	0.7898486298340528
0.9216074416952513	1.2367688673588548	0.788062446300717
0.9214423440108348	1.2372012714645322	0.7875766296698169
0.921720681938628	1.2364721497418953	0.7883955443717711
0.9224409305282043	1.2345823955737245	0.7905118374535253
0.9235991385371669	1.231534358110254	0.7939065958705614
0.92518893645829	1.2273319290659437	0.7985497445934869
0.9272015497824435	1.221980683122128	0.8044006607211912
0.929625817923739	1.2154880723223485	0.8114089668516422
0.9324482193901767	1.207863674972148	0.8195154590572514
0.9356529039337375	1.1991194996570733	0.8286531214656375
0.9392217325554407	1.1892703450625253	0.838748180505123
0.9431343263696944	1.17833421630507	0.8497211566273041
0.9473681254438652	1.1663327984506502	0.861487878703111
0.951898458818216	1.1532919877780743	0.8739604351152187
0.9566986269724337	1.1392424811135942	0.8870480447236854
0.9617399980317031	1.1242204231674238	0.9006578394599897
0.9669921189913436	1.1082681111784864	0.9146955576813628
0.9724228431782375	1.091434755223793	0.9290661532477431
0.9779984750539963	1.0737772911392707	0.9436743294645121
0.9836839332943778	1.0553612409437958	0.9584250096420847
0.9894429328485389	1.0362616127062452	0.9732237572496318
0.9952381863888455	1.0165638276149571	0.9879771587329644
1.0010316252078642	0.9963646561772841	1.0025931812873967
1.0067846392071944	0.9757731374790544	1.0169815164711467
1.0124583351591478	0.9549114446840137	1.0310539187279661
1.0180138119162012	0.9339156458571627	1.0447245458364156
1.023412450706987	0.9129362912802862	1.0579103061581323
1.028616218106579	0.8921387365757584	1.0705312154270745
1.0335879787209181	0.8717030857809221	1.0825107637884364
1.0382918141003643	0.8518236119087902	1.0937762919217462
1.042693343916951	0.8327074883346961	1.10425937341466
1.0467600450258128	0.8145726490464813	1.1138961991278218
1.0504615637047408	0.7976445988898665	1.1226279581340217
1.0537700161464942	0.7821520284756874	1.1304012089465088
1.0566602721830636	0.768321164928442	1.1371682341846587
1.059110217262259	0.7563689179356198	1.1428873715661496
1.0611009878824882	0.7464950593221953	1.1475233141615675
1.0626171760233452	0.7388738854743997	1.1510473731899233
1.0636469985833286	0.733646016640593	1.1534376972530065
1.064182428440882	0.7309111301214866	1.1546794427750515
1.0642192844741283	0.7307224483091698	1.1547648914953665
1.0637572786856386	0.733083670826583	1.1536935121110876
1.0628000194543492	0.7379487580150192	1.151471964534346
1.0613549708469499	0.7452245951324648	1.1481140466574749
1.0594333688336908	0.754776181641257	1.1436405849535183
1.0570500961363696	0.7664336892859371	1.1380792716191888
1.0542235182585933	0.7800005772331945	1.1314644522376227
1.0509752839826654	0.7952619550081474	1.123836869047257
1.0473300942404173	0.8119925127568572	1.1152433658055796
1.0433154437591778	0.829963537701278	1.1057365608946934
1.038961340237215	0.84894874873673	1.0953744957004574
1.03430000601009	0.8687288662818136	1.084220265388241
1.0293655672314905	0.8890949706383079	1.0723416389847256
1.0241937355161523	0.9098507858837142	1.0598106751537468
1.0188214867904672	0.9308140654408968	1.0467033392296747
1.0132867417845155	0.9518172622547999	1.033099125956245
1.0076280521967649	0.9727076532495363	1.0190806909907943
1.0018842960906824	0.9933470643769506	1.0047334925995353
0.9960943855628446	1.0136113160187918	0.9901454431231131
0.9902969891763176	1.0333894829615722	0.9754065677783915
0.9845302711013476	1.0525830407581638	0.9606086662417436
0.9788316483660205	1.071104951788211	0.9458449703101105
0.9732375671081783	1.088878729693887	0.9312097888629439
0.9677832982493111	1.1058375096601731	0.9167981294864601
0.9625027525910823	1.1219231436427624	0.9027052846429827
0.9574283149722363	1.1370853335297337	0.8890263693817059
0.9525906968216192	1.1512808108278325	0.875855797534919
0.9480188062030321	1.164472568353897	0.8632866843862792
0.943739634268428	1.1766291472421002	0.8514101661876974
0.9397781569145232	1.1877239810859197	0.8403146308417676
0.9361572503696834	1.1977347980255466	0.8300848596550287
0.9328976194174803	1.2066430809256796	0.8208010872311188
0.9300177369844316	1.2144335853646278	0.8125379950061955
0.9275337938758506	1.2210939149024564	0.8053636630485911
0.925459657529165	1.226614152964148	0.7993385136856913
0.9238068387627059	1.2309865506289617	0.794514288192993
0.922584465624532	1.2342052696354227	0.790933102994091
0.9217992635857967	1.236266179975615	0.7886266334798928
0.9214555414726846	1.2371667115503	0.7876154708843163
0.9215551826870401	1.2369057594784683	0.7879086904063861
0.9220976414260893	1.235483642793635	0.7895036573640466
0.9230799437743725	1.2329021164081315	0.7923860836932258
0.9244966937046715	1.2291644363799101	0.7965303311847668
0.9263400841881295	1.224275478668414	0.8018999423579393
0.9285999137755668	1.2182419117111483	0.8084483666019143
0.9312636091706535	1.2110724232846752	0.8161198395834797
0.9343162544690653	1.2027780022259824	0.8248503687177645
0.9377406278833879	1.1933722756742287	0.8345687768398309
0.9415172469079784	1.18287190253821	0.8451977595919812
0.9456244229971142	1.171297023887277	0.8566549185061153
0.9500383269286603	1.1586717708830605	0.8688537401476241
0.9547330660986391	1.145024830688075	0.8817045008321156
0.9596807750334171	1.130390070464555	0.895115085328202
0.9648517204094411	1.1148072190545695	0.9089917158774045
0.9702144218292699	1.0983226051274424	0.9232395943407309
0.9757357895111506	1.080989949375369	0.9377634651266494
0.9813812799024777	1.0628712065694566	0.9524681097791381
0.9871150700212199	1.0440374507330716	0.9672587858598501
0.9929002510615466	1.0245697930497002	0.9820416232765441
0.9986990414702235	1.0045603170133626	0.9967239907512495
1.0044730193111282	0.9841130082722324	1.0112148439409432
1.010183373291479	0.9633446470486842	1.025425065049099
1.015791171333081	0.9423856183394373	1.0392678017907928
1.0212576450461806	0.9213805787642959	1.052658811452032
1.0265444879164782	0.900488898644115	1.0655168136364708
1.0316141644643957	0.8798847739122576	1.0777638532117446
1.0364302270990198	0.8597568760987346	1.0893256730229655
1.0409576368882048	0.8403073828408543	1.1001320941849249
1.0451630840228534	0.8217502115154205	1.110117400237235
1.049015303389106	0.804308272934863	1.1192207201782816
1.05248538039743	0.7882095817641226	1.1273864044071535
1.0555470420704463	0.7736821181129588	1.1345643869133262
1.0581769283762277	0.7609474415994243	1.1407105266705924
1.0603548389205282	0.7502132186920525	1.145786921115975
1.062063950384386	0.7416650256909118	1.1497621848194415
1.0632910005109388	0.73545800292079	1.1526116869609242
1.0640264349989963	0.731709110807419	1.1543177420032045
1.0642645143364233	0.730490816559951	1.1548697489495918
1.0640033783833842	0.7318269733042823	1.1542642757627721
1.0632450673686318	0.7356914282191112	1.152505086847356
1.0619954988621634	0.742009547658718	1.1496031129098019
1.0602644012031115	0.7506624534575773	1.1455763639483159
1.0580652047603822	0.7614934202782947	1.1404497875337898
1.0554148932537897	0.7743156655063086	1.1342550758637342
1.0523338181362683	0.7889207036534888	1.1270304262509756
1.0488454797080256	0.8050865210014753	1.1188202606995616
1.0449762791811739	0.8225850043664361	1.1096749109809525
1.0407552463242453	0.841188271510362	1.0996502761215212
1.0362137475821862	0.86067375084011	1.0888074594238504
1.0313851796874782	0.8808280152118881	1.0772123920544054
1.0263046537565612	0.9014494790717248	1.0649354498326542
1.021008674712792	0.92235012392759	1.052051069153331
1.0155348206074222	0.9433564354136766	1.0386373669734006
1.0099214260416594	0.9643097286718713	1.0247757685144272
1.004207273446278	0.9850660184839899	1.0105506447924015
0.9984312954721738	1.0054955646792194	0.9960489603214349
0.9926322912074563	1.025482197036588	0.981359929385439
0.9868486583850034	1.0449225000778621	0.9665746771862478
0.9811181431980084	1.0637249180410815	0.9517859000280576
0.975477608816674	1.0818088241681227	0.9370875165799234
0.9699628232108539	1.0991035859169285	0.9225743002925821
0.9646082664420526	1.1155476482708333	0.9083414813897562
0.959446957201637	1.1310876503619107	0.894484305701471
0.9545102980452816	1.1456775855938435	0.8810975371876316
0.9498279385086791	1.1592780118680444	0.8682748915697241
0.9454276550861087	1.1718553160036864	0.8561083903070309
0.9413352469091975	1.1833810347040978	0.8446876274501087
0.9375744458741592	1.1938312332385244	0.8340989468260027
0.9341668399267962	1.2031859422185986	0.8244245335607957
0.9311318082196663	1.2114286523373674	0.8157414319205967
0.9284864668987638	1.218545866623693	0.8081205103837705
0.9262456243515239	1.2245267095889747	0.8016254039907694
0.9244217448479274	1.2293625925666927	0.7963114723426313
0.9230249196264028	1.2330469345404838	0.7922248179658731
0.9220628446112744	1.2355749378038647	0.7894014129702995
0.9215408040945744	1.2369434178802954	0.7878663810643616
0.9214616598687924	1.2371506872455813	0.7876334765786995
0.9218258454559793	1.236196492527445	0.7887047923246701
0.922631365240542	1.2340820050026347	0.7910707147093587
0.9238737984765023	1.23080986436415	0.7947101289734181
0.9255463083036659	1.2263842758843577	0.799590861523538
0.9276396560697606	1.2208111612483652	0.805670331968866
0.9301422214157551	1.2140983634701117	0.8128963762390564
0.9330400287373993	1.2062559064247687	0.8212081951218968
0.9363167807851872	1.197296309627572	0.8305373800977289
0.939953900304351	1.1872349589516216	0.8408089701921156
0.9439305807423434	1.1760905339929353	0.8519424989213109
0.9482238471589446	1.1638854927428368	0.8638529981617913
0.952808628558371	1.1506466140912268	0.876451934747045
0.9576578429176651	1.1364055984244414	0.8896480646996953
0.9627424962049972	1.1211997261479567	0.9033481983923056
0.9680317966589612	1.1050725732850923	0.9174578770259139
0.9734932855293921	1.088074782275797	0.9318819663275789
0.9790929853562175	1.0702648845812386	0.946525177233742
0.9847955666808862	1.0517101694929754	0.9612925256488625
0.9905645338420538	1.0324875903840462	0.9760897443549774
0.9963624302023262	1.0126846951748234	0.9908236600513095
1.0021510627872119	0.9924005615778189	1.0054025475841168
1.0078917458948635	0.9717467092016187	1.0197364719263005
1.013545562762504	0.9508479492408055	1.0337376265913258
1.0190736438624555	0.9298431176722031	1.0473206750866477
1.0244374598603723	0.9088856191918223	1.0604030998620275
1.0295991267164035	0.8881436865518516	1.0729055610908678
1.0345217198649448	0.867800234307369	1.0847522656159128
1.0391695938906997	0.8480521594696803	1.095871344553179
1.043508703649508	0.829108918492484	1.1061952364243506
1.0475069223836386	0.8111901974450216	1.1156610713120054
1.0511343520740504	0.7945225002233199	1.1242110504295297
1.0543636210756162	0.7793345205786816	1.1317928146868885
1.0571701640114979	0.7658512498166595	1.138359795326155
1.059532478971574	0.754286910620456	1.1438715395013124
1.0614323572737099	0.7448369945247251	1.1482940037820042
1.0628550814064592	0.7376698940854796	1.1515998089588761
1.063789587271943	0.7329188181886234	1.1537684501983443
1.0642285874761952	0.7306748030321032	1.154786457507477
1.0641686531531394	0.730981626897265	1.1546475025871754
1.0636102526341291	0.7338332740159768	1.1533524494282765
1.0625577461598725	0.739174286588891	1.150909347388827
1.0610193367447804	0.746902957223075	1.147333366925505
1.0590069782131064	0.7568769388086322	1.1426466795798969
1.0565362422996631	0.76892057295302	1.1368782851832113
1.0536261475152002	0.7828331138395801	1.1300637904858304
1.0502989531908695	0.7983970548833744	1.122245144490358
1.0465799227153565	0.8153859127199931	1.1134703366246044
1.0424970604455719	0.8335710291921707	1.1037930644981397
1.0380808270968405	0.8527271622996073	1.0932723783152867
1.0333638385972639	0.8726368137573581	1.0819723090502076
1.028380553425576	0.8930933666197228	1.0699614872164633
1.02316695335035	0.9139031807094292	1.0573127584826267
1.0177602222637225	0.9348868254352882	1.0441028015034841
1.0121984274718079	0.95587963157474	1.0304117521662866
1.00652020738631	0.9767317276984432	1.0163228370135517
1.0007644690789046	0.9973077024861497	1.0019220169255048
0.9949700986335732	1.0174860075758305	0.9872976402625988
0.9891756866835844	1.0371581905382978	0.9725401026292594
0.9834192709691284	1.0562280258931298	0.9577415082869707
0.9777380972165186	1.0746105943490984	0.9429953261014652
0.9721683991355057	1.0922313465228437	0.9283960308649716
0.9667451978698125	1.1090251767803683	0.9140387190324362
0.9615021208265847	1.1249355249606965	0.9000186865292983
0.9564712394591395	1.1399135179963105	0.8864309555438767
0.9516829252873896	1.1539171593299309	0.8733697373567622
0.9471657232122446	1.1669105711233512	0.860927819544452
0.9429462410125733	1.1788632922337943	0.8491958685715054
0.9390490538025783	1.1897496335485533	0.8382616430420052
0.9354966221689304	1.1995480913364647	0.8282091187869268
0.9323092226950986	1.2082408186626485	0.8191175344059347
0.9295048896087642	1.2158131545268125	0.811060374503045
0.9270993663507228	1.2222532101590775	0.8041043170163696
0.925106065954052	1.2275515117946858	0.7983081798276943
0.9235360392348297	1.2317006992179973	0.7937219091261956
0.9223979499251751	1.2346952793945047	0.7903856566044433
0.9216980560214549	1.2365314345812017	0.7883289934318312
0.9214401967715089	1.2372068844088566	0.7875703053922881
0.9216257848818139	1.236720801555592	0.788116405465574
0.9222538036863887	1.2350737807723422	0.7899623880278838
0.9233208091822412	1.2322678611709827	0.7930917339559661
0.9248209369998794	1.2283066018393862	0.7974766599317838
0.9267459145406077	1.223195210998802	0.8030786900499641
0.9290850786736738	1.2169407290620124	0.8098494151740884
0.9318253995441429	1.2095522660795268	0.8177313966726363
0.9349515111945652	1.2010412941685424	0.8266591668566574
0.9384457498472494	1.1914219955968708	0.8365602786208671
0.9422882008257785	1.1807116672303595	0.8473563608493703
0.9464567552100128	1.1689311820323816	0.858964143078183
0.9509271774131832	1.1561055082065532	0.8712964215285423
0.9556731849371489	1.1422642863687753	0.8842629477937112
0.9606665415963346	1.127442464778488	0.8977712302221997
0.9658771654959569	1.111680992089348	0.9117272457060174
0.9712732529996546	1.095027566207385	0.9260360657523532
0.9768214198197679	1.077537436544757	0.9406024052417676
0.9824868602053609	1.0592742550556224	0.9553311052001188
0.988233524985005	1.0403109687009535	0.9701275624073948
0.994024318941457	1.0207307420975982	0.9848981189748539
0.9998213176538953	1.0006278936603967	0.9995504244039453
1.0055860035431141	0.9801088210482741	1.0139937813473046
1.0112795204015674	0.9592928816016455	1.02813948454546
1.016862945192045	0.9383131801084826	1.0419011603978532
1.0222975753677177	0.9173171991461733	1.0551951124913783
1.0275452294169964	0.8964671861983959	1.0679406762686123
1.0325685577864903	0.8759401871631876	1.0800605839585635
1.037331360803932	0.8559275893197349	1.0914813389809817
1.0417989097314277	0.8366340116815181	1.102133597320824
1.0459382666495962	0.8182753628152742	1.1119525518902238
1.0497185985266346	0.8010758845200386	1.120878314680008
1.053111480583091	0.7852640258568676	1.1288562905727033
1.0560911839405611	0.7710670586037743	1.1358375360584476
1.0586349425542996	0.7587044623210654	1.1417790957716905
1.060723194584668	0.7483802762619569	1.1466443097498813
1.062339793663634	0.7402748222095639	1.1504030845972646
1.0634721859572005	0.7345364125331477	1.1530321223004143
1.0641115495032756	0.7312738186375863	1.1545151012612966
1.0642528930014346	0.7305503279237637	1.1548428051537445
1.0638951120248898	0.7323801194356206	1.154013196427526
1.0630410014896117	0.7367274348805994	1.1520314326311603
1.0616972241211728	0.7435086572915877	1.1489098251456848
1.0598742355746886	0.7525970180813063	1.1446677413591684
1.057586167754887	0.7638293284554097	1.139331452707607
1.054850672720745	0.7770139425886642	1.1329339323054533
1.0516887303139	0.7919391307560767	1.1255146070357123
1.0481244232979603	0.8083811471426886	1.117119069918592
1.044184684317911	0.8261114666049111	1.1077987592896874
1.0398990193720528	0.8449028789661582	1.0976106117626763
1.0352992127266925	0.8645343228627724	1.0866166961054466
1.0304190182958939	0.8847944883419692	1.074883835009276
1.0252938424606832	0.9054843117638792	1.062483221273512
1.0199604231252735	0.9264185340739419	1.0494900341663873
1.014456509517473	0.9474265059979453	1.0359830606665812
1.0088205468552276	0.9683524137300327	1.022044324957306
1.0030913695419859	0.9890550767636113	1.0077587279593798
0.9973079060420861	1.0094074432040647	0.9932136968844228
0.9915088980452949	1.0292958819143496	0.9784988428065495
0.9857326359775489	1.0486193476834846	0.9637056221469328
0.980016712371593	1.067288476272554	0.9489269958148417
0.974397794092821	1.0852246507756989	0.9342570776496433
0.9689114139356066	1.1023590688551568	0.9197907618893731
0.9635917816741383	1.1186318314990191	0.9056233178166098
0.9584716142764913	1.133991067409151	0.8918499387029404
0.9535819846757451	1.1483921024104242	0.878565231925215
0.9489521882389832	1.1617966799246955	0.865862637918528
0.9446096258832901	1.1741722362105254	0.8538337677196871
0.9405797026546489	1.1854912324541207	0.8425676524583251
0.9368857405067348	1.195730544700829	0.8321499033956455
0.9335489039866282	1.20487091188861	0.8226617879615583
0.930588137547411	1.212896441776996	0.8141792354472247
0.9280201132571633	1.2197941742808431	0.8067717950485603
0.9258591877537315	1.2255537015642366	0.8005015780187502
0.9241173673988894	1.2301668441892317	0.7954222237229482
0.9228042807087208	1.2336273826207416	0.7915779352136106
0.9219271572745416	1.235930843444663	0.7890026324265631
0.9214908125364657	1.2370743397480075	0.7877192693738243
0.9214976379266522	1.237056465227481	0.7877393554080668
0.9219475960588465	1.235877241728756	0.7890627100300102
0.9228382208031527	1.2335381200659659	0.7916774667605011
0.9241646222485573	1.2300420341237857	0.7955603258299395
0.9259194967192894	1.2253935083972176	0.8006770396979033
0.9280931421733616	1.2195988192712177	0.8069831015489127
0.930673479471109	1.2126662104776476	0.814424596428198
0.9336460801562851	1.20460616328404	0.8229391685205075
0.9369942015398033	1.195431722059399	0.8324570564888922
0.940698830013321	1.185158875916732	0.842902151389786
0.9447387336425642	1.1738069971368872	0.8541930375916946
0.9490905251938675	1.161399337015137	0.8662439852088866
0.9537287368264272	1.1479635796146335	0.8789658716378973
0.9586259077312755	1.1335324536218843	0.8922670188082048
0.9637526860097037	1.1181444020247666	0.9060539409293086
0.9690779460524709	1.101844308596158	0.920232004320216
0.9745689226006283	1.084684279056642	0.9347060060992097
0.9801913625338361	1.0667244731552676	0.9493806820660718
0.9859096952384712	1.0480339815385378	0.964161156154269
0.9916872221529504	1.0286917378938336	0.9789533445864254
0.9974863257708682	1.0087874520883258	0.9936643275904787
1.0032686980054706	0.988422543418793	1.0082027004843306
1.008995587386085	0.9677110440951039	1.0224789143485231
1.0146280640757572	0.9467804311008368	1.036405614579797
1.0201273011799767	0.9257723290408711	1.0498979835159326
1.0254548702724868	0.9048430071278986	1.0628740911716144
1.030573048512117	0.8841635701907959	1.0752552560237834
1.0354451341831354	0.8639197175431991	1.0869664158068932
1.040035766981398	0.8443109172912171	1.0979365064793383
1.0443112489112858	0.8255488219780187	1.1080988459443604
1.0482398612758008	0.8078547420011561	1.1173915177840734
1.0517921729550437	0.7914560066098315	1.1257577492180784
1.0549413349952002	0.7765810910834424	1.1331462767455673
1.0576633564864408	0.7634534846260578	1.1395116924821103
1.0599373568046389	0.7522844223017847	1.1448147640624708
1.0617457895341167	0.743264798897573	1.1490227211438975
1.063074633776268	0.7365567969236514	1.1521095019969623
1.0639135490750802	0.732285948852143	1.1540559543908195
1.064255990842092	0.7305344567459972	1.1548499859355046
1.0640992839210308	0.7313365584575925	1.1544866601959778
1.063444652771875	0.734676536215588	1.1529682361940368
1.0622972076469492	0.740489635343305	1.1503041503122333
1.0606658870466472	0.7486657687297098	1.14651094105186
1.0585633576472258	0.7590555205609477	1.1416121185167087
1.05600587375598	0.7714777137038424	1.1356379818380977
1.0530130991403714	0.785727712146363	1.1286253889701896
1.04960789477126	0.8015856869485374	1.1206174843185157
1.0458160765951134	0.8188242374478747	1.1116633904763855
1.0416661478904203	0.8372149702836192	1.1018178708990511
1.0371890110603312	0.8565338448924703	1.0911409706184223
1.0324176638640081	0.8765652616944943	1.0796976420751005
1.0273868850966357	0.8971049846606994	1.0675573628114625
1.022132914601543	0.9179620551152173	1.05479375112964
1.016693132251187	0.9389598786754	1.041484184879112
1.011105740184326	0.9599366648889398	1.0277094273148502
1.0054094521547203	0.980745380938017	1.0135532624799886
0.9996431933536138	1.0012533555239698	0.9991021408458709
0.9938458135359557	1.021341642518567	0.9844448340251731
0.9880558157299049	1.0409042294777247	0.9696720953108648
0.9823111022601833	1.0598471551854667	0.9548763206514993
0.9766487392856059	1.078087583426309	0.940151202539741
0.9711047405542189	1.0955528669420607	0.9255913672818882
0.9657138706275046	1.1121796254952943	0.9112919843804875
0.9605094674265748	1.1279128545352344	0.8973483354862534
0.955523283613685	1.142705075570106	0.8838553297822239
0.9507853460444202	1.1565155354994434	0.8709069530039806
0.9463238323097134	1.1693094594502125	0.8585956388362903
0.9421649632304984	1.1810573597806793	0.8470115543978456
0.9383329100675907	1.1917344026314984	0.8362417961012599
0.9348497151603868	1.2013198325423073	0.8263694983946782
0.9317352247043712	1.2097964550901594	0.8174728655981414
0.9290070324129764	1.2171501771554107	0.8096241458323459
0.9266804328777217	1.2233696042194717	0.8028885752048085
0.9247683835356573	1.228445694004209	0.797323329005944
0.9232814742693175	1.2323714657448432	0.7929765235274463
0.922227903796631	1.2351417644259735	0.7898863160690259
0.9216134621523032	1.2367530793889105	0.7880801507475124
0.9214415187145734	1.2372034168267467	0.787574193271761
0.9217130153892062	1.236492225812926	0.7883729888999106
0.9224264647240004	1.2346203776524864	0.7904693650388758
0.9235779528903241	1.2315901984964297	0.7938445846991875
0.9251611476319177	1.2274055553131307	0.7984687410368331
0.9271673114441451	1.222071995460719	0.8043013683846355
0.9295853204076778	1.2155969402451752	0.8112922331801691
0.9324016892575103	1.2079899329741357	0.8193822602249801
0.9356006034189828	1.1992629421188075	0.8285045462929285
0.9391639588842354	1.1894307202668433	0.8385854141001646
0.9430714109315494	1.1785112195758003	0.8495454643526789
0.9473004328019332	1.1665260644037099	0.8613005909398187
0.9518263855369261	1.1535010816777276	0.8737629331552098
0.9566226002431408	1.1394668893313462	0.886841747983013
0.9616604740763813	1.1244595427486725	0.9004441940801307
0.9669095812249106	1.108521238533877	0.9144760264835701
0.9723378001114181	1.0917010739799793	0.9288422069278046
0.9779114579208106	1.0740558592099023	0.9434474388630751
0.9835954933914175	1.055650976919356	0.9581966388965301
0.9893536385772381	1.0365612817153171	0.9729953576238434
0.9951486199969389	1.0168720268853841	0.987750162927197
1.0009423792321481	0.9966798006307642	1.0023689980478365
1.0066963126264779	0.9760934458355498	1.0167615253440876
1.01237152927379	0.9552349267423066	1.0308394648337673
1.0179291259787113	0.9342400918636503	1.0445169345711103
1.0233304773365948	0.913259264605046	1.0577107977638058
1.0285375385292175	0.8924575712804483	1.0703410194044722
1.0335131578843997	0.8720148910696309	1.082331033155578
1.038221395722353	0.8521252858583748	1.0936081173498053
1.0426278455303026	0.8329957436276048	1.104103777296359
1.0466999530916363	0.8148440535537463	1.1137541296536273
1.0504073288678089	0.7978956337059677	1.122500283467143
1.053722048710113	0.7823791651927874	1.1302887115988338
1.056618937880978	0.7685209623760499	1.1370716057021872
1.0590758334034402	0.7565381362257243	1.1428072076341347
1.061073819940684	0.7466307859614684	1.1474601102365796
1.0625974347370442	0.7389736649688255	1.151001520758587
1.0636348376234472	0.7337079721712484	1.153409480805626
1.0641779426932207	0.7309340644335868	1.1546690375672097
1.0642225089717798	0.7307059117206088	1.1547723621524812
1.0637681882134455	0.7330279875162737	1.1537188121105943
1.0628185288336345	0.7378550070313815	1.1515149365784372
1.0613809358945974	0.745094548701472	1.1481744239270815
1.0594665879757037	0.7546122088676991	1.1437179932123414
1.0570903126427849	0.7662386369786486	1.1381732321159803
1.0542704230545394	0.7797776407533497	1.1315743853363973
1.0510285189798099	0.7950145509167295	1.1239620984994607
1.0473892561243676	0.8117241623568362	1.1153831235660787
1.0433800881618243	0.8296777672553912	1.1058899923752963
1.0390309862186602	0.8486490089828359	1.0955406653509279
1.0343741407727185	0.8684184713527634	1.0843981624956605
1.029443650988851	0.8887770547985326	1.0725301835876928
1.0242752064414884	0.909528275569435	1.0600087239782845
1.018905765973739	0.9304896637660147	1.0469096915686973
1.0133732381323053	0.9514934432214179	1.0333125294337862
1.00771616721626	0.9723866632052989	1.0192998471755816
1.001973428506636	0.9930309286603467	1.0049570624594364
0.9961839357246924	1.0133018491436296	0.9903720523418982
0.9903863632211464	1.033088301065772	0.9756348119883209
0.9846188848468843	1.052291575358983	0.9608371162586937
0.9789189309159626	1.0708244641415217	0.9460721774908484
0.9733229641597974	1.0886103252536363	0.9314342907349663
0.9678662751001667	1.1055821522840241	0.9170184558271267
0.9625827968477494	1.121681669300534	0.9029199642035932
0.9575049389690907	1.136858463351362	0.8892339374601677
0.9526634397619241	1.1510691633846828	0.8760548045938179
0.9480872360378003	1.1642766711073398	0.863475705887435
0.9438033493308583	1.176449447121044	0.8515878137660206
0.9398367873292602	1.1875608541739195	0.8404795648679302
0.9362104592568327	1.1975885583507657	0.8302358031377528
0.9329451039112863	1.2065139883552078	0.8209368408884925
0.9300592290859231	1.2143218526097566	0.8126574531981321
0.9275690611576458	1.2209997136443953	0.8054658301205325
0.9254885037091193	1.2265376191109594	0.7994225201422422
0.9238291041612615	1.2309277887146572	0.7945794060173452
0.9226000275185592	1.2341643563714992	0.7909787593730874
0.9218080364694745	1.2362431669640228	0.7886524222004565
0.9214574772336069	1.2371616271651313	0.7876211607431818
0.921550270703279	1.2369186099216163	0.7878942301205348
0.9220859085874584	1.2355144123274444	0.7894691766722518
0.9230614544286022	1.2329507667657094	0.7923318905782257
0.924471549526686	1.2292309053514003	0.7964569053930718
0.9263084239680973	1.2243596778592216	0.8018079256208569
0.9285619131189183	1.218343723465949	0.8083385501415195
0.9312194801008439	1.2111916967691359	0.8159931496034849
0.9342662449215426	1.2029145486565724	0.8247078506244531
0.9376850210770529	1.1935258626854723	0.8344115789157293
0.941456360578451	1.1830422476763895	0.8450271167665064
0.9455586084744243	1.1714837872202029	0.8564721367498932
0.9499679680406335	1.1588745467174515	0.8686601818790703
0.9546585778803426	1.1452431383898423	0.8815015715832387
0.9596026022226676	1.1306233443836022	0.8949042217850797
0.96477033570865	1.1150547975656888	0.9087743752986611
