1.0	1.0	0.9999999999999999
1.9999999999999372	2.000000000017331	1.9999999999758984
2.9999999999982094	3.0000000000481255	2.9999999999701052
3.9999999999679856	4.000000000092539	3.9999999999792264
4.999999999937761	5.000000000148942	4.999999999988347
5.999999999907538	6.000000000205347	5.99999999999747
6.999999999877315	7.00000000026175	7.00000000000659
7.999999999847091	8.000000000318153	8.000000000054552
8.999999999816866	9.000000000374557	9.000000000112937
9.999999999786644	10.00000000043096	10.000000000171323
10.999999999743311	11.000000000487363	11.000000000229708
11.999999999582705	12.000000000543768	12.000000000288093
12.9999999994221	13.00000000060017	13.000000000346478
13.999999999261496	14.000000000656575	14.000000000404862
14.99999999910089	15.00000000071298	15.00000000046325
15.999999998940284	16.000000000769383	16.000000000521634
16.99999999877968	17.000000000825786	17.00000000058002
17.999999998619074	18.000000000882192	18.000000000638405
18.99999999845847	19.000000000938595	19.00000000069679
19.999999998297866	20.000000000994998	20.000000000755172
20.99999999813726	21.0000000010514	21.000000000813557
21.99999999797665	22.000000001107804	22.000000000871946
22.99999999781605	23.00000000116421	23.000000000930328
23.999999997548837	24.000000001220613	24.000000000988713
24.99999999714694	25.00000000127702	25.0000000010471
25.99999999674505	26.000000001333422	26.000000001105484
26.999999996343153	27.00000000138982	27.00000000116387
27.999999995941263	28.000000001394135	28.000000001222258
28.999999995539365	29.000000001245667	29.000000001250392
29.99999999513747	30.00000000109719	30.00000000111172
30.999999994735578	31.00000000094872	31.00000000097305
31.999999994333677	32.000000000800256	32.000000000834376
32.99999999393179	33.00000000065178	33.00000000069571
33.99999999352989	34.00000000050331	34.00000000055704
34.99999999312799	35.00000000035485	35.00000000041837
35.9999999927261	36.00000000020638	36.0000000002797
36.999999992324206	37.000000000057916	37.00000000014103
37.999999991922316	37.99999999990944	38.000000000002366
38.99999999152042	38.99999999976097	38.99999999986369
39.99999999111852	39.9999999996125	39.99999999972502
40.99999999071663	40.99999999946404	40.99999999958635
41.999999990314734	41.99999999931556	41.999999999447674
42.99999998991284	42.9999999991671	42.99999999930901
43.99999998972068	43.99999999901863	43.999999999170335
44.99999998984031	44.99999999887016	44.999999999031665
45.999999989959946	45.99999999872169	45.999999998892996
46.99999999007957	46.999999998573216	46.999999998754326
47.99999999019921	47.99999999842475	47.999999998615664
48.999999990318834	48.99999999827628	48.99999999847698
49.99999999043847	49.99999999812781	49.999999998338325
50.999999990558095	50.999999997979344	50.99999999819965
51.99999999067772	51.99999999783088	51.99999999806098
52.99999999079736	52.99999999768241	52.99999999792231
53.99999999091699	53.99999999753393	53.99999999778365
54.99999999103662	54.999999997385466	54.99999999764496
55.999999991156244	55.99999999702862	55.9999999975063
56.99999999127588	56.9999999964704	56.99999999736764
57.999999991395505	57.999999995912184	57.999999997349974
58.99999999151514	58.99999999535397	58.99999999760542
59.999999991634766	59.99999999479576	59.99999999786086
60.99999999175441	60.99999999423754	60.999999998116294
61.99999999187403	61.999999993679324	61.999999998371734
62.99999999199367	62.999999993121115	62.999999998627175
63.999999992113295	63.99999999256289	63.999999998882615
64.99999999223292	64.99999999200467	64.99999999913805
65.99999999235256	65.99999999144647	65.9999999993935
66.99999999247218	66.99999999088826	66.99999999964895
67.99999999259182	67.99999999033004	67.99999999990439
68.99999999271145	68.99999998977182	69.00000000015982
69.99999999283108	69.9999999892136	70.00000000041526
70.9999999929507	70.99999998865539	71.0000000006707
71.99999999307033	71.99999998809717	72.00000000092615
72.99999999318997	72.99999998753896	73.00000000118158
73.9999999933096	73.99999998698075	74.00000000143702
74.99999999342924	74.99999998642254	75.00000000169247
75.99999999354885	75.99999998586433	76.00000000194791
76.99999999366848	76.9999999853061	77.00000000230268
77.99999999378812	77.99999998474789	78.00000000374057
78.99999999390775	78.99999998418967	79.00000000517846
79.99999999402739	79.99999998363147	80.00000000661636
80.99999999414702	80.99999998307325	81.00000000805424
81.99999999426664	81.99999998251504	82.00000000949214
82.99999999438627	82.99999998195683	83.00000001093004
83.99999999450591	83.9999999813986	84.00000001236793
84.99999999462554	84.99999998084039	85.00000001380582
85.99999999474517	85.99999998028218	86.00000001524371
86.9999999948648	86.99999997972395	87.0000000166816
87.99999999498444	87.99999997916575	88.00000001811951
88.99999999510405	88.99999997860753	89.00000001955739
89.99999999522369	89.99999997804932	90.00000002099529
90.99999999534332	90.9999999774911	91.00000002243317
91.99999999546296	91.99999997693288	92.00000002387107
92.99999999558258	92.99999997637468	93.00000002530896
93.9999999957022	93.99999997581646	94.00000002674685
94.99999999582184	94.99999997525825	95.00000002818474
95.99999999594147	95.99999997470003	96.00000002962263
96.99999999606109	96.9999999741418	97.00000003106054
97.99999999618073	97.99999997358361	98.00000003249843
98.99999999630037	98.99999997302538	99.0000000339363
99.99999999641999	99.99999997246717	100.0000000353742
100.99999999653963	100.99999997190898	101.0000000368121
101.99999999665926	101.99999997135075	102.00000003824998
102.9999999967789	102.99999997079252	103.00000003968788
103.99999999689851	103.99999997023431	104.00000004112577
104.99999999701815	104.9999999696761	105.00000004256367
105.99999999713778	105.9999999691179	106.00000004400155
106.99999999725742	106.99999996855968	107.00000004543945
107.99999999737703	107.99999996800145	108.00000004687735
108.99999999749666	108.99999996744324	109.00000004831523
109.99999999761629	109.99999996688501	110.00000004975313
110.99999999773593	110.99999996634085	111.00000005119102
111.99999999785555	111.99999996660213	112.0000000526289
112.9999999979752	112.99999996686343	113.0000000540668
113.99999999809484	113.99999996712468	114.0000000555047
114.99999999821446	114.99999996738596	115.0000000569426
115.99999999833409	115.99999996764724	116.00000005838048
116.99999999845372	116.99999996790854	117.00000005981836
117.99999999857334	117.9999999681698	118.00000006125627
118.99999999869297	118.99999996843107	119.00000006269416
119.99999999881258	119.99999996869235	120.00000006413205
120.99999999893224	120.99999996895363	121.00000006556996
121.99999999905187	121.9999999692149	122.00000006700785
122.9999999991715	122.99999996947618	123.00000006844573
123.99999999929112	123.99999996973744	124.00000006988361
124.99999999941076	124.99999996999873	125.0000000713215
125.99999999953039	125.99999997026002	126.00000007275942
126.99999999965002	126.99999997052129	127.0000000741973
127.99999999976964	127.99999997078258	128.00000007563517
128.99999999988927	128.99999997104382	129.00000007707308
130.00000000000892	129.99999997130513	130.00000007851096
131.00000000012855	130.99999997156638	131.00000007994888
132.00000000024818	131.99999997182766	132.00000008138676
133.0000000003678	132.99999997208894	133.00000008282464
134.00000000048743	133.99999997235025	134.00000008426252
135.00000000060706	134.9999999726115	135.00000008570044
136.00000000072671	135.99999997287279	136.00000008713832
137.0000000008463	136.99999997313404	137.0000000885762
138.00000000096594	137.99999997339532	138.0000000900141
139.0000000010856	138.9999999736566	139.00000009145202
140.00000000120522	139.99999997391788	140.0000000928899
141.00000000132485	140.99999997417916	141.0000000943278
142.00000000144448	141.99999997444044	142.0000000957657
143.0000000015641	142.9999999747017	143.00000009720355
144.00000000168373	143.99999997496298	144.00000009864146
145.0000000018034	144.99999997522426	145.00000010007935
146.00000000192298	145.99999997548554	146.00000010151723
147.0000000020426	146.99999997574682	147.00000010295514
148.00000000216227	147.9999999760081	148.00000010439305
149.0000000022819	148.99999997626938	149.00000010583094
150.00000000240152	149.99999997653066	150.00000010726882
151.00000000252115	150.99999997679194	151.0000001087067
152.00000000264077	151.9999999770532	152.0000001101446
153.0000000027604	152.99999997731447	153.0000001115825
154.00000000288003	153.99999997757575	154.000000112623
155.00000000299968	154.99999997783704	155.000000111696
156.0000000031193	155.9999999780983	156.000000110769
157.00000000323894	156.99999997760384	157.00000010984198
158.00000000335856	157.99999997554315	158.00000010891497
159.00000000347822	158.9999999734824	159.00000010798797
160.00000000359782	159.99999997142172	160.00000010706094
161.00000000371745	160.99999996936097	161.00000010613394
162.0000000038371	161.99999996730023	162.0000001052069
163.0000000039567	162.99999996523954	163.00000010427988
164.00000000407636	163.99999996317882	164.0000001033529
165.00000000419598	164.99999996111808	165.0000001024259
166.0000000043156	165.99999995905736	166.00000010149887
167.00000000443526	166.99999995699665	167.00000010057187
168.00000000455486	167.99999995493593	168.00000009964486
169.00000000467452	168.99999995287519	169.00000009871783
170.00000000479415	169.99999995081447	170.00000009779083
171.00000000491374	170.99999994875378	171.00000009686383
172.0000000050334	171.99999994669307	172.0000000959368
173.000000005153	172.99999994463235	173.0000000950098
174.00000000527265	173.9999999425716	174.00000009408276
175.00000000412257	174.9999999405109	175.00000009315576
176.00000000215613	175.99999993845015	176.00000009222876
177.00000000018966	176.99999993638946	177.00000009130176
177.9999999982232	177.9999999343287	178.00000009037473
178.99999999625672	178.999999932268	179.00000008944772
179.99999999429025	179.99999993020725	180.00000008852072
180.99999999232378	180.99999992814654	181.0000000875937
181.99999999035728	181.99999992608585	182.0000000866667
182.99999998839084	182.99999992402513	183.00000008573969
183.9999999864244	183.9999999219644	184.00000008481265
184.9999999844579	184.99999991990367	185.00000008388565
185.99999998249143	185.99999991784296	186.00000008295862
186.99999998052496	186.99999991578224	187.00000008203162
187.9999999785585	187.9999999137215	188.00000008110462
188.99999997762393	188.99999991166078	189.0000000801776
189.99999997758778	189.9999999096001	190.0000000792506
190.99999997755162	190.99999990753935	191.00000007832358
191.99999997751544	191.9999999054786	192.00000007739658
192.9999999774793	192.99999990341792	193.00000007646955
193.99999997744317	193.99999990135717	194.00000007554254
194.999999977407	194.99999989929645	195.0000000746155
195.99999997737083	195.99999989723577	196.0000000736885
196.99999997733468	196.99999989517502	197.00000007276148
197.99999997729853	197.99999989311428	198.00000007183448
198.9999999772624	198.9999998910536	199.00000007090748
199.99999997722622	199.99999988899285	200.00000006998047
200.99999997719007	200.99999988693216	201.00000006905347
201.99999997715392	201.99999988487141	202.00000006812644
202.99999997711777	202.9999998828107	203.00000006719944
203.99999997708161	203.99999988074995	204.00000006627243
204.99999997704546	204.99999987868924	205.00000006534543
205.9999999770093	205.99999987662852	206.00000006441837
206.99999997697319	206.9999998745678	207.00000006349137
207.999999976937	207.9999998725071	208.00000006256437
208.99999997690085	208.9999998704464	209.0000000616374
209.9999999768647	209.99999986838563	210.00000006071033
210.99999997682852	210.99999986632494	211.00000005978333
211.99999997679237	211.9999998642642	212.00000005885633
212.99999997675621	212.99999986220348	213.00000005792933
213.99999997672006	213.99999986014276	214.00000005700232
214.99999997668394	214.99999985808205	215.0000000560753
215.99999997664776	215.99999985602133	216.0000000551483
216.99999997661163	216.9999998539606	217.00000005422126
217.99999997657548	217.99999985189987	218.0000000532943
218.9999999765393	218.99999984983918	219.00000005236726
219.99999997650315	219.99999984777844	220.00000005144025
220.99999997646702	220.99999984571772	221.00000005051322
221.99999997643084	221.999999843657	222.00000004958622
222.9999999763947	222.9999998415963	223.00000004865922
223.99999997635857	223.99999983953552	224.00000004773216
224.99999997632239	224.99999983747483	225.00000004680516
225.99999997628626	225.9999998354141	226.00000004587815
226.99999997625008	226.9999998333534	227.00000004495115
227.99999997621393	227.99999983129266	228.00000004402415
228.99999997617778	228.99999982923194	229.00000004309712
229.99999997614162	229.99999982717122	230.00000004217011
230.99999997610544	230.9999998251105	231.0000000408833
231.9999999760693	231.99999982304976	232.00000003837985
232.99999997603314	232.99999982098907	233.0000000358764
233.99999997599699	233.99999981892836	234.00000003337294
234.99999997596086	234.99999981686764	235.0000000308695
235.9999999759247	235.99999981480687	236.00000002836603
236.99999997588856	236.99999981274618	237.00000002586256
237.9999999758524	237.99999981068547	238.00000002335912
238.99999997581625	238.99999980862475	239.00000002085568
239.9999999757801	239.99999980656403	240.00000001835224
240.99999997574392	240.9999998045033	241.00000001584877
241.9999999757078	241.99999980244255	242.0000000133453
242.99999997567164	242.99999980038186	243.00000001084186
243.99999997563546	243.9999997983211	244.00000000833842
244.99999997559934	244.9999997962604	245.00000000583498
245.99999997556318	245.9999997941997	246.0000000033315
246.999999975527	246.999999792139	247.00000000082807
247.99999997549088	247.99999979007822	247.99999999832463
248.99999997545467	248.9999997880175	248.99999999582113
249.99999997541852	249.99999978595682	249.99999999331772
250.99999997538242	250.99999978389607	250.99999999081427
251.99999997534627	251.99999978183536	251.9999999883108
252.99999997531012	252.9999997797746	252.99999998580734
253.99999997527397	253.9999997777139	253.99999998330392
254.99999997523778	254.9999997756532	254.99999998080045
255.99999997520166	255.99999977359246	255.99999997829698
256.9999999751655	256.99999977153175	256.99999997579357
257.9999999751293	257.999999769471	257.9999999732901
258.99999997509315	258.9999997674103	258.99999997078663
259.999999975057	259.99999976534957	259.9999999682832
260.99999997502084	260.9999997632888	260.99999996577975
261.9999999749847	261.99999976122814	261.9999999632763
262.99999997494854	262.9999997591674	262.9999999607728
263.99999997491244	263.9999997571067	263.99999995826937
264.9999999748763	264.99999975504596	264.99999995576593
265.99999997484014	265.9999997529853	265.9999999532625
266.9999999748039	266.99999975092453	266.999999950759
267.9999999747678	267.9999997488638	267.99999994825555
268.9999999747316	268.9999997468031	268.9999999457521
269.99999997469547	269.9999997447424	269.99999994324867
270.9999999746594	270.99999974268167	270.99999994074517
271.99999997462317	271.9999997406209	271.99999993824173
272.999999974587	272.99999973856023	272.9999999357383
273.99999997455086	273.9999997364995	273.99999993323485
274.99999997451476	274.99999973443875	274.9999999307314
275.99999997447856	275.99999973237806	275.99999992822796
276.9999999744424	276.99999973031737	276.9999999257245
277.99999997440625	277.9999997282566	277.9999999232211
278.9999999743701	278.99999972619594	278.9999999207176
279.99999997433395	279.99999972413514	279.99999991821414
280.9999999742978	280.9999997220745	280.9999999157107
281.99999997426164	281.9999997200137	281.99999991320726
282.9999999742255	282.999999717953	282.99999991070376
283.99999997418934	283.9999997158923	283.9999999082003
284.9999999741532	284.9999997138316	284.9999999056969
285.99999997411703	285.99999971177084	285.9999999031934
286.9999999740808	286.9999997097101	286.99999990068994
287.9999999740447	287.99999970764947	287.99999989818656
288.9999999740086	288.99999970558866	288.9999998956831
289.9999999739724	289.9999997035279	289.9999998931796
290.99999997393627	290.9999997014673	290.9999998906762
291.9999999739001	291.99999969940654	291.99999988817274
292.99999997386396	292.9999996973458	292.99999988566924
293.9999999738278	293.9999996952851	293.9999998831658
294.99999997379166	294.99999969322437	294.99999988066236
295.9999999737555	295.9999996911637	295.9999998781589
296.99999997371935	296.9999996891029	296.9999998756555
297.99999997368315	297.9999996870422	297.99999987315203
298.99999997364705	298.99999968498145	298.99999987064854
299.99999997361084	299.99999968292076	299.9999998681451
300.99999997357475	300.99999968086	300.99999986564166
301.9999999735386	301.9999996787993	301.9999998631382
302.9999999735024	302.9999996767386	302.9999998606347
303.99999997346623	303.9999996746779	303.9999998581313
304.99999997343014	304.99999967261715	304.99999985562783
305.999999973394	305.99999967055646	305.9999998531244
306.9999999733578	306.9999996684957	306.9999998506209
307.9999999733217	307.99999966643503	307.9999998481175
308.9999999732855	308.9999996643743	308.99999984561407
309.9999999732494	309.99999966231354	309.99999984311063
310.9999999732132	310.9999996602528	310.99999984060713
311.99999997317707	311.9999996581921	311.9999998381037
312.99999997314086	312.9999996561314	312.99999983560025
313.9999999731047	313.99999965104774	313.9999998330968
314.9999999730686	314.99999964434306	314.9999998305933
315.9999999730324	315.9999996376383	315.99999982808987
316.99999997299625	316.9999996309336	316.9999998255865
317.99999997296015	317.9999996242289	317.99999982308304
318.999999972924	318.9999996175242	318.99999982057955
319.9999999728878	319.9999996108195	319.9999998180761
320.99999997285164	320.9999996041148	320.99999981557266
321.9999999728155	321.99999959741007	321.9999998130692
322.99999997277934	322.9999995907053	322.9999998105658
323.9999999727432	323.9999995840006	323.9999998080623
324.9999999727071	324.99999957729585	324.99999980555884
325.9999999726709	325.9999995705911	325.99999980305535
326.9999999726347	326.99999956388643	326.9999998005519
327.9999999725986	327.9999995571817	327.9999997980485
328.9999999725624	328.999999550477	328.99999979554497
329.99999997252627	329.9999995437723	329.9999997930416
330.9999999724901	330.9999995370676	330.9999997905381
331.99999997245396	331.9999995303629	331.9999997880347
332.9999999724178	332.9999995236582	332.9999997855312
333.9999999723817	333.9999995169534	333.99999978302776
334.9999999723455	334.9999995102487	334.99999978052426
335.99999997230935	335.999999503544	335.9999997780209
336.9999999722732	336.9999994968393	336.9999997755174
337.99999997223705	337.99999949013454	337.999999773014
338.9999999722009	338.99999948342986	338.9999997705105
339.9999999721647	339.9999994767251	339.99999976800706
340.9999999721286	340.99999947002044	340.99999976550356
341.99999997209244	341.9999994633157	341.9999997630002
342.9999999720563	342.99999945661096	342.9999997604967
343.9999999720201	343.9999994499063	343.99999975799324
344.999999971984	344.9999994432016	344.99999975548974
345.99999997194783	345.99999943649686	345.99999975298635
346.9999999719117	346.9999994297921	346.99999975048286
347.9999999718755	347.9999994230874	347.9999997479795
348.99999997274585	348.9999994163827	348.999999745476
349.9999999768819	349.999999409678	349.99999974297253
350.99999998101794	350.99999940297323	350.99999974046904
351.999999985154	351.99999939626855	351.9999997379656
352.9999999892901	352.9999993895638	352.9999997354622
353.9999999934261	353.99999938285913	353.9999997329587
354.99999999756216	354.9999993761544	354.9999997304553
356.00000000169814	355.99999936944965	355.99999972795183
357.00000000583424	356.9999993627449	356.99999972544833
358.0000000099703	357.99999935604023	357.9999997229449
359.0000000141063	358.99999934933555	358.9999997204415
360.00000001824236	359.9999993426308	359.999999717938
361.00000002237846	360.99999933592613	360.9999997154345
362.0000000265145	361.9999993292214	361.99999971293107
363.00000003065054	362.99999932251666	362.99999971042763
364.0000000347866	363.999999315812	363.99999970792425
365.0000000389226	364.99999930910724	364.99999970542075
366.00000004305866	365.9999993024025	365.99999970291725
367.0000000471947	366.99999929569776	366.99999970041387
368.0000000513308	367.9999992889931	367.99999969791037
369.00000005546684	368.9999992822884	368.9999996954069
370.0000000596028	369.99999927558366	369.9999996929035
371.0000000637389	370.999999268879	370.9999996904
372.00000006787496	371.99999926217424	371.99999968789655
373.000000072011	372.9999992554695	372.9999996853931
374.00000007614705	373.9999992487648	373.99999968288967
375.0000000802831	374.99999924206	374.9999996803863
376.0000000844191	375.9999992353554	375.9999996778828
377.0000000885551	376.99999922865067	376.99999967537934
378.0000000926912	377.9999992219459	377.9999996728759
379.00000009682725	378.99999921524125	378.99999967037246
380.0000001009633	379.9999992085365	379.99999966786896
381.0000001050994	380.99999920183177	380.9999996653655
382.00000010923543	381.9999991951271	381.9999996628621
383.0000001133715	382.9999991884224	382.99999966035864
384.00000011750745	383.99999918171767	383.99999965785514
385.0000001216436	384.99999917501293	384.9999996553517
386.0000001257796	385.9999991683082	385.99999965284826
387.00000012991563	386.9999991616035	386.9999996503448
388.00000013405173	387.9999991548988	387.9999996478414
389.0000001381878	388.9999991481941	388.9999996453379
390.00000014232376	389.99999914148935	389.9999996428344
391.00000014645985	390.9999991347846	390.999999640331
392.0000001505959	391.9999991280799	391.9999996378275
393.000000154732	392.9999991213752	392.99999963532406
394.0000001588679	393.99999911467046	393.9999996328206
395.000000163004	394.9999991079658	394.9999996303172
396.00000016714006	395.999999101261	395.99999962781374
397.0000001712761	396.99999909455636	396.99999962531024
398.00000017541214	397.9999990878516	397.99999962280685
399.0000001795482	398.99999908114694	398.99999962030336
400.0000001836843	399.99999907444214	399.9999996177999
401.0000001878203	400.99999906773746	400.9999996152965
402.0000001919564	401.9999990610327	401.99999961279303
403.00000019609234	402.99999905432804	402.99999961028954
404.00000020022844	403.99999904762325	403.9999996077861
405.00000020436454	404.9999990409186	404.99999960528265
406.0000002085005	405.9999990342139	405.99999960277916
407.00000021263656	406.9999990275092	406.99999960027577
408.00000021677266	407.9999990208044	407.99999959777233
409.0000002209087	408.9999990140997	408.99999959526883
410.00000022504474	409.999999007395	409.9999995927654
411.0000002291808	410.99999900069025	410.9999995902619
412.0000002333168	411.9999989939856	411.9999995877585
413.00000023745287	412.99999898728083	412.999999585255
414.00000024158896	413.99999898057615	413.9999995827516
415.00000024572495	414.99999897387147	414.99999958024813
416.00000024986105	415.99999896716673	415.99999957774463
417.0000002539971	416.99999896046205	416.99999957524125
418.0000002581331	417.9999989537573	417.99999957273775
419.00000026226917	418.9999989470526	418.9999995702343
420.00000026640515	419.9999989403479	419.9999995677309
421.00000027054125	420.9999989336431	420.9999995652274
422.0000002746773	421.9999989269384	421.999999562724
423.00000027881333	422.9999989202337	422.9999995602205
424.00000028294943	423.99999891352905	423.9999995577171
425.0000002870854	424.9999989068243	424.9999995552136
426.00000029122145	425.9999989001195	425.99999955271016
427.00000029535755	426.99999889341484	426.9999995502067
428.0000002994936	427.99999888671016	427.9999995477033
429.00000030362963	428.9999988800054	428.9999995451998
430.0000003077657	429.9999988733007	429.99999954269634
431.0000003119018	430.999998866596	430.9999995401929
432.0000003160378	431.99999885989126	431.9999995376894
433.0000003201738	432.9999988531866	432.999999535186
434.0000003243099	433.99999884648184	433.9999995326825
435.0000003284459	434.99999883977716	434.9999995301791
436.000000332582	435.99999883307237	435.99999952767564
437.000000336718	436.9999988263677	436.99999952517214
438.00000034085406	437.99999881966295	437.99999952266876
439.0000003449901	438.99999881295827	438.99999952016526
440.00000034912614	439.99999880625353	439.9999995176618
441.00000035326224	440.9999987995488	440.9999995151584
442.0000003573983	441.9999987928441	441.9999995126549
443.0000003615343	442.99999878613943	442.9999995101515
444.00000036567036	443.9999987794347	443.99999950764806
445.00000036980634	444.99999877273	444.99999950514456
446.00000037394244	445.9999987660253	445.9999995026412
447.0000003780784	446.9999987593206	446.9999995001377
448.0000003822145	447.9999987526158	447.9999994976342
449.00000038635056	448.9999987459111	448.99999949513074
450.00000039048666	449.9999987392064	449.99999949262735
451.00000039462265	450.9999987325017	450.99999949012386
452.00000039875874	451.99999872579696	451.99999948762047
453.0000004028948	452.9999987190923	452.9999994851169
454.0000004070308	453.99999871238754	453.9999994826135
455.0000004111668	454.99999870568286	454.99999948011003
456.0000004153029	455.9999986989781	455.9999994776066
457.00000041943895	456.9999986922734	456.99999947510315
458.000000423575	457.9999986855687	457.9999994725997
459.00000042771103	458.99999867886396	458.9999994700962
460.00000043184707	459.9999986721592	459.9999994675928
461.00000043598317	460.99999866545454	460.99999946508933
462.0000004401192	461.9999986587498	461.99999946402517
463.0000004442552	462.9999986520451	462.99999946467454
464.0000004483913	463.9999986453404	463.999999465324
465.00000045252733	464.99999863863565	464.9999994659735
466.0000004566634	465.9999986319309	465.99999946662285
467.00000046079947	466.9999986252263	466.9999994672723
468.00000046493545	467.9999986185215	467.9999994679217
469.00000046907155	468.99999861181686	468.99999946857116
470.0000004732076	469.99999860511207	469.99999946922054
471.0000004773436	470.9999985984074	470.99999946987003
472.0000004814796	471.9999985917027	471.9999994705194
473.0000004856157	472.99999858499797	472.99999947116885
474.00000048975176	473.99999857829323	473.9999994718183
475.0000004938878	474.99999857158855	474.9999994724677
476.00000049802384	475.9999985648838	475.9999994731172
477.00000050215993	476.9999985581791	476.9999994737666
478.000000506296	477.9999985514744	477.999999474416
479.000000510432	478.9999985447696	478.99999947506547
480.000000514568	479.9999985380649	479.99999947571484
481.00000051870404	480.9999985313602	480.99999947636434
482.0000005228401	481.9999985246555	481.9999994770137
483.0000005269761	482.99999851795076	482.99999947766315
484.0000005311122	483.9999985112461	483.9999994783126
485.00000053524826	484.9999985045413	484.999999478962
486.00000053938436	485.9999984978366	485.99999947961146
487.0000005435204	486.999998491132	486.9999994802609
488.0000005476564	487.9999984844272	487.99999948091033
489.0000005517925	488.9999984777225	488.9999994815597
490.00000055592847	489.99999847101776	489.9999994822092
491.0000005600645	490.9999984643131	490.9999994828586
492.0000005642006	491.9999984576083	491.999999483508
493.00000056833665	492.9999984509036	492.99999948415734
494.0000005724727	493.9999984441989	493.9999994848068
495.0000005766087	494.9999984374942	494.99999948545627
496.00000058074477	495.9999984307895	495.99999948610576
497.0000005848808	496.99999842408477	496.99999948675514
498.00000058901685	497.99999841738	497.9999994874045
499.0000005931529	498.99999841067535	498.99999948805396
500.000000597289	499.99999840397055	499.99999948870345
501.00000060142503	500.9999983972659	500.99999948935283
502.000000605561	501.9999983905612	501.99999949000227
503.0000006096971	502.99999838385645	502.99999949065165
504.0000006138331	503.99999837715177	503.99999949130114
505.00000061796925	504.99999837044703	504.9999994919506
506.0000006221053	505.99999836374235	505.99999949259995
507.00000062624133	506.9999983570376	506.9999994932494
508.0000006303773	507.9999983503329	507.9999994938989
509.00000063451336	508.99999834362814	508.9999994945483
510.0000006386494	509.99999833692345	509.99999949519776
511.0000006427855	510.9999983302187	510.99999949584713
512.0000006469215	511.999998323514	511.99999949649657
513.0000006510576	512.9999983168093	512.9999994971461
514.0000006551936	513.9999983101046	513.9999994977954
515.0000006593297	514.9999983033998	514.9999994984449
516.0000006634657	515.9999982966951	515.9999994990943
517.0000006676017	516.9999982899905	516.9999994997437
518.0000006717379	517.9999982832857	517.9999995003932
519.0000006758739	518.999998276581	518.9999995010426
520.00000068001	519.9999982698763	519.999999501692
521.000000684146	520.9999982631715	520.9999995023413
522.0000006882821	521.9999982564668	521.9999995029908
523.0000006924181	522.9999982497621	522.9999995036402
524.0000006965541	523.9999982430573	523.9999995042897
525.0000007006902	524.9999982363527	524.9999995049391
526.0000007048262	525.999998229648	525.9999995055886
527.0000007089623	526.9999982229433	526.999999506238
528.0000007130983	527.9999982162386	527.9999995068874
529.0000007172343	528.9999982095338	528.9999995075369
530.0000007213704	529.9999982028291	529.9999995081863
531.0000007255065	530.9999981961244	530.9999995088357
532.0000007296425	531.9999981894197	531.9999995094851
533.0000007337786	532.999998182715	532.9999995101346
534.0000007379145	533.9999981760102	533.9999995107839
535.0000007420506	534.9999981693055	534.9999995114334
536.0000007461867	535.9999981626008	535.9999995120828
537.0000007503227	536.999998155896	536.9999995127323
538.0000007544588	537.9999981491914	537.9999995133817
539.0000007585948	538.9999981424867	538.9999995140312
540.0000007627309	539.999998135782	539.9999995146806
541.000000766867	540.9999981290773	540.9999995153299
542.0000007710029	541.9999981223725	541.9999995159793
543.000000775139	542.9999981156678	542.9999995166288
544.0000007792751	543.999998108963	543.9999995172783
545.0000007834111	544.9999981022584	544.9999995179277
546.0000007875472	545.9999980955537	545.9999995185772
547.0000007916832	546.999998088849	546.9999995192267
548.0000007958192	547.9999980821442	547.999999519876
549.0000007999553	548.9999980754395	548.9999995205254
550.0000008040913	549.9999980687348	549.9999995211749
551.0000008082274	550.99999806203	550.9999995218243
552.0000008123634	551.9999980553254	551.9999995224737
553.0000008164994	552.9999980486207	552.9999995231232
554.0000008206356	553.999998041916	553.9999995237725
555.0000008247716	554.9999980352113	554.999999524422
556.0000008289076	555.9999980285064	555.9999995250714
557.0000008330437	556.9999980218017	556.9999995257208
558.0000008371798	557.999998015097	557.9999995263703
559.0000008413158	558.9999980083923	558.9999995270197
560.0000008454517	559.9999980016877	559.999999527669
561.0000008495879	560.9999979949829	560.9999995283187
562.0000008537239	561.9999979882782	561.9999995289679
563.00000085786	562.9999979815734	562.9999995296174
564.000000861996	563.9999979748688	563.9999995302669
565.0000008661322	564.999997968164	564.9999995309163
566.0000008702681	565.9999979614594	565.9999995315657
567.0000008744041	566.9999979547547	566.9999995322152
568.0000008785402	567.9999979480499	567.9999995328645
569.0000008826762	568.9999979413452	568.999999533514
570.0000008868122	569.9999979346404	569.9999995341634
571.0000008909484	570.9999979279359	570.9999995348128
572.0000008950843	571.999997921231	571.9999995354623
573.0000008992204	572.9999979145264	572.9999995361117
574.0000009033565	573.9999979078217	573.9999995367612
575.0000009074926	574.9999979011169	574.9999995374105
576.0000009116285	575.9999978944122	575.99999953806
577.0000009157646	576.9999978877074	576.9999995387094
578.0000009199007	577.9999978810027	577.9999995393589
579.0000009240367	578.9999978742981	578.9999995400082
580.0000009281728	579.9999978675933	579.9999995406577
581.0000009323087	580.9999978608886	580.9999995413071
582.0000009364448	581.9999978541839	581.9999995419565
583.0000009405809	582.9999978474792	582.9999995426059
584.0000009447169	583.9999978407745	583.9999995432554
585.000000948853	584.9999978340697	584.9999995439049
586.000000952989	585.9999978273651	585.9999995445542
587.0000009571252	586.9999978206604	586.9999995452038
588.0000009612612	587.9999978139556	587.9999995458531
589.0000009653971	588.9999978072508	588.9999995465026
590.0000009695332	589.9999978005462	589.999999547152
591.0000009736692	590.9999977938414	590.9999995478014
592.0000009778054	591.9999977871367	591.9999995484508
593.0000009819414	592.999997780432	592.9999995491003
594.0000009860773	593.9999977737273	593.9999995497496
595.0000009902135	594.9999977670226	594.9999995503991
596.0000009943495	595.9999977603179	595.9999995510485
597.0000009984856	596.9999977536132	596.999999551698
598.0000010026216	597.9999977469084	597.9999995523474
599.0000010067577	598.9999977402036	598.9999995529969
600.0000010108937	599.999997733499	599.9999995536463
601.0000010150299	600.9999977267943	600.9999995542958
602.0000010191658	601.9999977200896	601.9999995549451
603.0000010233019	602.9999977133849	602.9999995555945
604.0000010274379	603.9999977066802	603.999999556244
605.0000010315739	604.9999976999754	604.9999995568935
606.0000010357099	605.9999976932706	605.9999995575429
607.000001039846	606.999997686566	606.9999995581923
608.0000010439821	607.9999976798613	607.9999995588418
609.0000010481181	608.9999976731565	608.9999995594911
610.0000010522541	609.9999976664518	609.9999995601405
611.0000010563903	610.9999976597471	610.99999956079
612.0000010605262	611.9999976530424	611.9999995614394
613.0000010646623	612.9999976463376	612.9999995620888
614.0000010687984	613.9999976396329	613.9999995627383
615.0000010729344	614.9999976329283	614.9999995633877
616.0000010770705	615.9999976262236	615.9999995640371
617.0000010812065	616.9999976195189	616.9999995646866
618.0000010853425	617.999997612814	617.999999565336
619.0000010894787	618.9999976061093	618.9999995659855
620.0000010936147	619.9999975994047	619.9999995666349
621.0000010977507	620.9999975927	620.9999995672842
622.0000011018867	621.9999975859953	621.9999995679337
623.0000011060229	622.9999975792905	622.9999995685832
624.0000011101588	623.9999975725858	623.9999995692326
625.000001114295	624.999997565881	624.999999569882
626.000001118431	625.9999975591764	625.9999995705315
627.000001122567	626.9999975524718	626.9999995711808
628.0000011267031	627.999997545767	627.9999995718302
629.0000011308391	628.9999975390623	628.9999995724797
630.000001134975	629.9999975323575	629.9999995731291
631.0000011391111	630.9999975256529	630.9999995737786
632.0000011432472	631.999997518948	631.999999574428
633.0000011473833	632.9999975122435	632.9999995750775
634.0000011515193	633.9999975055388	633.9999995757269
635.0000011556554	634.999997498834	634.9999995763764
636.0000011597913	635.9999974921293	635.9999995770257
637.0000011639274	636.9999974854245	636.9999995776751
638.0000011680635	637.9999974787198	637.9999995783246
639.0000011721996	638.9999974720151	638.999999578974
640.0000011763356	639.9999974653105	639.9999995796235
641.0000011804716	640.9999974586057	640.9999995802729
642.0000011846076	641.999997451901	641.9999995809223
643.0000011887438	642.9999974451963	642.9999995815717
644.0000011928798	643.9999974384916	643.9999995822211
645.0000011970159	644.9999974317868	644.9999995828705
646.0000012011518	645.9999974250821	645.99999958352
647.000001205288	646.9999974183775	646.9999995841695
648.000001209424	647.9999974116728	647.9999995848189
649.00000121356	648.999997404968	648.9999995854682
650.0000012176961	649.9999973982632	649.9999995861177
651.000001221832	650.9999973915585	650.9999995867672
652.000001225968	651.9999973848537	651.9999995874166
653.0000012301042	652.999997378149	652.999999588066
654.0000012342402	653.9999973714444	653.9999995887155
655.0000012383763	654.9999973647396	654.9999995893648
656.0000012425123	655.999997358035	655.9999995900143
657.0000012466485	656.9999973513303	656.9999995906637
658.0000012507845	657.9999973446255	657.9999995913131
659.0000012549204	658.9999973379208	658.9999995919626
660.0000012590565	659.999997331216	659.9999995926121
661.0000012631926	660.9999973245114	660.9999995932615
662.0000012673287	661.9999973178067	661.9999995939108
663.0000012714647	662.999997311102	662.9999995945603
664.0000012756007	663.9999973043973	663.9999995952097
665.0000012797367	664.9999972976925	664.9999995958591
666.0000012838727	665.9999972909878	665.9999995965086
667.0000012880089	666.9999972842832	666.999999597158
668.0000012921449	667.9999972775784	667.9999995978073
669.000001296281	668.9999972708737	668.9999995984568
670.000001300417	669.9999972641689	669.9999995991062
671.0000013045532	670.9999972574642	670.9999995997557
672.0000013086891	671.9999972507595	671.9999996004051
673.0000013128252	672.9999972440548	672.9999996010546
674.0000013169612	673.99999723735	673.9999996017041
675.0000013210972	674.9999972306454	674.9999996023535
676.0000013252334	675.9999972239407	675.9999996030028
677.0000013293693	676.9999972172359	676.9999996036523
678.0000013335055	677.9999972105312	677.9999996043017
679.0000013376415	678.9999972038265	678.9999996049511
680.0000013417774	679.9999971971218	679.9999996056006
681.0000013459135	680.999997190417	680.99999960625
682.0000013500496	681.9999971837124	681.9999996068995
683.0000013541857	682.9999971770077	682.9999996075488
684.0000013583217	683.9999971703029	683.9999996081982
685.0000013624577	684.9999971635982	684.9999996088477
686.0000013665938	685.9999971568934	685.9999996094972
687.0000013707298	686.9999971501887	686.9999996101466
688.0000013748659	687.999997143484	687.999999610796
689.0000013790019	688.9999971367793	688.9999996114453
690.0000013831379	689.9999971300747	689.9999996120948
691.000001387274	690.9999971233699	690.9999996127443
692.00000139141	691.9999971166652	691.9999996133937
693.0000013955461	692.9999971099604	692.9999996140431
694.0000013996822	693.9999971032557	693.9999996146926
695.0000014038181	694.999997096551	694.999999615342
696.0000014079542	695.9999970898464	695.9999996159916
697.0000014120902	696.9999970831416	696.9999996166408
698.0000014198524	697.9999970764369	697.9999996172904
699.000001432333	698.9999970697321	698.9999996179397
700.0000014448133	699.9999970630275	699.9999996185891
701.0000014572938	700.9999970563227	700.9999996192386
702.0000014697742	701.9999970496181	701.9999996198881
703.0000014822547	702.9999970429133	702.9999996205374
704.0000014947351	703.9999970362086	703.9999996211869
705.0000015072155	704.9999970295039	704.9999996218362
706.0000015196961	705.9999970227991	705.9999996224857
707.0000015321765	706.9999970160944	706.9999996231352
708.0000015446569	707.9999970093897	707.9999996237846
709.0000015571375	708.9999970026851	708.999999624434
710.0000015696178	709.9999969959804	709.9999996250834
711.0000015820983	710.9999969892756	710.9999996257329
712.0000015945787	711.9999969825708	711.9999996263823
713.0000016070592	712.9999969758662	712.9999996270318
714.0000016195395	713.9999969691615	713.9999996276812
715.00000163202	714.9999969624567	714.9999996283306
716.0000016445006	715.999996955752	715.9999996289799
717.0000016569809	716.9999969490473	716.9999996296294
718.0000016694613	717.9999969423426	717.9999996302788
719.0000016819419	718.9999969356379	718.9999996309283
720.0000016944224	719.9999969289331	719.9999996315777
721.0000017069027	720.9999969222284	720.9999996322272
722.0000017193832	721.9999969155236	721.9999996328767
723.0000017318636	722.999996908819	722.9999996335259
724.0000017443441	723.9999969021144	723.9999996341755
725.0000017568245	724.9999968954095	724.9999996348249
726.0000017693051	725.9999968887049	725.9999996354743
727.0000017817854	726.9999968820001	726.9999996361237
728.0000017942659	727.9999968752953	727.999999636773
729.0000018067464	728.9999968685906	728.9999996374225
730.0000018192268	729.999996861886	729.999999638072
731.0000018317073	730.9999968551813	730.9999996387213
732.0000018441876	731.9999968484765	731.9999996393708
733.0000018566681	732.9999968417719	732.9999996400203
734.0000018691485	733.9999968350671	733.9999996406698
735.000001881629	734.9999968283624	734.9999996413192
736.0000018941095	735.9999968216578	735.9999996419685
737.00000190659	736.999996814953	736.999999642618
738.0000019190703	737.9999968082483	737.9999996432674
739.0000019315507	738.9999968015436	738.9999996439168
740.0000019440313	739.9999967948389	739.9999996445663
741.0000019565117	740.9999967881341	740.9999996452157
742.0000019689921	741.9999967814294	741.999999645865
743.0000019814727	742.9999967747247	742.9999996465145
744.000001993953	743.9999967680199	743.9999996471639
745.0000020064334	744.9999967613152	744.9999996478134
746.000002018914	745.9999967546105	745.9999996484628
747.0000020313944	746.9999967479057	746.9999996491123
748.0000020438748	747.999996741201	747.9999996497618
749.0000020563552	748.9999967344963	748.999999650411
750.0000020688358	749.9999967277917	749.9999996510605
751.0000020813161	750.9999967210869	750.9999996517099
752.0000020937966	751.9999967143823	751.9999996523594
753.0000021062771	752.9999967076775	752.9999996530089
754.0000021187576	753.9999967009727	753.9999996536582
755.0000021312379	754.9999966942681	754.9999996543077
756.0000021437185	755.9999966875633	755.9999996549572
757.0000021561989	756.9999966808587	756.9999996556065
758.0000021686793	757.999996674154	757.999999656256
759.0000021811599	758.9999966674492	758.9999996569054
760.0000021936403	759.9999966607445	759.9999996575549
761.0000022061207	760.9999966540398	760.9999996582043
762.0000022186011	761.9999966473351	761.9999996588538
763.0000022310816	762.9999966406305	762.9999996595031
764.000002243562	763.9999966339257	763.9999996601526
765.0000022560424	764.9999966272209	764.999999660802
766.000002268523	765.9999966205163	765.9999996614514
767.0000022810033	766.9999966138115	766.9999996621009
768.0000022934838	767.9999966071067	767.9999996627503
769.0000023059642	768.9999966004021	768.9999996633996
770.0000023184447	769.9999965936972	769.9999996640493
771.0000023309251	770.9999965869926	770.9999996646985
772.0000023434055	771.9999965802879	771.999999665348
773.0000023558861	772.9999965735832	772.9999996659974
774.0000023683665	773.9999965668784	773.9999996666469
775.0000023808469	774.9999965601737	774.9999996672963
776.0000023933275	775.999996553469	775.9999996679456
777.0000024058079	776.9999965467644	776.9999996685953
778.0000024182883	777.9999965400596	777.9999996692445
779.0000024307687	778.9999965333549	778.9999996698941
780.0000024432492	779.9999965266502	779.9999996705434
781.0000024557296	780.9999965199454	780.9999996711928
782.0000024682101	781.9999965132407	781.9999996718423
783.0000024806906	782.999996506536	782.9999996724918
784.000002493171	783.9999964998312	783.9999996731411
785.0000025056514	784.9999964931267	784.9999996737905
786.000002518132	785.9999964864219	785.99999967444
787.0000025306123	786.9999964797172	786.9999996750895
788.0000025430928	787.9999964730124	787.9999996757389
789.0000025555732	788.9999964663077	788.9999996763883
790.0000025680537	789.9999964596029	789.9999996770376
791.0000025805342	790.9999964528984	790.9999996776871
792.0000025930145	791.9999964461936	791.9999996783366
793.0000026054951	792.9999964394889	792.999999678986
794.0000026179755	793.9999964327842	793.9999996796354
795.0000026304558	794.9999964260795	794.9999996802849
796.0000026429364	795.9999964193747	795.9999996809343
797.0000026554168	796.9999964126699	796.9999996815837
798.0000026678973	797.9999964059652	797.9999996822332
799.0000026803776	798.9999963992606	798.9999996828825
800.0000026928581	799.9999963925559	799.999999683532
801.0000027053386	800.9999963858512	800.9999996841815
802.0000027178191	801.9999963791465	801.9999996848309
803.0000027302995	802.9999963724417	802.9999996854802
804.00000274278	803.999996365737	803.9999996861296
805.0000027552604	804.9999963590324	804.9999996867792
806.0000027677409	805.9999963523275	805.9999996874285
807.0000027802214	806.9999963456229	806.9999996880779
808.0000027927018	807.9999963389182	807.9999996887274
809.0000028051821	808.9999963322134	808.9999996893769
810.0000028176627	809.9999963255087	809.9999996900264
811.0000028301432	810.999996318804	810.9999996906757
812.0000028426235	811.9999963120993	811.9999996913252
813.000002855104	812.9999963053946	812.9999996919745
814.0000028675844	813.9999962986899	813.999999692624
815.000002880065	814.999996291985	814.9999996932734
816.0000028925454	815.9999962852804	815.9999996939229
817.0000029050258	816.9999962785757	816.9999996945722
818.0000029175063	817.999996271871	817.9999996952216
819.0000029299866	818.9999962651663	818.9999996958711
820.0000029424671	819.9999962584616	819.9999996965206
821.0000029549476	820.9999962517568	820.99999969717
822.000002967428	821.999996245052	821.9999996978195
823.0000029799086	822.9999962383474	822.9999996984689
824.0000029923889	823.9999962316426	823.9999996991183
825.0000030048693	824.999996224938	824.9999996997677
826.0000030173499	825.9999962182333	825.9999997004171
827.0000030298303	826.9999962115285	826.9999997010665
828.0000030423107	827.9999962048238	827.999999701716
829.0000030547911	828.9999961981191	828.9999997023655
830.0000030672716	829.9999961914143	829.9999997030149
831.0000030797521	830.9999961847097	830.9999997036642
832.0000030922325	831.999996178005	831.9999997043136
833.000003104713	832.9999961713002	832.9999997049631
834.0000031171934	833.9999961645955	833.9999997056125
835.0000031296739	834.9999961578909	834.999999706262
836.0000031421544	835.9999961511861	835.9999997069114
837.0000031546347	836.9999961444814	836.9999997075607
838.0000031671152	837.9999961377766	837.9999997082102
839.0000031795958	838.999996131072	838.9999997088597
840.0000031920761	839.9999961243672	839.9999997095091
841.0000032045566	840.9999961176624	840.9999997101587
842.000003217037	841.9999961109578	841.999999710808
843.0000032295176	842.9999961042531	842.9999997114575
844.0000032419979	843.9999960975483	843.9999997121068
845.0000032544783	844.9999960908436	844.9999997127563
846.0000032669587	845.999996084139	845.9999997134057
847.0000032794392	846.9999960774342	846.9999997140552
848.0000032919196	847.9999960707295	847.9999997147045
849.0000033044003	848.9999960640248	848.999999715354
850.0000033168806	849.9999960573201	849.9999997160035
851.000003329361	850.9999960506153	850.9999997166527
852.0000033418415	851.9999960439106	851.9999997173023
853.000003354322	852.9999960372058	852.9999997179517
854.0000033668023	853.9999960305012	853.9999997186011
855.0000033792828	854.9999960237965	854.9999997192506
856.0000033917632	855.9999960170918	855.9999997199
857.0000034042437	856.9999960103871	856.9999997205495
858.0000034167241	857.9999960036823	857.9999997211988
859.0000034292046	858.9999959969776	858.9999997218483
860.0000034416851	859.9999959902729	859.9999997224977
861.0000034541655	860.999995983568	860.9999997231472
862.0000034666459	861.9999959768635	861.9999997237966
863.0000034791263	862.9999959701587	862.999999724446
864.0000034916069	863.999995963454	863.9999997250954
865.0000035040874	864.9999959567493	864.9999997257449
866.0000035165677	865.9999959500446	865.9999997263943
867.0000035290482	866.9999959433399	866.9999997270437
868.0000035415287	867.9999959366353	867.9999997276931
869.0000035540091	868.9999959299304	868.9999997283427
870.0000035664896	869.9999959232258	869.999999728992
871.0000035789701	870.999995916521	870.9999997296413
872.0000035914504	871.9999959098163	871.9999997302908
873.000003603931	872.9999959031115	872.9999997309402
874.0000036164114	873.9999958964069	873.9999997315897
875.0000036288918	874.9999958897022	874.9999997322391
876.0000036413722	875.9999958829975	875.9999997328885
877.0000036538528	876.9999958762927	876.999999733538
878.0000036663331	877.999995869588	877.9999997341873
879.0000036788135	878.9999958628833	878.9999997348367
880.0000036912941	879.9999958561785	879.9999997354862
881.0000037037745	880.999995849474	880.9999997361356
882.0000037162549	881.9999958427692	881.9999997367851
883.0000037287355	882.9999958360645	882.9999997374345
884.0000037412159	883.9999958293597	883.999999738084
885.0000037536963	884.999995822655	884.9999997387334
886.0000037661767	885.9999958159503	885.9999997393828
887.0000037786573	886.9999958092455	886.9999997400323
888.0000037911377	887.9999958034401	887.9999997406817
889.000003803618	888.9999958032913	888.9999997413311
890.0000038160985	889.9999958031426	889.9999997419804
891.0000038285789	890.9999958029939	890.9999997426298
892.0000038410595	891.999995802845	891.9999997432793
893.00000385354	892.9999958026962	892.9999997439288
894.0000038660203	893.9999958025473	893.9999997445783
895.0000038785008	894.9999958023985	894.9999997452276
896.0000038909812	895.9999958022497	895.9999997458771
897.0000039034618	896.999995802101	896.9999997465266
898.0000039159422	897.9999958019522	897.999999747176
899.0000039284225	898.9999958018035	898.9999997478254
900.0000039409031	899.9999958016547	899.9999997484748
901.0000039533835	900.999995801506	900.9999997491242
902.0000039658639	901.9999958013572	901.9999997497737
903.0000039783445	902.9999958012083	902.9999997504231
904.0000039908248	903.9999958010595	903.9999997510726
905.0000040033052	904.9999958009108	904.999999751722
906.0000040157857	905.999995800762	905.9999997523714
907.0000040282662	906.9999958006131	906.9999997530209
908.0000040407466	907.9999958004644	907.9999997536703
909.000004053227	908.9999958003156	908.9999997543196
910.0000040657076	909.9999958001669	909.9999997549692
911.0000040781879	910.999995800018	910.9999997556184
912.0000040906684	911.9999957998693	911.9999997562679
913.0000041031489	912.9999957997204	912.9999997569174
914.0000041156294	913.9999957995717	913.9999997575669
915.0000041281098	914.9999957994229	914.9999997582162
916.0000041405901	915.9999957992742	915.9999997588658
917.0000041530707	916.9999957991253	916.999999759515
918.0000041655511	917.9999957989766	917.9999997601647
919.0000041780316	918.9999957988277	918.999999760814
920.0000041905121	919.999995798679	919.9999997614634
921.0000042029925	920.9999957985302	920.9999997621128
922.0000042154729	921.9999957983814	921.9999997627623
923.0000042279534	922.9999957982326	922.9999997634117
924.0000042404338	923.9999957980838	923.999999764061
925.0000042529143	924.9999957979351	924.9999997647104
926.0000042653948	925.9999957977863	925.99999976536
927.0000042778751	926.9999957976374	926.9999997660093
928.0000042903556	927.9999957974887	927.9999997666588
929.000004302836	928.9999957973398	928.9999997673082
930.0000043153165	929.9999957971911	929.9999997679577
931.000004327797	930.9999957970424	930.999999768607
932.0000043402774	931.9999957968934	931.9999997692565
933.0000043527579	932.9999957967447	932.999999769906
934.0000043652383	933.9999957965958	933.9999997705554
935.0000043777188	934.9999957964471	934.9999997712048
936.0000043901991	935.9999957962983	935.9999997718542
937.0000044026797	936.9999957961495	936.9999997725037
938.0000044151601	937.9999957960009	937.9999997731531
939.0000044276405	938.999995795852	938.9999997738025
940.0000044401211	939.9999957957033	939.999999774452
941.0000044526015	940.9999957955544	940.9999997751014
942.0000044650818	941.9999957954057	941.9999997757509
943.0000044775624	942.9999957952568	942.9999997764002
944.0000044900429	943.9999957951081	943.9999997770497
945.0000045025232	944.9999957949594	944.9999997776991
946.0000045150038	945.9999957948106	945.9999997783485
947.0000045274841	946.9999957946617	946.9999997789979
948.0000045399645	947.9999957945128	947.9999997796474
949.0000045524449	948.999995794364	948.9999997802969
950.0000045649255	949.9999957942152	949.9999997809463
951.0000045774059	950.9999957940665	950.9999997815956
952.0000045898863	951.9999957939178	951.999999782245
953.0000046023669	952.999995793769	952.9999997828944
954.0000046148473	953.9999957936203	953.9999997835439
955.0000046273277	954.9999957934715	954.9999997841933
956.0000046398081	955.9999957933227	955.9999997848428
957.0000046522886	956.9999957931738	956.9999997854923
958.0000046647691	957.999995793025	957.9999997861418
959.0000046772495	958.9999957928762	958.9999997867911
960.00000468973	959.9999957927274	959.9999997874406
961.0000047022104	960.9999957925787	960.99999978809
962.0000047146908	961.9999957924299	961.9999997887393
963.0000047271714	962.9999957922811	962.9999997893888
964.0000047396517	963.9999957921324	963.9999997900383
965.0000047521322	964.9999957919835	964.9999997906876
966.0000047646128	965.9999957918347	965.9999997913371
967.0000047770932	966.9999957916859	966.9999997919865
968.0000047895736	967.9999957915371	967.999999792636
969.000004802054	968.9999957913883	968.9999997932853
970.0000048145345	969.9999957912396	969.9999997939348
971.0000048270149	970.9999957910908	970.9999997945843
972.0000048394953	971.999995790942	971.9999997952337
973.0000048519759	972.9999957907933	972.9999997958831
974.0000048644563	973.9999957906444	973.9999997965326
975.0000048769368	974.9999957904957	974.999999797182
976.0000048894171	975.9999957903469	975.9999997978314
977.0000049018975	976.9999957901981	976.9999997984809
978.000004914378	977.9999957900494	977.9999997991301
979.0000049268584	978.9999957899005	978.9999997997797
980.0000049393389	979.9999957897517	979.999999800429
981.0000049518194	980.999995789603	980.9999998010785
982.0000049642998	981.9999957894541	981.9999998017279
983.0000049767801	982.9999957893053	982.9999998023774
984.0000049892607	983.9999957891565	983.9999998030269
985.0000050017412	984.9999957890078	984.9999998036761
986.0000050142216	985.9999957888591	985.9999998043256
987.0000050267021	986.9999957887103	986.9999998049751
988.0000050391825	987.9999957885616	987.9999998056245
989.0000050516629	988.9999957884127	988.9999998062739
990.0000050641435	989.999995788264	989.9999998069235
991.0000050766239	990.9999957881151	990.9999998075727
992.0000050891043	991.9999957879662	991.9999998082224
993.0000051015847	992.9999957878175	992.9999998088716
994.0000051140652	993.9999957876687	993.9999998095211
995.0000051265456	994.9999957875201	994.9999998101705
996.0000051390261	995.9999957873713	995.99999981082
997.0000051515066	996.9999957872224	996.9999998114694
998.0000051639871	997.9999957870737	997.9999998121189
999.0000051764675	998.9999957869248	998.9999998127684
1000.000005188948	999.9999957867759	999.9999998134177
1001.0000052014284	1000.9999957866272	1000.999999814067
