-0.6791696681027485	-0.816980249821816	-0.5546605929240428
-0.9922507963817243	0.8900172392092907	0.9965595706845848
-0.4108511000651677	-0.9300336354518147	-0.21718309304703248
0.549029857552646	0.9361307767865857	-0.8517755706792755
1.0223901951423948	-0.9086173662116488	0.8975455590366279
0.5751217964739537	0.8490015480362612	0.1611334651189862
-0.3973598158372098	-0.759939751656464	-1.0462763919403382
-1.0194161463617302	0.6451435027393327	0.6660732004554606
-0.724246807808529	-0.5092470063075393	0.5383022328479343
0.2289109194894874	0.35763985475476073	-1.10610289499768
0.9821903557634092	-0.19627063970385694	0.3316306030557537
0.8520093907478734	0.031428484382882406	0.859156264363477
-0.04962807393629443	0.1304894977569179	-1.0186146961919849
-0.9111272698988894	-0.28321612432551696	-0.059752445629677534
-0.9527857216003506	0.4208484046239417	1.0755925322562807
-0.13362285086547732	-0.5380691197290999	-0.7933595445895648
0.8083525427685134	0.6303470993635863	-0.452280474996879
1.022024159812985	-0.694108337781197	1.154533984173382
0.31347668454228184	0.7268711963042792	-0.46117834072526
-0.6776838288998024	-0.7273403414499904	-0.7891681451369259
-1.056655899907096	0.6954557047239791	1.083614204866697
-0.4825885479008603	-0.6323945506550923	-0.0695760586753793
0.5244179752033359	0.5405266224035818	-1.0218463684015469
1.05536404204088	-0.42332421402997816	0.8733803255877617
0.6341746381266222	0.28523081049839705	0.3248956209786181
-0.35494801045991387	-0.13149356106244972	-1.1178361704720543
-1.0186630512870816	-0.032033761429448845	0.5555172083087918
-0.7624895868400776	0.19910957090892392	0.6658143841739346
0.17626897135225664	-0.3633365486274659	-1.065779253162438
0.9487786366648856	0.5183981004430228	0.17745858124987376
0.8631689374249717	-0.6582902714118851	0.9058592746011055
0.0045472919568149365	0.7775405294769037	-0.8767499625216272
-0.8493581119097205	-0.8714054921203972	-0.2054893237661982
-0.9333955178539555	0.9360406228138796	1.0139310010808127
-0.18082743032456364	-0.9686361173139597	-0.5817956438372125
0.7250716539200033	0.9675145751789964	-0.5389463957523715
0.9718860949196365	-0.9321875469680491	0.9792744500181858
0.3466592986713882	0.8633695990687408	-0.2264115597227935
-0.5811780782175529	-0.7629500845308476	-0.7775856765519279
-0.9787285603565022	0.633924292595239	0.8121602572720924
-0.4971090370581711	-0.48028702115068395	0.13684531724618257
0.42312384307755935	0.3068928323213125	-0.8913217368483038
0.9551218379180177	-0.11928827775679597	0.541367400669039
0.6282911704110913	-0.0764778078878161	0.4562422121518974
-0.2562256752080336	0.2740592650411335	-0.8688206447022745
-0.9030778017944877	-0.4670257940165714	0.2092094622589348
-0.7373159625182334	0.6490772331130634	0.6880374765459899
0.08546285291931001	-0.8142519158827686	-0.7181439127994581
0.8251387466820336	0.957122426165847	-0.13490526222573568
0.8221536642647569	-1.0729725962199674	0.8020367711410695
0.08461836599341445	1.1579502905009207	-0.46478489581334487
-0.7241500829262986	-1.209191358878334	-0.441372112853992
-0.8814602925071332	1.2249110997066726	0.7850289238767
-0.2499040637443619	-1.204460615375343	-0.14763839091155803
0.6031110026107314	1.1483465403979318	-0.6668747430830235
0.9144064877660247	-1.0582137445281745	0.641932928412292
0.40664330837585044	0.9367917312541599	0.1864295635471615
-0.46510962888934443	-0.7878065368528996	-0.7797855011349991
-0.9205429622665822	0.6158609600329583	0.3947415069136675
-0.5513432468361709	-0.42628689190345587	0.48872822866967147
0.31333555760767084	0.22497434757398255	-0.7640118297563345
0.899725725468404	-0.01818250347177693	0.07951295308707422
0.680662634150937	-0.18766139951805227	0.7149592934585556
-0.15115216449111904	0.3861690328054329	-0.6209864156483725
-0.8521132700490488	-0.5711973620179213	-0.25823062927022866
-0.7913354000203441	0.7370479210990404	0.830907172210648
-0.017796774107197256	-0.8786526141804926	-0.36963205417582407
0.7782368068448257	0.991740016902869	-0.569257087066163
0.880151014107557	-1.0729766687068063	0.8170437469105193
0.18947713539737904	1.1200785428929805	-0.04425356798166962
-0.6791334381398058	-1.1318887387542669	-0.8069978526485767
-0.9440111727021402	1.1084184415942457	0.6715237792712889
-0.3593853513607049	-1.0508493186642416	0.30954895780566033
0.5565208222552197	0.9614967336608163	-0.9339009012398434
0.9800722324489611	-0.8437344363668773	0.4111069611976185
0.5225343417907078	0.701882679943092	0.6406608944891978
-0.41298095510978583	-0.5410629953560478	-0.9270118626545492
-0.9859694199972648	0.36702406695405776	0.06966897386181367
-0.673534029111722	-0.18594426043322204	0.8993956789919586
0.2521117506204778	0.004217309748864585	-0.7819631900570184
0.9601024627721946	0.17177156968583052	-0.30580359194865875
0.806785101032787	-0.3358713465496632	1.0447881691941001
-0.07860082811467721	0.48238456102534766	-0.5145884297716365
-0.9019447262566045	-0.6062724053352452	-0.6614857008030353
-0.9167868000058559	0.7033378010903728	1.0511823286236082
-0.10182041680904395	-0.7703794162037935	-0.1595864349662001
0.8123229032988271	0.8053104990606508	-0.9445611390598961
0.9985359087689544	-0.807237613879131	0.9129435023340866
0.28257017994493755	0.7764958003845027	0.23392865022621434
-0.6936069257901222	-0.7146383017183934	-1.1115095327036641
-1.0479689411545274	0.6243807442806147	0.6462457873432474
-0.4565598945323379	-0.5095014405045694	0.609575964366921
0.5497550803726969	0.3747012433588603	-1.1353970862497234
1.0623796643410786	-0.22542803084241936	0.28729613487181044
0.616659216971272	0.06767236348140959	0.9125100788268927
-0.3861797535121237	0.09225793190016224	-1.0107209950280316
-1.0407370866619299	-0.24797560210160027	-0.11297661165327408
-0.7562225479140409	0.3932550425908017	1.0983381915054582
0.20943239978382489	-0.5222672664623618	-0.7547142181228329
0.9838401395393902	0.6297996681368868	-0.49696523981974394
0.8695970885556108	-0.7114521086545513	1.140443743137798
-0.0267443851516685	0.7638018297843312	-0.4047070998156655
-0.894274116370398	-0.7845309920534236	-0.8097012813904602
-0.9525307511470001	0.7725121659297361	1.0342654907267173
-0.15450781635788882	-0.7278488136720127	-0.0119931873674437
0.7761735317233819	0.6518696030136414	-1.007666167799347
1.0024171712582306	-0.5470772118009113	0.7977244483496532
0.3273290731182552	0.41705403595454527	0.3665929529195349
-0.634834951590026	-0.26632882869187363	-1.0654453837842346
-1.0183494204104626	0.10020971331955697	0.46783446185720523
-0.4855451304780613	0.07540982635782484	0.6777366100859156
0.47625011981336335	-0.2542645024537138	-0.9791062784507258
1.0009932695896329	0.4299422922715235	0.09432046721907299
0.6241003552959101	-0.596112749339809	0.8796806208022799
-0.30663767527746394	0.7467503635434228	-0.7659323832660816
-0.9523236077642081	-0.8763451534242239	-0.2684156631634455
-0.7391922699829079	0.9800933179493703	0.9479496942562179
0.13204111123578469	-1.0540616505159972	-0.46088505748144676
0.8752860739001305	1.095320481380196	-0.5694972724270364
0.8282543951687448	-1.1020411190418655	0.8780656205314283
0.04196269882193319	1.0735550578100763	-0.11069748771527461
-0.7734481339009494	-1.0103735596905443	-0.7686495433370605
-0.8898233277965124	0.9141675578530015	0.685178555343842
-0.21042776296306268	-0.7877091237014848	0.23324857853930278
0.6506928928374649	0.6347769519289674	-0.8412562190914702
0.9233382751583997	-0.46002941504894296	0.4010337004874485
0.3690841161147409	0.2688496935412786	0.5221348629503094
-0.5109906791374833	-0.06716827853258243	-0.7809598285790498
-0.9289221247943894	-0.13873124477460383	0.06898883569779427
-0.5142895009838383	0.34241680291902893	0.7160792815192686
0.35826360777701166	-0.5375162716818119	-0.5997693534342938
0.9071858050496698	0.7179231541701162	-0.26209666899589257
0.6429225920394906	-0.8779930641636574	0.7890157636740999
-0.19634089608688546	1.0127249157031248	-0.3259253549508246
-0.8590860300719216	-1.1179212242966403	-0.5443115616407882
-0.7522551278998806	1.1903225819433305	0.731694115846927
0.02898945862176737	-1.227712158926145	5.8453232889429425e-5
0.785853592489341	1.2289869890356573	-0.7367904318974746
0.8398377469259988	-1.1941937884563525	0.5526288617816922
0.14000464740608232	1.1245281170980088	0.33067459455516807
-0.6889969191768809	-1.0222967883297978	-0.8108816216317529
-0.9034286852588467	0.8908445414130826	0.2769865216051091
-0.3067337344060016	-0.7344470821817477	0.6174782364103167
0.570374226059937	0.5581736430745687	-0.753905844691277
0.9409869028571585	-0.3677231849285732	-0.05647289601557243
0.46707730305795986	0.16923923202463267	0.8173416889807873
-0.4323172345249551	0.030890928111727146	-0.5711097149801462
-0.950741942398118	-0.2262463627369192	-0.40015999615248043
-0.6166544337222515	0.41058520303258844	0.8982828788629985
0.2777799636102513	-0.5780530041661291	-0.28551019816616974
0.9313416809433961	0.7233798133939078	-0.7037345276563477
0.7508488095331953	-0.8420592214175305	0.8441970222410288
-0.11047805328989488	0.9305031150477259	0.06453838083484231
-0.8820659312538287	-0.9861665140769283	-0.9209187985062507
-0.8649280397301806	1.007637751883011	0.6578067858812731
-0.0650212269105075	-0.9946903294594128	0.4300096505335587
0.8030791312641379	0.948294009808504	-1.0162586929497466
0.9542663118178973	-0.8705840892531316	0.36121737017914146
0.24329841466136962	0.764789241767313	0.7577520793944884
-0.6956809912403187	-0.6351198326007748	-0.9708703307685053
-1.0146613189170297	0.48662008349868113	-0.006327178095126869
-0.4182035496679274	-0.32498888531694625	0.9981933883551083
0.5625033651327297	0.15637533513868518	-0.7861496487210551
1.0427145629297254	0.012843834151054183	-0.3935130619481175
0.5831162770437673	-0.1762969173661757	1.1131123910032088
-0.4075992220265859	0.3278514234360982	-0.48456166468963413
-1.0362227053752922	-0.46184098577033	-0.7443601344364923
-0.7313351409518692	0.5732763187007189	1.0821480974561875
0.23637939757691215	-0.6580320209429719	-0.10701825356210268
0.9945129279873449	0.7130018547355031	-1.0069099891081226
0.8565569860210911	-0.7362162799792614	0.90673050646373
-0.055376130462372164	0.7269174537027421	0.293027269758932
-0.9186538779019531	-0.6855885587872854	-1.1417120664243945
-0.953380684710774	0.6139361318306271	0.6104680979406194
-0.12815401479799038	-0.5148259389159388	0.6579196405959771
0.8114896661645216	0.3921748155468911	-1.128479327657499
1.0177548847179645	-0.2508026583552151	0.2356900145054969
0.30673948102997284	0.09625035089392918	0.9351090131966826
-0.6774761133433359	0.06542924788622693	-0.9695465022931293
-1.047293813249267	-0.22789908519852856	-0.16333452104953503
-0.4732397680369857	0.3847756111270867	1.085658731476673
0.5223383504805832	-0.5298672247112188	-0.6894039865464077
1.041409219949559	0.6574043764267268	-0.529229499901944
0.6213431880246503	-0.7622526789087462	1.0903251148720952
-0.35260541992232736	0.840101165756276	-0.3304299286161575
-1.0012440331806276	-0.88761892556986	-0.810691078538377
-0.7459429553701233	0.9025746691414497	0.9521323243906017
0.17509976703596797	-0.8839152975748271	0.05425169621776113
0.9294330785964177	0.831801158906326	-0.97030618988974
0.8433470009137297	-0.7475973402509152	0.6951544914333261
0.003538265282369947	0.6338219736783142	0.40933073015846866
-0.8297467987376022	-0.4940540743047631	-0.9897138280646336
-0.9113132786142236	0.33280482358165925	0.35999939090161676
-0.1772272186364669	-0.15535741409033912	0.6856990187571997
0.7066880708533941	-0.03241845044800836	-0.8714660791797456
0.948935551571294	0.22427057845739803	-0.0029481776815684984
0.3406867415880485	-0.41377955015177814	0.8473139042267103
-0.5651090090813216	0.594577725831737	-0.6376309899678676
-0.9564268464796	-0.7605645719621401	-0.3412232355428407
-0.4895396253422833	0.9061111733573651	0.8756531142560785
0.40989845168586536	-1.0262473193371136	-0.32571872250508654
0.9348561024057707	1.116825264237682	-0.607680503337446
0.6202929987815282	-1.174655136923107	0.7714096400044652
-0.24576851911780725	1.1976079761735543	0.01718088979460267
-0.8858897253998568	-1.1846834639477755	-0.7666282123347339
-0.730233813629031	1.1360405812468688	0.5535335768097295
0.07714651616436065	-1.052990587052754	0.34108240156339203
0.8115780396817864	0.9379528864603666	-0.7980766950428301
0.8172799982723459	-0.7943754785916125	0.25604179661938165
0.09183939724842288	0.6266227296418506	0.5997279829746501
-0.7142115527620915	-0.4398341757902651	-0.6998147471821062
-0.8798273400672544	0.2397589021593959	-0.07681927558093593
-0.25730442657021585	-0.03257074828695898	0.7564331973449078
0.5962569273508314	-0.17532985815371205	-0.487287341681471
0.9166259894060015	0.37752125169721323	-0.3964203169942671
0.41551159131257154	-0.567766663925051	0.7886181469917322
-0.4603693642983949	0.7402147105223839	-0.19142849894493036
-0.9267117684136967	-0.8895879461728052	-0.6559760230750414
-0.5627691866139899	1.011353529079456	0.6906423100918537
0.30946720571352027	-1.1018705352295222	0.14527506801170964
0.9094075765455597	1.158509123026004	-0.8165477825363457
0.6953533765678791	-1.1797375577421272	0.47468718513773467
-0.14684573316075844	1.1651740446648353	0.47411573166404863
-0.8643995644433393	-1.1156013681905947	-0.8522351757544386
-0.8094847859704957	1.032943466208048	0.16954582447568556
-0.02369987943900765	-0.9202042560142067	0.7464125691484567
0.7918813197474992	0.7813702377459151	-0.7539819408617502
0.9013819249473273	-0.6212795991572814	-0.18268553622812467
0.19777740815839928	0.4454616947630365	0.9200672717518528
-0.6927470474463269	-0.25995183493089236	-0.5314559077082506
-0.9674047842917463	0.07108725829290949	-0.5318302511737912
-0.37036287714038435	0.11470906321449775	0.9656819826292566
0.568802274582642	-0.291149557876602	-0.21256035415529811
1.0042883577579658	0.4523005449929614	-0.8263302874856969
0.5358616795853752	-0.5927904010128264	0.8713842264921482
-0.42294976108517285	0.7079998878762636	0.1596590272367352
-1.009448422414572	-0.794227577247903	-1.020680563769981
-0.6882886551802917	0.848824027550392	0.645491822399522
0.2593021043685587	-0.8702893573594996	0.5326072038531307
0.9813225661823448	0.8583300839292582	-1.0825674423777665
0.8215720896161607	-0.8138725225303887	0.3163067475763819
-0.08317470597836715	0.739031622721011	0.851675322360419
-0.9196922352646408	-0.6370357934167256	-0.9985015884193124
-0.9299617623854394	0.5121099735083362	-0.07130247558331562
-0.09907368648507457	-0.3693208673659502	1.0686773943139407
0.8259221463886598	0.2143898115210239	-0.7767796347305664
1.0084941041545188	-0.05348009855933111	-0.462302813389155
0.28036041629908137	-0.10703330907559039	1.1497722074939225
-0.7030573056483584	0.26080294538598436	-0.4469519204019647
-1.0534455601978927	-0.4017477125833341	-0.7999976938864748
-0.4533328951272088	0.5242822188661511	1.0813457390829033
0.5557378344852236	-0.6235276670414124	-0.05560224560373316
1.0626965167818054	0.6954960823164037	-1.0351745163601813
0.610899133321298	-0.7372407215445457	0.8725932733464185
-0.389925368351273	0.7469668642622921	0.34096921055379564
-1.0359381169509696	-0.7240987864860378	-1.1341713511857932
-0.7467549061511134	0.6693004881397325	0.5541675323548163
0.21247383131074238	-0.5844496031682174	0.6858477236199623
0.9746826043965293	0.47256578368063445	-1.0842835482530722
0.8558244087512882	-0.33769663312352316	0.17309969276236017
-0.030610471188904496	0.1847658915658409	0.9306535656606748
-0.8820773302374861	-0.01938998143859228	-0.8954918595298125
-0.9345488290243015	-0.15232984995089163	-0.21499113063227704
-0.14859003765781667	0.3240317435668926	1.0430150979060058
0.7625616543148359	-0.48932527863219855	-0.5983059323051795
0.9809904340086703	0.6420227161944713	-0.5548497317246293
0.31865947952184015	-0.7763610065492575	1.0110789388035284
-0.6214333661090957	0.887206659307617	-0.23833240910642134
-0.9947581271907073	-0.9702363833605201	-0.8000253962006478
-0.47406099278589264	1.0220874479494726	0.8444745633370153
0.46440042076709215	-1.040472944396741	0.13123448138623628
0.9767928966443272	1.0242584858334616	-0.9194046728620474
0.6103598230673863	-0.9734983134034333	0.57189297111149
-0.29718492776103017	0.8894302271082195	0.4577640466920311
-0.9290706194374635	-0.774430176202147	-0.9009747555108014
-0.7242466049836859	0.6319286813435993	0.23602018397391158
0.12522507039026695	-0.4662924782301697	0.6966496759813193
0.8542833598893509	0.2826758368348752	-0.7525605325523762
0.8134440234906453	-0.08684689562689062	-0.1131189748713503
0.046505206711834286	-0.11500496225417037	0.8170830282081414
-0.7555514527459324	0.31647418533957505	-0.49979250232304495
-0.8765407763558178	-0.5111498121757833	-0.425302530309124
-0.21356252316929838	0.6928250880945779	0.8055727388946335
0.6362025736131448	-0.8556992684920193	-0.18190066473118904
0.9127991962972393	0.9945652810660717	-0.6567773955713111
0.3720075790996306	-1.1049774404254178	0.6670357938456012
-0.49963589050761825	1.1833940865519856	0.15391703937045118
-0.9219775280704212	-1.2272908315552908	-0.7757257652872807
-0.5183171542483527	1.2352410226779496	0.42359103603288656
0.34927290409633366	-1.2069610377166267	0.4587902308342851
0.904198087501919	1.1433190949785526	-0.7660553437656602
0.6492696583988026	-1.046307356057073	0.11137683931959926
-0.18858341569341963	0.9189781983438157	0.6884389025737243
-0.8598810673811146	-0.7653466077461349	-0.6292467854282962
-0.7618384616655242	0.5902616635404572	-0.22417690810410504
0.021165409756711707	-0.3992510305727381	0.8087949082791569
0.7897521441672691	0.1983432143203788	-0.38415280932853435
0.8531233110208147	0.006126951478197593	-0.534128980619586
0.14914902006669728	-0.20772354783073932	0.8004529523152655
-0.6949207875090421	0.4001191058004154	-0.06477237513481532
-0.9203439710909748	-0.5773017751410943	-0.7723105789596345
-0.3181937355076907	0.7337734392823978	0.6614885014080218
0.5770152310636805	-0.8647322618999097	0.2838491031139591
0.960911891256545	0.9662335255427226	-0.9014977066317071
0.48140827498417876	-1.0353231985844729	0.4082537678896025
-0.4383494257792872	1.0701394348320665	0.6112859482805724
-0.972584814267798	-1.0699781559874002	-0.8987842554147064
-0.633849219861841	1.0353199698309599	0.07387953579750836
0.2820875848485046	-0.967816908942254	0.8684562590381062
0.9536955234343991	0.8702388020298862	-0.7594200507297455
0.7702988510425031	-0.7463804726001579	-0.2955919197590897
-0.11236476651136239	0.6009323526650484	1.0146622224915385
-0.9034299183697032	-0.43931845338418596	-0.4984086326694592
-0.8854843884253455	0.267506898396628	-0.6472175369984992
-0.06568005455649693	-0.09179934699602378	1.023988443010748
0.8221133464550968	-0.08139343724490114	-0.14932813436508596
0.9744023804863478	0.24578192766492238	-0.9286952027149366
0.24599580769538593	-0.39542573068899395	0.8899811613095409
-0.7114513808205785	0.5249505815889127	0.23981498355290418
-1.0327194396443036	-0.6297462123171571	-1.0964169354459072
-0.4218570116176265	0.7061374256434962	0.6276044872110019
0.5746669743290713	-0.7515215958949585	0.6133776700416872
1.0571970027387358	0.7644670018862529	-1.122705169915547
0.5862421869454036	-0.7447678416317464	0.2718032134536934
-0.4164845900015203	0.693453426404509	0.9166063530631388
-1.0460709611718508	-0.6127508367667391	-1.0008314606752846
-0.7323164637685137	0.5060021692811439	-0.12740968479503542
0.24293508510311038	-0.3775393282294305	1.104478284122955
0.9993139786499675	0.2325210391266408	-0.7466826208944611
0.8539532772067435	-0.07673830076037545	-0.5126879933011987
-0.06098947080337006	-0.08360422170302775	1.1491972919352744
-0.9187233431173439	0.2421223880759248	-0.39654536670957213
-0.9462137529333714	-0.39249327096875813	-0.8285753059784667
-0.12193326652922958	0.5286930237069738	1.0448395972446478
0.8078087923924403	-0.6452227764372966	-0.0012980158437237122
1.005705313010339	0.7373139541240046	-1.0304772784654816
0.29851040007273183	-0.8011053068954324	0.8082061467576812
-0.6714950281931877	0.833785144852691	0.38190440037235773
-1.0307640088359293	-0.8336937164497453	-1.0916681092324427
-0.4620268516544689	0.800382292708774	0.4757587532537674
0.5156908347640519	-0.7346272440322374	0.6988324385852066
1.0214417741492894	0.6383991458800932	-1.0070735621415112
0.6067788929677764	-0.5147886501813478	0.09735324343117674
-0.34679994339087866	0.3678924430404051	0.9065401423595046
-0.9793190779415051	-0.20266401688940633	-0.7933146150706015
-0.7283224924378294	0.024735168517231575	-0.27191007197612765
0.1712524098162591	0.15978494247151834	0.9794564597110433
0.9071941216768029	-0.34452570012599915	-0.4852863178052174
0.8235536473320263	0.5230780818784965	-0.5801645587650915
0.00487930607532849	-0.6892169738001938	0.9123817235030149
-0.8087147642372582	0.8371150955653066	-0.1301648866540934
-0.8906404859453766	-0.9615413569034423	-0.7861718716161661
-0.1761413228832447	1.0580371708114078	0.7202328995853754
0.6880178334656052	-1.1230651427499294	0.21994302711038025
0.9288492798791823	1.1541256003131366	-0.8646242418036116
0.33782679229096857	-1.149837583248579	0.43494846590332514
-0.5494264563906955	1.1099821376329915	0.5154781742734456
-0.9383159804490765	-1.0355070098126884	-0.8088486838861633
-0.48598645132373425	0.928493076792137	0.1003224961416703
0.39723581597929597	-0.7920840444257103	0.716008197806603
0.9198129302402897	0.6303820609533276	-0.630868768790771
0.6173519201437417	-0.4483129030760026	-0.23432521426450145
-0.23559714242288127	0.2514652711512051	0.7951947924449435
-0.8745507730787897	-0.045909459905482626	-0.3591179913850829
-0.7292097572243994	-0.1619987635383853	-0.5207692361742545
0.0684925363492991	0.3658228519961401	0.7437511548555972
0.8040423663677574	-0.5592523091484843	-0.03429680921652553
0.819264632381328	0.7363052010152935	-0.7180427076483633
0.10021913389978669	-0.89152004501014	0.5702537039004812
-0.7100417468731438	1.0201311044576318	0.2960489101696859
-0.8855256381710966	-1.1182216139423795	-0.7975540827522508
-0.2667127110383178	1.1828501124477464	0.2998615581129895
0.594558541014852	-1.2121458511790735	0.5836299083423867
0.926242692020049	1.2053701524411735	-0.7467049549299148
0.4270950009731473	-1.1629416032857005	-0.02886910306797068
-0.45993709189468523	1.0864240485191123	0.7855988351404624
-0.9399112981330385	-0.9784774753396953	-0.5706724846411866
-0.5773232330294057	0.8427730275037238	-0.36877876959268413
0.30897985169648146	-0.6838745199500219	0.8702176223664394
0.9253539246569712	0.5070899134313117	-0.29212512923315137
0.713174548102958	-0.31829722045572506	-0.6700911481484425
-0.1450861643739894	0.12375021631768278	0.8213950720382218
-0.8818747323515839	0.07012990932055653	0.05123314726288803
-0.8302926123203752	-0.25697023360341453	-0.8870324814642675
-0.027629069922440755	0.4306619936468114	0.6414890705303299
0.8094713075864844	-0.5855693965883814	0.4112135624277187
0.9243286857320347	0.716724114025191	-0.9843589638796809
0.20427583107682498	-0.8199985384854388	0.35183416346808516
-0.7090731146423026	0.8922514400764938	0.7354550483670264
-0.9911808271991629	-0.9314404662963152	-0.9429207677452894
-0.3792256611414385	0.936696961588163	-0.009369046619505784
0.5827636002811645	-0.9083598199192044	0.9748449209706204
1.0273165305319485	0.8479664877668684	-0.7633284339073174
0.5462722896806258	-0.7582007611503991	-0.3918472517803019
-0.43393468170771765	0.6427986150081905	1.0910636619020362
-1.0301429966196916	-0.5064149057597412	-0.4668873223696918
-0.6989255826487066	0.3544553332354015	-0.7403213776069603
0.26732292194874074	-0.19287946950851037	1.063028014907938
0.9983698493999674	0.02798189419156728	-0.09328786854059476
0.8308222416003066	0.13384054192552539	-1.0029217428977664
-0.08888945455976677	-0.2863266223775691	0.8909725335904267
-0.9322975954229987	0.42358479840037344	0.30491668084024554
-0.93620780692915	-0.5403143376793799	-1.1395837078808788
-0.09446882785424138	0.6320049810976464	0.5971766423015523
0.8339675588773618	-0.695107272392246	0.6703379008529988
1.0104205402777984	0.727166837574984	-1.1288533137686547
0.2753552280132792	-0.7269172976851449	0.22292280188476354
-0.7071284079112353	0.6943281396333325	0.9499475028499352
-1.0502972856867878	-0.6306056728933893	-0.971697693953147
-0.44640062557453225	0.5381470834113554	-0.17794694107630207
0.5570082032638972	-0.42044947502159313	1.1037270795286271
1.0544301722576588	0.28197757816452385	-0.6914675085254604
0.6008029705890973	-0.1279954262653009	-0.5477361665010259
-0.3899207264663341	-0.03563131834037264	1.1110943029724665
-1.0232306239283206	0.2026546216541931	-0.3299735705378795
-0.7327947721504293	-0.366676403337907	-0.8341993570427889
0.21276899359993723	0.5213850289189681	0.9738957144813654
0.9587962775436156	-0.6607870496534415	0.05951789167496136
0.8379705770520784	0.7794256099029524	-0.9986827123924324
-0.03252706150787439	-0.8725776113516814	0.7155227189588601
-0.8646154675692482	0.9364226830137046	0.42094918953458305
-0.9134382446738939	-0.9681782048828871	-1.0216721114204905
-0.14422108157142458	0.9661960129243273	0.3765348726502853
0.7451717771572665	-0.9300179114150252	0.7041429611944188
0.9577951249513689	0.8603886719770513	-0.9049628206675208
0.31162693418093024	-0.7592267455264259	0.007824547575676247
-0.6055214584925656	0.6295543967673555	0.8720067000543807
-0.9709622842732893	-0.47539034021954757	-0.6703983933044511
-0.4647786896080481	0.3016091694005173	-0.33731718056807625
0.4509094672090137	-0.11377289282882917	0.9052612723285458
0.9539294709189017	-0.08205930270015195	-0.3557427054676295
0.599760293820064	0.27953636509321594	-0.610889090979443
-0.2864707256147182	-0.4722287312210169	0.8042618357108465
-0.908468620866252	0.65384258523318	-0.00862591952726017
-0.7135942306639516	-0.8184280092402849	-0.7765470682708322
0.11703931265734613	0.9605743534484701	0.5880034292527385
0.8368669091427829	-1.0755866851950215	0.32037766773247084
0.8041076221866817	1.159637878638958	-0.8139621307895469
0.0529341087328614	-1.2098917524670236	0.29077558956554533
-0.7417164115376409	1.224593623191446	0.5845664816111563
-0.8697651217096635	-1.203125686514236	-0.720867418628509
-0.21937342613714667	1.1460257384195316	-0.04287225062676373
0.6257810818408468	-1.054968870869291	0.7470454572197697
0.9095085879465783	0.9327128946464716	-0.5128021676917125
0.37850431476367596	-0.7830093255778178	-0.3641376372020349
-0.49194629032619347	0.610482793151142	0.7852226965260923
-0.9226356260872337	-0.42048266734916584	-0.22077191136045873
-0.5267502002944457	0.21891152741566536	-0.6262575662061137
0.34324319893214844	-0.012035794719752165	0.6935140931628291
0.9087391328991399	-0.19371559697829357	0.11282658513315817
0.6606303985833335	0.3919582316695935	-0.790461630423682
-0.18293002869703917	-0.5765584645830569	0.4840585505082448
-0.8677193148639135	0.7418323893671842	0.4395839970683893
-0.7766916786483368	-0.8827311635561856	-0.8310197114917349
0.014604443540657378	0.9950066784341468	0.18537427044413513
0.7998686625821161	-1.0753520843452629	0.7112556712627552
0.8714998238198262	1.121512382344189	-0.7388656115771159
0.1576844625034341	-1.132361154484042	-0.16098629579366858
-0.7060189840790552	1.1079405096477297	0.8861462032932854
-0.9417104735594497	-1.0494624462156052	-0.5233311642439803
-0.32935945316935955	0.959271048613019	-0.5055670396793792
0.5877278641679928	-0.8407662087714974	0.9350119742200375
0.9842280329852556	0.6982908583616794	-0.21161947653315447
0.4953085247664601	-0.536984972393839	-0.797499326487887
-0.44747057616925856	0.3626108159451545	0.8457105245259815
-0.9964473145621281	-0.18135500859345222	0.1541775971310031
-0.6499780049717205	-0.00038606889005188565	-0.991674804876248
0.28879439991560935	0.17623024637904117	0.6258136731694766
0.9765553412750464	-0.3400351146431731	0.5224248408667197
0.7875830758969025	0.4861170990596965	-1.0556657973436319
-0.11638848975321808	-0.6094560371833506	0.3025239643493425
-0.9238525862348921	0.7058775800500499	0.8391653650288919
-0.9024341658580605	-0.772206382776032	-0.9752832252178053
-0.06397267917498396	0.8063839908730475	-0.08045796349732406
0.8390380094769373	-0.8075465399033203	1.0562913688802558
0.9893528431976547	0.7760588290581018	-0.757666188537027
0.24563824765425302	-0.7135029524380632	-0.46897161408955473
-0.7243960498339884	0.6226214124762365	1.1393640198527093
-1.0441253040623466	-0.5072164265434926	-0.43106461784418054
-0.4214415364621163	0.3720088932773274	-0.8065874070842545
0.5838311820211177	-0.2224621308243721	1.0736232333230329
1.0639226235360948	0.06457695870768868	-0.041022376676350156
0.5841786804940812	0.09533410112272941	-1.0436267652586215
-0.42271857206592384	-0.250884839097358	0.8669028723710652
-1.0476122657597458	0.39585639319875404	0.3565966697523119
-0.7271414195717917	-0.5244319646672767	-1.1453498898279255
0.2475743228239521	0.6314161247130875	0.5487042548177693
0.9958994260766936	-0.7124302565991525	0.7045632788833228
0.8446221070393857	0.7640766649768248	-1.0976975426006557
-0.06558701990661314	-0.7840651783621242	0.16547622744870202
-0.911268057874596	0.7712976096290648	0.9535408516530716
-0.9323104477656289	-0.7259071510767343	-0.9094441613550875
-0.11591763419391761	0.6492515861030761	-0.22701620431061345
0.7977318251489867	-0.5438610176676455	1.069877686319494
0.987523222216173	0.41334256556471943	-0.6103969158534165
0.28999480774354397	-0.2622460971764376	-0.5727338185049886
-0.6604428452029084	0.09589646646650611	1.0405193112111748
-1.0092439137701934	0.07980110772346334	-0.2461266033188818
-0.4505053148559799	-0.25857502784024505	-0.8240909920334529
0.5052301228662404	0.4340126205794531	0.8743079194164889
0.9979877495413069	-0.5997884791678779	0.12960954578397732
0.592396839157991	0.7498876532980399	-0.9488502410814087
-0.33814454976668346	-0.8788158779431933	0.5997202802838871
-0.9555382605298222	0.9817896831866721	0.46326377122642826
-0.7118247759920034	-1.0549001086499996	-0.9341872361002473
0.16507461132502638	1.0952448146206333	0.25975642526357473
0.8846173131934422	-1.1010245903851634	0.7092693806116647
0.8061274069702803	1.071601559903621	-0.787576977425851
0.008526991875630744	-1.0075177276224105	-0.0949158741117129
-0.7885507012937021	0.910473846892846	0.8360759508850161
-0.8736925074601932	-0.7832698876016784	-0.5347355476191831
-0.17779256928654352	0.6297095902550792	-0.4133611273632699
0.6709795200197654	-0.4544726881235392	0.8298004676556752
0.9137629825074537	0.2629593300697438	-0.21525462934794345
0.3384746020438749	-0.06111202307506772	-0.6512606889577961
-0.5356494361802695	-0.14477898020446392	0.6953020193138708
-0.9262289129115759	0.34828050715260706	0.12324242428070276
-0.4868930507417852	-0.5430249405941437	-0.7764895734650936
0.38629094064295083	0.7229157525400164	0.45484306184079865
0.911445792258992	-0.8823236664156819	0.4315764890891114
0.6198293644591074	1.0162673596853553	-0.7728881393434905
-0.2265871952135638	-1.1205731282796116	0.14472684809553174
-0.8701073630195753	1.1920085956383775	0.6653618928975306
-0.7344036586923981	-1.228386343886329	-0.6419876630350491
0.060213584803912285	1.2286342515749415	-0.18958319759050293
0.8031890384337248	-1.192830318389155	0.7905972130900997
0.8279689702921682	1.12220081725988	-0.4026428757492586
0.10907549985719264	-1.0190817120719906	-0.4993087127641875
-0.7119658798609864	0.8868443870985198	0.7879875400266118
-0.8980510964554774	-0.729787824202983	-0.0886661893804126
-0.27734248407450535	0.5530004071269962	-0.7385905488046871
0.598097894980825	-0.362195500327846	0.6555892901519422
0.9423551389013901	0.16352581493767926	0.2553233206452195
0.4403775856613637	0.03661769025378868	-0.8705106783170565
-0.4637649330993273	-0.23181604425725097	0.409460883620156
-0.9588505990679009	0.41583490368703324	0.5794955481791516
-0.5936575609160352	-0.5828326573488853	-0.8722665424502759
0.3118236968038498	0.7275570595179605	0.08211575791333088
0.9459353949183633	-0.8455236799618483	0.8353506372152076
0.7323815206806198	0.9331699074001342	-0.7388401511791038
-0.14595103827682424	-0.9879789132573328	-0.28125585612608583
-0.9026653668012617	1.0085688638332226	0.9825195417847155
-0.8516052033817396	-0.9947437429841214	-0.4845364010345897
-0.02926759143510149	0.9475033874192142	-0.6285774845200417
0.8290204598554819	-0.8690117079476974	0.9949544435740156
0.9464814971809261	0.7625235299041231	-0.1419050790906675
0.20834540517239866	-0.632271985172936	-0.9081382063684608
-0.7261640307297393	0.48331987193419207	0.8655263266586686
-1.0125957459229014	-0.3213798081188146	0.24214839001914348
-0.3850295956102967	0.15260928101781848	-1.0763900198880392
0.5966414397920276	0.016612219580679245	0.6080874609650264
1.0463615859890032	-0.17991595764307627	0.6128133067573495
0.5525787181820183	0.3311780211859529	-1.105073644845925
-0.4444629489003256	-0.4647459102517455	0.2563226784342007
-1.0454215039520895	0.5756489751370468	0.9155957853399526
-0.7041692138509956	-0.6597845238243609	-0.9863424957553871
0.27502779886930023	0.7140722522658934	-0.1407772157293756
1.0089827138336123	-0.7365708079205483	1.1050204964712813
0.8333875724555244	0.7265517328732821	-0.7347393347537159
-0.09487189096350902	-0.6845276900197158	-0.5263065767174009
-0.9380198860910575	0.612233683724855	1.1522258270798742
-0.9347387222784925	-0.5125618655916072	-0.38539705554823517
-0.0887434667601475	0.38945238211915306	-0.844504179184408
0.8352949792873487	-0.24774448940124869	1.0499288043645199
1.0040890328726004	0.09299375023661216	0.011401255564047644
0.26834871444648367	0.06873753049331524	-1.0498141398572194
-0.7051783267421103	-0.2311084445099385	0.8137033401570221
-1.0389697881932671	0.3877373252428369	0.3983574765501283
-0.43681087393954876	-0.5324401289199214	-1.1142033937028004
0.553295527312385	0.6594602621818869	0.4792896946251425
1.0386936887563851	-0.7636812195348389	0.7204338869388026
0.5878214688642027	0.8408141893439157	-1.0313573733440033
-0.38605969331099155	-0.8875538809255584	0.09651360227302694
-1.004275465085317	0.9016971615141972	0.933497435077411
-0.7162575014893471	-0.8822206059107375	-0.81708244082492
0.2101679474506214	0.8293146841664131	-0.2789172411292719
0.9381864677248763	-0.7443739733901497	1.0107903505185158
0.8183757719263366	0.6299444107469306	-0.5060680518016916
-0.03214025643172342	-0.489630143365772	-0.5941404813382222
-0.8440012324802344	0.3279639224312447	0.9462554978639907
-0.8918369147346645	-0.15024618795862685	-0.14586048442384403
-0.14203966302847693	-0.03764103691376699	-0.8068656772334243
0.7260053931077503	0.22943860131948232	0.7544548509121385
0.9355870151347897	-0.41872573183327033	0.21069355200356193
0.3071498763413336	0.5991390933407421	-0.8909655639996947
-0.5888290614768432	-0.7645879750147662	0.467459295879261
-0.9496446149629045	0.9094584764678296	0.5132037147553727
-0.4588199198628333	-1.028800094759485	-0.83933665623933
0.4371528377314707	1.1184888309623975	0.1295187016372728
0.9348473812257743	-1.1753618140316835	0.7205602698223548
0.5935056808439177	1.197319445881434	-0.6639571131092742
-0.2755116871213354	-1.183392169690082	-0.2094969860920256
-0.8926078978757543	1.133770118176575	0.8060350704201498
-0.7083847113269457	-1.0497950753025806	-0.39346791648643287
0.10820085583288716	0.933915350440805	-0.5009204036563221
0.8247162139367933	-0.7896052874589019	0.760235968313573
0.8012124313873219	0.6212521839265653	-0.06883960460814198
0.060728707394306775	-0.43401435215958944	-0.7035592907212767
-0.7332121865379145	0.23365489162009576	0.5918030007674677
-0.8701779696903329	-0.026356442157754692	0.26221814271391247
-0.22740919613872143	-0.18147726599690825	-0.7888007496102247
0.6203362998452548	0.38342686887392347	0.32595932544461426
0.9137923231771493	-0.5732634290454306	0.5514428322017755
0.38805910499825846	0.7451486694548105	-0.7441132691303677
-0.4885549886867996	-0.8938231041512266	0.00117653170602115
-0.9308331246538584	1.0147761208136121	0.7561749611836713
-0.5388831777137995	-1.104392573279072	-0.5746625776761631
0.3406458415916211	1.160071107303279	-0.3356858475581229
0.9203606865429437	-1.1803102554881197	0.8448938009225404
0.6760011312202328	1.1647592798419233	-0.30288054777030204
-0.17981916254102684	-1.1142317910969868	-0.6353172777907973
-0.8818094076439864	1.0306813072902903	0.8015706303518334
-0.7954340321666032	-0.9171391013231067	0.03405065354205034
0.009845115523902851	0.7776158961938624	-0.8524163400984137
0.8151469457524148	-0.6169701626285243	0.6283074476982693
0.8931710674493217	0.44074692015675065	0.38868126474781967
0.16484943695398083	-0.2549920013912769	-0.9519990095601829
-0.7210808177200209	0.06604767230227984	0.3457977317850105
-0.9653294765595568	0.11966372831636833	0.7094128904553674
-0.33915191249909804	-0.2958608936493904	-0.9147652623976975
0.6012791452622667	0.45662181548446557	-0.008703432254100939
1.0084059981755984	-0.5965915363979573	0.9476534559048061
0.5073364292527524	0.711171886821301	-0.7406787265783573
-0.4585612389624404	-0.7966861596646106	-0.3859435044634596
-1.019599787317931	0.8505124044156842	1.0651184599392756
-0.6632599055463688	-0.8711800145479828	-0.4499870874205396
0.2970079882506115	0.8584255115522333	-0.7314225472466056
0.9971667293770246	-0.8132048589062684	1.0401580277446152
0.8006844130662807	0.7376612214682395	-0.08117347696181457
-0.1219454960900522	-0.6350487617975834	-0.9935145569238113
-0.9407479617736673	0.5096147685351488	0.8719228243278175
-0.9137022105228632	-0.36644407180185895	0.31420115749666067
-0.06022912616180351	0.2112712433159621	-1.1317148112063815
0.8516072228219294	-0.050267433154793525	0.5813766850833055
0.9972124007373478	-0.11019020486806157	0.67918637415788
0.24238369871455953	0.2637577574332065	-1.123523472469461
-0.732717814483731	-0.4043632871403962	0.20865621690919015
-1.0473771971898922	0.5264358241724337	0.9604604368206747
-0.4171184594393261	-0.6251157116507357	-0.9685550411119501
0.5886625351144551	0.696438113303439	-0.19300059454099092
1.0619794619483234	-0.7374825529008134	1.1170478808184356
0.5773028701417622	0.7464827187617876	-0.6889213533654912
-0.4253453647370069	-0.7228923717303641	-0.5657616557775108
-1.040616208004844	0.6674049678761464	1.1270436576007576
-0.7165997981943798	-0.5819264666797745	-0.32569438528376465
0.2495528803434674	0.4695026574099109	-0.8565601386930332
0.9846935283260573	-0.3342041180704502	0.9910233678915109
0.8298950508375867	0.1809735458690454	0.06789031214391214
-0.06843467479239693	-0.015441598545690523	-1.0255160418646776
-0.8972286561717473	-0.1562814921289573	0.7315387033296806
-0.9135706103691392	0.32783046900551677	0.4351350817462841
-0.11101405473130703	-0.49281723086331974	-1.0518765219129773
0.7825026621341571	0.6450620001432892	0.3889483762317265
0.9655943610441966	-0.778815052067626	0.7248016124492715
0.28239143342787326	0.8889611159256264	-0.9365400953194992
-0.645631981677917	-0.9711993744616533	0.014563314189361352
-0.985436816627297	1.02219303710873	0.8986658644799248
-0.4401967726834001	-1.039683695967251	-0.7009937007704284
0.49213323139968324	1.0225670348541542	-0.3374972126837971
0.9738557537366848	-0.9709278952727519	0.9365632612517504
0.5799866872591222	0.8860341539200983	-0.3831822680786842
-0.3275449176218219	-0.770290282896382	-0.6182931109258785
-0.9326062316116411	0.6271527996493582	0.8383909248668024
-0.6983892956882469	-0.4610110286466537	-0.03128651204338724
0.15714779918816213	0.2770376575964783	-0.7907025762636838
0.8641352320062106	-0.08101445188794332	0.6231226631308489
0.793008620518026	-0.12086082658384686	0.3034459540090905
0.014199523025629162	0.3221797770663624	-0.8339383736526456
-0.7713104216522936	-0.5165342158373118	0.32533055592515275
-0.8622626907197326	0.6977257050386746	0.5737439776070882
-0.18211553984902326	-0.8599670867612146	-0.7456071833676915
0.6572165503303649	0.9980697047510793	-0.010052144805445992
0.9052002691551513	-1.10761052237002	0.7423780317218072
0.34266312423561773	1.1850740282749193	-0.5413426840145685
-0.5250355868669878	-1.2279646383316862	-0.3339253029206492
-0.9213354789133215	1.23488622913526	0.7866621787515605
-0.49226020616645055	-1.2055864491983246	-0.2522925568336938
0.3780110495204603	1.1409645214098927	-0.5994191739628312
0.9105300640017445	-1.0430423471747592	0.7010538139997625
0.6275682317801526	0.9148998209731256	0.07911723835858257
-0.21948446356179344	-0.7605763363823104	-0.7678376922464774
-0.8729419879951247	0.5849414839130336	0.4977060399728479
-0.7453919779144328	-0.3935388812889345	0.4046446433091406
0.052982525351576666	0.19240791331358437	-0.8135914710076835
0.8090478147297641	0.012111131794906587	0.20497325820383014
0.842620579490114	-0.2135824806623524	0.6763795841633986
0.11767312895507698	0.40568440259072414	-0.7276489842789227
-0.7197351654550158	-0.5824161870459813	-0.13600612919235758
-0.9162336238842008	0.7382958887523752	0.8529911900020519
-0.2882660114877545	-0.8685423363755386	-0.5191108824273368
0.6064504189861228	0.9692352816130994	-0.47639259716140653
0.9633877564578639	-1.0374481465025	0.9054300828633444
0.45412896888395904	1.0713485994442238	-0.2146088141373181
-0.471375809809421	-1.0702631401782208	-0.7659683876071283
-0.981587943431236	1.0347029796041758	0.8213902797963076
-0.6101648948121586	-0.9663497342356449	0.14461589557622237
0.3176000203425183	0.8680007831544145	-0.9600683386364339
0.9689331183591678	-0.7434755175967062	0.6078314009362892
0.750969462127283	0.5974851046427813	0.5078556156891757
-0.1492391768274971	-0.43546973780887444	-1.0262702357717777
-0.9244091632602778	0.26340860715286435	0.2909620993162032
-0.8710679511526032	-0.08760893777575664	0.8218668139380135
-0.028536258637008177	-0.08551863200442833	-0.9498335101022141
0.848185463290392	0.24969037919420667	-0.08665891979708448
0.9652582225067772	-0.3989771749727438	1.0387602520117722
0.20960574690939	0.5280210644029597	-0.7368538583958846
-0.7418588403779823	-0.6322325329313607	-0.4718206158103653
-1.0290274680239442	0.7079608144748633	1.1236673212280932
-0.38715293257944977	-0.7526304884449676	-0.4143051887007815
0.6085857286043884	0.7648388038966417	-0.8085202404829659
1.0589867001857665	-0.7444096173608703	1.0608074285053293
0.5540609624208647	0.6924014818707924	-0.026604864744746184
-0.453054304696849	-0.6110692111853152	-1.0467966972086886
-1.0532512860639727	0.503780089102497	0.8566792120569772
-0.7034077628665311	-0.3748877175262584	0.3709901002711278
0.28127382077335733	0.2295682159798052	-1.1509652374579984
1.011695243253903	-0.07362502030089776	0.5395433163295686
0.8289924093252423	-0.08673019209252966	0.7211247408828864
-0.10019424703217966	0.24511195822066825	-1.1056398351946497
-0.9360249723284358	-0.39520176904469184	0.15509590221616296
-0.9258098131842295	0.530985774542284	0.9736379874269361
-0.08279378382326372	-0.6469803091783853	-0.9183024162739087
0.8296519035724651	0.7384366461567858	-0.24093441207360808
0.9903970427305293	-0.801517292902607	1.0936253247630547
0.2604020668889224	0.8334373482360966	-0.6178976687095932
-0.697384261697556	-0.8325658938622392	-0.5918473853140104
-1.0210002087412642	0.7984840197409577	1.0667515958254552
-0.4259463814601497	-0.7319978096755038	-0.24979534114582588
0.5449937821091696	0.6351063636801336	-0.8489448860628096
1.0175485211901893	-0.5109266334493126	0.9009279402554878
0.573734902404141	0.36357842863050116	0.13179005590623188
-0.37873354083132726	-0.19803435553615364	-0.978790817457649
-0.9814604193806626	0.019940628398666182	0.6242732434664905
-0.6993005589279249	0.16458438935720346	0.47240595382718675
0.2048837260274365	-0.3491664227015102	-0.9676194565805
0.9153349636903114	0.527398470163399	0.28001489408859037
0.7994691774757141	-0.6930630562533697	0.7254507080878888
-0.029385708373900494	0.8403458996740382	-0.8224286931338695
-0.8225940601316541	-0.9640338300471926	-0.08053771348028806
-0.8722860565053857	1.0596904954214972	0.858508056219848
-0.14240153916068785	-1.1238043020963868	-0.5689454784133204
0.7071376346338557	1.1539040779887126	-0.4056578912385512
0.9168438572804797	-1.148639109595529	0.8571819533967542
0.30581633583076956	1.107821428901812	-0.24712624453486098
-0.5730591096639462	-1.0324294796518412	-0.6503380404047088
-0.9330624071651142	0.9245735336351407	0.7261992733517174
-0.45689684443326256	-0.7874244214012859	0.09490335620139463
0.42444864539071864	0.6251082560802347	-0.7820220951179373
0.921468095574504	-0.44257083579528467	0.4879635553131978
0.5923021856522206	0.24541628588152586	0.4075324496706572
-0.26529194217367086	-0.03972522759031593	-0.7844001642893552
-0.8830107778541872	-0.16814167953720582	0.17901213124837673
-0.7091894255044839	0.3717485892187336	0.6461408134688901
0.09945620910264141	-0.564791277594188	-0.6590383614615842
0.8189432809375463	0.7412994530602435	-0.15503929155759602
0.8050837263222621	-0.8958282704827115	0.7766991657816448
0.0692567059926469	1.0236330897005324	-0.4248494638407994
-0.7307754211426806	-1.120822020715179	-0.4654435372534968
-0.8777746894771843	1.1844814540444246	0.7799917364603897
-0.2370173815219348	-1.2127705685287482	-0.11557001244480258
0.6203022310124788	1.2049817214905287	-0.7065471118611566
0.9252651205600743	-1.1615646358011538	0.6540978815289122
0.39986739396561827	1.0841133806914227	0.224476414075353
-0.48969514062289643	-0.9753162712660638	-0.8416948423059152
-0.9457899766243936	0.8388699567661173	0.4148845024640812
-0.5536419258876819	-0.6793600991117289	0.5459470064108368
0.3416350142115676	0.5021121293586713	-0.8482207334057992
0.93791321444074	-0.31301657800351973	0.09437626876905261
0.6939474490736626	0.11833437324755841	0.8008766671978667
-0.17945723066037894	0.07551174204177664	-0.720938282442039
-0.9006984044186132	-0.2621529383670041	-0.2629802926961439
-0.816220652457672	0.4354900483787912	0.9492591573186415
0.007272127364018896	-0.5899020441977451	-0.47358394623273703
0.8339353209754458	0.7204400201511334	-0.6059315576855242
0.9158854606325901	-0.8229997742590304	0.9650212106414849
0.16997925925493593	0.8944666482473438	-0.1377882743333509
-0.738390203438266	-0.9328270960590902	-0.8834031395535349
-0.988610394585465	0.9372424889701955	0.8404993836158984
-0.34657174570811766	-0.908081905644622	0.24060679794489678
0.6160343630862143	0.8469120619197125	-1.052032100577392
1.0306490452630854	-0.7564440624017532	0.5885499139369958
0.5161717352296865	0.6404382502486909	0.6076837503671264
-0.4701980814396354	-0.5035700322509756	-1.0831370847677593
-1.0392245578695682	0.351261098442476	0.24163255176848045
-0.6721490849631626	-0.1894818722632699	0.9093545407884516
0.3055986837115555	0.024532253568985928	-0.9678812268565564
1.0128997082066948	0.13719130765771542	-0.15235675913330896
0.8080046920301197	-0.2894336958969694	1.099869891568012
-0.1282064880659507	0.4263149311970335	-0.7194999436989595
-0.951863951098841	-0.5425508818681334	-0.5371141294647502
-0.9178640552407774	0.6336522968639904	1.1494413596916802
-0.05506013439737449	-0.6960943455981238	-0.37189443559563284
0.858073653031237	0.727449971404475	-0.856762915365951
0.9969641421420056	-0.7264817769496102	1.0494660619954728
0.23678411513041112	0.6931888051075742	0.025413464053369767
-0.7352038371539967	-0.6288063842778886	-1.0649279150688509
-1.0420529142246362	0.535759091552136	0.8142135708615869
-0.409583376282528	-0.4175687651849152	0.4151710492293322
0.5884054996276443	0.27872128481387837	-1.1323085356066145
1.0516327446008547	-0.1244974543923691	0.47854216136232836
0.5666474131061632	-0.03922530106289092	0.7416690566965315
-0.42390252215386914	0.20619263490733675	-1.0512773597743217
-1.0260090152177752	-0.3700058439803979	0.09207148897676193
-0.7021936966926949	0.5243583906111401	0.9596236892398824
0.248494530349616	-0.6632674626969349	-0.8366794182939279
0.9671450170335882	0.7812919999602997	-0.2890055047334233
0.8117797040488572	-0.8737292913413445	1.0410232590289594
-0.0690472160263613	0.9367832147507187	-0.5228430419217927
-0.878362020457553	-0.9676983949709458	-0.6108580719349439
-0.8924394438547528	0.9648559398362766	0.9788215589853081
-0.10795361803912674	-0.9278279163228467	-0.15758233309037173
0.7639485749456394	0.8573892833299119	-0.8300774555120946
0.9426500308750219	-0.755487545233514	0.7870896793326281
0.2767299434512387	0.6251718727585345	0.2055308084025306
-0.6287506039306628	-0.4704848048559953	-0.9195943531459094
-0.962163935927355	0.2963208545430624	0.4979452170277981
-0.4323971419364632	-0.10825735935467215	0.5152054673954566
0.4778049048351957	-0.08763628131039464	-0.8717495506662414
0.9517597548447377	0.2850042693913576	0.15608770841390554
0.5710125648209929	-0.4774179269907777	0.7295339520369455
-0.3160589767500746	0.6585899299415532	-0.6983960695356919
-0.9129676419549295	-0.8225822470422974	-0.18799143244142222
-0.6895142384709682	0.9640011206938682	0.8212738227341632
0.14819677051902028	-1.0781729626574432	-0.42837545497145546
0.847817908729325	1.1612957460208582	-0.48506220627263497
0.7855890755359102	-1.2105613244277684	0.7808430507373628
0.021431254081171303	1.22424507339713	-0.1029950189133934
-0.7586474005151405	-1.201760296125644	-0.6935784531469198
-0.8575128841220319	1.143675937082354	0.6169281300092971
-0.1887913003561818	-1.051697270667838	0.22975394011759015
0.6479825030338334	0.9286103496645042	-0.7848108827327627
0.9040006893962175	-0.778192080713611	0.3548714739677081
0.35009008535915803	0.6050888147564483	0.5215038574125328
-0.5185028992424575	-0.41466727425071004	-0.7462626608705263
-0.924098162705516	0.21284246317646835	0.033170514425351176
-0.5016715440592631	-0.005887899943290162	0.7296777306623298
0.3730777753398519	-0.19976594044296758	-0.5831286001543802
0.9171353671613419	0.39773870501370406	-0.3014834832119649
0.6399194105853729	-0.5819062830246701	0.8229260090235951
-0.21485618268771023	0.7465994615516554	-0.3177048619260585
-0.8827536406348307	-0.8867887702282842	-0.6001342547370434
-0.7611966880612916	0.9982495158219042	0.7853106887325197
0.04738535891677006	-1.077701537350373	0.013219248897046279
0.8210054826527521	1.1229189168363973	-0.8178987156658594
0.8618484772664871	-1.1328057460796075	0.6187720914594826
0.12527515270847464	1.107435057503499	0.36282019236038937
-0.7325156735697513	-1.0480491536605447	-0.9200767042611848
-0.9382872120012264	0.957020786845881	0.34349042843035854
-0.2984792708957673	-0.8377759142715022	0.6802084236412601
0.6186796692534949	0.6946800479551257	-0.8873144104460112
0.987168359241952	-0.5328914909396164	-0.004111976860592463
0.46699549321172024	0.3581859592362876	0.9173431658072596
-0.4818635601690391	-0.17675818727393175	-0.719062715329374
-1.00564970934694	-0.004992940752922614	-0.37575465669842634
-0.6251129929264668	0.1806884427257367	1.0360850717362604
0.3255607524486762	-0.34419466853892733	-0.4346288052798592
0.9917092639964273	0.4898420552905917	-0.7177613739812772
0.7668692171352852	-0.6126291974338902	1.0143679953443419
-0.15445731756532252	0.7084045681130369	-0.07133355995877134
-0.9444780429185315	-0.7740188801994381	-0.9788806197276062
-0.886394821493239	0.8074420222981573	0.8503871415546126
-0.02563578174803868	-0.8078397211326165	0.3203122319800122
0.8645295074257693	0.7756065284122655	-1.118338522257263
0.9783458235777068	-0.7123533558471907	0.5638371219279779
0.20800745766003054	0.6208495234816799	0.6839452593632965
-0.7540624896635083	-0.5049210723833188	-1.1127310141093967
-1.0383671344047862	0.36930884589450635	0.193643414045837
-0.38542360795342456	-0.21949148544755767	0.9661368714280243
0.6169242820312845	0.06147994121907876	-0.9603699148304253
1.0635139474275428	0.09840870469747363	-0.20771870750713622
0.5506183079894096	-0.25378942289454604	1.1251040404151675
-0.45844595005274863	0.3984502268004606	-0.6820613875153982
-1.052555336092577	-0.5265866301184259	-0.5824728157622981
-0.696831286858678	0.6330204918569077	1.1376707618571913
0.28509847241785685	-0.7133948110038755	-0.3179806594201327
1.0061014995453077	0.7643370275400205	-0.8768790849051001
0.8183082955884928	-0.7835846865953363	1.0030776017653162
-0.10401634428801625	0.77006886636773	0.07885154336245673
-0.9265295979334286	-0.7239524854720419	-1.0498811915933575
-0.9106856081497532	0.6466224126485716	0.742888606482577
-0.07753670112998835	-0.5406361200706804	0.45123498322587724
0.8177239160315893	0.4096253718842081	-1.0794282470372099
0.9712042534401751	-0.25816104930480677	0.39709493964820736
0.25267581725844174	0.09158461937752864	0.7469129260284102
-0.6846821144524157	0.08418709465444829	-0.9653887481805581
-0.998736192430964	-0.26287632461688254	0.01730753472841251
-0.41530430275496244	0.438069889107937	0.9264725956287384
0.5330604992044166	-0.6034475619643059	-0.7287472943571071
0.9936422747376589	0.7530050869981154	-0.3415560397393209
0.5603782771355903	-0.8812640385636415	0.9687422069902187
-0.368733337396028	0.9834613850880273	-0.407530978589967
-0.9575101212182318	-1.0557125001168097	-0.6295567194801428
-0.684014331210647	1.0951424390141618	0.8730302082269717
0.19742670123864972	-1.09998151190349	-0.050453340888633506
0.8928334065949802	1.0696224859672667	-0.8086774207887221
0.7834577174121007	-1.004638094607616	0.6582018144247229
-0.02446304506163631	0.906758871153787	0.29050069493211467
-0.8026923324606857	-0.7788126182928072	-0.8575468464449103
-0.8569490447162589	0.6246280332748699	0.35909820793793457
-0.14537338792834043	-0.4489061005437067	0.5673727695861273
0.690482505374064	0.25706381079535445	-0.7735578017804849
0.903536284080737	-0.05505554746053038	0.021099178990473793
0.30786214514541455	-0.1508219170854259	0.742470804403184
-0.5597216019576504	0.3541344623346379	-0.5724188046573602
-0.9228777670478254	-0.5485191280389454	-0.3062813429210224
-0.4592897266864497	0.7278894987557096	0.7929191727056801
0.41394499754967834	-0.8866315403030286	-0.28547351689492084
0.9150740971962641	1.019783811123741	-0.575935309341751
0.5963443906079706	-1.1231964861336399	0.7131837434282653
-0.25668595859882565	1.1936642966020832	0.04471293328987263
-0.8805558484530464	-1.2290292882483111	-0.749134963004231
-0.7159982346816937	1.228250209842935	0.5154714589788244
0.09152414584718556	-1.1914363429280808	0.36993353336077234
0.8200419853216137	1.1198446447886174	-0.8003837039591682
0.8154096942542336	-1.0158401750891402	0.22807310338591366
0.07782213387276281	0.882820884117707	0.642499121842418
-0.7345722868479244	-0.7251089291111581	-0.7207099330593393
-0.8918744296008153	0.5478117261128946	-0.10815745671510076
-0.24738989264785208	-0.35665690977269626	0.8213845704794879
0.6256059467083175	0.15780623461891477	-0.51907402072053
0.9428453523650546	0.04234581804149561	-0.4448807780771165
0.41288451632357226	-0.23738238809637038	0.8777513595166121
-0.4951678468331275	0.4210768021564005	-0.22166262450988636
-0.9660331740541102	-0.587600417881936	-0.7324677952735126
-0.5696449624130338	0.7317188179551404	0.7992180941187521
0.3460138979866215	-0.8489696547512211	0.13101708118762143
0.9595869666117293	0.9358159011760243	-0.9267145847484785
0.7126906542776328	-0.9897689386016633	0.5922609652740294
-0.1817782105592738	1.0094767987274222	0.48912598928772366
-0.922339752384577	-0.9947739539232021	-0.9953008769980101
-0.8368710776424203	0.9466902933704405	0.28221339695062636
0.00705963565276537	-0.8674182951245702	0.8001627614105804
0.854088083281155	0.7602388644280049	-0.9230756002655142
0.9371244306852925	-0.6294078067838357	-0.08945288060537647
0.1725938351874077	0.48000638564432263	1.0165714682409113
-0.7558595265648033	-0.3177608207736361	-0.7152189807820745
-1.0088312003636126	0.14883685492539714	-0.4705187044196255
-0.3508344516254241	0.020383404535968406	1.1032148118493272
0.6301121598299989	-0.18353432954589238	-0.3974841734099071
1.0482248745979583	0.3345007204367051	-0.8055430395823193
0.5208094343061537	-0.467644066647829	1.04343389765059
-0.4808104819331703	0.5780124622426374	-0.013110249605252275
-1.0528005076274192	-0.6615260133609989	-1.0444626143014137
-0.6755841617248691	0.7151304163921937	0.8424516189964638
0.31333619154203934	-0.7369125484714519	0.38340113265921133
1.0216496459801383	0.7261733527266431	-1.150801684364164
0.8086458582737766	-0.6834549613621658	0.527232735609633
-0.1342200430058515	0.6105208095456136	0.7347599570379423
-0.9556535813896732	-0.5102893725838821	-1.1079104134960287
-0.9144150010914214	0.3867240236370081	0.14256831809051385
-0.049282747976853704	-0.24468327457670785	0.990138056983137
0.8574884537788703	0.08973724830271744	-0.9219239327405437
0.9886820312775895	0.07204243451607714	-0.2560385472609925
0.22971602012611492	-0.23431114638246023	1.1134408973859196
-0.7314315780473492	0.3906892413804629	-0.6207776790169328
-1.0288975799006357	-0.535000366140955	-0.6113773542080161
-0.3999646618529499	0.6615010076115274	1.089001966235212
0.5829988736867173	-0.7650926525977683	-0.24946421708215621
1.034273549980459	0.8415087368092784	-0.8736948444607019
0.5537314488325233	-0.8874696615231664	0.92366718977328
-0.418476419027942	0.9008004976220936	0.1374792572267815
-1.0056915772744963	-0.8805075149367554	-1.0083083991117392
-0.6858823912505233	0.8268113000904873	0.6450416437256143
0.24442546960834693	-0.7411358880272192	0.4847411217341526
0.9454528632509946	0.6260549631415686	-1.0003896062571274
0.7926258018379332	-0.4851977229238975	0.29646634536695454
-0.06723659073128677	0.3231183856108181	0.7446349122841706
-0.8569289351857485	-0.1451345184323452	-0.8563217205648422
-0.8715258056437724	-0.04285966971615987	-0.07013917499087975
-0.10721146889198302	0.2345982112187876	0.8837638953801304
0.7441815906628875	-0.42365912557498425	-0.6017452162845813
0.9213806427912951	0.6036835278508658	-0.4022020598826378
0.2737608687104163	-0.7685906696036765	0.8870907305729407
-0.6116132345861438	0.9127817942582731	-0.27695890042686694
-0.9420138711400906	-1.03132622058977	-0.6539118899000638
-0.4280525035753135	1.1201237914797155	0.7591180881159694
0.4636913236239456	-1.1760387089145952	0.06935230534133272
0.9340313374414229	1.1970007862658698	-0.7921536246899055
0.5664950085468142	-1.182071249971441	0.522366946260451
-0.3047692294869332	1.131471379428377	0.387032274518577
-0.898591155901451	-1.046573451556706	-0.8003702801177471
-0.6861601304108158	0.9298546219867698	0.21366011053304118
0.13900582597191968	-0.7848154971482773	0.6310952936328232
0.8372221137111242	0.6158662022605819	-0.6801285787502712
0.7846439728071519	-0.4281837038347856	-0.12112544221816134
0.029629535404802166	0.22754497943010948	0.7673778408544395
-0.7517118350366858	-0.02014132304463603	-0.45043815958278727
-0.859931632245887	-0.18762038391702998	-0.43314141778979115
-0.19729050010187288	0.3893232307111658	0.7766943328113498
0.6440723022822334	-0.5787462580976046	-0.14505947037361033
0.9102968237227419	0.7500644342034906	-0.6768250086026498
0.3601554449197701	-0.8980363566612827	0.6571706080295187
-0.5165781388105645	1.0181737491443075	0.1918493298496338
-0.9342600081952936	-1.106887328742739	-0.8157219723165364
-0.5143297483026962	1.1616042901255454	0.4245710173717656
0.3718625601585682	-1.1808534689939187	0.5113133797923113
0.9306191298727641	1.1643151929589748	-0.827314302254777
0.6557805701510994	-1.1128338808682026	0.11055741550191067
-0.21304687913289316	1.0283925862696448	0.7658336412031024
-0.8985564518695529	-0.9140498681801728	-0.7063290480848159
-0.780333108235302	0.7738405805189874	-0.24104759589247712
