-0.7339813089780982	-0.57666564957615	0.8320766951772831
0.16430980332443867	0.40893839569134716	0.18960055413384458
0.9242511037439998	-0.23246765939428968	-1.0053800272343225
0.8561090469544486	0.053606157956444994	0.6007557249120699
0.012168096344178763	0.12123971821104783	0.5556056229992113
-0.851710157503026	-0.28583822268450465	-1.0561030324405372
-0.9532130727725766	0.4343563158236995	0.26948449134942803
-0.19272471559181292	-0.5615712173420663	0.8651138797280374
0.7490583663724761	0.6630614686953269	-0.9620944894114032
1.0207068160072086	-0.7353701220904101	-0.11669743013523626
0.37073395895987216	0.7761335805916105	1.0709687581363825
-0.6191372019099727	-0.7841708077673206	-0.7325899475889301
-1.0550097479203924	0.75952906631481	-0.5029947069007217
-0.5391717739561869	-0.703483980179475	1.1403812774724016
0.466319743182802	0.6184934791017687	-0.39774163350220887
1.0539452484993934	-0.5081070044482477	-0.8332069816830291
0.6910839521190298	0.3768331511825118	1.0606935561950963
-0.29635317426107227	-0.22997061191339538	-0.0044525646247224
-1.0170344041602581	0.07340879693567627	-1.0587527282441977
-0.8201079757307422	0.0865942419646163	0.8419374322654799
0.11602486647899526	-0.2436480161556875	0.390862893546704
0.9456240695343135	0.3914707842385003	-1.1466866799614341
0.920969070367839	-0.5241263715680687	0.5155136033064943
0.06730946668438248	0.63624748093075	0.731347204932988
-0.8428165554255147	-0.7232369334052772	-1.0851254953356728
-0.9898697037253146	0.7814392155748239	0.129129281197327
-0.24626591623412214	-0.8082759536407419	0.9688875779012812
0.713207863365963	0.8023404261146648	-0.8850088128458
1.024711325656126	-0.7634478938580473	-0.2610448201626837
0.4139564180397713	0.6926402923388452	1.0716718104896157
-0.5624800747654989	-0.5921456172335933	-0.5779204202402093
-1.0251220150934945	0.46529406430026593	-0.5994546173582376
-0.564418506634616	-0.31639458717956115	1.0287582896020675
0.3969198996713765	0.15057695098548246	-0.2105370746825796
0.9923033241653978	0.026394464672709762	-0.8397599577104037
0.6928971258218002	-0.2083279590187954	0.8510090836895486
-0.22294273152942354	0.38882514312372	0.16308554152262242
-0.9287424552601069	-0.5615068607742438	-0.9514754693490072
-0.7959590645668233	0.7202363536120342	0.5685142812667009
0.0466900253124398	-0.8593319230711628	0.4898926417438343
0.8378540336932628	0.9737619001195758	-0.9237254580427989
0.8714540363192462	-1.0593155212176373	0.22527106649723858
0.12625651704504343	1.112744285961083	0.7254607949291025
-0.7236171450058444	-1.13186949555583	-0.7658290059917063
-0.918360892798373	1.115652896777688	-0.12775951799395244
-0.2910290296409125	-1.0642286385735806	0.8398144445507866
0.5902613091580112	0.9788960446624188	-0.5049974934524468
0.936569320283613	-0.8620739747914051	-0.440029100232871
0.44350616846432456	0.7172187528130167	0.8208305668194489
-0.4420357283476377	-0.5487087489318535	-0.18180566972385098
-0.926647393210159	0.3616996886113405	-0.6681794679602784
-0.5802523205390365	-0.1619555990441435	0.6750786631593338
0.2830754698286193	-0.04433902181607723	0.15573204150204295
0.8896370229049	0.2507797314576184	-0.7814608014666328
0.6984001816913208	-0.45094896946136376	0.426283511150184
-0.11736037005852956	0.6386226649805995	0.4586438670200709
-0.8269067230717438	-0.8079701671671632	-0.7653208282468973
-0.795515155270683	0.9537412837574849	0.1118108546455088
-0.05125079493232566	-1.0714346285676852	0.6832980813470368
0.7400774662656591	1.157442054274866	-0.6229430659234204
0.8694765657405695	-1.2091646670979703	-0.22231645178416518
0.21893688667120847	1.2250967664739374	0.7968972695514044
-0.6310245792712453	-1.2048750045945835	-0.37469853209927223
-0.9184041921045347	1.1492910944032082	-0.5273197256901266
-0.3818124462036568	-1.0602674849700262	0.781668476386115
0.5019472338798352	0.9407965428969434	-0.05561256261252298
0.9406503483281742	-0.7948448989519536	-0.7579073239854247
0.5358396309963795	0.6272257108346704	0.6373455716420479
-0.3554870505572215	-0.44344262559953396	0.28893316026014976
-0.934868060999362	0.24951016851915173	-0.8782542222851425
-0.6767855468904769	-0.051756109389700274	0.38163169517587436
0.19486851180760423	-0.1433879658766953	0.6089116786265344
0.900154671289687	0.3296011471881715	-0.8670766822714912
0.8002525350538421	-0.5008857177225461	0.04844677636865787
-0.024026657956087546	0.6517705674018018	0.8562590342308002
-0.8362572843210846	-0.7774985104231816	-0.7211393791956997
-0.90180110533226	0.874190888775501	-0.3160563694560878
-0.1523168505713271	-0.9389834540546987	0.9916720835189768
0.7438124363784859	0.9701283587563707	-0.45657210085159944
0.9771724709964453	-0.9670581387664181	-0.6594603604958704
0.32866768990306183	0.9304088050495555	0.9907062920348302
-0.6245789258994418	-0.8620005494592423	-0.10752738667141201
-1.022599918057494	0.7647760634023115	-0.9304476199574947
-0.49889339250611137	-0.6426980173343081	0.8481808712580149
0.4816131957679442	0.5006087960922851	0.27798053136653494
1.0351771862683716	-0.34405706813530357	-1.0866063015096412
0.6564922380142146	0.17909712252355153	0.5799594102932307
-0.31933516583762245	-0.012068073964488018	0.6447534789622256
-1.0132316702669353	-0.1506390438757674	-1.1014332539116813
-0.7949853757153554	0.30281765284844253	0.2214674026664918
0.1434427469138645	-0.4386765394633586	0.9387562191379126
0.956636609621262	0.5530564356084102	-0.969202488987132
0.9083919849685108	-0.6416238456346849	-0.17715707359095537
0.03934337561466511	0.701034491557411	1.1157935844210458
-0.8669958631146554	-0.7290598776336664	-0.7065883423549294
-0.9917215520143158	0.7246718939899593	-0.5586911056390182
-0.22168992667285017	-0.6880820272833712	1.1489157508581294
0.7476511590079895	0.6207335530336306	-0.3504835904236495
1.0414037118920925	-0.5252469687933723	-0.8679719764467512
0.39616638199145904	0.40532080467718506	1.0330555412622116
-0.6034934420931536	-0.2655917329226988	0.04776574252003344
-1.0555811285043581	0.11145951080954011	-1.0608623495231595
-0.5557892677699148	0.051116339810887854	0.785909773351168
0.44059958572930646	-0.21584014630868242	0.4306855611684791
1.0342154002662243	0.37631530028007343	-1.1113077445988309
0.6945105413893874	-0.5262820294307876	0.44487289981466277
-0.26575185294331044	0.6598487063175879	0.7439608061106076
-0.978993786417983	-0.7717080635247625	-1.0151694669864404
-0.8075775865711575	0.8573304119242074	0.060685087776231064
0.08591918584326462	-0.9131269811326741	0.9449181961615084
0.8930644818504396	0.9365777657149357	-0.7902469814769235
0.8917218684689515	-0.9263197056879516	-0.3108861428518488
0.09221910116885383	0.882192589579525	1.0087108710069457
-0.7806586614378631	-0.8052416757986469	-0.47272427466615813
-0.9451703064224801	0.697677618640047	-0.6177247341812453
-0.26264393365100214	-0.5627957990241559	0.9313060735608641
0.646671205433953	0.4048585443119299	-0.11094667380789144
0.9675069802778469	-0.2289449321687882	-0.8189130642468464
0.42022691900321746	0.04077387612281993	0.729086425724439
-0.4962679586304663	0.15349303906528383	0.2421957783729874
-0.9594348696167504	-0.34746198003476597	-0.890067210589381
-0.560817087660056	0.5347232802434686	0.4354955124067063
0.33457011934753544	-0.7090665569147839	0.5369636131816881
0.9224950553715827	0.8646874474774355	-0.8259225657483148
0.681205704561902	-0.9963793097787285	0.09556156899533325
-0.16644301085760507	1.0997038503790366	0.733443592643705
-0.8587960403180671	-1.1711354316383213	-0.6401430342533369
-0.7790065342328284	1.2081747309536615	-0.24071006096218028
-0.0036063534012343904	-1.20942845257337	0.8064537684594664
0.7707930567538929	1.174652891322959	-0.36270670438203617
0.8524945816888115	-1.1047602858252992	-0.5251265245224359
0.1714366275342228	1.0017880446633327	0.7482885755075873
-0.6611412286346114	-0.868832052025442	-0.03543988959003748
-0.9004441405823161	0.7099463311256218	-0.7174870850769326
-0.33321003229346374	-0.5300123376929577	0.5692154682899768
0.5326308183558017	0.33458204815484444	0.2936449534573491
0.9219998836884183	-0.12969977658210088	-0.7905546439884137
0.48529253831628943	-0.07829171728413632	0.29584883078698715
-0.38819937821143846	0.2829547947453733	0.5765526189908269
-0.9166052097140344	-0.47796384190774455	-0.733399604875928
-0.6241497438673708	0.6573090461518041	-0.03233315193844028
0.23100489437092994	-0.8154906361073377	0.771429090542257
0.8840016011479863	0.9476974140153214	-0.5528411235155011
0.7462703326675295	-1.0499638275960554	-0.36796461118677326
-0.06453566679836667	1.1193004200306336	0.8480187718235065
-0.8243018733280326	-1.1537932502344692	-0.27283144266941256
-0.8481449446105896	1.1526687757025298	-0.6618051822116454
-0.10727361578960361	-1.1163217168667794	0.7918917322471777
0.7381288643399686	1.0463045507451194	0.06824614775228241
0.9263216434795525	-0.9452784840479759	-0.8692259449380051
0.27995419336148436	0.8169269992682854	0.6069085276906627
-0.6267993038243144	-0.6658343155474595	0.4222333684753643
-0.977549352750808	0.49733232043263226	-0.9564785287805524
-0.4484793850723034	-0.31732066827198235	0.31546426207522266
0.4925209038275112	0.13206576446134444	0.7374535054285708
0.9990071267044841	0.052014778787148205	-0.9059438793666694
0.6073360350791859	-0.22857495862176136	-0.04378444564412363
-0.33856082289616496	0.391562772473065	0.9659380547241364
-0.9886002100756068	-0.5354343047681531	-0.7195101202839783
-0.7507121404449436	0.6553517286293625	-0.42072194079961367
0.1693384320907214	-0.747357831264231	1.0707025901310174
0.9452853853316922	0.8085203530587726	-0.4193189166725744
0.8728035044951782	-0.8370403916895682	-0.760712083388525
0.009601748289866457	0.8323203392142171	1.031929990656714
-0.8693719804455569	-0.7949882545303775	-0.04540533168432791
-0.9682180208068472	0.7268771760700578	-1.0128078527353477
-0.19176718222272132	-0.6309595896821358	0.8508752805207503
0.7627365136181772	0.511239015458968	0.3497518392594799
1.0324300694183004	-0.3726023904481943	-1.1379461075173705
0.370049688537264	0.2206385254985016	0.5505329546219524
-0.6288935629656885	-0.06142932974212621	0.7091225785073187
-1.0622165751963428	-0.09867834261861465	-1.1156245116222487
-0.5371858139521514	0.25331151935110835	0.17263143836045255
0.4728856618442029	-0.39631141412215176	0.9802003934450526
1.055998411174571	0.5219659010434375	-0.9476768971407485
0.686286253048096	-0.6252251370244566	-0.22874122872730515
-0.30098840460729137	0.701891975121028	1.1235999616460397
-1.0140213714162472	-0.7487798313113779	-0.6582608272578706
-0.8113542902496099	0.7638319928787622	-0.595810046584576
0.12026551766333372	-0.7461979272319402	1.1195018394742033
0.9383395339887566	0.696263892613364	-0.28995254887017846
0.907710787252283	-0.6156369865946302	-0.8764574961581173
0.061958873668508635	0.5070836116881272	0.9706852052157835
-0.8326034148418158	-0.37442510873848067	0.10330552556422713
-0.9722615075670523	0.22239493290066345	-1.0324551157972546
-0.23862731629030107	-0.05646315849331216	0.701635175730959
0.7016943371101216	-0.11736475513070528	0.4649975078754697
1.0035763516240042	0.29276716282416976	-1.0450896930832827
0.40339661953515904	-0.4633351094955722	0.35406020105649666
-0.5512735465269809	0.62280241395924	0.7448751009445914
-1.0017889057814886	-0.7652686391703734	-0.9173267890267899
-0.5509499814550196	0.8854070806014331	-0.02014397533214789
0.3873231824993196	-0.978650632240799	0.906296413149237
0.9683573339101827	1.0413493508453948	-0.6724188024545277
0.677150321568957	-1.0708946864070188	-0.36706933956499715
-0.2157464616510085	1.0658066292785582	0.9309806808538686
-0.9057464009740306	-1.0257813897226746	-0.3495342233730592
-0.7790438879792073	0.9516986223216286	-0.6386831838300865
0.042072128861383354	-0.8455885869804366	0.8207105459770299
0.8170933470233341	0.710560955648319	0.002590519327444581
0.8547475171690665	-0.5506981901807215	-0.7992779228123417
0.1287185409459059	0.37091749885505654	0.5960885413093603
-0.705910440112042	-0.17680630031019484	0.3328348764541948
-0.9032656235353199	-0.02556313591671615	-0.829756305709907
-0.29224810132052803	0.22983365706796657	0.29287063029118676
0.5758598661815151	-0.42957124358021465	0.5946636997072169
0.9242846589883489	0.6184743737914099	-0.7294582593196292
0.44470605691799725	-0.79057809519542	-0.04338035795053502
-0.4306176405984168	0.9404464105461708	0.7520589061493227
-0.9179864494013001	-1.063347016088205	-0.5155868775874499
-0.5827519058526403	1.155403021132724	-0.36352599675834074
0.27382625583319214	-1.2137170141628753	0.7838549040190895
0.8849111031745995	1.2364636991888207	-0.220527223821741
0.7033943383362068	-1.2229482837088772	-0.6212262584879634
-0.10912255696521544	1.1736288312818886	0.6861581933372393
-0.8258879851555013	-1.0901018710880817	0.112514433224296
-0.8038811306487256	0.9750516568152918	-0.7788111162946857
-0.0597819829483579	-0.8321645601593507	0.4727179928771688
0.7420412064524795	0.6660111424539463	0.43505412006215854
0.8816294936845239	-0.48189944402550144	-0.812101525986983
0.22899744698709434	0.28570393805482824	0.1732559363404869
-0.6348647476637744	-0.08367538842913264	0.6995142846012328
-0.9342197450283359	-0.11776249466451288	-0.7137124856213319
-0.39436033480431	0.31222321356384	-0.17011401098932133
0.5063516580612619	-0.4935677535431375	0.8654566779140527
0.9594663599832924	0.6561081415243469	-0.4944462864992743
0.5513800882373199	-0.7947975551255653	-0.5081068829666623
-0.359151719200669	0.905400541524117	0.9052116779557985
-0.9555694242447509	-0.984637415877651	-0.18248404170424543
-0.6952578177678945	1.0302976265760255	-0.7906861307999209
0.19672307315542495	-1.0413177869940118	0.8082007596847199
0.9213360365083205	1.0178211610565584	0.17975391627757908
0.8210008837798237	-0.9611166257876854	-0.9740258639733831
-0.023437089603651463	0.8736564837689095	0.5832515912166109
-0.8564458393004144	-0.7589539209094796	0.5409536033002907
-0.9236444743123825	0.621462352953742	-1.0271436522333566
-0.15540538098151563	-0.466420325793391	0.2583193218045601
0.761719540848252	0.29966697494488836	0.8479857603986852
0.9985729038550499	-0.1274342525734351	-0.9371771905574524
0.33368146031049173	-0.043876858223729984	-0.12269769837831104
-0.6393376278231205	0.20792815273167922	1.0538473044161953
-1.0419107394013667	-0.3586755640519024	-0.7122760876661817
-0.504695941002153	0.4905914333409084	-0.5059132543184476
0.4929531531056379	-0.5988692253077856	1.1252481025689525
1.0509313810037906	0.6796027435259553	-0.38131151552610487
0.6615660139323752	-0.7299327574862312	-0.8354828512000058
-0.32765173212506593	0.7481551224861009	1.0484578602939676
-1.0244149483499172	-0.7337859128655534	0.009900821963472922
-0.7977031625863826	0.6875807424771142	-1.0624634659500016
0.14973514599507104	-0.6115072449097698	0.8321617585476605
0.9628851194111516	0.5086715519793906	0.4054803728539768
0.9073267142195804	-0.38320145920330156	-1.1529058822687759
0.033661063500798824	0.24009071742944038	0.5065554398006766
-0.86867003875471	-0.08501046030780321	0.7483614982914606
-0.9859281263473295	-0.07590490404842286	-1.0935825910675405
-0.21506919397638893	0.23628900171177436	0.11866448871535192
0.7457640935747822	-0.38978301485627037	0.9895440520086819
1.0306087310559109	0.5302741602290796	-0.8941707839319167
0.3872354105264384	-0.6521239869225495	-0.2752955326307396
-0.5995074801529843	0.7503778530212994	1.0959406556318767
-1.0402371916153548	-0.8209477853081237	-0.5854569361372708
-0.5436251832307308	0.8607620733501424	-0.6190462461391432
0.43613738226883325	-0.8678763410416634	1.0553519589139393
1.015410044193528	0.8415424080792366	-0.21399241334223382
0.6788139694607962	-0.7822329287276532	-0.8651090951496088
-0.2622873397488918	0.6916215021682365	0.8777650167486992
-0.9582382554569265	-0.5725196166951876	0.1656497431621632
-0.7887169581884583	0.4287733536803736	-0.9818154352925931
0.08451431610522808	-0.2651241795278021	0.5929784937345425
0.8720133729955265	0.08703934802111087	0.4994826973540786
0.8706474017862046	0.09948161372644711	-0.9573935044492854
0.09108251453249093	-0.2881171783027405	0.24527067884178147
-0.760821453363314	0.47244328630074106	0.7420568759294084
-0.9232259089118792	-0.6461543178916124	-0.8007406483758905
-0.2591141716577481	0.8032780153057208	-0.11372973399176861
0.6291705867967037	-0.9383771926623554	0.862565989722613
0.9461853651896163	1.0467316816417185	-0.5391245466479558
0.4150178160852259	-1.1244947654228499	-0.4326877534684328
-0.4816827298332464	1.16881931393128	0.8484183484906509
-0.9401250673045349	-1.17794991329086	-0.2135071638752018
-0.5550532047616168	1.151278443133897	-0.6675832780639305
0.3228792828335093	-1.0893617591054787	0.7060876865723179
0.9062647792026415	0.9939013478963019	0.12759807594006042
0.6762125375423266	-0.8676860040029639	-0.7872704731738109
-0.157068484774749	0.7144996995377104	0.4594569099029309
-0.846238752384398	-0.5389978524098908	0.43481002292422954
-0.7760834035594062	0.3465561193215306	-0.7770748771547753
-0.011674844816210466	-0.14309662724253405	0.1461206448659912
0.761955606475771	-0.06510280675968663	0.6642912433662266
0.852704062643607	0.27161044548296603	-0.6402254005019118
0.1794589225020579	-0.47004707106005705	-0.18776773425845106
-0.6555355699500293	0.6542906542305634	0.783238075764059
-0.9044450496052142	-0.8186728749565271	-0.39714118368074564
-0.3424828814998989	0.9581613557710237	-0.49348748230187134
0.5293236422860135	-1.068521881937543	0.7739609229768569
0.9299431965504309	1.146455458657832	-0.08274641299888218
0.49693502946394796	-1.1897057822824233	-0.7259709824086501
-0.3859662147572196	1.197133563331884	0.6362001425130817
-0.9281048699389067	-1.1687551143539727	0.25790192261674094
-0.6389137853143513	1.1057436821676738	-0.8496554736861934
0.2285293928828387	-1.0103931357806193	0.3874351980411748
0.8981848852664852	0.886044789296181	0.5752832278410587
0.7644011576469582	-0.7369793121166407	-0.8433703745773067
-0.06062953495400199	0.5682768233829433	0.06106150831028532
-0.8399360717616553	-0.38564934924373323	0.8218654287889345
-0.8693132374409369	0.19525080500768885	-0.7036707175435287
-0.11345925103289203	-0.0034705146881016664	-0.2975354447295269
0.7538117743928862	-0.18328303545969116	0.9586786106109125
0.949643029587309	0.35880102570177935	-0.4460725184230256
0.28875849388479813	-0.5172882666118132	-0.6367588586042873
-0.641190379990902	0.6535648315860436	0.9612019531301979
-1.0016973179281705	-0.7632481313994036	-0.10377771528615143
-0.45963489147971076	0.8429087080685672	-0.9058935866817499
0.5045791426636662	-0.8901937897990655	0.8236636585173897
1.0224113422898469	0.9039136596145355	0.2762640440369244
0.6199713931652266	-0.8840871221799831	-1.0626529510129694
-0.3477473960690755	0.8319437701107173	0.5608901650900164
-1.0097048446006172	-0.7498823060093947	0.6397114510051202
-0.7634669772534974	0.6413858136294771	-1.0800439833651527
0.17574063115583724	-0.510896527540529	0.207075202358848
0.96282473353741	0.3636542571577312	0.9328683289888478
0.8840468568406799	-0.20550410780788853	-0.9512992221173435
0.005259915052559888	0.04268044004120765	-0.18870218654604046
-0.8826091510755215	0.11842494464492212	1.1111888194181774
-0.9763368651956457	-0.27150166245398216	-0.6917722878026712
-0.188242155605047	0.41055752786306354	-0.5697506039742972
0.7716108939678059	-0.5301441148612149	1.1467366827606245
1.0361327911021443	0.6255623223366401	-0.33715714443951317
0.3658089791161224	-0.6930399059250409	-0.8807099872773003
-0.6340378256518815	0.7298740233877562	1.033105028881111
-1.060785825385684	-0.7345332255538197	0.06189164721897612
-0.5307080986337005	0.7067149489607438	-1.0765587931501086
0.47550162347647035	-0.6473563563589877	0.7867143587626942
1.0494346568616786	0.5585982458631935	0.44786279363969395
0.6763662446717853	-0.4437036237392461	-1.129949837916733
-0.302605663709819	0.3069343256415065	0.44414262015827766
-1.0030427373770108	-0.15339069812692385	0.7657030843499832
-0.7973440086820177	-0.011179252339473426	-1.0354532072726343
0.12243648695135458	0.18059372776300206	0.056002648914033774
0.9242385834938792	-0.34846572927559377	0.9715593954447153
0.8896444995958533	0.5084376465554521	-0.8099647041415732
0.05795913506586177	-0.654413052143851	-0.32138819027513155
-0.816996089759642	0.7807771844680775	1.0393453440615363
-0.9508414843167539	-0.8825982040648896	-0.48937797436789443
-0.23203259494369158	0.9558021934312986	-0.6349144850080707
0.6862194664576795	-0.9973159943086045	0.9640866571840834
0.9800305342920809	1.005173282215986	-0.12236524179751783
0.3940694538254392	-0.9785807079122149	-0.8425479932719439
-0.5373071596287918	0.9179424293756623	0.7617351951597416
-0.9776389665783689	-0.824842857704556	0.23742800412110823
-0.5393761705243302	0.7019888917989954	-0.9189998866317715
0.3757611516825399	-0.5531142712744467	0.46583225719336796
0.9451496757565004	0.38284989329343383	0.5393646257736983
0.6643218891159225	-0.1965649832764423	-0.858498599762493
-0.20688783955866755	0.00018485645263864576	0.12188282131043722
-0.8847983528373458	0.20000836012092954	0.7427617069223869
-0.7662636343148781	-0.39758526617667017	-0.6746246911073479
0.03561179881224436	0.5861820244049466	-0.2194871160061718
0.7992957732254606	-0.7597095669644688	0.8219615641974563
0.8433966721118121	0.9125524902300476	-0.39757872150468365
0.1335992732919419	-1.039751394213993	-0.5095444039194711
-0.6916118246119742	1.1371630352221265	0.7691015257922528
-0.894574972545328	-1.2015934229662475	-0.06952201334578918
-0.2967174110190198	1.2308998810821348	-0.7077653536423486
0.5648407089393787	-1.2240590756532166	0.594510963797507
0.9191422964907217	1.181199071730951	0.26127155379134714
0.4500744495714179	-1.1035945743154927	-0.786821747325047
-0.4221507700850005	0.9936256191789925	0.324917896262486
-0.9168055965752513	-0.8547010721145726	0.5467288387780336
-0.5902531737925598	0.6911493453397101	-0.7358274685487082
0.2668093145897716	-0.5080797207544334	-0.00019582849322187116
0.8875717113757984	0.31121855695695	0.7450989559739615
0.7139834115483679	-0.10672542761371928	-0.5616191574386122
-0.10226284019613938	-0.0990051275733051	-0.3336604225850028
-0.8317571793701213	0.29955007947477014	0.8263007968263135
-0.8180738735348095	-0.48866614546930337	-0.28798552783148085
-0.06775417100245688	0.6604931900146713	-0.626609619642141
0.7500698629015903	-0.809746258802454	0.7759767554125396
0.8994051127816001	0.9318899731378083	0.047115846624888304
0.23911369465322344	-1.0232894623530138	-0.8348330132183698
-0.6437498936646872	1.0813326511479042	0.5977897360557783
-0.9550011483989413	-1.1045195348832948	0.39617600649462037
-0.407226138108321	1.0925150525438234	-0.9248414184555326
0.5147462533424462	-1.0461632820961237	0.3135801901641212
0.9821865904953563	0.9674619082718626	0.7082270904250102
0.5670432606168146	-0.85949721484469	-0.8789167015800796
-0.36589477345512567	0.7263411935737898	-0.03885795437016229
-0.9788221689615834	-0.5729136971577378	0.935822397840007
-0.7131596802765997	0.404813847498043	-0.6983821138248012
0.20105522652599392	-0.22812609515903068	-0.41038388356731403
0.9435949397812808	0.04920736281187875	1.0420682060775421
0.8400284470896389	0.12553745181858655	-0.4043995055352858
-0.02516229066094052	-0.2898837318699142	-0.7471529728504225
-0.8763222328849426	0.4380109410537756	1.0066676126030067
-0.9422871561349682	-0.5647137187249248	-0.03583363648151994
-0.15584928701367723	0.6655923050920111	-0.9985306510541826
0.7782145846215506	-0.7372149350045277	0.829870414228325
1.0151669716480891	0.7772457526483707	0.3558545557293604
0.33526877616686895	-0.7845329987253508	-1.1251110401346782
-0.6520376732293797	0.7591536667805906	0.5333869821529156
-1.054932394754409	-0.7024124631297168	0.7141554793711964
-0.5059798156264717	0.6167946704367485	-1.105428283780643
0.502121346761857	-0.50587433448772	0.15776451537957062
1.059281723167676	0.37418098765106683	0.986375294585793
0.6609419360114561	-0.22702980998174474	-0.9399916552253423
-0.33418689552690195	0.0703216318523807	-0.24360399230330204
-1.0276343015527847	0.08967957043474938	1.1322550428483422
-0.7937186787783979	-0.24658310185584878	-0.6516786201110417
0.1549983901352144	0.39411274120804457	-0.6129162543428821
0.9612452255647084	-0.5263433548174312	1.1306765114026194
0.8989705750999564	0.6379237952332347	-0.2822335397334285
0.028118431765903368	-0.7242775399716973	-0.8973125101051768
-0.8631196226113456	0.7817734697589827	0.9831036630704972
-0.9728334447802218	-0.8078604363683544	0.11453510466347305
-0.20781684165765463	0.801160766306569	-1.0573557699201797
0.7377389960674222	-0.7615195173069871	0.7130924682679053
1.0131248554559313	0.6900080727604673	0.4815402694313882
0.3772447000089175	-0.5888824459401368	-1.0730478530488803
-0.5906495628821206	0.4614983945683987	0.3620582774549591
-1.0193577814709713	-0.3121870463967594	0.7674806202848409
-0.5304595396304317	0.14609614671544993	-0.9463736178395743
0.4279861661810359	0.03099679062920117	-0.017739053973890206
0.992579466004553	-0.2128922525999161	0.9345319290274545
0.6626940985442664	0.39318964486784835	-0.700147721630343
-0.2560096504894048	-0.5655132983296898	-0.3715587345709904
-0.9350841371090123	0.7237355197830846	0.9634452413925972
-0.7704575209075979	-0.8621889454664499	-0.3736773617355336
0.08072192897318163	0.9758610212996314	-0.6503702779921197
0.8500636802584608	-1.0605642270943936	0.8554677422508
0.8514894550678652	1.1130766442795417	-0.016263515410504956
0.09240198323343626	-1.131248594628978	-0.8176004241126438
-0.7412596804310071	1.1140723061837428	0.6311406434677623
-0.9046066646844463	-1.0617128471450799	0.3202343841865074
-0.2585535154018053	0.9754998656320604	-0.8536101709679625
0.6126673013513685	-0.857880942286043	0.3265158267784149
0.9294917688359298	0.7123385669039827	0.5886165948642961
0.4136140012179018	-0.5432738571488306	-0.7575633195791922
-0.4683223015835511	0.35586111929612774	-0.012395871324133721
-0.9264726523157364	-0.1558781853721497	0.7524359772097102
-0.5540904745254532	-0.05048186952699795	-0.5467582449000963
0.3121826669839041	0.25681153389905736	-0.33606130209215723
0.8963324819009059	-0.45669578755239526	0.7903665709264198
0.6770000943416224	0.6439186282842891	-0.25377445964862655
-0.14809948489314181	-0.8126627428413006	-0.597930205291782
-0.8401779696541838	0.9576961161158829	0.6985368919581504
-0.7797406362534787	-1.0745397933068155	0.07806213129248286
-0.020140758337947505	1.1596115902028747	-0.7603242076999298
0.7593804298400862	-1.210341271222578	0.4907431103755621
0.8599810434984804	1.2252535648862857	0.4003295582138641
0.1887284292715963	-1.204016340939978	-0.7991644688376639
-0.6555918231712031	1.1474523090109077	0.19661940866759384
-0.915599793587466	-1.0575136899879847	0.6656921771173572
-0.3537281864700295	0.9372204310994129	-0.7071124661974955
0.5308268031265455	-0.7905636552711143	-0.14203513780160443
0.9446907907271819	0.6223771251539341	0.8340208774151141
0.5109941243100008	-0.43818053199877766	-0.49479916502963267
-0.38759165702328807	0.24399935911154058	-0.47645845729138414
-0.9456468337176923	-0.046166889345210564	0.8778370708059705
-0.6561343592028839	-0.1488854022321854	-0.18992305618874505
0.22903193451246576	0.3348423317198758	-0.7572050160760004
0.9173191949535097	-0.5057173262911955	0.7864469815286371
0.7845527656951502	0.6560554558989365	0.16585820620307462
-0.05906306294262188	-0.7811201958514367	-0.9408852467761409
-0.8592383900281433	0.8770573192943044	0.5681472315766848
-0.891587213440333	-0.9410299346670445	0.522103525389847
-0.11755613018361835	0.971319527083322	-0.9965697724052158
0.77186655297587	-0.9673889173133202	0.2499804641166304
0.972750019206644	0.9299042914945387	0.8263978158926775
0.29524600124379013	-0.860714843623412	-0.9109269062904168
-0.6568380737988919	0.7627900674004229	-0.12525113480712768
-1.024057494453222	-0.6401162825884843	1.0320143904097345
-0.467754791315912	0.497555526026019	-0.6911430277108374
0.5171359195218068	-0.34067141708534376	-0.5046245491727103
1.042413522517346	0.17552795842939148	1.105324773802175
0.6284451142475198	-0.008468393586387898	-0.36485253632939996
-0.35715078813430845	-0.1541178440461823	-0.8327944505893672
-1.0259916183404263	0.3060314398792446	1.0316622365075139
-0.7707034388764427	-0.4414938323096258	0.023280363354679135
0.1825825643354172	0.5553633182312889	-1.060637701231369
0.9745473729247881	-0.6433282213405328	0.8184127240932145
0.8884280354487846	0.7020695188496109	0.41806568940088074
-0.0001690621218120647	-0.7293864580599932	-1.1533477352325772
-0.889594870857691	0.7242801178392104	0.49449886744747507
-0.9765258993982676	-0.6869915221565763	0.7624205089783812
-0.18273838681055377	0.6189927217357887	-1.09640310294341
0.77439973220012	-0.522931145009332	0.10610453619957395
1.0313378268797098	0.40252939581906944	1.0066064996954216
0.3586980759951897	-0.26244445772605185	-0.8981517942769632
-0.6337753100571475	0.10809187319111248	-0.29069821916244887
-1.0509189440561983	0.05455817077658617	1.1163111287091556
-0.5207209695997798	-0.2192048587742726	-0.5884294945199131
0.47370871552607463	0.3794521586686444	-0.6390488764575936
1.0351291682553128	-0.529046578211102	1.0780150491165439
0.662749234158241	0.6621082484631119	-0.21348766912168293
-0.3008779458329893	-0.7733467133981228	-0.8903756155613006
-0.9855269393561867	0.8582535395209394	0.9006905588752893
-0.7800011859574819	-0.9132648884211918	0.171709267145739
0.12214017964036676	0.9358884651873453	-1.0117681345620813
0.9050985079498101	-0.9247907049636841	0.6136911242952556
0.8691446627283925	0.8798416226235125	0.5122767850758593
0.05593025107927164	-0.802116359598346	-0.9904326076767266
-0.7978830726250963	0.6938540525924703	0.26147058823442154
-0.9282975409572849	-0.5583761614188221	0.7616798798523597
-0.22739497790041158	0.3999677748631144	-0.8347093098938512
0.6685649047075111	-0.22372662039348512	-0.1036958267629516
0.9568858983140455	0.03538550150187228	0.8881627171717612
0.3871657466055758	0.15888534854813868	-0.5718322629672374
-0.5220974435998559	-0.3526889897581573	-0.4296230220415153
-0.9554100813121162	0.5396183017520197	0.8785385368469022
-0.5310794559569565	-0.7134710204248145	-0.24313758336664398
0.3634062980153361	0.8684562074505291	-0.6715111748930143
0.9251747360561924	-0.9993855075944836	0.73909980896483
0.6558575226847452	1.1018431743826829	0.10229746992181571
-0.19719516008763735	-1.1723296360153443	-0.7976918831458857
-0.8680330657769527	1.2083743002232683	0.49387237896947567
-0.7589869881509576	-1.2086143271245877	0.4145648205544806
0.02785690303577981	1.1728372003948113	-0.7932773086447816
0.7861827003896452	-1.1019860666741559	0.18073871694276372
0.8385653497428358	0.9981279593643395	0.649491065337756
0.14052478878631924	-0.8643861454340483	-0.6615154003088447
-0.6820350847551708	0.7048389040236727	-0.15390386349297383
-0.8931485133292796	-0.5243880371768711	0.7741648184932203
-0.30410891495395687	0.3286013020703394	-0.42291983679190503
0.5581653746456081	-0.12353371956106451	-0.46126015592876735
0.921634282722632	-0.08446666247720933	0.7709384171898261
0.4591971296523627	0.2889625057695049	-0.11241847316961429
-0.41733700316144773	-0.4836340748419654	-0.6963758554348236
-0.9232046259610958	0.6624828223922167	0.6395901323926304
-0.6021331753768967	-0.8200252631769495	0.2251254375147483
0.2625846264688173	0.9514709763601871	-0.8238959653700445
0.897339801020455	-1.0528789997361028	0.397470490585374
0.7292334208489505	1.1212874755330757	0.5405821171062472
-0.0973307802178822	-1.1548121653026826	-0.8227828899939243
-0.8439066227702985	1.152710355014859	0.07757793007850888
-0.8367762458896603	-1.1154077008236747	0.7868903154196543
-0.07449492540844853	1.0444866965449693	-0.6894706795928304
0.7633116039903266	-0.9426366469982551	-0.27535326359470275
0.9210712884432598	0.8135662743661038	0.9254303368622787
0.24836948200309505	-0.6618813315315456	-0.43898855515158935
-0.6566974532828824	0.4929308081187741	-0.6104868027721724
-0.9786193181979237	-0.31262645098261804	0.9316973956071719
-0.4191592087995167	0.12724133976951535	-0.10370454007843495
0.5261492671984266	0.0568058808110864	-0.8777345726227371
1.0063592182082777	-0.2331738456541675	0.7994636742911819
0.5812031606554048	0.3958206905057628	0.2704408453263371
-0.37486671003541816	-0.5392177746324875	-1.035042381547082
-1.0019807314148093	0.6585471349108869	0.5426413290775722
-0.7285171717459679	-0.749875297649163	0.6300013080791924
0.20725371937354253	0.8102967620886459	-1.0550801318593022
0.9642625337840658	-0.8380414364371301	0.1942458743388175
0.8551190129973235	0.8325415285539678	0.9217476569810892
-0.028881468778804587	-0.7944548312726615	-0.9301746677092362
-0.8933791824237608	0.725642946895618	-0.19775254233833273
-0.9554496482286644	-0.6291047060597094	1.1009567879798
-0.15370392074346004	0.5088667840019915	-0.6744154470795524
0.7911132942676848	-0.3698352279050566	-0.5773389310386604
1.024839049813279	0.21761320629166345	1.1388554422560133
0.3333304593309167	-0.05829170131406671	-0.3222420098765464
-0.6609161277880075	-0.10177898057961242	-0.8891438323744435
-1.0599450875145728	0.25622816234765444	1.0277577990389513
-0.502674237293465	-0.3989050121320291	0.0765353231160206
0.5077824987285263	0.5241107177738121	-1.0874179758011253
1.059088505504834	-0.626813608408235	0.782751792292588
0.6547951153425158	0.7028388852593156	0.46455928535716084
-0.33794117260040335	-0.7490256500223345	-1.1435837211720135
-1.0224205692835753	0.7633452509389396	0.4394480612009177
-0.7836521486414285	-0.7449765419906901	0.7861924385327561
0.1584006074036639	0.6943353964343871	-1.0508665336522136
0.9518910140850291	-0.6130576519298934	0.048149555609274704
0.8845174287814188	0.5039365078606435	0.9964610001992315
0.023579371067255505	-0.3708171650842103	-0.8251182180526684
-0.8510242743719735	0.21845311926919175	-0.33441786331795503
-0.954228102038848	-0.05232992587234487	1.0679894448796954
-0.20100616853500863	-0.1215366050694473	-0.5017777712233268
0.7245497163317739	0.29681999104280965	-0.6541894835971365
0.9912513960556577	-0.4671121353633301	0.9947354843931894
0.36758715561316535	0.6261533883994235	-0.12972287402673593
-0.5779559773268736	-0.7680552929526341	-0.8679770835014043
-0.9955756638132028	0.8875081556449994	0.7920762503392067
-0.5180250199679218	-0.9799663205840797	0.23668165778375358
0.41704514098625395	1.0418049886476712	-0.949470081476093
0.9684709653348154	-1.0704435780185713	0.4935485801391335
0.6481569378980386	1.0644319079415547	0.5458472978355571
-0.24755068056488636	-1.0234968556530368	-0.8922593640764401
-0.91217892870532	0.9485485345252287	0.14511010903139326
-0.7549498108801271	-0.8416464209366291	0.7562072842162832
0.07486020565301943	0.7059271737467289	-0.7097500313460907
0.8295925839061944	-0.5454971044017607	-0.20193483472712853
0.8363861663691847	0.3652933346370598	0.8415010384924602
0.09614204275226412	-0.17091859596526418	-0.4323440975193269
-0.7239760685516966	-0.03154463919915163	-0.4981984455820527
-0.8912862793885715	0.2357344642052942	0.7936153516408272
-0.26112084364685645	-0.4352177134187694	-0.1025932355409695
0.5987570567756424	0.6236993017431223	-0.7027044665416922
0.9191126897812328	-0.7952260886558148	0.6229131348909976
0.4162478066255546	0.9443788827613092	0.2308554055018918
-0.4574065386018377	-1.066446637234355	-0.7879316600929099
-0.9197966747868134	1.1575774834057173	0.35628126196508003
-0.5581041407602199	-1.2149019900550746	0.5197185892866999
0.30340450612049874	1.236624898159888	-0.7429951894713336
0.8936157828484852	-1.2220825413388645	0.0333096331081617
0.683563836175503	1.1717641958678655	0.7222370667845851
-0.1402775748268893	-1.087296684590787	-0.5747795712450511
-0.841139800776773	0.9713926591389208	-0.29889658992558304
-0.7896910251163349	-0.8277640770029315	0.8084476575321149
-0.0283144169967053	0.6610034464761466	-0.3070037203299177
0.7632508738047098	-0.47643640592072256	-0.5917274215705038
0.8736807297094862	0.27995010751796673	0.7640813884643998
0.19847182066527735	-0.0778026641411759	0.022672769565287212
-0.6612323035172429	-0.12358043260576108	-0.80132476678479
-0.9328654987112251	0.3178165264308872	0.5926880780655668
-0.3659611328774811	-0.4987759364783626	0.367270677253498
0.5369097241456359	0.6607852030357183	-0.8944674314151355
0.9648015772998005	-0.7988167096378352	0.31567824706491304
0.5261669448965743	0.9086582556624598	0.6764625244199657
-0.3928179634082665	-0.9870566692772046	-0.8534211447717145
-0.9674368508497369	1.03183027310474	-0.02989741272923275
-0.6741207600005534	-1.041945931638216	0.9033349126859547
0.23235768786006963	1.0175575004705806	-0.6790725902296796
0.9393486791801159	-0.9600037356273939	-0.39580767182821436
0.8046301142972162	0.8717650722640062	1.0111776279745892
-0.05989969676623841	-0.7563801044436634	-0.39172691123925585
-0.8800236540190345	0.6183240444283653	-0.7290219910246861
-0.9125179143489482	-0.46285285895988	0.9793562433731585
-0.11920583257273251	0.29581811645561434	-0.0291410603226601
0.7901355876176636	-0.12345877707276207	-0.9793298650872938
0.9929622489619019	-0.04782283707195715	0.8072495907761675
0.2987498356501158	0.211692891613899	0.3582768537583981
-0.6717666870684545	-0.3621172327101762	-1.1071458294093843
-1.0419033213196534	0.4935832878298596	0.5153486182265199
-0.471930995944595	-0.6013042209670352	0.7146684668058303
0.5285148366087328	0.6813974161429077	-1.0901900174373067
1.0564615254610676	-0.731030227174967	0.1429767547177439
0.6317575477365491	0.7485271066894911	0.987334312519858
-0.3654412738352686	-0.7334336714257954	-0.9277171663436318
-1.035296064648121	0.6865349175233006	-0.2573108244008363
-0.7715418916308542	-0.6098265998298298	1.1353026676185753
0.18883850155205872	0.5064406553317378	-0.6412799405114319
0.9788336840023564	-0.38052739941526303	-0.6278751369040592
0.8854188153874598	0.23709897091008794	1.1362300576713515
-0.005833742713607942	-0.08184006768577055	-0.2716455582187678
-0.8893154403747227	-0.0791066727600795	-0.9152772789904129
-0.968805057801008	0.23937229316090794	0.9902218709439607
-0.17612050675940558	-0.3926011384553657	0.12769895670356818
0.7706433090137346	0.5326892200576949	-1.0789441918439835
1.018724744057995	-0.6540121903070583	0.7197661385341657
0.3497913270482333	0.7516342997729819	0.49925029190207576
-0.6280490194054559	-0.8214905620633575	-1.0975524458902517
-1.033951401564239	0.8605355043787204	0.3658117618567382
-0.5086609822249416	-0.8668532791282351	0.7907195184935243
0.4676428588220597	0.8397254853023438	-0.9719797580342961
1.0149553929846578	-0.7796547256992824	-0.019154587376034888
0.6473024085950244	0.6883436340309224	0.9630609501344012
-0.2959200344682816	-0.5686307733853552	-0.7244498905720751
-0.9636841677947505	0.4243863692020366	-0.37961150791562004
-0.7615932279799873	-0.2603722389122557	0.9959423083018191
0.11930212094049678	0.08207147011492683	-0.3942925526555511
0.8832309597612775	0.10450565545373655	-0.6654878547680045
0.8487623632630427	-0.2930323168268166	0.8899391469211602
0.05622629729362376	0.47708481257827395	-0.031335856070774465
-0.7774594437980983	-0.6503635269768598	-0.8392343928570097
-0.9072944983496888	0.8069076534822158	0.6654303630137052
-0.22535296709643168	-0.9412965208844881	0.31177321846302075
0.6506475144838662	1.0488309855072293	-0.8805417383868888
0.9367377317579829	-1.1256891622421548	0.3587345443253747
0.3835409461140459	1.1690517324123544	0.587060044363776
-0.5071974866070367	-1.177193150002199	-0.7883004113607832
-0.9374668747365301	1.1495362312347361	0.01636048906894148
-0.5270178891051754	-1.086668817791939	0.7575194332228604
0.3514391058179674	0.9903224145367362	-0.5798722368382544
0.9104509925338895	-0.8633138839744241	-0.31165460991531835
0.6526847134499549	0.7094524003214073	0.8015623377684352
-0.18753138406436728	-0.5334148976232721	-0.28807427595149965
-0.8570629982945419	0.3405941642133326	-0.5784187596598857
-0.7579825407935619	-0.13692451901908553	0.7152961034076948
0.019452812519438634	-0.07130936317486915	0.04354441095230316
0.7789554004401218	0.2776744435051483	-0.7461334037937203
0.8407559601051645	-0.4757958008203296	0.5125934380055437
0.14894193529464198	0.6595611626149336	0.36649227428837305
-0.6780125249735143	-0.8233171110832392	-0.7907621925847492
-0.8991454974477462	0.9620508355854509	0.22309426109016112
-0.31382752564628963	-1.0715517206858383	0.63355634146927
0.5563770861702542	1.1485476398451018	-0.7050273170689294
0.931534577744695	-1.190811555756509	-0.11158913188323583
0.4713076287984887	1.1972348926836252	0.8048469718976157
-0.4165381590632971	-1.1678651240910478	-0.49947047468624867
-0.9365672055043883	1.1039060872233866	-0.4430952223458844
-0.6173410078553662	-1.0076806688964022	0.8530795736949316
0.26145822250067163	0.8825566746765735	-0.20143105711719161
0.9132422635446856	-0.7328378654571256	-0.7224943178490867
0.7477240078499681	0.5636232879019966	0.7675210413945547
-0.094708949856323	-0.38063910371912496	0.14807372020425824
-0.8610785430542336	0.19004810210065448	-0.9068338197100249
-0.8581539053046507	0.0017570747866943433	0.5560601346922286
-0.07942056565452144	-0.18837028489318733	0.4994015129049518
0.7803314090721166	0.3635906286317207	-0.9653175549121928
0.9443879137816231	-0.5216361340769782	0.24495073913908255
0.2558819591246248	0.6573449262468107	0.8008594295229161
-0.6722282716699	-0.7663566678644206	-0.8842769355181787
-1.0024981217102407	0.8452675692028	-0.12402996069370248
-0.42892772652857214	-0.891753034815964	1.0060925363195832
0.5391780154285007	0.9046530306913895	-0.6700673103428302
1.0292036900397112	-0.88401649118051	-0.49894203706066687
0.5922978917181252	0.8311025045666737	1.0812854389088018
-0.3849028229513487	-0.7483375724707708	-0.34915843265425
-1.0222406806194766	0.6392298754039496	-0.8250543830927605
-0.7395379402913319	-0.5082431312278668	1.0109823669027558
0.21444354696440163	0.36063423677065826	0.03496596724024332
0.9807116685352206	-0.2022603652688025	-1.053236219050771
0.8644259807026521	0.03936248519858965	0.8013478360698407
-0.03400494724629295	0.12166669367934552	0.4279368753172241
-0.9053480966007468	-0.27452160768680345	-1.1479858578820306
-0.9614586735585812	0.4132204354082393	0.4799989392242073
-0.14936551392062958	-0.5323302674594581	0.7728405446547175
0.7986238351782032	0.6271720873949097	-1.093571308407588
1.0263235195648621	-0.6939975476603533	0.092140822431302
0.3282369467581051	0.730130615965479	1.0193698501458044
-0.6646807659360106	-0.7340685580135473	-0.8969790402703831
-1.0562779464163559	0.7055383508738536	-0.30648708128860225
-0.49533117083650224	-0.6455064140276898	1.132071806331411
0.5090628084836288	0.556141420807028	-0.586959235017712
1.0503681045098805	-0.44073182654075427	-0.6586081105404558
0.6440539595719639	0.30356153729582575	1.096076884999636
-0.3382944166301654	-0.14974876632624626	-0.20928346956343055
-1.009450718361407	-0.01494548440883114	-0.9146372509525886
-0.7689387835557692	0.18433177864762285	0.9192175144879839
0.15937140669333855	-0.3520211242630211	0.18084457299060908
0.9360214119551571	0.5116596430837448	-1.0403939159282618
0.865940082463744	-0.6571602369576216	0.630240002899143
0.02075347403416741	0.782922740349143	0.5277111943944178
-0.8338907269734908	-0.8840346578059279	-1.0219487993214023
-0.9325468659029891	0.9564454772343519	0.27364251628048547
-0.19561388328926937	-0.9971086790682456	0.7836646124572697
0.7077740104060857	1.0040868720818217	-0.8669422272359238
0.9677246635219763	-0.9766169198805803	-0.09770579683216057
0.35954860116447757	0.9151334181152851	0.9158930327607935
-0.5628682398774282	-0.8212503830268258	-0.6024624945835182
-0.9717240949130298	0.6977024628161601	-0.4307317616646373
-0.5078731504111904	-0.5482483360990421	0.9104834367139587
0.40447894743789464	0.377540174971588	-0.2701799480224432
0.9458112376757092	-0.19096409052815858	-0.6797503612713879
0.6369117909181723	-0.005542679119669517	0.7734442895677501
-0.23773963178078505	0.2056914510299003	0.08022175830428051
-0.8919775094170664	-0.4030518591312757	-0.8124419925248675
-0.7439195448821475	0.591264726657312	0.528907168923347
0.06744178106564638	-0.76425112255423	0.3982019192157607
0.8126780990131922	0.916410926200324	-0.8136010870445188
0.8269356885257528	-1.0428046689857682	0.21508195587468246
0.10202815006081196	1.139313038617016	0.6391206689394325
-0.7106330471345962	-1.2027691992352687	-0.6864497036618791
-0.884612338281491	1.2310599720030801	-0.12128821159004444
-0.2666644831561501	-1.2231929094670488	0.7698468408194357
0.5887084866147884	1.1793273545089795	-0.4516245155395662
0.9160570562905946	-1.1007686723386827	-0.4312024037153758
0.42276002218072933	0.98992595311765	0.7727162561824062
-0.4498803541697307	-0.8502345752584906	-0.1441497251534583
-0.920719773291992	0.6860460679255025	-0.6696996574418825
-0.5667990290448774	-0.5024886896867918	0.6475581616956111
0.2972703966560886	0.305303024113619	0.19117673847965255
0.898344011059909	-0.10065765974681372	-0.8015609487261032
0.6953587914508459	-0.10504934919254338	0.41167481971397296
-0.1342346058703122	0.3053970715579657	0.5054915569881836
-0.8489915486273761	-0.4941498648109346	-0.805880788978488
-0.8050502416732994	0.665460523926125	0.09779075709024233
-0.03552308912801868	-0.8140618896630655	0.7521241355714855
0.7731386069032893	0.9354406555315838	-0.6790433081361095
0.8925228031187733	-1.0259875692873652	-0.2498861093015474
0.2078442104538647	1.0831188687578728	0.8927972022200384
-0.6718302271903949	-1.1053646121873848	-0.43571056669794545
-0.9545507103562355	1.0924205434571808	-0.581198218926218
-0.3780511877048287	-1.045161250109183	0.9030918267744005
0.5468679105116964	0.9656135989415645	-0.10754153852270605
0.9882068882092988	-0.8568907363986406	-0.8466796042543153
0.540958840244062	0.7230882803243324	0.776448245035964
-0.40099467642504844	-0.5691456628632565	0.26045295450626116
-0.991115786019389	0.40067686512061207	-1.0045886752883342
-0.6909894447610638	-0.2237759645321717	0.5259945952978329
0.23803354801850843	0.044803947549453736	0.6157267470511478
0.9617591097195584	0.12983592313157252	-1.027397534764977
0.8224056677680838	-0.2939262982210691	0.18364730073826074
-0.06293316929542607	0.44165927355608364	0.9056160483612026
-0.8997906942701295	-0.5678470230885047	-0.9066711155581366
-0.9296552708164298	0.6681115828299158	-0.20374747303120574
-0.11831886141366701	-0.7390464459725069	1.0853813462103536
0.8063032347178892	0.7783435495014674	-0.6553189753483901
1.0077962998969558	-0.7848804371087129	-0.580967177308484
0.29893628119687304	0.7587638323671742	1.1255730498927372
-0.6839857248712692	-0.7013274965890169	-0.3065061918856401
-1.0529467631065343	0.6150840125355934	-0.892812006227999
-0.4717212423748302	-0.5036319541741519	1.0173179912612602
0.5371207697538923	0.3715216945357704	0.09092751288501573
1.062686127757092	-0.22408478754427252	-1.0929774811351747
0.6295584489558776	0.06723335753210893	0.7743508810090266
-0.3713964226885503	0.09276282857960058	0.4799661098622817
-1.0363346118348225	-0.249513006001489	-1.151751080440074
-0.7659479537511306	0.3967466079299501	0.43118701960786043
0.1935434172928074	-0.528549668380802	0.804562225363708
0.9750537815439037	0.6395873041171767	-1.0609943391041063
0.8754934660377193	-0.7253037469499526	0.03763587627039438
-0.010846144902013074	0.7820923493006567	1.0187150104139862
-0.8817456456422111	-0.807429242803075	-0.835393158684993
-0.95426839014325	0.7999658308826955	-0.3493331802820083
-0.16939690793152104	-0.7595769705373976	1.0937419853179873
0.7607682317263773	0.6873634687465141	-0.5097625182417236
1.000006821169046	-0.5856093060997991	-0.6747906271924772
0.34037889516264125	0.45769572778067125	1.0224216222101223
-0.6175214841970317	-0.3079759395230868	-0.1330392759365175
-1.012103894696002	0.14161555241471255	-0.894368819723882
-0.4961842961974961	0.03559491406490703	0.8194062116219186
0.45797809156332686	-0.21744827291722896	0.23976139459553536
0.9914478673468942	0.39754186754163573	-0.9806328427252996
0.6320381866192192	-0.5695036588684419	0.5181031969745823
-0.2882352368232006	0.7272151565511754	0.556073636595738
-0.9401346192876948	-0.8650234592788	-0.9264011373185856
-0.7443947559090678	0.9779352410395332	0.1648698390584769
0.11414775133270606	-1.061786319616559	0.7733467364307639
0.8611281335926222	1.1133814310685424	-0.7447929300470396
0.8308851586915594	-1.1305999661336439	-0.18827810726623573
0.05892214996148688	1.1124646563716565	0.8645884173066898
-0.7579279431923317	-1.05917148448972	-0.46636679342169624
-0.8901651203917726	0.9720803913104328	-0.4911972401436954
-0.22623029844954515	-0.8536676206786125	0.8213277046318807
0.6342908683388107	0.707441746472203	-0.13409896358144266
0.9217110109452258	-0.5378265303974274	-0.7023294703256255
0.3836652247411188	0.35001473790681187	0.6539130817887963
-0.4940355044895475	-0.1497978699340096	0.20289093815335452
-0.9256110940131973	-0.056622567105410124	-0.7938480429080437
-0.5276807813161564	0.26283614372168396	0.3894167385534242
0.34093897831932135	-0.46243053125301703	0.49597913639490887
0.9023899033172464	0.6491979428528368	-0.7548101192825977
0.6551824321022044	-0.8173345402483274	0.067628415540322
-0.17871959294730574	0.96162660911548	0.7032777884961844
-0.8528917640907973	-1.0776177319209537	-0.5921603226269854
-0.7634036946542694	1.1617517723016215	-0.26428290652230035
0.01108723643532799	-1.2114872137440007	0.7948686637763898
0.7782369077051762	1.225379248907303	-0.3296276925993175
0.8498058473172995	-1.2031269732311782	-0.5578378675042851
0.15816441811990622	1.145584074021347	0.7565682364336135
-0.6798516789601169	-1.054732498494431	-0.004696876026826094
-0.9120280277231855	0.9336197040539361	-0.7694470809188805
-0.32505458222315964	-0.7862612127182217	0.5918812272657712
0.5595632875149102	0.6175112795018554	0.336055613502692
0.9479069895860339	-0.4329055114822484	-0.8661434250968465
0.4853336177177101	0.23848021011228435	0.3219056748175076
-0.4197392801212154	-0.04057402455432018	0.6428546709582617
-0.9555760646872623	-0.15438182968694805	-0.8302384433436757
-0.634454963949527	0.3400780406312704	-0.016924620140464978
0.26344249376231693	-0.5105393173188967	0.8693044949114699
0.9336409869855274	0.66032703513878	-0.6622996729652982
0.7676285943610152	-0.7847254392594734	-0.3772009556502495
-0.09456450066524402	0.8799048224508363	0.978945064693904
-0.8814161607243327	-0.9430557152486193	-0.3819044561514833
-0.8799749191869026	0.9724889752889198	-0.7066980957837551
-0.0821037395852112	-0.9676977215269915	0.9509323142605424
0.7991896629390216	0.9293783016445598	-0.02578782568777893
0.9667834113514665	-0.8594088718431384	-0.9557113867550042
0.26090357763667116	0.7607856634208148	0.7839136458229172
-0.6884712436269544	-0.6375185584263422	0.35669605359268847
-1.0238602411529358	0.4944891395847852	-1.0846234948472535
-0.4354719751094349	-0.3372758558941807	0.49725032709044015
0.5521688229761165	0.171952291632168	0.7104402232956397
1.0479264296332662	-0.004865681321787636	-1.070497262455711
0.5990456387661217	-0.1575962804934054	0.12903460220033328
-0.39464011817437356	0.3092416770183801	0.9829082399515606
-1.0370076213740453	-0.4443047234666201	-0.9114308283503487
-0.7448872901670202	0.5576613927498907	-0.26912981732619207
0.22158047609937162	-0.6450219209005068	1.1325880596683513
0.9907453703823078	0.7030926118594201	-0.6276432634350484
0.8667851620273638	-0.729700503401569	-0.6399491635953622
-0.039735649072467454	0.7238758847118869	1.136015638426269
-0.910563982483572	-0.685889312004941	-0.25880570214287496
-0.9595529265755369	0.6172415796992891	-0.9295848561049295
-0.14353598144924307	-0.5206069903397578	0.9919299309859774
0.7996488078655332	0.39973214159206155	0.14210014504724552
1.0194484569858275	-0.25929422828395254	-1.0964334688551642
0.3207928789613874	0.10472446157722072	0.7216345802138174
-0.662727692590753	0.05799643492802349	0.5173299876822731
-1.0444410894743712	-0.2225626389262482	-1.117839728073168
-0.48505052358739814	0.38257883267777304	0.36543756351890044
0.505687563859175	-0.5317979392249679	0.8137067878097396
1.0342866706144618	0.664351975479218	-0.9934662406129937
0.6302488641735979	-0.7749674115176829	-0.02410791687570751
-0.33509088490257355	0.8591571672948963	0.9909560234309218
-0.9904092134417526	-0.9133824136408327	-0.7447888467108887
-0.7515817353728674	0.9351786199793947	-0.3907855472274995
0.15767247468686926	-0.9232417448769773	1.0275634172032377
0.9156256188028529	0.8774720311826326	-0.4110209223493555
0.8456552423465572	-0.7989744781187884	-0.683470496456771
0.020107284012377324	0.6900166534579442	0.9232933204636804
-0.813775310734355	-0.5539460201249765	-0.04244958983734792
-0.9104782297761675	0.39507033063388713	-0.8635431421678457
-0.19239779926928036	-0.21850584592611735	0.6982421528074596
0.6893247455325145	0.029999128417757634	0.30746891873495774
0.9453178192724169	0.16427108144955033	-0.9098939849634772
0.3541564020734949	-0.3579048838795506	0.38894011320359506
-0.5470087512605798	0.5444978520650308	0.5898899817128602
-0.9504704990279409	-0.7178559835745305	-0.821028545535293
-0.5012121948697739	0.872201898118709	0.04242069998342613
0.3915520607987767	-1.0023656474681768	0.7671223659421292
0.9270032939314221	1.103954134467245	-0.6143192926711758
0.630220433127969	-1.173493934338294	-0.2906795933691176
-0.22749202935827942	1.2085432424277112	0.8172004053203838
-0.8765129171974834	-1.2077697061659354	-0.32284391953612046
-0.7385447167468672	1.1709920025957412	-0.5629979166849238
0.05910290864867417	-1.0991841637644513	0.7361495449752636
0.8009379560281071	0.9944427988417148	0.009535226707368893
0.8241079089958746	-0.8599184836323364	-0.7364952666099129
0.10959374499462224	0.6997136567265642	0.5379302039460934
-0.7024442166553795	-0.5187503505653599	0.3341289656975254
-0.8852498276394886	0.3226119714399012	-0.7871041086320475
-0.27475817561911364	-0.11736410387489819	0.25226736936235106
0.583389111903249	-0.09064006611789081	0.6037206700652084
0.9206229363161913	0.2949636527259289	-0.7076028583018596
0.43263205456160153	-0.48929294807979945	-0.07929033115985365
-0.44635865042849404	0.667640811715484	0.7785744218943766
-0.9291484213928585	-0.8245401738137971	-0.5085101702749475
-0.5794413035890174	0.9552215033699815	-0.4086532073878119
0.29426032531541696	-1.0557685211415704	0.8315816074396986
0.9100451294967811	1.123247038298106	-0.2169226367737091
0.7113336307261724	-1.1558025637049085	-0.6873146676077428
-0.13044672377538785	1.1527232298795718	0.7520261791145975
-0.8629330366234258	-1.114465619658436	0.12665498718063425
-0.8243785126670413	1.0426422078989892	-0.8727348424407183
-0.04116206988283642	-0.9399703363483275	0.5475016303292646
0.7880010748140692	0.8101838824200498	0.47328533576019866
0.9146504734359968	-0.6579100279412976	-0.9343063409462022
0.21599361160772587	0.4885147431100755	0.24360138863380945
-0.6862164013447377	-0.3079217332868195	0.7719764796924964
-0.9784057216810677	0.12241061051358451	-0.8581415546525644
-0.3888127136142656	0.061599092791764475	-0.11882992686726017
0.5595395985547211	-0.23777079196450068	0.9768113300781208
1.0123470593397257	0.40007289670220636	-0.6499002437725038
0.5538172441674167	-0.5429921649688858	-0.48882289231945797
-0.4111001683586581	0.6617306051642993	1.0539217495116338
-1.0139532080752465	-0.7523785706316243	-0.33498218765824117
-0.7048589109928326	0.8120573845254666	-0.8123441181227784
0.2452825379527975	-0.839025805540367	0.9872140207665809
0.9818290302433078	0.8327458708661314	0.04430409936693155
0.8357868591673012	-0.7939050940046074	-1.0404110608617472
-0.06767840565321334	0.7243936016677093	0.7817338645333535
-0.916017394473085	-0.6272365051851712	0.4345097937808958
-0.9408852305086417	0.5064835486702015	-1.1369962151444768
-0.11512100673536053	-0.367059784276125	0.4637957963301091
0.8182076768305593	0.2145826181140921	0.7790637298780808
1.0153491151633205	-0.05515197487693888	-1.0852687835096153
0.2958904019886851	-0.10487852270110173	0.07751845854584993
-0.6917850862541357	0.2591406290909944	1.0272713190701002
-1.0557246511695837	-0.40149159846130283	-0.8908574992581287
-0.4672568625638862	0.5262460542081948	-0.32187205392057466
0.541690308989208	-0.6283906051979414	1.1426551826555615
1.0602361232646313	0.703772889946273	-0.5813183433498166
0.6222402382365173	-0.7492577632293069	-0.6768655186290693
-0.3740957880823148	0.7628446772819645	1.1090005999375456
-1.0289395229506015	-0.7437418896975212	-0.20176636100219836
-0.7547639636876662	0.6923948790870339	-0.9369768017817852
0.19594349095964783	-0.6104681871218041	0.9328970200046914
0.9636753022809572	0.5007817488184538	0.19252780464962718
0.8600566834952326	-0.36720454082755255	-1.066759802857622
-0.014417650647897347	0.21450999514835048	0.642320933633634
-0.8678337878579468	-0.04819902797381556	0.5451232661943085
-0.934888734524359	-0.12570233226468708	-1.0510553656977077
-0.16356394633855587	0.3008629051085384	0.2816620095313077
0.7459828502750624	-0.4708755938230404	0.8072517943726758
0.9776235511894461	0.6294874189148634	-0.8966591391258746
0.33176705347084867	-0.7708220336882302	-0.09570118497927127
-0.6034289648184977	0.8895868739605481	0.9449570847903949
-0.9881012778593794	-0.9812578351605614	-0.630382045103321
-0.48491947652629813	1.0422353430090356	-0.4357986617271618
0.44578559837194415	-1.0699668412031749	0.9434683216491042
0.9674001537661576	1.0630320097025272	-0.29416091905542735
0.6188365372689031	-1.021188397819356	-0.6919718176481211
-0.2786092888941669	0.945376555795962	0.8083918877719689
-0.9175350080345879	-0.8376851281634601	0.06169716511024563
-0.7304085775242734	0.7012776874859792	-0.8311229329905453
0.10714055056152635	-0.5402842990667887	0.5639052333183109
0.8411513869483116	0.3596618829461515	0.38592894221004354
0.8174860237604128	-0.16502835269405072	-0.837613164320719
0.06383852931027251	-0.03752375860462452	0.24856351898120183
-0.7412623444931078	0.24162793935662438	0.6333007297497381
-0.8787068886745942	-0.44085202868770473	-0.7145753601803527
-0.2300396201091907	0.6289075258574971	-0.09045693363489121
0.6210581250483124	-0.7998532422595027	0.7703412300636386
0.9133113176007691	0.9482869198680794	-0.4827785215726185
0.38762086147644526	-1.069518879747252	-0.4038223659132017
-0.48380151068765964	1.1597223660421012	0.7792953938779088
-0.9209810005364468	-1.2160559955130557	-0.17742162993059044
-0.53308936357858	1.2367545884850228	-0.6464386489607655
0.3328063737114304	-1.2211856204033233	0.6600380971883238
0.9017311126015879	1.1698695687894591	0.1566396711229802
0.6631882295520841	-1.0844635118819757	-0.783135781210228
-0.171485047491032	0.9677084354405829	0.42988859889895426
-0.8558711550517266	-0.8233417954735356	0.47067866250134366
-0.774801211778561	0.6559779393442124	-0.7931198541322724
0.003441386918488995	-0.4709599784736114	0.12141333523866828
0.7840397414943359	0.2741876060658707	0.7183193404216406
0.8649037748454764	-0.0719261375194177	-0.6727778532085723
0.16741970564194217	-0.12939730428933985	-0.2215766044855739
-0.6873072383775576	0.32340405333861016	0.8615963287091808
-0.9305827730317001	-0.503973905406534	-0.43651409485881054
-0.3367992572263427	0.6654480460813039	-0.549503025850374
0.5673291240687671	-0.8028181815844646	0.8762235359510979
