1.0	1.0	0.9999999999999999
1.0057630707023806	0.9794699064087372	1.0144354824486894
1.0114537701727946	0.958646846203532	1.0285706077208132
1.0170331778076531	0.937664359682028	1.0423190796587347
1.0224626025884493	0.9166703810276012	1.0555972900944348
1.027703883992494	0.8958276162942311	1.0683246738287706
1.032719703185099	0.8753135639550128	1.0804240738754167
1.0374739010996594	0.8553200402620219	1.0918221161265584
1.0419317995211812	0.8360520466463778	1.1024495908860683
1.0460605208615306	0.8177257988912134	1.1122418372469256
1.0498293019728078	0.8005657367959965	1.1211391250809624
1.0532097971019225	0.7848003602095627	1.129087028489548
1.0561763649739926	0.770656805330299	1.1360367839416268
1.0587063350072412	0.7583541939273004	1.1419456260121659
1.060780247821185	0.7480959586616747	1.1467770936265183
1.0623820655055622	0.7400615552610631	1.1505013000065258
1.063499347567631	0.7343981818511217	1.1530951600874948
1.0641233890560102	0.7312132841525798	1.1545425700003455
1.0642493180628445	0.7305686740371234	1.154834534259623
1.0638761505971774	0.7324769860152728	1.1539692375226682
1.06300680169505	0.7369009383965609	1.1519520591329262
1.061648052533273	0.7437554992136624	1.1487955300843482
1.0598104742313903	0.7529126661838909	1.1445192334816738
1.0575083099144884	0.7642082485650251	1.1391496509621033
1.054759317447521	0.7774498550382787	1.1327199588418018
1.0515845760007576	0.7924252672896521	1.125269778887787
1.0480082602518637	0.8089104889325921	1.1168448895610388
1.044057386548555	0.8266769505710152	1.1074969042790384
1.0397615357328445	0.8454975660549237	1.0972829236825188
1.0351525575624108	0.8651515272564486	1.0862651690343919
1.0302642617520823	0.8854278702663915	1.0745106037222114
1.0251321006063048	0.9061279386776888	1.0620905493665749
1.01979284803263	0.9270669158664379	1.0490803022680715
1.0142842794330378	0.9480746097886342	1.0355587548607
1.008644856581091	0.9689956633186841	1.0216080254979116
1.0029134211338522	0.9896893410018733	1.0073130983048926
0.9971288999121165	1.0100290167354018	0.9927614730196536
0.9913300245417349	1.029901460962483	0.9780428227583008
0.985555067495849	1.0492060029136236	0.9632486555313294
0.9798415960353971	1.0678536242161438	0.9484719731900483
0.9742262450278062	1.0857660248922336	0.9338069193835464
0.9687445091446112	1.1028746909884137	0.9193484061981514
0.9634305545104132	1.1191199842506703	0.9051917075881285
0.9583170495002957	1.1344502677813295	0.8914320066990493
0.953435014071353	1.1488210769494631	0.8781638839641013
0.9488136867624221	1.1621943415096205	0.8654807336820447
0.9444804083056041	1.1745376625725696	0.8534740989186587
0.9404605206629455	1.1858236464716878	0.8422329182255065
0.9367772802229486	1.1960292964874468	0.8318426829643432
0.9334517838644881	1.2051354626735433	0.8223845109230311
0.9305029066083451	1.213126349566568	0.8139341501496851
0.9279472496285024	1.2199890812821979	0.8065609359857304
0.9257990974749614	1.2257133233510271	0.8003267333242032
0.9240703834660201	1.2302909605862797	0.7952849041065793
0.922770662329805	1.2337158302875795	0.7914793458079403
0.9219070893147893	1.2359835101388994	0.7889436490238638
0.9214844051355952	1.2370911602538883	0.7877004204092342
0.9215049262759883	1.2370374189374977	0.7877608107775501
0.9219685403308082	1.2358223518721068	0.7891242774449384
0.9228727062309515	1.233447454581164	0.7917785958717536
0.9242124593584069	1.2299157081786156	0.7957001198576659
0.9259804217233306	1.225231688562379	0.8008542738395624
0.928166817535368	1.219401729359888	0.8071962470552543
0.9307594946631077	1.212434139065879	0.8146718489807435
0.9337439526281774	1.2043394729314925	0.8232184794263723
0.937103377928478	1.1951308602505664	0.8327661652297166
0.9408186876218635	1.1848243877453561	0.8432386182006605
0.9448685822241917	1.1734395397542086	0.8545542749683915
0.949229609076971	1.160999695860322	0.8666272875137647
0.9538762374202912	1.1475326864380444	0.8793684422588489
0.9587809464520163	1.133071406301417	0.8926859945928314
0.9639143276663996	1.1176544861559203	0.9064864138499501
0.9692452027311186	1.1013270208093688	0.9206750405096634
0.9747407580806865	1.0841413519734517	0.9351566625315079
0.9803666972669035	1.0661579018337624	0.9498360212410172
0.9860874119116995	1.0474460511712926	0.9646182591856832
0.9918661718507539	1.0280850523968073	0.9794093231004009
0.997665334737908	1.0081649630452172	0.994116334816903
1.0034465750017578	0.9877875786075497	1.0086479418832992
1.0091711316096041	0.9670673344994501	1.0229146580577777
1.0148000736142255	0.9461321348871226	1.0368292019065013
1.0202945819351237	0.9251240504392373	1.0503068396294073
1.0256162452845083	0.9041998074920934	1.063265736088292
1.0307273675945268	0.8835309677404822	1.0756273159114442
1.035591283761492	0.86330367146654	1.0873166345776872
1.040172680015033	0.8437177911152283	1.0982627575883919
1.0444379147640765	0.8249853205927588	1.1083991442660766
1.0483553353904271	0.8073278167327652	1.1176640314011586
1.0518955861805066	0.7909727236476487	1.1260008109318131
1.0550319024111572	0.7761484607725443	1.1333583950961523
1.0577403855704572	0.7630782529360697	1.1396915620592114
1.0600002547938592	0.7519728311874831	1.1449612748877949
1.0617940698415256	0.7430223287773524	1.149134966915396
1.063107921337357	0.7363879109835035	1.152186787004359
1.0639315845173347	0.7321938636415762	1.1540977989375634
1.0642586333934017	0.7305209647487857	1.1548561301350853
1.0640865129968518	0.7314019247363598	1.1544570660490312
1.0634165682081567	0.734819482856064	1.152903087894085
1.0622540285740736	0.7407074158159205	1.1502038527729006
1.0606079494276355	0.7489543221649063	1.1463761166919173
1.058491110531326	0.7594096862075764	1.1414436023828014
1.0559198743236509	0.7718914805410118	1.1354368151847964
1.0529140066397982	0.7861944782863785	1.1283928114509703
1.0494964634649817	0.802098507209682	1.1203549249711773
1.0456931478514655	0.8193760435774478	1.111372457706488
1.041532641566705	0.8377987549733785	1.1015003416780758
1.0370459163297212	0.8571428065969203	1.090798779117163
1.032266029642296	0.877192911630676	1.0793328679475072
1.0272278102214734	0.8977452200944954	1.0671722193280422
1.021967537912185	0.9186092043497391	1.0543905733352972
1.0165226227063275	0.9396087234284843	1.041065417917691
1.0109312871446807	0.9605824453704469	1.0272776150189051
1.0052322559409528	0.9813837882259622	1.0131110362758937
0.9994644561756263	1.0018805150158927	0.9986522089665284
0.9936667308722444	1.0219540914363572	0.9839899709625844
0.9878775682182043	1.0414988907000349	0.9692151313732281
0.9821348481445363	1.0604213090990855	0.954420131425092
0.9764756074489189	1.0786388390255122	0.939698697989858
0.9709358241503097	1.0960791330488104	0.9251454801691843
0.9655502213140421	1.1126790827100883	0.9108556576214136
0.960352090188247	1.1283839283325965	0.8969245080567441
0.9553731321564204	1.1431464108136438	0.8834469207590505
0.9506433187326798	1.1569259725522445	0.8705168433661725
0.946190768614161	1.1696880119876676	0.8582266507181451
0.942041640649109	1.1814031943648176	0.8466664276023497
0.9382200414805876	1.1920468200741023	0.8359231618496754
0.9347479465792866	1.2015982510622785	0.8260798505055105
0.9316451333758121	1.210040395257933	0.8172145295469475
0.9289291252390484	1.2173592486077027	0.8093992464250355
0.9266151451180921	1.2235434941246097	0.8026990038768178
0.9247160777591077	1.2285841572556202	0.7971707120033982
0.9232424395270886	1.2324743168617898	0.7928621923978458
0.9222023549933452	1.2352088711413187	0.7898112819530884
0.9216015395957385	1.236784357907477	0.7880450838955978
0.9214432878293453	1.2371988287416151	0.7875794089972236
0.9217284665854917	1.2364517766705225	0.7884184408396273
0.9224555134165789	1.2345441171624796	0.7905546461494198
0.9236204396687387	1.2314782223872962	0.7939689359248893
0.9252168385873055	1.2272580088380216	0.7986310671012732
0.9272358986634476	1.221889078564473	0.8045002597366891
0.9296664226511251	1.2153789144058613	0.8115259928150307
0.9324948528393378	1.2077371297365125	0.8196489339258349
0.9357053033166259	1.1989757733401405	0.8288019548060217
0.9392796001048809	1.1891096900972817	0.838911185850749
0.9431973301689431	1.1781569381940276	0.8498970675025562
0.9474359004196562	1.166139263528536	0.8616753638436289
0.9519706079159203	1.153082631869521	0.8741581125556777
0.9567747225337454	1.139017819088031	0.8872544945629758
0.9618195833944769	1.1239810593863384	0.9008716152379512
0.9670747103310975	1.1080147508176525	0.9149151964036158
0.9725079316093826	1.091168216435611	0.9292901841725055
0.9780855290065781	1.073498517993778	0.9439012818164281
0.98377240117939	1.0550713170494253	0.9586534194478302
0.9895322460200693	1.0359617753562091	0.9734521734984649
0.9953277624072208	1.016255482230022	0.9882041490604878
1.0011208714012987	0.9960493907092735	1.0028173373620677
1.0068729565231485	0.9754527362961205	1.0172014592381957
1.012545122288708	0.9545879012681091	1.0312683036355803
1.018098469666989	0.9335911733973999	1.0449320681354148
1.0234943865916095	0.9126133299378636	1.0581097063333076
1.0286948511047267	0.8918199558297556	1.0707212847870062
1.033662744165876	0.8713913798573999	1.0826903502088372
1.038362168631298	0.8515220858906216	1.0939443057110216
1.0427587704334749	0.8324194322247207	1.1044147932459816
1.04682005757303	0.8143014969371184	1.1140380779624453
1.0505157122155682	0.7973938706440031	1.12275542904463
1.053817890962619	0.7819252521495439	1.130513490737548
1.0567015082782212	0.7681217797396941	1.137264636702228
1.059144498091673	0.756200159980129	1.1429673005862575
1.0611280487860304	0.7463598353277031	1.1475862757503288
1.0626368071176424	0.7387746432160799	1.151092977435296
1.063659047085484	0.7335846234754507	1.1534656612811574
1.0641868003765562	0.7308887725064501	1.1546895929770393
1.0642159457353435	0.7307395643665693	1.1547571649109147
1.0637462554162165	0.7331399247297624	1.1536679569339998
1.0627813977552305	0.7380430596628437	1.151428739727301
1.0613288958071743	0.745355162440929	1.1480534206859037
1.0594000429070143	0.7549406372860756	1.1435629336699902
1.0570097768976419	0.7666291801282443	1.1379850753502796
1.0541765155840765	0.7802239035299917	1.1313542921439912
1.0509219567112984	0.7955096976626675	1.123711422843014
1.0472708463797211	0.8122611495612126	1.1151034029352838
1.043250720307531	0.8302495428410123	1.1055829372739427
1.038891622697411	0.8492486729794767	1.0952081481311888
1.0342258076721553	0.869039397774905	1.0840422057564025
1.0292874283015838	0.8894129779224389	1.0721529483449308
1.0241122181668822	0.9101733456450571	1.0596124977933414
1.0187371702038577	0.9311384778404029	1.046496876790087
1.0132002172530241	0.9521410565925729	1.0328856316700812
1.0075399183409983	0.9730285864165256	1.0188614640701332
1.001795154244645	0.9936631141464388	1.0045098727828765
0.9960048353700678	1.0139206708201267	0.9899188053595818
0.9902076244303416	1.033690529406453	0.9751783169947488
0.984441675856537	1.052874349872298	0.9603802321054782
0.9787443933363822	1.0713852646477304	0.9456178018679673
0.9731522063638425	1.089146942967655	0.930985348904472
0.9677003662142849	1.1060926614100852	0.9165778884551615
0.9624227613385947	1.122164399624307	0.9024907138994519
0.9573517518100737	1.1373119741546625	0.8888189336148551
0.9525180221549798	1.15149221889466	0.8756569461248889
0.947950451659332	1.1646682176117644	0.8630978415484369
0.9436760010663224	1.176808591826424	0.8512327197757285
0.9397196144577035	1.1878868458440275	0.8401499197620086
0.9361041350458769	1.1978807697398244	0.8299341599425194
0.9328502335822547	1.20677190043215	0.8206655969606138
0.9299763481109465	1.2145450405608142	0.8124188183475723
0.927498633852087	1.2211878346341651	0.8052617939191493
0.9254309220861728	1.2266904017812557	0.7992548195828526
0.9237846870188802	1.2310450243987587	0.79444949489229
0.9225690197331226	1.2342458920035349	0.7908877808534088
0.9217906084755348	1.2362888996653927	0.7886011860837586
0.9214537246728234	1.2371715004934773	0.7876101266842387
0.9215602142314343	1.2368926117718677	0.7879234978676372
0.9221094938331671	1.2354525744790121	0.7895384839246018
0.9230985521021763	1.2328531660742232	0.7924406186015913
0.924521955682664	1.2290976665889637	0.7966040920359791
0.9263718604305512	1.2241909782105445	0.8019922849208052
0.9286380280828789	1.2181397986935938	0.8085584973514114
0.9313078489283779	1.2109528490632393	0.8162468302370767
0.9343663711556324	1.2026411561888066	0.8249931720300461
0.9377963377008095	1.1932183908885359	0.8347262429337206
0.9415782315508974	1.1827012622704907	0.8453686521838649
0.9456903305777776	1.1711099690081685	0.8568379304997662
0.9501087730764192	1.1584687081647669	0.8690475082111947
0.9548076352538596	1.1448062419988803	0.8819076187125191
0.9597590219555089	1.1301565228592336	0.895326115790073
0.964933171918978	1.1145593757484313	0.9092092012643548
0.9702985788026958	1.0980612373275216	0.923462065844901
0.9758221291451058	1.0807159489187756	0.9379894509138346
0.9814692582618012	1.0625855992870281	0.9526961421551854
0.9872041248811049	1.0437414104086062	0.9674874076795857
0.9929898050496593	1.024264655779011	0.9822693937978175
0.998788505509367	1.0042475956741386	0.9969494911216704
1.004561796355644	0.9837944066889299	1.0114366824833578
1.0102708623448715	0.9630220732656402	1.0256418824828277
1.0158767717247026	0.9420611961924868	1.039478276493308
1.021340760937935	0.92105665665815	1.0528616648332405
1.026624533001217	0.9001680540985065	1.0657108156641992
1.0316905668093854	0.8795698120457232	1.0779478280962724
1.0365024340799442	0.859450819806213	1.0894985050396997
1.0410251201516543	0.8400134520520234	1.1002927335885255
1.0452253444087993	0.8214717886997506	1.1102648691996215
1.0490718757407065	0.8040488520988842	1.1193541186644445
1.0525358381812127	0.7879726987576547	1.1275049158914603
1.0555910017294958	0.7734712613148016	1.1346672838284024
1.0582140533396929	0.7607659441217423	1.140797175479289
1.0603848431956127	0.7500641360870922	1.1458567868978355
1.062086601662106	0.7415510064530787	1.1498148352674546
1.063306122725649	0.7353811622195302	1.152646795696592
1.064033910289904	0.7316709199790867	1.1543350911294932
1.0642642843710624	0.7304920210462935	1.1548692307801245
1.0639954450160174	0.7318675494251753	1.15424589368394
1.0632294926196315	0.7357705845664262	1.1524689552926386
1.06197240421907	0.7421257709211039	1.1495494564456836
1.0602339662577493	0.750813592554382	1.1455055154960136
1.0580276652099314	0.7616767982028043	1.1403621857694155
1.0553705383068923	0.7745282061322927	1.1341512618615377
1.0522829873758037	0.789159061058113	1.1269110394490918
1.0487885594717292	0.8053472010415372	1.1186860342825593
1.0449136985291523	0.8228644714215133	1.10952666678245
1.0406874726670852	0.8414830366017049	1.099488919156661
1.0361412820467741	0.8609804401368345	1.0886339721610878
1.0313085522979992	0.881143419952692	1.0770278285328219
1.0262244185071048	0.9017705891382846	1.0647409297232777
1.0209254046043186	0.9226741478411151	1.051847771848299
1.015449102717145	0.943680809580864	1.038426525770022
1.0098338566864586	0.9646321184736762	1.0245586649391123
1.004118453494265	0.9853843134260551	1.0103286030838197
0.9983418258485782	1.0058078694098793	0.9958233420631054
0.9925427686322422	1.0257868196461988	0.981132128247456
0.9867596713717537	1.0452179387531149	0.9663461137017232
0.9810302683344407	1.0640098468694072	0.9515580162975396
0.9753914073399881	1.0820820786659615	0.9368617707649601
0.9698788378836081	1.0993641486895156	0.9223521607310976
0.964527018727706	1.1157946350857122	0.9081244201438425
0.9593689447342261	1.1313202968273928	0.8942737913353138
0.9544359923814753	1.1458952345684201	0.8808950265742527
0.9497577831489181	1.1594801016808278	0.8680818205429056
0.9453620637471197	1.1720413695339058	0.8559261630138093
0.9412746020294098	1.1835506493450598	0.8445176043232088
0.9375190973322032	1.1939840717577597	0.8339424311838968
0.9341171039529775	1.2033217245146113	0.8242827569568366
0.9310879664809361	1.2115471480893556	0.8156155384945668
0.9284487657385168	1.2186468888240438	0.8080115406112248
0.9262142741667709	1.2246101089496324	0.8015342783630284
0.9243969195884552	1.2294282527873202	0.7962389756263863
0.9230067564019484	1.2330947684284221	0.7921715847678635
0.9220514433958005	1.2356048842360703	0.7893679153516098
0.9215362275179004	1.2369554395994347	0.7878529189007399
0.9214639330894895	1.237144769484001	0.7876401712436759
0.9218349561107329	1.23617264245528	0.7887315840895649
0.922647263469066	1.2340402519985931	0.791117364025951
0.9238963970218351	1.2307502611094483	0.7947762215568738
0.925575482692208	1.2263069002829723	0.7996758169161133
0.9276752448760162	1.2207161191796718	0.805773415062992
0.9301840266208362	1.2139857923797672	0.8130167110966695
0.9330878161915314	1.206125979764698	0.8213447803537619
0.9363702807869764	1.1971492421541585	0.8306891050636032
0.9400128083122686	1.187071012893541	0.840974631341294
0.9439945582347627	1.1759100260990905	0.8521208156978134
0.9482925226610458	1.1636888022206573	0.8640426280306855
0.9528815988555239	1.1504341914404788	0.8766514870404729
0.957734674474845	1.1361779751687346	0.8898561131178928
0.9628227268126415	1.1209575254562554	0.9035632921159281
0.9681149373238735	1.1048165214638042	0.9176785504927637
0.9735788226286766	1.0878057210912786	0.9321067477995926
0.9791803830700667	1.0699837843455637	0.9467525963269403
0.984884269715376	1.0514181428043519	0.9615211200241861
0.9906539704505315	1.0321859063556524	0.9763180657730185
0.9964520155077271	1.012374793904267	0.9910502799865697
1.0022402024017305	0.9920840684967047	1.0056260625740716
1.0079798398269857	0.9714254487938186	1.0199555088049432
1.0136320095927558	0.950523957415978	1.0339508477247101
1.0191578451624685	0.9295186518228817	1.0475267836961208
1.024518824819472	0.9085631646432948	1.060600845486791
1.0296770769337495	0.8878259577366481	1.0730937452103684
1.03459569425466	0.8674901685856007	1.0849297474217028
1.039239053641492	0.8477529011196817	1.096037046834201
1.0435731371725228	0.8288237900999365	1.1063481515055824
1.04756585017759	0.8109226558560982	1.1158002669674416
1.0511873314316247	0.7942760745756482	1.124335675676033
1.054410250554508	0.7791127308819608	1.1319021053549128
1.057210087591929	0.76565750628789	1.1384530792977017
1.0595653898258435	0.7541243965307668	1.1439482415056126
1.0614580010762562	0.7447085384950051	1.1483536496426183
1.0628732591206922	0.7375778410739511	1.1516420291942135
1.0638001573586218	0.7328649110437336	1.1537929828909887
1.0642314674783802	0.7306600875147592	1.1547931503718996
1.06416382062501	0.7310063917922068	1.1546363141854796
1.0635977453950867	0.7338970342083153	1.1533234495035145
1.062537661868072	0.7392758114053248	1.150862716307592
1.060991831798961	0.7470403402040041	1.147269394243423
1.0589722660055934	0.7570476998671105	1.142565761766359
1.0564945908564258	0.7691217807329392	1.1367809225603445
1.053577876570097	0.7830615154333257	1.1299505834562966
1.050244430752429	0.7986492015916172	1.1221167891421622
1.0465195611914562	0.8156582734257237	1.11332761981368
1.0424313123987052	0.8338600862613772	1.1036368585159533
1.0380101807056192	0.8530294879751	1.0931036352517258
1.0332888129020463	0.8729491273615344	1.0817920549599636
1.0283016934347649	0.8934125744073584	1.0697708161910662
1.0230848250828648	0.9142264009951834	1.0571128267184586
1.0176754077964862	0.9352114018452575	1.0438948214398514
1.0121115200577462	0.9562031371339157	1.0301969867484575
1.0064318066995401	0.9770519621339322	1.0161025941102815
1.00067517663641	0.9976226847186659	1.0016976439037966
0.9948805134350022	1.0177939649661076	0.9870705186914556
0.989086401101148	1.0374575460929667	0.972311643052521
0.9833308669121702	1.0565173843291624	0.9575131449709238
0.9776511425862452	1.074888727673922	0.9427685116311608
0.9720834445791207	1.0924971795993108	0.9281722304329371
0.9666627738352177	1.1092777732034147	0.9138194042382269
0.9614227349140767	1.1251740734719087	0.8998053284911908
0.9563953740609786	1.140137319584952	0.8862250171195882
0.9516110355020636	1.1541256151173631	0.8731726642795427
0.9470982350175022	1.1671031710903452	0.860741030311603
0.9428835496791025	1.1790396048246268	0.8490207429762383
0.938991522528684	1.1899092961678366	0.8380995093167877
0.9354445809166366	1.1996908017436123	0.8280612394321959
0.9322629672072122	1.2083663272612393	0.8189850909018551
0.9294646805884245	1.2159212575416511	0.8109444512426148
0.927065428784964	1.2223437436907894	0.8040058849386799
0.9250785885654714	1.2276243467408432	0.7982280803574711
0.923515174046708	1.2317557370505015	0.7936608391201533
0.9223838119277621	1.2347324487827216	0.7903441550495087
0.9216907229292169	1.2365506888521252	0.788307430619266
0.9214397088639401	1.2372081998380475	0.7875688752014335
0.9216321449223936	1.2367041764832079	0.7881351212315079
0.9222669769168288	1.2350392355422015	0.7900010822548084
0.9233407233924179	1.2322154388926567	0.79315006189461
0.9248474826749375	1.228236369975151	0.7975541067937227
0.92677894509098	1.2231072637802143	0.8031745814126522
0.9291244107545226	1.2168351907427328	0.8099629299626934
0.9318708134744368	1.2094292950320717	0.8178615820029916
0.9350027514879141	1.2009010878361186	0.8268049539932011
0.9385025258680798	1.191264796310391	0.8367204993391608
0.942350187587578	1.1805377689014762	0.8475297635803457
0.9465235943328195	1.168740937732704	0.8591494083352428
0.950998478259587	1.1558993386414103	0.8714921762587489
0.9557485259464252	1.1420426892487414	0.8844677784343976
0.9607454718369176	1.1272060250852196	0.8979836943733767
0.9659592064554485	1.1114303932219511	0.911945882435262
0.9713579006312644	1.0947636019781455	0.9262594046320023
0.9769081468612405	1.0772610239697524	0.9408289742753245
0.982575118784136	1.0589864478495115	0.9555594378277527
0.988322749518956	1.0400129713357829	0.9703562037936642
0.9941139293405294	1.0204239242135642	0.9851256317790504
0.9999107228211753	1.0003138045179645	0.9997753942172524
1.0056746051684586	0.9797892035763383	1.0142148219578
1.01136671703226	0.9589696854159784	1.0283552431611858
1.0169481365580915	0.9379885726400976	1.0421103229275526
1.0223801669303252	0.9169935737249082	1.0553964089475225
1.027624637100283	0.8961471655808244	1.068132886325732
1.032644212844553	0.8756266205934374	1.0802425426687914
1.037402714766876	0.8556235408008683	1.091651942620218
1.0418654393669293	0.836342736785215	1.1022918093155443
1.0459994788710485	0.8180002711813525	1.1120974087521567
1.049774035173448	0.8008204853572527	1.121008931861096
1.0531607229968865	0.7850318544438433	1.1289718681391863
1.0561338572586922	0.7708615831972285	1.1359373640774284
1.05867071964525	0.75852897310656	1.1418625592987746
1.0607517995520375	0.7482377609523911	1.1467108933104047
1.0623610048514602	0.7401678362339714	1.1504523760592544
1.0634858383980528	0.7344669547717841	1.1530638160482136
1.0641175367591749	0.7312432254406944	1.1545290005942643
1.0642511683607185	0.7305591978581616	1.1548388238505336
1.0638856890296522	0.7324282784185825	1.1539913594371294
1.0630239537831574	0.7368139463986197	1.151991875874382
1.0616726846187223	0.7436318763123336	1.1488527944308151
1.0598423949740179	0.7527546815162055	1.1445935904398334
1.0575472724180213	0.764018670956841	1.1392406405299942
1.0548050219695886	0.7772318248083535	1.1328270195125172
1.0516366731934625	0.7921821679158089	1.1253922518108208
1.0480663548702225	0.8086458282189364	1.1169820232654173
1.0441210415566198	0.8263942576922327	1.1076478598530153
1.0398302767324845	0.8452003076219625	1.0974467803000607
1.0352258774683574	0.8648430429016657	1.0864409297192292
1.0303416256350677	0.885111326402553	1.0746972012442426
1.0252129506292011	0.9058062980360194	1.0622868521755868
1.0198766084069977	0.9267429199999648	1.0492851203838973
1.0143703613300818	0.9477507717473056	1.0357708456567813
1.0087326629366533	0.9686742679763319	1.0218260993389578
1.0030023512951096	0.9893724509040296	1.0075358240248875
0.9972183540815498	1.0097184817482463	0.9929874832563482
0.9914194079824696	1.0295989303870021	0.9782707191910031
0.9856437944713672	1.0489129390555885	0.9634770141040094
0.9799290934644451	1.0675713166686092	0.948699349432336
0.9743119558428686	1.0854956049961244	0.9340318539753958
0.9688278953500101	1.1026171460931848	0.9195694309501946
0.9635110999415044	1.1188761715145692	0.9054073520307795
0.9583942622914058	1.134220927337124	0.8916408054831254
0.9535084288436096	1.1486068443183393	0.8783643852721897
0.9488828665466245	1.1619957591933807	0.8656715088278579
0.9445449462176243	1.1743551907802208	0.8536537532674809
0.9405200413505507	1.185657672958973	0.8424001035000107
0.9368314411040248	1.1958801455002246	0.8319961109059485
0.9335002761765332	1.2050034029952084	0.8225229681617031
0.9305454562885241	1.213011601676088	0.8140565139996981
0.9279836180430573	1.2198918236312928	0.8066661907423205
0.9258290820146552	1.2256336977710518	0.800413986502904
0.9240938180227105	1.2302290768364148	0.7953534019566308
0.9227874176676759	1.233671769754022	0.7915284873659101
0.9219170733468679	1.2359573286948993	0.7889729979680058
0.9214875631142222	1.237082890287484	0.7877097140378269
0.921501240903634	1.237047070553571	0.7877499655687682
0.9219580317946552	1.2358499132715945	0.7890933908490099
0.9228554321624752	1.2334928916186845	0.7917279442208859
0.9241885147167358	1.2299789630965394	0.7956301525278138
0.9259499385981294	1.2253126778993966	0.8007656040284875
0.9281299648635258	1.2195003410262188	0.8070896397336098
0.9307164778498777	1.2125502285793899	0.8145482066991337
0.9336950130617981	1.2044728588035176	0.8230788267203206
0.9370487923748875	1.195281318512233	0.8326116323535442
0.9407587674845632	1.1849916456029848	0.8430704248507571
0.9448036726515353	1.1736232683631556	0.8543737145458575
0.9491600878988684	1.1611995022081265	0.8664357123395646
0.9538025138947743	1.1477481043322022	0.8791672500131136
0.9587034598014287	1.1333018864610662	0.8924766161163448
0.9638335453835044	1.1178993854172612	0.9062703023287677
0.9691616186364502	1.1015855904687621	0.9204536619729956
0.9746548901134762	1.084412725311818	0.9349314875249155
0.9802790849953472	1.0664410808979348	0.9496085174953001
0.9859986137506109	1.047739892930733	0.9643898850822914
0.9917767619804488	1.028388254456721	0.9791815217296337
0.997575899722665	1.0084760491850615	0.993890528437812
1.0033577101122788	0.9881048845316609	1.008425526615002
1.0090834368622912	0.9673889943501683	1.022696998659026
1.0147141495461127	0.9464560692809674	1.0366176265325255
1.0202110251429435	0.9254479570586707	1.050102634487847
1.0255356437642755	0.9045211555972384	1.0630701399491553
1.0306502959262072	0.8838469983510355	1.0754415144573408
1.0355182981926616	0.86361140537649	1.0871417546103437
1.0401043135029926	0.8440140472877132	1.0980998611323483
1.0443746720443705	0.8252667477408357	1.1082492226348881
1.0482976881442339	0.8075909408851527	1.117527999307753
1.051843968375624	0.7912140140394879	1.1258795007391151
1.0549867058951035	0.7763644152924611	1.1332525513129592
1.057701955992801	0.7632655024572719	1.1396018361922413
1.059968887931405	0.7521282594028889	1.1448882207579865
1.0617700083964088	0.7431432009045061	1.149079036543814
1.0630913522701164	0.7364720014695928	1.1521483271632682
1.0639226369684345	0.732239570630561	1.154077048447892
1.0642573772354342	0.7305273984828028	1.1548532179765996
1.0640929580468939	0.7313689588736163	1.154472010330248
1.0634306641170033	0.7347477618871355	1.152935795706892
1.0622756653940848	0.7405983175686212	1.1502541209362753
1.0606369588481448	0.7488098804410044	1.1464436333654326
1.0585272677557611	0.759232483438998	1.1415279495105293
1.0559629005498348	0.7716845229832858	1.1355374717091917
1.0529635720937194	0.7859610664138467	1.128509157220502
1.049552190928787	0.8018421120954146	1.1204862452489932
1.0457546166181817	0.8191001969859991	1.1115179481792195
1.0415993917480806	0.8375069575675735	1.1016591138556908
1.0371174534414085	0.8568384557320192	1.0909698660143257
1.0323418293883184	0.8768792480331259	1.0795152299386512
1.0273073234017704	0.8974252913665475	1.0673647500767287
1.0220501953792218	0.9182858425912749	1.0545921057105685
1.0166078403025787	0.939284534134589	1.0412747298270897
1.0110184705564897	0.9602598049536571	1.0274934351076972
1.0053208054151734	0.9810648478682928	1.013332049469477
0.9995537710499801	1.0015672089668477	0.9988770618587655
0.9937562138804297	1.021648148272026	0.9842172770846166
0.9879666295397728	1.0412018464090926	0.9694434764108997
0.9822229091762334	1.0601345211531201	0.9546480784846108
0.9765621042834753	1.078363500820691	0.9399247930449671
0.9710202107558484	1.0958162882845495	0.9253682578517605
0.9656319724129806	1.112429639400141	0.9110736475408879
0.9604307038418008	1.1281486722433132	0.8971362418492063
0.955448132063272	1.1429260181914693	0.8836509400682262
0.9507142562569741	1.1567210220540287	0.870711708944825
0.9462572245585337	1.16949899575961	0.8584109528039261
0.9421032267910286	1.1812305282411721	0.846838797662711
0.9382764018923426	1.191890852881993	0.8360822857075216
0.9347987587512147	1.201459273030262	0.8262244827481644
0.9316901091622691	1.2099186455312585	0.8173435089915846
0.9289680116465869	1.2172549218793876	0.8095115122734388
0.9266477249527003	1.2234567463919965	0.8027936120530623
0.9247421701493383	1.2285151107133292	0.7972468510455345
0.9232619003360081	1.2324230639415559	0.7929191981899367
0.9222150771322118	1.2351754777096657	0.7898486505528305
0.921607453248228	1.2367688656280391	0.7880624817460705
0.9214423605939543	1.2372012566095691	0.7875766799189519
0.9217207035405299	1.2364721217228944	0.7883956093688781
0.9224409571099695	1.2345823543671879	0.7905119170110486
0.9235991700323841	1.2315343037093753	0.7939066896730623
0.9251889727731144	1.2273318614819508	0.7985498522042662
0.9272015907958554	1.2219806023856425	0.8044007815908824
0.9296258634875401	1.2154879784860981	0.8114091003285873
0.9324482693295009	1.2078635681137626	0.8195156043988167
0.9356529580472378	1.19911937988286	0.828653277850287
0.9392217906159994	1.1892702125118055	0.8387483470442827
0.9431343881247466	1.1783340711551302	0.8497213323771058
0.9473681906162801	1.1663326409228498	0.8614880626751463
0.9518985271069544	1.153291818144028	0.8739606262864428
0.9566986980537242	1.1392422997026659	0.8870482420454663
0.9617400715600597	1.1242202303747273	0.9006580418656953
0.9669921946008281	1.1082679074738495	0.9146957640932202
0.9724229204840912	1.0914345411614517	0.9290663625825547
0.9779985536541975	1.0737770673683218	0.9436745406386644
0.983684012771652	1.0553610082193428	0.9584252215759983
0.9894430127724	1.0362613719014524	0.9732239688715298
0.9952382663180541	1.0165635797332606	0.9879773689823784
1.0010317046927975	0.9963644023652862	1.0025933891186212
1.0067847177927614	0.9757728790389851	1.01698172085652
1.0124584123877332	0.9549111830859582	1.0310541186611344
1.0180138873308617	0.9339153827499719	1.044724740335917
1.023412523854809	0.9129360285002559	1.0579104942710145
1.028616288542171	0.8921384761520176	1.070531396232862
1.0335880460102003	0.8717028299356153	1.0825109364032428
1.0382918778240295	0.851823363050287	1.09377645550256
1.0426934036745794	0.8327072490415064	1.1042595271640379
1.0467601004394882	0.8145724220393198	1.1138963422986896
1.0504616144227612	0.7976443869895323	1.1226280900342214
1.0537700618471268	0.7821518345450033	1.1304013289438575
1.0566603125778866	0.7683209917975539	1.1371683417117031
1.0591102520995792	0.7563687683119041	1.1428874661248802
1.0611010169502761	0.7464949356884953	1.1475233953276014
1.0626171991515252	0.7388737899822698	1.1510474406167914
1.0636470156463707	0.73364595100698	1.1534377506755387
1.0641824393594892	0.7309110955401414	1.154679482012634
1.0642192892166096	0.7307224453862295	1.1547649164544234
1.0637572772684905	0.7330836995486952	1.153693522786835
1.062800011942488	0.7379488177535632	1.1514719610120134
1.0613549573535426	0.7452246846831294	1.1481140291127625
1.0594333495191932	0.754776299292827	1.1436405536521341
1.0570500712071902	0.7664338329099473	1.138079226915739
1.0542234879649737	0.7800007443841541	1.1314643945739182
1.0509752486163215	0.7952621430244105	1.1238367989496463
1.047330054131748	0.811992718855058	1.1152432838820483
1.0433153992738449	0.8299637590589752	1.105736467831165
1.0389612917728297	0.8489489825606649	1.0953743922568302
1.0342999539920879	0.8687291098610398	1.084220152393895
1.029365512109308	0.8890952213836485	1.0723415173339235
1.0241936777589842	0.9098510413545646	1.0598105458004323
1.0188214268831715	0.9308143233618619	1.0467032031829184
1.0132866802232923	0.9518175205243495	1.0330989842749865
1.0076279894851574	0.9727079099421935	1.0190805447789775
1.0018842327354736	0.9933473177409993	1.0047333430009626
0.9960943220702755	1.0136115644703956	0.9901452913164577
0.9902969260484212	1.0333897250771114	0.9754064149722502
0.9845302088324857	1.0525832752645663	0.9606085136695953
0.9788315874397617	1.0711051775528586	0.9458448192249205
0.973237507994297	1.088878945713856	0.9312096405316942
0.9677832414011934	1.1058377150515124	0.9167979851842496
0.9625026984432276	1.1219233376298303	0.9027051456463139
0.9574282639381662	1.137085515434968	0.889026236961331
0.9525906492919637	1.1512809800620127	0.8758556729475534
0.94801876254381	1.1644727244066821	0.8632865688652923
0.9437395948196798	1.17662928967335	0.8514100609328044
0.9397781219890464	1.1877241095178575	0.8403145370075223
0.9361572202517846	1.1977349121351657	0.8300847783381519
0.9328975943621762	1.2066431804379478	0.8208010194569464
0.930017717216707	1.2144336700466947	0.8125379417146348
0.9275337795899097	1.2210939845580644	0.8053636250797963
0.9254596488879532	1.2266142074292694	0.799338491766027
0.9238068358973863	1.2309865897677745	0.7945142829219207
0.9225844686342902	1.2342052933372007	0.7909331148328362
0.9217992725374435	1.236266188152059	0.7886266627419123
0.9214555564004673	1.2371667041338392	0.7876155177288694
0.921555203592534	1.2369057364212612	0.7879087548349922
0.922097668278264	1.2354836040670858	0.7895037392205208
0.9230799765093431	1.2329020620033	0.7923861826670211
0.924496732226027	1.2291643663085825	0.7965304468173474
0.9263401283668036	1.2242753929647565	0.8019000740520426
0.9285999634502693	1.2182418104345654	0.8084485136331434
0.931263664148089	1.2110723065229316	0.816120001113272
0.9343163145243512	1.2027778700992955	0.8248505438074518
0.9377406927606123	1.193372128340182	0.834568964464901
0.9415173163207129	1.1828717401975295	0.8451979586561853
0.9456244966293529	1.1712968467903229	0.8566551278547263
0.9500384044355421	1.1586715793372442	0.8688539585799192
0.9547331471076758	1.1450246250660439	0.8817047271123406
0.9596808591457311	1.1303898512136947	0.8951153181955682
0.9648518072012864	1.1148069867068087	0.9089919540546295
0.9702145108536564	1.098322360310413	0.9232398365414194
0.97573588029983	1.0809896928244658	0.9377637100616966
0.9813813719680128	1.0628709391404738	0.9524683561623909
0.9871151628595389	1.0440371734159928	0.9672590324128391
0.9929003441545178	1.0245695069828127	0.9820418687330446
0.9986991342886891	1.0045600234978853	0.996724233861511
1.0044731113180816	0.9841127087871063	1.0112150834755897
1.0101834639455247	0.9633443432648272	1.0254252998032576
1.0157912600922	0.9423853121328122	1.0392680305881625
1.0212577313716167	0.9213802722269067	1.0526590331492995
1.0265445712768142	0.9004885940914161	1.0655170271278933
1.0316142443399499	0.8798844738853884	1.0777640574339358
1.0364303029861424	0.8597565833593377	1.0893258669600823
1.0409577083038788	0.8403071003561622	1.100132276873984
1.0451631505090748	0.8217499424302067	1.1101175707734805
1.0490153645173355	0.80430802052814	1.119220877721136
1.0524854357730606	0.7882093493877297	1.1273865481855856
1.0555470913368945	0.7736819091107269	1.1345645162315057
1.0581769712187281	0.7609472592078559	1.1407106409133612
1.0603548750698952	0.7502130659253046	1.1457870197541165
1.062063979620162	0.7416649052167017	1.1497622674144163
1.0632910226642536	0.735457916936777	1.1526117531689921
1.0640264499546466	0.7317090609299585	1.1543177915792349
1.064264522034702	0.7304908037373979	1.1548697817502187
1.0640033788210765	0.7318269977653625	1.1542642917483892
1.0632450605996422	0.7356914894628853	1.1525050860837045
1.0619954849970699	0.7420096444869693	1.149603095568537
1.0602643804084342	0.7506625840448087	1.1455763303066737
1.0580651772571281	0.7614935822701706	1.1404497379734782
1.0554148593153543	0.7743158561348219	1.1342550108688965
1.0523337780856232	0.7889209198567515	1.127030346405629
1.0488454339147526	0.8050867595387761	1.1188201666837225
1.0449762280576058	0.8225852619211612	1.1096748035669488
1.040755190321437	0.8411885447763571	1.0996501561690977
1.0362136871855787	0.8606740365907039	1.0888073278751487
1.0313851154122475	0.8808283103515168	1.0772122499284948
1.0263045861427673	0.9014497806721584	1.0649352982199798
1.0210086043205877	0.9223504292514008	1.0520509092099317
1.0155347480121688	0.9433567419269323	1.038637199914995
1.0099213518290566	0.9643100340487923	1.024775595610652
1.004207198207559	0.9850663206055957	1.0105504673608625
0.9984312197995943	1.005495861627551	0.9960487797221403
0.992632215689992	1.025482487085784	0.9813597470149819
0.9868485836043387	1.044922781683497	0.966574494471991
0.9811180697245074	1.063725189827994	0.9517857184221375
0.9754775372060595	1.0818090849179351	0.9370873375531564
0.9699627540008269	1.0991038345552286	0.9225741253277479
0.9646082001495245	1.1155478838544357	0.908341311974305
0.9594468943199679	1.1310878720668192	0.8944841433195264
0.9545102390420753	1.1456777927031845	0.8810973833109956
0.9498278838236829	1.159278203760983	0.8682747476476503
0.9454276051293808	1.1718554921449844	0.8561082577547698
0.9413352020595962	1.1833811946342656	0.8446875076359809
0.937574406478027	1.1938313765650967	0.8340988410573319
0.9341668062966582	1.2031860686076141	0.8244244430686246
0.9311317806334046	1.2114287615064372	0.8157413578434993
0.9284864455987547	1.2185459583352127	0.8081204537512373
0.926245609544007	1.2245267836447133	0.8016253657065096
0.9244217367023484	1.2293626488025633	0.7963114531690542
0.9230249182750452	1.233046972822856	0.7922248185096408
0.9220628501489041	1.2355749580262052	0.7894014336704129
0.9215408165781104	1.2369434199607101	0.7878664221829355
0.9214616793171327	1.2371506711255364	0.787633538195554
0.9218258718499891	1.2361964581708715	0.7887048743354789
0.9226313985229385	1.2340819523960627	0.7910708168277802
0.9238738385519308	1.2308097935176683	0.7947102507372185
0.9255463550387916	1.2263841868334886	0.79959100230405
0.9276397092935258	1.2208110540567072	0.8056704909832545
0.9301422809197177	1.2140982382327488	0.8128965525649551
0.9330400942760412	1.2062557632728528	0.8212083877133092
0.9363168520766347	1.1972961487337141	0.8305375878015493
0.9399539770308678	1.1872347805358887	0.8408091917647489
0.9439306625512306	1.1760903383304782	0.8519427330446607
0.9482239336635938	1.1638852801718873	0.8638532434581143
0.9528087193393999	1.1506463850223263	0.8764521897925257
0.9576579375242875	1.136405353350901	0.8896483280366027
0.9627425941567442	1.1211994656568622	0.9033484685397811
0.9680318974474812	1.1050722980700107	0.9174581524890517
0.9734933886205804	1.088074493149867	0.9318822456055454
0.9790930901926838	1.0702645824917245	0.9465254588266124
0.9847956726846299	1.051709855536562	0.9612928080637589
0.990564640417533	1.0324872658228592	0.9760900261115493
0.9963625367396501	1.012684361453129	0.990823939686747
1.0021511686659816	0.9924002203387614	1.0054028236579653
1.0078918504879097	0.9717463623037839	1.0197367430253275
1.0135456654402026	0.950847598773701	1.0337378913342616
1.0190737439971798	0.9298427659696583	1.047320932129173
1.0244375568313118	0.9088852688418471	1.0604033479021777
1.029599219914375	0.8881433404014343	1.0729057988746293
1.0345218086975134	0.8677998954595268	1.084752491942764
1.0391696777873896	0.8480518312704172	1.0958715582825247
1.0435087820668911	0.829108604504022	1.1061954364816986
1.0475069948106452	0.811189901402567	1.1156612566955317
1.0511344180371645	0.7945222259719443	1.124211220216409
1.054363680143571	0.7793342719885056	1.1317929680397782
1.0571702157999814	0.7658510306758798	1.1383599314997002
1.0595325231475725	0.7542867245089399	1.143871657847998
1.0614323935594066	0.7448368446740505	1.1482941037577423
1.0628551095823455	0.7376697832348453	1.1515998901280646
1.063789607179967	0.7329187484501011	1.1537685122382106
1.0642285990216505	0.7306747757787799	1.15478650021166
1.0641686563061268	0.7309816426879175	1.154647525868703
1.0636102474307045	0.7338333325656359	1.1533524533211361
1.0625577327016706	0.7391743867886548	1.1509093320490178
1.0610193151983096	0.7469030972063453	1.1473333326308535
1.0590069488085119	0.7568771160543708	1.1426466267287136
1.0565362053282845	0.7689207844136562	1.1368782142926204
1.0536261033267467	0.7828333560792026	1.1300637021885154
1.0502989021901237	0.7983973242141876	1.1222450395308647
1.0465798653579033	0.8153862053271576	1.113470215854694
1.0424969972332983	0.8335713412412046	1.1037929288715267
1.038080758573107	0.8527274900233991	1.0932722288819239
1.0333637653417038	0.8726371535229378	1.0819721469503212
1.0283804760484394	0.8930937149761163	1.0699613136738682
1.0231668724871334	0.9139035344196026	1.0573125747982672
1.0177601385694852	0.9348871814947054	1.044102609048665
1.0121983416155103	0.9558799872195635	1.0304115523761803
1.0065201200454388	0.9767320804059045	1.0163226313803158
1.000764380934166	0.997308049969291	1.0019218069919813
0.9949700103638377	1.0174863477740022	0.9872974276155422
0.9891755989609927	1.0371585216053172	0.9725398888929228
0.9834191844546776	1.0562283461834365	0.957741295116443
0.9777380125558406	1.0746109024034594	0.9429951151756547
0.9721683169551523	1.0922316410533774	0.9283958238794124
0.9667451187736669	1.1090254566556497	0.9140385176912522
0.9615020453927461	1.1249357891913971	0.9000184925366363
0.9564711682373211	1.1399137657213343	0.8864307705938831
0.9516828587961373	1.153917389803206	0.8733695631227297
0.947165661936934	1.1669107837014223	0.8609276576662084
0.9429461854035011	1.17886348636415	0.8491957206414789
0.9390490042732984	1.189749808759312	0.8382615105896623
0.9354965790948948	1.1995482472262302	0.8282090032617222
0.9323091864124021	1.2082409548918902	0.8191174371592799
0.9295048604132047	1.2158132708100347	0.8110602967693549
0.9270993444969795	1.2222533062581185	0.8041042598939202
0.9251060516548328	1.2275515875125704	0.7983081442601684
0.9235360326605064	1.2317007543941079	0.7937218958854121
0.9223979512031572	1.2346953139004713	0.7903856662755168
0.9216980652360207	1.2365314483178298	0.7883290264011753
0.9214402139634642	1.2372068773040634	0.787570361839448
0.9216258100482901	1.2367207735633277	0.7881164853594028
0.9222538367808488	1.235073731872251	0.7899624911270962
0.9233208501144005	1.2322677913691642	0.7930918598142229
0.9248209856359383	1.228306511170214	0.7974768079070587
0.9267459707034209	1.2231950995275003	0.8030788593171759
0.9290851421430124	1.2169405968884601	0.8098496047409913
0.9318254700571372	1.2095521133428206	0.8177316053974084
0.9349515884463694	1.2010411210529237	0.8266593934667734
0.9384458334916008	1.1914218023382526	0.8365605217320519
0.9422882904759691	1.180711454124335	0.8473566189843142
0.946456850439859	1.1689309494433817	0.8589644146842597
0.9509272777584719	1.1561052565776577	0.8712967049938987
0.9556732898969664	1.142264016233291	0.8842632414621533
0.9606666506348125	1.1274421767720297	0.8977715324059405
0.9658772780445269	1.1116806869637568	0.9117275546971251
0.9712733684591832	1.0950272448453433	0.9260363798324903
0.9768215375632511	1.0775370999758347	0.940602722690638
0.9824869795809216	1.0592739044732293	0.9553314243030454
0.9882336453192014	1.0403106054802467	0.9701278814616967
0.9940244395430065	1.0207303678141177	0.9848984362960365
0.9998214378175652	1.0006275101088329	0.9995507383313414
1.0055861225543306	0.9801084302616048	1.0139940902495794
1.011279637540969	0.9592924858688993	1.0281397868263322
1.0168630597405393	0.9383127819907643	1.0419014545016234
1.0222976866118405	0.9173168014894398	1.0551953969090933
1.02754533665443	0.8964667921408349	1.0679409495442223
1.0325686603318245	0.8759398001353665	1.0800608446954791
1.0373314579946595	0.8559272130340888	1.0914815858489748
1.0417990009337006	0.8366336501079515	1.1021338290631923
1.0459383512643554	0.8182750201392033	1.1119527673310796
1.049718675995383	0.8010755650792889	1.1208785127318548
1.0531115503935577	0.7852637340545363	1.1288564702436292
1.0560912456322822	0.7710667987959844	1.1358376964594112
1.0586349957235035	0.7587042386810103	1.1417792361231023
1.0607232388888486	0.7483800926257669	1.1466444293884013
1.0623398288256247	0.740274681912935	1.1504031829816481
1.0634722117686755	0.7345363182524357	1.1530321990166124
1.0641115658272478	0.7312737722512368	1.1545151560267093
1.0642528997743956	0.7305503304095651	1.154842837820655
1.0638951092579154	0.7323801708170693	1.1540132069852833
1.0630409892685335	0.7367275342285252	1.1520314212077487
1.0616972026060845	0.7435088027808157	1.1489097920076732
1.0598742049986658	0.7525972070943391	1.144667686910631
1.0575861284217967	0.7638295577194414	1.139331377488192
1.0548506250019236	0.7770142083307657	1.1329338369870892
1.051688674644782	0.7919394288610262	1.1255144924185356
1.0481243601734636	0.8083814733013903	1.1171189369260943
1.0441846142876878	0.8261118164448258	1.107798608962888
1.0398989430348806	0.8449032481593851	1.0976104452536253
1.035299130724646	0.8645347072104134	1.086616514670497
1.0304189313082763	0.8847948838363581	1.0748836400018555
1.025293751197786	0.9054847146310486	1.0624830141367745
1.019960328322027	0.926418940799905	1.0494898164256636
1.0144564119271113	0.9474269133417523	1.0359828339217332
1.0088204472429576	0.9683528187269925	1.0220440908751725
1.0030912686789661	0.9890554767210832	1.0077584882664208
0.9973078046995586	1.0094078356920073	0.9932134533593114
0.9915087969890121	1.029296264752512	0.978498597272852
0.9857325359626743	1.048619718926089	0.963705376465739
0.9800166141377014	1.0672888341920619	0.94892675187708
0.9743976983594732	1.08522499384568	0.9342568373681915
0.9689113213982355	1.1023593957334876	0.9197905271903936
0.963591693000553	1.1186321410108917	0.9056230906301125
0.9584715301033164	1.1339913585311305	0.8918497209523331
0.9535819056055631	1.1483923742551445	0.8785650255154773
0.9489521148378939	1.1617969317261714	0.8658624447227742
0.9446095586783482	1.1741724673107663	0.8538335895640977
0.9405796421321236	1.1854914422905938	0.8425674911052825
0.9368856871103571	1.1957307327950653	0.8321497605252285
0.9335488581161591	1.2048710778356664	0.8226616651516383
0.930588099557396	1.2128965852363984	0.8141791341521738
0.9280200834559803	1.2197942949682725	0.8067717165777218
0.9258591664026522	1.2255537992445562	0.800501523515154
0.9241173547114153	1.2301669186702	0.7954221941431028
0.9228042768500463	1.2336274337482085	0.7915779313093328
0.9219271623610488	1.2359308710986114	0.7890026547300868
0.9214908266354842	1.2370743438399332	0.7877193181866355
0.9214976610562002	1.23705644569859	0.7877394307943686
0.9219476281875333	1.2358771985492658	0.7890628118153632
0.9228382618501239	1.2335380532357343	0.7916775945355226
0.9241646720836046	1.2300419436736056	0.7955604789587106
0.9259195551629841	1.225393394391588	0.8006772173310454
0.928093208997401	1.2195986818120108	0.8069833026400449
0.9306735543987773	1.2126660497092314	0.814424819753169
0.9336461628629501	1.2046059793990604	0.8229394126981693
0.9369942916537162	1.1954315153061161	0.8324573200027264
0.9406989271165319	1.1851586466073714	0.8429024326091884
0.9447388372718866	1.1738067456574166	0.8541933347926979
0.9490906348424244	1.1613990638360272	0.8662442965930309
0.9537288519451823	1.147963285303327	0.8789661953497498
0.9586260277308633	1.1335321388560857	0.8922673529509074
0.9637528102626329	1.1181440676073091	0.9060542835780689
0.9690780738956724	1.1018439554711648	0.9202323535341612
0.9745690533382104	1.0846839083270783	0.9347063599315804
0.9801914954403192	1.0667240861013538	0.9493810385732668
0.9859098295625305	1.048033579637621	0.964161513403531
0.9916873571213128	1.028691322840932	0.9789537006632226
0.9974864605927273	1.0087870258172742	0.9936646806048808
1.0032688318773322	0.9884221081233703	1.008203048577614
1.008995719496958	0.9677106022495097	1.0224792556993092
1.0146281936127035	0.94677998547845	1.0364059474107583
1.0201274273339755	0.9257718827300394	1.0498983061002278
1.0254549922447354	0.904842563542498	1.0628744018400385
1.0305731655203583	0.8841631330736851	1.0752555531720924
1.0354452454683092	0.8639192909588858	1.0869666979033843
1.0400358718143563	0.8443105056047655	1.0979367720728535
1.044311346599544	0.82554842981543	1.1080990936724493
1.0482399511702591	0.8078543741879618	1.1173917463813432
1.0517922544562919	0.7914556680833983	1.1257579575244083
1.0549414075598218	0.7765807867776314	1.1331464637145037
1.0576634196329688	0.7634532193281016	1.139511857188386
1.059937410118893	0.7522842004859038	1.1448149057096346
1.0617458326737572	0.7432646245438638	1.1490228390709518
1.0630746664752504	0.7365566733357862	1.1521095956844365
1.0639135711467809	0.7322858784907748	1.154056023465865
1.0642560021817118	0.7305344410962549	1.154850030176004
1.0640992845073796	0.7313365979464689	1.1544866795334818
1.0634446426679165	0.7346766301898543	1.1529682307154523
1.0622971869995859	0.740489782110597	1.1503041202603694
1.0606658560855033	0.748665965656649	1.1465108868245684
1.0585633166823438	0.7590557642154506	1.1416120406649193
1.0560058231749396	0.7714780000242402	1.1356378810626686
1.0530130394042516	0.7857280366202471	1.1286252661174847
1.0496078264100455	0.8015860447854005	1.1206173403751816
1.0458160002021744	0.8188246237346585	1.1116632265629582
1.041666064116866	0.8372153801163237	1.1018176882631425
1.0371889206083287	0.8565342734813074	1.0911407706271683
1.0324175674803215	0.8765657044429558	1.0796974262070966
1.0273867835654662	0.8971054372213845	1.0675571326484397
1.0221328087374293	0.9179625134256177	1.0547935083482385
1.0166930228919002	0.9389603389774596	1.041483931242266
1.0111056281839907	0.9599371237363679	1.0277091646633842
1.0054093383765959	0.9807458351940425	1.013552992724267
0.9996430786636982	1.001253802352574	0.9991018659576317
0.9938456987964216	1.0213420793710533	0.9844445560292475
0.9880557017932751	1.0409046540761713	0.9696718162770375
0.9823109899637172	1.0598475655046262	0.9548760426861546
0.9766486294461004	1.0780879776745513	0.9401509277771066
0.9711046339632748	1.0955532435419655	0.925591097874887
0.965713768047176	1.112179983064646	0.9112917224906142
0.9605093695855166	1.1279131918686054	0.8973480832724228
0.9555231912037432	1.1427053916210301	0.8838550893882798
0.9507852597174862	1.156515829363968	0.8709067265443472
0.9463237526752124	1.1693097303510023	0.8585954283800011
0.9421648908528821	1.1810576070525818	0.8470113619504894
0.9383328454644462	1.191734625708423	0.8362416235850596
0.934849658800594	1.201320030944775	0.8263693476267181
0.93173517700681	1.2097966284147426	0.8174727382672631
0.9290069937451906	1.2171503250648021	0.8096240434750235
0.9266804035548909	1.223369726434367	0.8028884991810551
0.9247683638197346	1.2284457902956565	0.7973232804760183
0.923281464368328	1.2323715359285548	0.7929765034305023
0.922227903864267	1.2351418083574988	0.7898863251046855
0.9216134722872839	1.23675309695982	0.7880801893616364
0.9214415389606145	1.2372034079627328	0.7875742616468996
0.921713045734661	1.2364921904722304	0.7883730869512363
0.9224265051018127	1.2346203158260536	0.790469492416064
0.9235780031781238	1.2315901102091522	0.7938447407937318
0.925161207652166	1.2274054406263362	0.7984689249944962
0.9271673809643523	1.2220718544759455	0.8043015791224989
0.9295853991409352	1.2155967731090718	0.8112924694068865
0.932401776862966	1.2079897398849064	0.8193825204636651
0.9356006995026273	1.1992627233334598	0.8285048289049222
0.9391640629998579	1.1894304761104564	0.8385857173092631
0.9430715225819407	1.1785109504515303	0.8495457862685554
0.9473005514401278	1.1665257708047436	0.861300929580207
0.9518265105679622	1.1535007641999233	0.8737632864661896
0.9566227310260587	1.1394665486881166	0.8868421138573556
0.9616606099265701	1.124459179786849	0.9004445703732157
0.9669097214166171	1.1085208542512792	0.9144764110276405
0.9723379438808929	1.0917006695441365	0.9288425975440431
0.9779116044696574	1.0740554359782104	0.9434478333724152
0.9835956418906545	1.0556505364608233	0.9581970351288657
0.9893537881713668	1.0365608258328487	0.9729957534262937
0.9951487698089257	1.016871557639178	0.9877505561719692
1.0009425283685258	0.9966793203618862	1.0023693866395231
1.0066964601829949	0.9760929571887819	1.016761907226659
1.012371674341567	0.9552344326880189	1.0308398379979016
1.017929267650698	0.934239595716577	1.0445172970615701
1.023330614714305	0.9132587700383082	1.0577111476872945
1.028537670729936	0.8924570823324529	1.0703413549375247
1.033513284048419	0.8720144121408883	1.0823313525530625
1.038221515020482	0.8521248216940159	1.09360841895377
1.042627957171482	0.832995299281658	1.1041040595451892
1.0467000563304247	0.8148436343302982	1.1137543910910355
1.0504074230113807	0.7978952450729799	1.122500522751552
1.0537221331258544	0.7823788126656398	1.1302889275125865
1.0566190120028411	0.768520651369638	1.1370717971602817
1.0590758967383147	0.7565378718784326	1.1428073736927842
1.061073872073809	0.7466305729383008	1.1474602501006834
1.0625974753370753	0.7389735072569976	1.1510016337888518
1.0636348664462323	0.7337078728856359	1.1534095665246331
1.0641779595851109	0.7309340256523427	1.1546690956643157
1.0642225138716732	0.7307059343698665	1.1547723924872233
1.0637681811539874	0.7330280713191265	1.1537188147151998
1.0628185099411502	0.7378551505269142	1.151514911658825
1.0613809053883707	0.7450947493312237	1.1481743718622295
1.059466546165745	0.7546124631175375	1.143717914552672
1.0570902599266299	0.766238940558606	1.1381731275800324
1.0542703599134466	0.7797779887954033	1.1315742558063
1.0510284459737544	0.7950149381717644	1.1239619450154281
1.0473891738864418	0.8117245833770126	1.1153829473198997
1.0433799973917108	0.8296782165517802	1.1058897947026158
1.0390308876758714	0.8486494811541766	1.0955404477230908
1.0343740352692026	0.8684189611844386	1.0843979265109696
1.0294435393812411	0.888777557334436	1.0725299309623697
1.0242750896232733	0.9095287861594541	1.0600084565368937
1.018905644867304	0.93049017809435	1.0469094112351138
1.0133731136811355	0.9514939573192689	1.0333122382214837
1.007716040377098	0.9723871734517847	1.0192995471784463
1.0019733002420892	0.9930314317749355	1.0049567558427006
0.9961838069959501	1.013302342172846	0.9903717413330101
0.9903862349812355	1.033088781365496	0.9756344988679293
0.9846187580342466	1.0522920405748715	0.9608368033513868
0.9789188064485461	1.07082491218778	0.9460718671559826
0.9733228429295887	1.0886107542913357	0.9314339853565756
0.9678661579682976	1.1055825606997052	0.9170181578032622
0.9625826846398164	1.1216820556853437	0.9029196759344873
0.9575048324712998	1.1368588264809083	0.8892336613350702
0.9526633397175199	1.1510695021998085	0.8760545429759411
0.9480871431438874	1.1642769846963135	0.8634754610970554
0.9438032642356807	1.1764497347029452	0.8515875880615753
0.9398367106298203	1.1875611150832526	0.8404793604246592
0.9362103914969466	1.1975887920234782	0.8302356220242413
0.9329450455796614	1.2065141943160977	0.8209366850417291
0.9300591806148611	1.2143220304610938	0.8126573243970658
0.9275690229217636	1.2209998630560863	0.8054657299591581
0.92548847602424	1.2265377398118031	0.7994224500032595
0.9238290872837492	1.2309278804854642	0.7945793670474758
0.9226000216444851	1.23416441903913	0.7909787524610256
0.9218080417342703	1.2362432003968615	0.7886524479592038
0.9214574937115301	1.2371616312699638	0.7876212194969193
0.9215502984072761	1.2369185846417767	0.7878943218977142
0.9220859474689631	1.235514357642432	0.7894693012049447
0.923061504377605	1.2329506826919907	0.7923320473077157
0.9244716103717114	1.229230791944723	0.7964570934814211
0.9263084954767488	1.2243595352181758	0.8018081439679328
0.9285619949979649	1.2183435517368697	0.8083387974060809
0.9312195719969418	1.2111914961527241	0.8159934242274973
0.9342663464219629	1.2029143194155292	0.8247081508592501
0.9376851317106716	1.1935256051539287	0.8344119028487927
0.9414564798169104	1.1830419622706934	0.8450274623480932
0.9455587357335217	1.1714834744512839	0.8564725018180741
0.9499681026821224	1.158874207204632	0.8686605641833894
0.9546587192139365	1.1452427728762349	0.881501968805871
0.959602749508434	1.1306229537532895	0.8949046315596314
0.9647704881599146	1.1150543828624488	0.908774795227018
